Q0 = 1.6 GeV	 Q = 3.2 GeV
x	 x*uv	 x*dv	 x*(uv-dv)
5.000E-04	4.601E-02	3.165E-02	1.437E-02
1.500E-03	7.809E-02	5.338E-02	2.471E-02
2.500E-03	9.960E-02	6.780E-02	3.180E-02
3.500E-03	1.167E-01	7.919E-02	3.755E-02
4.500E-03	1.313E-01	8.880E-02	4.252E-02
5.500E-03	1.442E-01	9.719E-02	4.696E-02
6.500E-03	1.557E-01	1.047E-01	5.102E-02
7.500E-03	1.663E-01	1.115E-01	5.479E-02
8.500E-03	1.760E-01	1.177E-01	5.831E-02
9.500E-03	1.851E-01	1.235E-01	6.164E-02
1.050E-02	1.936E-01	1.288E-01	6.480E-02
1.150E-02	2.016E-01	1.338E-01	6.782E-02
1.250E-02	2.092E-01	1.385E-01	7.071E-02
1.350E-02	2.165E-01	1.430E-01	7.350E-02
1.450E-02	2.233E-01	1.472E-01	7.619E-02
1.550E-02	2.299E-01	1.511E-01	7.879E-02
1.650E-02	2.362E-01	1.549E-01	8.131E-02
1.750E-02	2.423E-01	1.585E-01	8.377E-02
1.850E-02	2.481E-01	1.620E-01	8.616E-02
1.950E-02	2.537E-01	1.652E-01	8.848E-02
2.050E-02	2.591E-01	1.684E-01	9.076E-02
2.150E-02	2.644E-01	1.714E-01	9.298E-02
2.250E-02	2.694E-01	1.743E-01	9.516E-02
2.350E-02	2.743E-01	1.770E-01	9.729E-02
2.450E-02	2.791E-01	1.797E-01	9.938E-02
2.550E-02	2.837E-01	1.823E-01	1.014E-01
2.650E-02	2.882E-01	1.847E-01	1.034E-01
2.750E-02	2.925E-01	1.871E-01	1.054E-01
2.850E-02	2.968E-01	1.894E-01	1.074E-01
2.950E-02	3.009E-01	1.916E-01	1.093E-01
3.050E-02	3.049E-01	1.937E-01	1.112E-01
3.150E-02	3.088E-01	1.958E-01	1.130E-01
3.250E-02	3.126E-01	1.978E-01	1.149E-01
3.350E-02	3.163E-01	1.997E-01	1.167E-01
3.450E-02	3.200E-01	2.015E-01	1.184E-01
3.550E-02	3.235E-01	2.033E-01	1.202E-01
3.650E-02	3.270E-01	2.050E-01	1.219E-01
3.750E-02	3.303E-01	2.067E-01	1.236E-01
3.850E-02	3.336E-01	2.083E-01	1.253E-01
3.950E-02	3.369E-01	2.099E-01	1.270E-01
4.050E-02	3.400E-01	2.114E-01	1.287E-01
4.150E-02	3.431E-01	2.128E-01	1.303E-01
4.250E-02	3.461E-01	2.142E-01	1.319E-01
4.350E-02	3.491E-01	2.156E-01	1.335E-01
4.450E-02	3.520E-01	2.169E-01	1.351E-01
4.550E-02	3.548E-01	2.182E-01	1.367E-01
4.650E-02	3.576E-01	2.194E-01	1.382E-01
4.750E-02	3.603E-01	2.206E-01	1.397E-01
4.850E-02	3.630E-01	2.217E-01	1.413E-01
4.950E-02	3.656E-01	2.228E-01	1.428E-01
5.050E-02	3.682E-01	2.239E-01	1.443E-01
5.150E-02	3.707E-01	2.250E-01	1.457E-01
5.250E-02	3.732E-01	2.260E-01	1.472E-01
5.350E-02	3.756E-01	2.269E-01	1.487E-01
5.450E-02	3.780E-01	2.279E-01	1.501E-01
5.550E-02	3.803E-01	2.288E-01	1.515E-01
5.650E-02	3.826E-01	2.296E-01	1.529E-01
5.750E-02	3.848E-01	2.305E-01	1.543E-01
5.850E-02	3.870E-01	2.313E-01	1.557E-01
5.950E-02	3.892E-01	2.321E-01	1.571E-01
6.050E-02	3.913E-01	2.328E-01	1.585E-01
6.150E-02	3.934E-01	2.336E-01	1.598E-01
6.250E-02	3.954E-01	2.343E-01	1.612E-01
6.350E-02	3.974E-01	2.349E-01	1.625E-01
6.450E-02	3.994E-01	2.356E-01	1.638E-01
6.550E-02	4.014E-01	2.362E-01	1.652E-01
6.650E-02	4.033E-01	2.368E-01	1.665E-01
6.750E-02	4.051E-01	2.374E-01	1.678E-01
6.850E-02	4.070E-01	2.379E-01	1.690E-01
6.950E-02	4.088E-01	2.384E-01	1.703E-01
7.050E-02	4.105E-01	2.389E-01	1.716E-01
7.150E-02	4.123E-01	2.394E-01	1.729E-01
7.250E-02	4.140E-01	2.399E-01	1.741E-01
7.350E-02	4.157E-01	2.403E-01	1.754E-01
7.450E-02	4.173E-01	2.408E-01	1.766E-01
7.550E-02	4.190E-01	2.412E-01	1.778E-01
7.650E-02	4.206E-01	2.415E-01	1.790E-01
7.750E-02	4.221E-01	2.419E-01	1.802E-01
7.850E-02	4.237E-01	2.422E-01	1.814E-01
7.950E-02	4.252E-01	2.426E-01	1.826E-01
8.050E-02	4.267E-01	2.429E-01	1.838E-01
8.150E-02	4.282E-01	2.432E-01	1.850E-01
8.250E-02	4.296E-01	2.434E-01	1.862E-01
8.350E-02	4.310E-01	2.437E-01	1.873E-01
8.450E-02	4.324E-01	2.439E-01	1.885E-01
8.550E-02	4.338E-01	2.442E-01	1.896E-01
8.650E-02	4.351E-01	2.444E-01	1.908E-01
8.750E-02	4.365E-01	2.445E-01	1.919E-01
8.850E-02	4.378E-01	2.447E-01	1.930E-01
8.950E-02	4.390E-01	2.449E-01	1.942E-01
9.050E-02	4.403E-01	2.450E-01	1.953E-01
9.150E-02	4.415E-01	2.452E-01	1.964E-01
9.250E-02	4.428E-01	2.453E-01	1.975E-01
9.350E-02	4.439E-01	2.454E-01	1.986E-01
9.450E-02	4.451E-01	2.455E-01	1.997E-01
9.550E-02	4.463E-01	2.455E-01	2.007E-01
9.650E-02	4.474E-01	2.456E-01	2.018E-01
9.750E-02	4.485E-01	2.456E-01	2.029E-01
9.850E-02	4.496E-01	2.457E-01	2.039E-01
9.950E-02	4.507E-01	2.457E-01	2.050E-01
1.005E-01	4.518E-01	2.457E-01	2.060E-01
1.015E-01	4.528E-01	2.457E-01	2.071E-01
1.025E-01	4.538E-01	2.457E-01	2.081E-01
1.035E-01	4.548E-01	2.457E-01	2.091E-01
1.045E-01	4.558E-01	2.456E-01	2.102E-01
1.055E-01	4.568E-01	2.456E-01	2.112E-01
1.065E-01	4.577E-01	2.455E-01	2.122E-01
1.075E-01	4.587E-01	2.455E-01	2.132E-01
1.085E-01	4.596E-01	2.454E-01	2.142E-01
1.095E-01	4.605E-01	2.453E-01	2.152E-01
1.105E-01	4.614E-01	2.452E-01	2.162E-01
1.115E-01	4.622E-01	2.451E-01	2.172E-01
1.125E-01	4.631E-01	2.450E-01	2.181E-01
1.135E-01	4.639E-01	2.448E-01	2.191E-01
1.145E-01	4.648E-01	2.447E-01	2.201E-01
1.155E-01	4.656E-01	2.445E-01	2.210E-01
1.165E-01	4.664E-01	2.444E-01	2.220E-01
1.175E-01	4.672E-01	2.442E-01	2.230E-01
1.185E-01	4.679E-01	2.440E-01	2.239E-01
1.195E-01	4.687E-01	2.438E-01	2.248E-01
1.205E-01	4.694E-01	2.436E-01	2.258E-01
1.215E-01	4.701E-01	2.434E-01	2.267E-01
1.225E-01	4.708E-01	2.432E-01	2.276E-01
1.235E-01	4.715E-01	2.430E-01	2.285E-01
1.245E-01	4.722E-01	2.428E-01	2.295E-01
1.255E-01	4.729E-01	2.425E-01	2.304E-01
1.265E-01	4.736E-01	2.423E-01	2.313E-01
1.275E-01	4.742E-01	2.420E-01	2.322E-01
1.285E-01	4.748E-01	2.418E-01	2.331E-01
1.295E-01	4.755E-01	2.415E-01	2.339E-01
1.305E-01	4.761E-01	2.412E-01	2.348E-01
1.315E-01	4.767E-01	2.409E-01	2.357E-01
1.325E-01	4.772E-01	2.407E-01	2.366E-01
1.335E-01	4.778E-01	2.404E-01	2.374E-01
1.345E-01	4.784E-01	2.401E-01	2.383E-01
1.355E-01	4.789E-01	2.397E-01	2.392E-01
1.365E-01	4.794E-01	2.394E-01	2.400E-01
1.375E-01	4.800E-01	2.391E-01	2.409E-01
1.385E-01	4.805E-01	2.388E-01	2.417E-01
1.395E-01	4.810E-01	2.384E-01	2.426E-01
1.405E-01	4.815E-01	2.381E-01	2.434E-01
1.415E-01	4.820E-01	2.377E-01	2.442E-01
1.425E-01	4.824E-01	2.374E-01	2.450E-01
1.435E-01	4.829E-01	2.370E-01	2.459E-01
1.445E-01	4.833E-01	2.367E-01	2.467E-01
1.455E-01	4.838E-01	2.363E-01	2.475E-01
1.465E-01	4.842E-01	2.359E-01	2.483E-01
1.475E-01	4.846E-01	2.355E-01	2.491E-01
1.485E-01	4.850E-01	2.351E-01	2.499E-01
1.495E-01	4.854E-01	2.347E-01	2.507E-01
1.505E-01	4.858E-01	2.343E-01	2.515E-01
1.515E-01	4.862E-01	2.339E-01	2.523E-01
1.525E-01	4.865E-01	2.335E-01	2.530E-01
1.535E-01	4.869E-01	2.331E-01	2.538E-01
1.545E-01	4.872E-01	2.327E-01	2.546E-01
1.555E-01	4.876E-01	2.322E-01	2.553E-01
1.565E-01	4.879E-01	2.318E-01	2.561E-01
1.575E-01	4.882E-01	2.314E-01	2.569E-01
1.585E-01	4.885E-01	2.309E-01	2.576E-01
1.595E-01	4.888E-01	2.305E-01	2.584E-01
1.605E-01	4.891E-01	2.300E-01	2.591E-01
1.615E-01	4.894E-01	2.296E-01	2.598E-01
1.625E-01	4.897E-01	2.291E-01	2.606E-01
1.635E-01	4.900E-01	2.287E-01	2.613E-01
1.645E-01	4.902E-01	2.282E-01	2.620E-01
1.655E-01	4.905E-01	2.277E-01	2.628E-01
1.665E-01	4.907E-01	2.272E-01	2.635E-01
1.675E-01	4.910E-01	2.268E-01	2.642E-01
1.685E-01	4.912E-01	2.263E-01	2.649E-01
1.695E-01	4.914E-01	2.258E-01	2.656E-01
1.705E-01	4.916E-01	2.253E-01	2.663E-01
1.715E-01	4.918E-01	2.248E-01	2.670E-01
1.725E-01	4.920E-01	2.243E-01	2.677E-01
1.735E-01	4.922E-01	2.238E-01	2.684E-01
1.745E-01	4.924E-01	2.233E-01	2.691E-01
1.755E-01	4.925E-01	2.228E-01	2.698E-01
1.765E-01	4.927E-01	2.223E-01	2.704E-01
1.775E-01	4.929E-01	2.218E-01	2.711E-01
1.785E-01	4.930E-01	2.212E-01	2.718E-01
1.795E-01	4.931E-01	2.207E-01	2.724E-01
1.805E-01	4.933E-01	2.202E-01	2.731E-01
1.815E-01	4.934E-01	2.196E-01	2.738E-01
1.825E-01	4.935E-01	2.191E-01	2.744E-01
1.835E-01	4.936E-01	2.186E-01	2.751E-01
1.845E-01	4.937E-01	2.180E-01	2.757E-01
1.855E-01	4.938E-01	2.175E-01	2.763E-01
1.865E-01	4.939E-01	2.170E-01	2.770E-01
1.875E-01	4.940E-01	2.164E-01	2.776E-01
1.885E-01	4.941E-01	2.159E-01	2.782E-01
1.895E-01	4.942E-01	2.153E-01	2.789E-01
1.905E-01	4.942E-01	2.147E-01	2.795E-01
1.915E-01	4.943E-01	2.142E-01	2.801E-01
1.925E-01	4.943E-01	2.136E-01	2.807E-01
1.935E-01	4.944E-01	2.131E-01	2.813E-01
1.945E-01	4.944E-01	2.125E-01	2.819E-01
1.955E-01	4.944E-01	2.119E-01	2.825E-01
1.965E-01	4.945E-01	2.114E-01	2.831E-01
1.975E-01	4.945E-01	2.108E-01	2.837E-01
1.985E-01	4.945E-01	2.102E-01	2.843E-01
1.995E-01	4.945E-01	2.096E-01	2.849E-01
2.005E-01	4.945E-01	2.090E-01	2.855E-01
2.015E-01	4.945E-01	2.085E-01	2.860E-01
2.025E-01	4.945E-01	2.079E-01	2.866E-01
2.035E-01	4.945E-01	2.073E-01	2.872E-01
2.045E-01	4.945E-01	2.067E-01	2.877E-01
2.055E-01	4.944E-01	2.061E-01	2.883E-01
2.065E-01	4.944E-01	2.055E-01	2.889E-01
2.075E-01	4.944E-01	2.049E-01	2.894E-01
2.085E-01	4.943E-01	2.043E-01	2.900E-01
2.095E-01	4.943E-01	2.037E-01	2.905E-01
2.105E-01	4.942E-01	2.031E-01	2.911E-01
2.115E-01	4.941E-01	2.025E-01	2.916E-01
2.125E-01	4.941E-01	2.019E-01	2.921E-01
2.135E-01	4.940E-01	2.013E-01	2.927E-01
2.145E-01	4.939E-01	2.007E-01	2.932E-01
2.155E-01	4.938E-01	2.001E-01	2.937E-01
2.165E-01	4.937E-01	1.995E-01	2.942E-01
2.175E-01	4.936E-01	1.989E-01	2.948E-01
2.185E-01	4.936E-01	1.983E-01	2.953E-01
2.195E-01	4.934E-01	1.977E-01	2.958E-01
2.205E-01	4.933E-01	1.970E-01	2.963E-01
2.215E-01	4.932E-01	1.964E-01	2.968E-01
2.225E-01	4.931E-01	1.958E-01	2.973E-01
2.235E-01	4.930E-01	1.952E-01	2.978E-01
2.245E-01	4.928E-01	1.946E-01	2.983E-01
2.255E-01	4.927E-01	1.939E-01	2.988E-01
2.265E-01	4.926E-01	1.933E-01	2.993E-01
2.275E-01	4.924E-01	1.927E-01	2.997E-01
2.285E-01	4.923E-01	1.921E-01	3.002E-01
2.295E-01	4.921E-01	1.914E-01	3.007E-01
2.305E-01	4.920E-01	1.908E-01	3.012E-01
2.315E-01	4.918E-01	1.902E-01	3.016E-01
2.325E-01	4.916E-01	1.896E-01	3.021E-01
2.335E-01	4.915E-01	1.889E-01	3.025E-01
2.345E-01	4.913E-01	1.883E-01	3.030E-01
2.355E-01	4.911E-01	1.877E-01	3.034E-01
2.365E-01	4.909E-01	1.870E-01	3.039E-01
2.375E-01	4.907E-01	1.864E-01	3.043E-01
2.385E-01	4.905E-01	1.858E-01	3.048E-01
2.395E-01	4.903E-01	1.851E-01	3.052E-01
2.405E-01	4.901E-01	1.845E-01	3.057E-01
2.415E-01	4.899E-01	1.838E-01	3.061E-01
2.425E-01	4.897E-01	1.832E-01	3.065E-01
2.435E-01	4.895E-01	1.826E-01	3.069E-01
2.445E-01	4.893E-01	1.819E-01	3.074E-01
2.455E-01	4.891E-01	1.813E-01	3.078E-01
2.465E-01	4.888E-01	1.806E-01	3.082E-01
2.475E-01	4.886E-01	1.800E-01	3.086E-01
2.485E-01	4.884E-01	1.794E-01	3.090E-01
2.495E-01	4.881E-01	1.787E-01	3.094E-01
2.505E-01	4.879E-01	1.781E-01	3.098E-01
2.515E-01	4.876E-01	1.774E-01	3.102E-01
2.525E-01	4.874E-01	1.768E-01	3.106E-01
2.535E-01	4.871E-01	1.761E-01	3.110E-01
2.545E-01	4.869E-01	1.755E-01	3.114E-01
2.555E-01	4.866E-01	1.749E-01	3.117E-01
2.565E-01	4.863E-01	1.742E-01	3.121E-01
2.575E-01	4.861E-01	1.736E-01	3.125E-01
2.585E-01	4.858E-01	1.729E-01	3.129E-01
2.595E-01	4.855E-01	1.723E-01	3.132E-01
2.605E-01	4.852E-01	1.716E-01	3.136E-01
2.615E-01	4.849E-01	1.710E-01	3.140E-01
2.625E-01	4.847E-01	1.703E-01	3.143E-01
2.635E-01	4.844E-01	1.697E-01	3.147E-01
2.645E-01	4.841E-01	1.690E-01	3.150E-01
2.655E-01	4.838E-01	1.684E-01	3.154E-01
2.665E-01	4.835E-01	1.677E-01	3.157E-01
2.675E-01	4.831E-01	1.671E-01	3.161E-01
2.685E-01	4.828E-01	1.664E-01	3.164E-01
2.695E-01	4.825E-01	1.658E-01	3.167E-01
2.705E-01	4.822E-01	1.651E-01	3.171E-01
2.715E-01	4.819E-01	1.645E-01	3.174E-01
2.725E-01	4.816E-01	1.638E-01	3.177E-01
2.735E-01	4.812E-01	1.632E-01	3.181E-01
2.745E-01	4.809E-01	1.625E-01	3.184E-01
2.755E-01	4.806E-01	1.619E-01	3.187E-01
2.765E-01	4.802E-01	1.612E-01	3.190E-01
2.775E-01	4.799E-01	1.606E-01	3.193E-01
2.785E-01	4.795E-01	1.599E-01	3.196E-01
2.795E-01	4.792E-01	1.593E-01	3.199E-01
2.805E-01	4.788E-01	1.586E-01	3.202E-01
2.815E-01	4.785E-01	1.580E-01	3.205E-01
2.825E-01	4.781E-01	1.573E-01	3.208E-01
2.835E-01	4.778E-01	1.567E-01	3.211E-01
2.845E-01	4.774E-01	1.560E-01	3.214E-01
2.855E-01	4.771E-01	1.554E-01	3.217E-01
2.865E-01	4.767E-01	1.548E-01	3.219E-01
2.875E-01	4.763E-01	1.541E-01	3.222E-01
2.885E-01	4.759E-01	1.535E-01	3.225E-01
2.895E-01	4.756E-01	1.528E-01	3.227E-01
2.905E-01	4.752E-01	1.522E-01	3.230E-01
2.915E-01	4.748E-01	1.515E-01	3.233E-01
2.925E-01	4.744E-01	1.509E-01	3.235E-01
2.935E-01	4.740E-01	1.502E-01	3.238E-01
2.945E-01	4.736E-01	1.496E-01	3.240E-01
2.955E-01	4.732E-01	1.489E-01	3.243E-01
2.965E-01	4.728E-01	1.483E-01	3.245E-01
2.975E-01	4.724E-01	1.476E-01	3.248E-01
2.985E-01	4.720E-01	1.470E-01	3.250E-01
2.995E-01	4.716E-01	1.464E-01	3.253E-01
3.005E-01	4.712E-01	1.457E-01	3.255E-01
3.015E-01	4.708E-01	1.451E-01	3.257E-01
3.025E-01	4.704E-01	1.444E-01	3.260E-01
3.035E-01	4.700E-01	1.438E-01	3.262E-01
3.045E-01	4.696E-01	1.432E-01	3.264E-01
3.055E-01	4.691E-01	1.425E-01	3.266E-01
3.065E-01	4.687E-01	1.419E-01	3.268E-01
3.075E-01	4.683E-01	1.412E-01	3.271E-01
3.085E-01	4.679E-01	1.406E-01	3.273E-01
3.095E-01	4.674E-01	1.400E-01	3.275E-01
3.105E-01	4.670E-01	1.393E-01	3.277E-01
3.115E-01	4.665E-01	1.387E-01	3.279E-01
3.125E-01	4.661E-01	1.380E-01	3.281E-01
3.135E-01	4.657E-01	1.374E-01	3.283E-01
3.145E-01	4.652E-01	1.368E-01	3.284E-01
3.155E-01	4.648E-01	1.361E-01	3.286E-01
3.165E-01	4.643E-01	1.355E-01	3.288E-01
3.175E-01	4.639E-01	1.349E-01	3.290E-01
3.185E-01	4.634E-01	1.342E-01	3.292E-01
3.195E-01	4.630E-01	1.336E-01	3.294E-01
3.205E-01	4.625E-01	1.330E-01	3.295E-01
3.215E-01	4.620E-01	1.323E-01	3.297E-01
3.225E-01	4.616E-01	1.317E-01	3.299E-01
3.235E-01	4.611E-01	1.311E-01	3.300E-01
3.245E-01	4.606E-01	1.305E-01	3.302E-01
3.255E-01	4.602E-01	1.298E-01	3.303E-01
3.265E-01	4.597E-01	1.292E-01	3.305E-01
3.275E-01	4.592E-01	1.286E-01	3.306E-01
3.285E-01	4.587E-01	1.280E-01	3.308E-01
3.295E-01	4.583E-01	1.273E-01	3.309E-01
3.305E-01	4.578E-01	1.267E-01	3.311E-01
3.315E-01	4.573E-01	1.261E-01	3.312E-01
3.325E-01	4.568E-01	1.255E-01	3.313E-01
3.335E-01	4.563E-01	1.248E-01	3.315E-01
3.345E-01	4.558E-01	1.242E-01	3.316E-01
3.355E-01	4.553E-01	1.236E-01	3.317E-01
3.365E-01	4.549E-01	1.230E-01	3.319E-01
3.375E-01	4.544E-01	1.224E-01	3.320E-01
3.385E-01	4.539E-01	1.218E-01	3.321E-01
3.395E-01	4.534E-01	1.211E-01	3.322E-01
3.405E-01	4.529E-01	1.205E-01	3.323E-01
3.415E-01	4.523E-01	1.199E-01	3.324E-01
3.425E-01	4.518E-01	1.193E-01	3.325E-01
3.435E-01	4.513E-01	1.187E-01	3.326E-01
3.445E-01	4.508E-01	1.181E-01	3.327E-01
3.455E-01	4.503E-01	1.175E-01	3.328E-01
3.465E-01	4.498E-01	1.169E-01	3.329E-01
3.475E-01	4.493E-01	1.163E-01	3.330E-01
3.485E-01	4.488E-01	1.156E-01	3.331E-01
3.495E-01	4.482E-01	1.150E-01	3.332E-01
3.505E-01	4.477E-01	1.144E-01	3.333E-01
3.515E-01	4.472E-01	1.138E-01	3.334E-01
3.525E-01	4.467E-01	1.132E-01	3.334E-01
3.535E-01	4.461E-01	1.126E-01	3.335E-01
3.545E-01	4.456E-01	1.120E-01	3.336E-01
3.555E-01	4.451E-01	1.114E-01	3.336E-01
3.565E-01	4.445E-01	1.108E-01	3.337E-01
3.575E-01	4.440E-01	1.102E-01	3.338E-01
3.585E-01	4.435E-01	1.096E-01	3.338E-01
3.595E-01	4.429E-01	1.090E-01	3.339E-01
3.605E-01	4.424E-01	1.084E-01	3.339E-01
3.615E-01	4.418E-01	1.079E-01	3.340E-01
3.625E-01	4.413E-01	1.073E-01	3.340E-01
3.635E-01	4.408E-01	1.067E-01	3.341E-01
3.645E-01	4.402E-01	1.061E-01	3.341E-01
3.655E-01	4.397E-01	1.055E-01	3.342E-01
3.665E-01	4.391E-01	1.049E-01	3.342E-01
3.675E-01	4.386E-01	1.043E-01	3.342E-01
3.685E-01	4.380E-01	1.037E-01	3.343E-01
3.695E-01	4.374E-01	1.032E-01	3.343E-01
3.705E-01	4.369E-01	1.026E-01	3.343E-01
3.715E-01	4.363E-01	1.020E-01	3.343E-01
3.725E-01	4.358E-01	1.014E-01	3.344E-01
3.735E-01	4.352E-01	1.008E-01	3.344E-01
3.745E-01	4.346E-01	1.003E-01	3.344E-01
3.755E-01	4.341E-01	9.968E-02	3.344E-01
3.765E-01	4.335E-01	9.910E-02	3.344E-01
3.775E-01	4.329E-01	9.853E-02	3.344E-01
3.785E-01	4.324E-01	9.795E-02	3.344E-01
3.795E-01	4.318E-01	9.738E-02	3.344E-01
3.805E-01	4.312E-01	9.681E-02	3.344E-01
3.815E-01	4.306E-01	9.624E-02	3.344E-01
3.825E-01	4.301E-01	9.567E-02	3.344E-01
3.835E-01	4.295E-01	9.511E-02	3.344E-01
3.845E-01	4.289E-01	9.454E-02	3.344E-01
3.855E-01	4.283E-01	9.398E-02	3.344E-01
3.865E-01	4.277E-01	9.341E-02	3.343E-01
3.875E-01	4.272E-01	9.285E-02	3.343E-01
3.885E-01	4.266E-01	9.229E-02	3.343E-01
3.895E-01	4.260E-01	9.173E-02	3.343E-01
3.905E-01	4.254E-01	9.117E-02	3.342E-01
3.915E-01	4.248E-01	9.062E-02	3.342E-01
3.925E-01	4.242E-01	9.006E-02	3.342E-01
3.935E-01	4.236E-01	8.951E-02	3.341E-01
3.945E-01	4.230E-01	8.896E-02	3.341E-01
3.955E-01	4.224E-01	8.840E-02	3.340E-01
3.965E-01	4.218E-01	8.785E-02	3.340E-01
3.975E-01	4.212E-01	8.731E-02	3.339E-01
3.985E-01	4.206E-01	8.676E-02	3.339E-01
3.995E-01	4.200E-01	8.621E-02	3.338E-01
4.005E-01	4.194E-01	8.567E-02	3.338E-01
4.015E-01	4.188E-01	8.512E-02	3.337E-01
4.025E-01	4.182E-01	8.458E-02	3.337E-01
4.035E-01	4.176E-01	8.404E-02	3.336E-01
4.045E-01	4.170E-01	8.350E-02	3.335E-01
4.055E-01	4.164E-01	8.296E-02	3.334E-01
4.065E-01	4.158E-01	8.243E-02	3.334E-01
4.075E-01	4.152E-01	8.189E-02	3.333E-01
4.085E-01	4.146E-01	8.136E-02	3.332E-01
4.095E-01	4.140E-01	8.083E-02	3.331E-01
4.105E-01	4.133E-01	8.029E-02	3.331E-01
4.115E-01	4.127E-01	7.976E-02	3.330E-01
4.125E-01	4.121E-01	7.924E-02	3.329E-01
4.135E-01	4.115E-01	7.871E-02	3.328E-01
4.145E-01	4.109E-01	7.818E-02	3.327E-01
4.155E-01	4.102E-01	7.766E-02	3.326E-01
4.165E-01	4.096E-01	7.714E-02	3.325E-01
4.175E-01	4.090E-01	7.661E-02	3.324E-01
4.185E-01	4.084E-01	7.609E-02	3.323E-01
4.195E-01	4.078E-01	7.558E-02	3.322E-01
4.205E-01	4.071E-01	7.506E-02	3.321E-01
4.215E-01	4.065E-01	7.454E-02	3.320E-01
4.225E-01	4.059E-01	7.403E-02	3.318E-01
4.235E-01	4.052E-01	7.351E-02	3.317E-01
4.245E-01	4.046E-01	7.300E-02	3.316E-01
4.255E-01	4.040E-01	7.249E-02	3.315E-01
4.265E-01	4.033E-01	7.198E-02	3.314E-01
4.275E-01	4.027E-01	7.148E-02	3.312E-01
4.285E-01	4.021E-01	7.097E-02	3.311E-01
4.295E-01	4.014E-01	7.047E-02	3.310E-01
4.305E-01	4.008E-01	6.996E-02	3.308E-01
4.315E-01	4.001E-01	6.946E-02	3.307E-01
4.325E-01	3.995E-01	6.896E-02	3.305E-01
4.335E-01	3.989E-01	6.846E-02	3.304E-01
4.345E-01	3.982E-01	6.797E-02	3.303E-01
4.355E-01	3.976E-01	6.747E-02	3.301E-01
4.365E-01	3.969E-01	6.698E-02	3.300E-01
4.375E-01	3.963E-01	6.648E-02	3.298E-01
4.385E-01	3.956E-01	6.599E-02	3.296E-01
4.395E-01	3.950E-01	6.550E-02	3.295E-01
4.405E-01	3.943E-01	6.501E-02	3.293E-01
4.415E-01	3.937E-01	6.453E-02	3.292E-01
4.425E-01	3.930E-01	6.404E-02	3.290E-01
4.435E-01	3.924E-01	6.356E-02	3.288E-01
4.445E-01	3.917E-01	6.308E-02	3.287E-01
4.455E-01	3.911E-01	6.259E-02	3.285E-01
4.465E-01	3.904E-01	6.212E-02	3.283E-01
4.475E-01	3.898E-01	6.164E-02	3.281E-01
4.485E-01	3.891E-01	6.116E-02	3.279E-01
4.495E-01	3.884E-01	6.069E-02	3.278E-01
4.505E-01	3.878E-01	6.021E-02	3.276E-01
4.515E-01	3.871E-01	5.974E-02	3.274E-01
4.525E-01	3.865E-01	5.927E-02	3.272E-01
4.535E-01	3.858E-01	5.880E-02	3.270E-01
4.545E-01	3.851E-01	5.833E-02	3.268E-01
4.555E-01	3.845E-01	5.787E-02	3.266E-01
4.565E-01	3.838E-01	5.740E-02	3.264E-01
4.575E-01	3.831E-01	5.694E-02	3.262E-01
4.585E-01	3.825E-01	5.648E-02	3.260E-01
4.595E-01	3.818E-01	5.602E-02	3.258E-01
4.605E-01	3.811E-01	5.556E-02	3.256E-01
4.615E-01	3.805E-01	5.510E-02	3.254E-01
4.625E-01	3.798E-01	5.465E-02	3.252E-01
4.635E-01	3.791E-01	5.419E-02	3.249E-01
4.645E-01	3.785E-01	5.374E-02	3.247E-01
4.655E-01	3.778E-01	5.329E-02	3.245E-01
4.665E-01	3.771E-01	5.284E-02	3.243E-01
4.675E-01	3.764E-01	5.239E-02	3.240E-01
4.685E-01	3.758E-01	5.195E-02	3.238E-01
4.695E-01	3.751E-01	5.150E-02	3.236E-01
4.705E-01	3.744E-01	5.106E-02	3.234E-01
4.715E-01	3.737E-01	5.062E-02	3.231E-01
4.725E-01	3.731E-01	5.018E-02	3.229E-01
4.735E-01	3.724E-01	4.974E-02	3.226E-01
4.745E-01	3.717E-01	4.930E-02	3.224E-01
4.755E-01	3.710E-01	4.886E-02	3.222E-01
4.765E-01	3.703E-01	4.843E-02	3.219E-01
4.775E-01	3.696E-01	4.800E-02	3.217E-01
4.785E-01	3.690E-01	4.757E-02	3.214E-01
4.795E-01	3.683E-01	4.714E-02	3.211E-01
4.805E-01	3.676E-01	4.671E-02	3.209E-01
4.815E-01	3.669E-01	4.628E-02	3.206E-01
4.825E-01	3.662E-01	4.586E-02	3.204E-01
4.835E-01	3.655E-01	4.543E-02	3.201E-01
4.845E-01	3.648E-01	4.501E-02	3.198E-01
4.855E-01	3.642E-01	4.459E-02	3.196E-01
4.865E-01	3.635E-01	4.417E-02	3.193E-01
4.875E-01	3.628E-01	4.376E-02	3.190E-01
4.885E-01	3.621E-01	4.334E-02	3.187E-01
4.895E-01	3.614E-01	4.293E-02	3.185E-01
4.905E-01	3.607E-01	4.251E-02	3.182E-01
4.915E-01	3.600E-01	4.210E-02	3.179E-01
4.925E-01	3.593E-01	4.169E-02	3.176E-01
4.935E-01	3.586E-01	4.128E-02	3.173E-01
4.945E-01	3.579E-01	4.088E-02	3.170E-01
4.955E-01	3.572E-01	4.047E-02	3.168E-01
4.965E-01	3.565E-01	4.007E-02	3.165E-01
4.975E-01	3.558E-01	3.967E-02	3.162E-01
4.985E-01	3.551E-01	3.927E-02	3.159E-01
4.995E-01	3.544E-01	3.887E-02	3.156E-01
5.005E-01	3.537E-01	3.847E-02	3.153E-01
5.015E-01	3.530E-01	3.807E-02	3.150E-01
5.025E-01	3.523E-01	3.768E-02	3.147E-01
5.035E-01	3.516E-01	3.729E-02	3.143E-01
5.045E-01	3.509E-01	3.690E-02	3.140E-01
5.055E-01	3.502E-01	3.651E-02	3.137E-01
5.065E-01	3.495E-01	3.612E-02	3.134E-01
5.075E-01	3.488E-01	3.573E-02	3.131E-01
5.085E-01	3.481E-01	3.535E-02	3.128E-01
5.095E-01	3.474E-01	3.496E-02	3.124E-01
5.105E-01	3.467E-01	3.458E-02	3.121E-01
5.115E-01	3.460E-01	3.420E-02	3.118E-01
5.125E-01	3.453E-01	3.382E-02	3.115E-01
5.135E-01	3.446E-01	3.345E-02	3.111E-01
5.145E-01	3.439E-01	3.307E-02	3.108E-01
5.155E-01	3.432E-01	3.270E-02	3.105E-01
5.165E-01	3.425E-01	3.232E-02	3.101E-01
5.175E-01	3.417E-01	3.195E-02	3.098E-01
5.185E-01	3.410E-01	3.158E-02	3.095E-01
5.195E-01	3.403E-01	3.122E-02	3.091E-01
5.205E-01	3.396E-01	3.085E-02	3.088E-01
5.215E-01	3.389E-01	3.048E-02	3.084E-01
5.225E-01	3.382E-01	3.012E-02	3.081E-01
5.235E-01	3.375E-01	2.976E-02	3.077E-01
5.245E-01	3.368E-01	2.940E-02	3.074E-01
5.255E-01	3.360E-01	2.904E-02	3.070E-01
5.265E-01	3.353E-01	2.868E-02	3.066E-01
5.275E-01	3.346E-01	2.833E-02	3.063E-01
5.285E-01	3.339E-01	2.797E-02	3.059E-01
5.295E-01	3.332E-01	2.762E-02	3.056E-01
5.305E-01	3.325E-01	2.727E-02	3.052E-01
5.315E-01	3.317E-01	2.692E-02	3.048E-01
5.325E-01	3.310E-01	2.657E-02	3.044E-01
5.335E-01	3.303E-01	2.623E-02	3.041E-01
5.345E-01	3.296E-01	2.588E-02	3.037E-01
5.355E-01	3.289E-01	2.554E-02	3.033E-01
5.365E-01	3.281E-01	2.520E-02	3.029E-01
5.375E-01	3.274E-01	2.486E-02	3.026E-01
5.385E-01	3.267E-01	2.452E-02	3.022E-01
5.395E-01	3.260E-01	2.418E-02	3.018E-01
5.405E-01	3.252E-01	2.385E-02	3.014E-01
5.415E-01	3.245E-01	2.351E-02	3.010E-01
5.425E-01	3.238E-01	2.318E-02	3.006E-01
5.435E-01	3.231E-01	2.285E-02	3.002E-01
5.445E-01	3.224E-01	2.252E-02	2.998E-01
5.455E-01	3.216E-01	2.219E-02	2.994E-01
5.465E-01	3.209E-01	2.186E-02	2.990E-01
5.475E-01	3.202E-01	2.154E-02	2.986E-01
5.485E-01	3.194E-01	2.122E-02	2.982E-01
5.495E-01	3.187E-01	2.089E-02	2.978E-01
5.505E-01	3.180E-01	2.057E-02	2.974E-01
5.515E-01	3.173E-01	2.026E-02	2.970E-01
5.525E-01	3.165E-01	1.994E-02	2.966E-01
5.535E-01	3.158E-01	1.962E-02	2.962E-01
5.545E-01	3.151E-01	1.931E-02	2.958E-01
5.555E-01	3.143E-01	1.900E-02	2.954E-01
5.565E-01	3.136E-01	1.868E-02	2.949E-01
5.575E-01	3.129E-01	1.837E-02	2.945E-01
5.585E-01	3.122E-01	1.807E-02	2.941E-01
5.595E-01	3.114E-01	1.776E-02	2.937E-01
5.605E-01	3.107E-01	1.745E-02	2.932E-01
5.615E-01	3.100E-01	1.715E-02	2.928E-01
5.625E-01	3.092E-01	1.685E-02	2.924E-01
5.635E-01	3.085E-01	1.655E-02	2.919E-01
5.645E-01	3.078E-01	1.625E-02	2.915E-01
5.655E-01	3.070E-01	1.595E-02	2.911E-01
5.665E-01	3.063E-01	1.566E-02	2.906E-01
5.675E-01	3.056E-01	1.536E-02	2.902E-01
5.685E-01	3.048E-01	1.507E-02	2.897E-01
5.695E-01	3.041E-01	1.478E-02	2.893E-01
5.705E-01	3.033E-01	1.449E-02	2.889E-01
5.715E-01	3.026E-01	1.420E-02	2.884E-01
5.725E-01	3.019E-01	1.391E-02	2.880E-01
5.735E-01	3.011E-01	1.363E-02	2.875E-01
5.745E-01	3.004E-01	1.334E-02	2.871E-01
5.755E-01	2.997E-01	1.306E-02	2.866E-01
5.765E-01	2.989E-01	1.278E-02	2.861E-01
5.775E-01	2.982E-01	1.250E-02	2.857E-01
5.785E-01	2.974E-01	1.222E-02	2.852E-01
5.795E-01	2.967E-01	1.194E-02	2.848E-01
5.805E-01	2.960E-01	1.167E-02	2.843E-01
5.815E-01	2.952E-01	1.140E-02	2.838E-01
5.825E-01	2.945E-01	1.112E-02	2.834E-01
5.835E-01	2.937E-01	1.085E-02	2.829E-01
5.845E-01	2.930E-01	1.058E-02	2.824E-01
5.855E-01	2.923E-01	1.032E-02	2.819E-01
5.865E-01	2.915E-01	1.005E-02	2.815E-01
5.875E-01	2.908E-01	9.786E-03	2.810E-01
5.885E-01	2.900E-01	9.523E-03	2.805E-01
5.895E-01	2.893E-01	9.261E-03	2.800E-01
5.905E-01	2.885E-01	9.001E-03	2.795E-01
5.915E-01	2.878E-01	8.742E-03	2.791E-01
5.925E-01	2.871E-01	8.485E-03	2.786E-01
5.935E-01	2.863E-01	8.229E-03	2.781E-01
5.945E-01	2.856E-01	7.975E-03	2.776E-01
5.955E-01	2.848E-01	7.722E-03	2.771E-01
5.965E-01	2.841E-01	7.471E-03	2.766E-01
5.975E-01	2.833E-01	7.221E-03	2.761E-01
5.985E-01	2.826E-01	6.972E-03	2.756E-01
5.995E-01	2.818E-01	6.725E-03	2.751E-01
6.005E-01	2.811E-01	6.480E-03	2.746E-01
6.015E-01	2.803E-01	6.236E-03	2.741E-01
6.025E-01	2.796E-01	5.993E-03	2.736E-01
6.035E-01	2.788E-01	5.752E-03	2.731E-01
6.045E-01	2.781E-01	5.512E-03	2.726E-01
6.055E-01	2.773E-01	5.274E-03	2.721E-01
6.065E-01	2.766E-01	5.037E-03	2.716E-01
6.075E-01	2.759E-01	4.802E-03	2.711E-01
6.085E-01	2.751E-01	4.568E-03	2.705E-01
6.095E-01	2.744E-01	4.336E-03	2.700E-01
6.105E-01	2.736E-01	4.105E-03	2.695E-01
6.115E-01	2.729E-01	3.875E-03	2.690E-01
6.125E-01	2.721E-01	3.647E-03	2.685E-01
6.135E-01	2.714E-01	3.421E-03	2.679E-01
6.145E-01	2.706E-01	3.195E-03	2.674E-01
6.155E-01	2.699E-01	2.972E-03	2.669E-01
6.165E-01	2.691E-01	2.749E-03	2.664E-01
6.175E-01	2.684E-01	2.528E-03	2.658E-01
6.185E-01	2.676E-01	2.309E-03	2.653E-01
6.195E-01	2.668E-01	2.091E-03	2.648E-01
6.205E-01	2.661E-01	1.874E-03	2.642E-01
6.215E-01	2.653E-01	1.659E-03	2.637E-01
6.225E-01	2.646E-01	1.445E-03	2.631E-01
6.235E-01	2.638E-01	1.233E-03	2.626E-01
6.245E-01	2.631E-01	1.022E-03	2.621E-01
6.255E-01	2.623E-01	8.127E-04	2.615E-01
6.265E-01	2.616E-01	6.046E-04	2.610E-01
6.275E-01	2.608E-01	3.980E-04	2.604E-01
6.285E-01	2.601E-01	1.927E-04	2.599E-01
6.295E-01	2.593E-01	-1.109E-05	2.593E-01
6.305E-01	2.586E-01	-2.135E-04	2.588E-01
6.315E-01	2.578E-01	-4.145E-04	2.582E-01
6.325E-01	2.571E-01	-6.141E-04	2.577E-01
6.335E-01	2.563E-01	-8.123E-04	2.571E-01
6.345E-01	2.555E-01	-1.009E-03	2.566E-01
6.355E-01	2.548E-01	-1.205E-03	2.560E-01
6.365E-01	2.540E-01	-1.399E-03	2.554E-01
6.375E-01	2.533E-01	-1.591E-03	2.549E-01
6.385E-01	2.525E-01	-1.782E-03	2.543E-01
6.395E-01	2.518E-01	-1.972E-03	2.537E-01
6.405E-01	2.510E-01	-2.161E-03	2.532E-01
6.415E-01	2.503E-01	-2.348E-03	2.526E-01
6.425E-01	2.495E-01	-2.533E-03	2.520E-01
6.435E-01	2.487E-01	-2.718E-03	2.515E-01
6.445E-01	2.480E-01	-2.900E-03	2.509E-01
6.455E-01	2.472E-01	-3.082E-03	2.503E-01
6.465E-01	2.465E-01	-3.262E-03	2.497E-01
6.475E-01	2.457E-01	-3.441E-03	2.492E-01
6.485E-01	2.450E-01	-3.618E-03	2.486E-01
6.495E-01	2.442E-01	-3.794E-03	2.480E-01
6.505E-01	2.434E-01	-3.969E-03	2.474E-01
6.515E-01	2.427E-01	-4.142E-03	2.468E-01
6.525E-01	2.419E-01	-4.314E-03	2.462E-01
6.535E-01	2.412E-01	-4.485E-03	2.457E-01
6.545E-01	2.404E-01	-4.654E-03	2.451E-01
6.555E-01	2.397E-01	-4.822E-03	2.445E-01
6.565E-01	2.389E-01	-4.988E-03	2.439E-01
6.575E-01	2.381E-01	-5.153E-03	2.433E-01
6.585E-01	2.374E-01	-5.317E-03	2.427E-01
6.595E-01	2.366E-01	-5.479E-03	2.421E-01
6.605E-01	2.359E-01	-5.640E-03	2.415E-01
6.615E-01	2.351E-01	-5.800E-03	2.409E-01
6.625E-01	2.343E-01	-5.958E-03	2.403E-01
6.635E-01	2.336E-01	-6.115E-03	2.397E-01
6.645E-01	2.328E-01	-6.271E-03	2.391E-01
6.655E-01	2.321E-01	-6.425E-03	2.385E-01
6.665E-01	2.313E-01	-6.578E-03	2.379E-01
6.675E-01	2.305E-01	-6.730E-03	2.373E-01
6.685E-01	2.298E-01	-6.880E-03	2.367E-01
6.695E-01	2.290E-01	-7.029E-03	2.360E-01
6.705E-01	2.283E-01	-7.177E-03	2.354E-01
6.715E-01	2.275E-01	-7.323E-03	2.348E-01
6.725E-01	2.267E-01	-7.468E-03	2.342E-01
6.735E-01	2.260E-01	-7.612E-03	2.336E-01
6.745E-01	2.252E-01	-7.754E-03	2.330E-01
6.755E-01	2.245E-01	-7.896E-03	2.324E-01
6.765E-01	2.237E-01	-8.035E-03	2.317E-01
6.775E-01	2.229E-01	-8.174E-03	2.311E-01
6.785E-01	2.222E-01	-8.311E-03	2.305E-01
6.795E-01	2.214E-01	-8.447E-03	2.299E-01
6.805E-01	2.207E-01	-8.581E-03	2.292E-01
6.815E-01	2.199E-01	-8.714E-03	2.286E-01
6.825E-01	2.191E-01	-8.846E-03	2.280E-01
6.835E-01	2.184E-01	-8.977E-03	2.273E-01
6.845E-01	2.176E-01	-9.106E-03	2.267E-01
6.855E-01	2.168E-01	-9.234E-03	2.261E-01
6.865E-01	2.161E-01	-9.361E-03	2.254E-01
6.875E-01	2.153E-01	-9.486E-03	2.248E-01
6.885E-01	2.146E-01	-9.610E-03	2.242E-01
6.895E-01	2.138E-01	-9.733E-03	2.235E-01
6.905E-01	2.130E-01	-9.855E-03	2.229E-01
6.915E-01	2.123E-01	-9.975E-03	2.223E-01
6.925E-01	2.115E-01	-1.009E-02	2.216E-01
6.935E-01	2.108E-01	-1.021E-02	2.210E-01
6.945E-01	2.100E-01	-1.033E-02	2.203E-01
6.955E-01	2.092E-01	-1.044E-02	2.197E-01
6.965E-01	2.085E-01	-1.056E-02	2.190E-01
6.975E-01	2.077E-01	-1.067E-02	2.184E-01
6.985E-01	2.069E-01	-1.078E-02	2.177E-01
6.995E-01	2.062E-01	-1.089E-02	2.171E-01
7.005E-01	2.054E-01	-1.100E-02	2.164E-01
7.015E-01	2.047E-01	-1.111E-02	2.158E-01
7.025E-01	2.039E-01	-1.121E-02	2.151E-01
7.035E-01	2.031E-01	-1.132E-02	2.145E-01
7.045E-01	2.024E-01	-1.142E-02	2.138E-01
7.055E-01	2.016E-01	-1.153E-02	2.131E-01
7.065E-01	2.009E-01	-1.163E-02	2.125E-01
7.075E-01	2.001E-01	-1.173E-02	2.118E-01
7.085E-01	1.993E-01	-1.183E-02	2.112E-01
7.095E-01	1.986E-01	-1.192E-02	2.105E-01
7.105E-01	1.978E-01	-1.202E-02	2.098E-01
7.115E-01	1.970E-01	-1.212E-02	2.092E-01
7.125E-01	1.963E-01	-1.221E-02	2.085E-01
7.135E-01	1.955E-01	-1.230E-02	2.078E-01
7.145E-01	1.948E-01	-1.239E-02	2.072E-01
7.155E-01	1.940E-01	-1.248E-02	2.065E-01
7.165E-01	1.932E-01	-1.257E-02	2.058E-01
7.175E-01	1.925E-01	-1.266E-02	2.051E-01
7.185E-01	1.917E-01	-1.275E-02	2.045E-01
7.195E-01	1.910E-01	-1.283E-02	2.038E-01
7.205E-01	1.902E-01	-1.292E-02	2.031E-01
7.215E-01	1.894E-01	-1.300E-02	2.024E-01
7.225E-01	1.887E-01	-1.308E-02	2.018E-01
7.235E-01	1.879E-01	-1.316E-02	2.011E-01
7.245E-01	1.871E-01	-1.324E-02	2.004E-01
7.255E-01	1.864E-01	-1.332E-02	1.997E-01
7.265E-01	1.856E-01	-1.340E-02	1.990E-01
7.275E-01	1.849E-01	-1.347E-02	1.983E-01
7.285E-01	1.841E-01	-1.355E-02	1.976E-01
7.295E-01	1.833E-01	-1.362E-02	1.970E-01
7.305E-01	1.826E-01	-1.369E-02	1.963E-01
7.315E-01	1.818E-01	-1.376E-02	1.956E-01
7.325E-01	1.811E-01	-1.383E-02	1.949E-01
7.335E-01	1.803E-01	-1.390E-02	1.942E-01
7.345E-01	1.795E-01	-1.397E-02	1.935E-01
7.355E-01	1.788E-01	-1.403E-02	1.928E-01
7.365E-01	1.780E-01	-1.410E-02	1.921E-01
7.375E-01	1.773E-01	-1.416E-02	1.914E-01
7.385E-01	1.765E-01	-1.422E-02	1.907E-01
7.395E-01	1.757E-01	-1.429E-02	1.900E-01
7.405E-01	1.750E-01	-1.435E-02	1.893E-01
7.415E-01	1.742E-01	-1.441E-02	1.886E-01
7.425E-01	1.735E-01	-1.446E-02	1.879E-01
7.435E-01	1.727E-01	-1.452E-02	1.872E-01
7.445E-01	1.719E-01	-1.458E-02	1.865E-01
7.455E-01	1.712E-01	-1.463E-02	1.858E-01
7.465E-01	1.704E-01	-1.468E-02	1.851E-01
7.475E-01	1.697E-01	-1.474E-02	1.844E-01
7.485E-01	1.689E-01	-1.479E-02	1.837E-01
7.495E-01	1.681E-01	-1.484E-02	1.830E-01
7.505E-01	1.674E-01	-1.489E-02	1.823E-01
7.515E-01	1.666E-01	-1.493E-02	1.816E-01
7.525E-01	1.659E-01	-1.498E-02	1.809E-01
7.535E-01	1.651E-01	-1.503E-02	1.801E-01
7.545E-01	1.644E-01	-1.507E-02	1.794E-01
7.555E-01	1.636E-01	-1.511E-02	1.787E-01
7.565E-01	1.628E-01	-1.515E-02	1.780E-01
7.575E-01	1.621E-01	-1.520E-02	1.773E-01
7.585E-01	1.613E-01	-1.524E-02	1.766E-01
7.595E-01	1.606E-01	-1.527E-02	1.758E-01
7.605E-01	1.598E-01	-1.531E-02	1.751E-01
7.615E-01	1.591E-01	-1.535E-02	1.744E-01
7.625E-01	1.583E-01	-1.538E-02	1.737E-01
7.635E-01	1.575E-01	-1.542E-02	1.730E-01
7.645E-01	1.568E-01	-1.545E-02	1.722E-01
7.655E-01	1.560E-01	-1.548E-02	1.715E-01
7.665E-01	1.553E-01	-1.551E-02	1.708E-01
7.675E-01	1.545E-01	-1.554E-02	1.701E-01
7.685E-01	1.538E-01	-1.557E-02	1.693E-01
7.695E-01	1.530E-01	-1.560E-02	1.686E-01
7.705E-01	1.523E-01	-1.563E-02	1.679E-01
7.715E-01	1.515E-01	-1.565E-02	1.672E-01
7.725E-01	1.507E-01	-1.568E-02	1.664E-01
7.735E-01	1.500E-01	-1.570E-02	1.657E-01
7.745E-01	1.492E-01	-1.572E-02	1.650E-01
7.755E-01	1.485E-01	-1.574E-02	1.642E-01
7.765E-01	1.477E-01	-1.576E-02	1.635E-01
7.775E-01	1.470E-01	-1.578E-02	1.628E-01
7.785E-01	1.462E-01	-1.580E-02	1.620E-01
7.795E-01	1.455E-01	-1.581E-02	1.613E-01
7.805E-01	1.447E-01	-1.583E-02	1.605E-01
7.815E-01	1.440E-01	-1.584E-02	1.598E-01
7.825E-01	1.432E-01	-1.586E-02	1.591E-01
7.835E-01	1.425E-01	-1.587E-02	1.583E-01
7.845E-01	1.417E-01	-1.588E-02	1.576E-01
7.855E-01	1.410E-01	-1.589E-02	1.569E-01
7.865E-01	1.402E-01	-1.590E-02	1.561E-01
7.875E-01	1.395E-01	-1.591E-02	1.554E-01
7.885E-01	1.387E-01	-1.592E-02	1.546E-01
7.895E-01	1.380E-01	-1.592E-02	1.539E-01
7.905E-01	1.372E-01	-1.593E-02	1.531E-01
7.915E-01	1.365E-01	-1.593E-02	1.524E-01
7.925E-01	1.357E-01	-1.594E-02	1.516E-01
7.935E-01	1.350E-01	-1.594E-02	1.509E-01
7.945E-01	1.342E-01	-1.594E-02	1.501E-01
7.955E-01	1.335E-01	-1.594E-02	1.494E-01
7.965E-01	1.327E-01	-1.594E-02	1.487E-01
7.975E-01	1.320E-01	-1.594E-02	1.479E-01
7.985E-01	1.312E-01	-1.593E-02	1.471E-01
7.995E-01	1.305E-01	-1.593E-02	1.464E-01
8.005E-01	1.297E-01	-1.592E-02	1.456E-01
8.015E-01	1.290E-01	-1.592E-02	1.449E-01
8.025E-01	1.282E-01	-1.591E-02	1.441E-01
8.035E-01	1.275E-01	-1.590E-02	1.434E-01
8.045E-01	1.267E-01	-1.589E-02	1.426E-01
8.055E-01	1.260E-01	-1.588E-02	1.419E-01
8.065E-01	1.252E-01	-1.587E-02	1.411E-01
8.075E-01	1.245E-01	-1.586E-02	1.404E-01
8.085E-01	1.238E-01	-1.585E-02	1.396E-01
8.095E-01	1.230E-01	-1.583E-02	1.388E-01
8.105E-01	1.223E-01	-1.582E-02	1.381E-01
8.115E-01	1.215E-01	-1.580E-02	1.373E-01
8.125E-01	1.208E-01	-1.578E-02	1.366E-01
8.135E-01	1.200E-01	-1.577E-02	1.358E-01
8.145E-01	1.193E-01	-1.575E-02	1.351E-01
8.155E-01	1.186E-01	-1.573E-02	1.343E-01
8.165E-01	1.178E-01	-1.571E-02	1.335E-01
8.175E-01	1.171E-01	-1.568E-02	1.328E-01
8.185E-01	1.163E-01	-1.566E-02	1.320E-01
8.195E-01	1.156E-01	-1.564E-02	1.312E-01
8.205E-01	1.149E-01	-1.561E-02	1.305E-01
8.215E-01	1.141E-01	-1.559E-02	1.297E-01
8.225E-01	1.134E-01	-1.556E-02	1.289E-01
8.235E-01	1.126E-01	-1.553E-02	1.282E-01
8.245E-01	1.119E-01	-1.550E-02	1.274E-01
8.255E-01	1.112E-01	-1.547E-02	1.266E-01
8.265E-01	1.104E-01	-1.544E-02	1.259E-01
8.275E-01	1.097E-01	-1.541E-02	1.251E-01
8.285E-01	1.090E-01	-1.538E-02	1.243E-01
8.295E-01	1.082E-01	-1.535E-02	1.236E-01
8.305E-01	1.075E-01	-1.531E-02	1.228E-01
8.315E-01	1.068E-01	-1.528E-02	1.220E-01
8.325E-01	1.060E-01	-1.524E-02	1.213E-01
8.335E-01	1.053E-01	-1.520E-02	1.205E-01
8.345E-01	1.046E-01	-1.516E-02	1.197E-01
8.355E-01	1.038E-01	-1.513E-02	1.190E-01
8.365E-01	1.031E-01	-1.509E-02	1.182E-01
8.375E-01	1.024E-01	-1.505E-02	1.174E-01
8.385E-01	1.016E-01	-1.500E-02	1.166E-01
8.395E-01	1.009E-01	-1.496E-02	1.159E-01
8.405E-01	1.002E-01	-1.492E-02	1.151E-01
8.415E-01	9.945E-02	-1.487E-02	1.143E-01
8.425E-01	9.872E-02	-1.483E-02	1.135E-01
8.435E-01	9.799E-02	-1.478E-02	1.128E-01
8.445E-01	9.726E-02	-1.474E-02	1.120E-01
8.455E-01	9.653E-02	-1.469E-02	1.112E-01
8.465E-01	9.581E-02	-1.464E-02	1.104E-01
8.475E-01	9.508E-02	-1.459E-02	1.097E-01
8.485E-01	9.436E-02	-1.454E-02	1.089E-01
8.495E-01	9.363E-02	-1.449E-02	1.081E-01
8.505E-01	9.291E-02	-1.443E-02	1.073E-01
8.515E-01	9.218E-02	-1.438E-02	1.066E-01
8.525E-01	9.146E-02	-1.433E-02	1.058E-01
8.535E-01	9.074E-02	-1.427E-02	1.050E-01
8.545E-01	9.002E-02	-1.422E-02	1.042E-01
8.555E-01	8.930E-02	-1.416E-02	1.035E-01
8.565E-01	8.858E-02	-1.410E-02	1.027E-01
8.575E-01	8.786E-02	-1.404E-02	1.019E-01
8.585E-01	8.714E-02	-1.399E-02	1.011E-01
8.595E-01	8.642E-02	-1.393E-02	1.003E-01
8.605E-01	8.570E-02	-1.386E-02	9.957E-02
8.615E-01	8.499E-02	-1.380E-02	9.879E-02
8.625E-01	8.427E-02	-1.374E-02	9.801E-02
8.635E-01	8.355E-02	-1.368E-02	9.723E-02
8.645E-01	8.284E-02	-1.361E-02	9.645E-02
8.655E-01	8.212E-02	-1.355E-02	9.567E-02
8.665E-01	8.141E-02	-1.348E-02	9.489E-02
8.675E-01	8.070E-02	-1.342E-02	9.411E-02
8.685E-01	7.999E-02	-1.335E-02	9.334E-02
8.695E-01	7.928E-02	-1.328E-02	9.256E-02
8.705E-01	7.856E-02	-1.321E-02	9.178E-02
8.715E-01	7.786E-02	-1.314E-02	9.100E-02
8.725E-01	7.715E-02	-1.307E-02	9.022E-02
8.735E-01	7.644E-02	-1.300E-02	8.944E-02
8.745E-01	7.573E-02	-1.293E-02	8.866E-02
8.755E-01	7.502E-02	-1.286E-02	8.788E-02
8.765E-01	7.432E-02	-1.278E-02	8.710E-02
8.775E-01	7.361E-02	-1.271E-02	8.632E-02
8.785E-01	7.291E-02	-1.263E-02	8.554E-02
8.795E-01	7.221E-02	-1.256E-02	8.476E-02
8.805E-01	7.150E-02	-1.248E-02	8.398E-02
8.815E-01	7.080E-02	-1.240E-02	8.320E-02
8.825E-01	7.010E-02	-1.232E-02	8.242E-02
8.835E-01	6.940E-02	-1.224E-02	8.164E-02
8.845E-01	6.870E-02	-1.216E-02	8.087E-02
8.855E-01	6.800E-02	-1.208E-02	8.009E-02
8.865E-01	6.731E-02	-1.200E-02	7.931E-02
8.875E-01	6.661E-02	-1.192E-02	7.853E-02
8.885E-01	6.591E-02	-1.184E-02	7.775E-02
8.895E-01	6.522E-02	-1.175E-02	7.697E-02
8.905E-01	6.452E-02	-1.167E-02	7.620E-02
8.915E-01	6.383E-02	-1.159E-02	7.542E-02
8.925E-01	6.314E-02	-1.150E-02	7.464E-02
8.935E-01	6.245E-02	-1.141E-02	7.386E-02
8.945E-01	6.176E-02	-1.133E-02	7.309E-02
8.955E-01	6.107E-02	-1.124E-02	7.231E-02
8.965E-01	6.038E-02	-1.115E-02	7.153E-02
8.975E-01	5.970E-02	-1.106E-02	7.076E-02
8.985E-01	5.901E-02	-1.097E-02	6.998E-02
8.995E-01	5.833E-02	-1.088E-02	6.921E-02
9.005E-01	5.764E-02	-1.079E-02	6.843E-02
9.015E-01	5.696E-02	-1.070E-02	6.766E-02
9.025E-01	5.628E-02	-1.061E-02	6.688E-02
9.035E-01	5.560E-02	-1.051E-02	6.611E-02
9.045E-01	5.492E-02	-1.042E-02	6.534E-02
9.055E-01	5.424E-02	-1.032E-02	6.456E-02
9.065E-01	5.356E-02	-1.023E-02	6.379E-02
9.075E-01	5.289E-02	-1.013E-02	6.302E-02
9.085E-01	5.221E-02	-1.004E-02	6.225E-02
9.095E-01	5.154E-02	-9.940E-03	6.148E-02
9.105E-01	5.087E-02	-9.842E-03	6.071E-02
9.115E-01	5.020E-02	-9.744E-03	5.994E-02
9.125E-01	4.953E-02	-9.645E-03	5.917E-02
9.135E-01	4.886E-02	-9.546E-03	5.840E-02
9.145E-01	4.819E-02	-9.446E-03	5.764E-02
9.155E-01	4.752E-02	-9.345E-03	5.687E-02
9.165E-01	4.686E-02	-9.244E-03	5.610E-02
9.175E-01	4.619E-02	-9.142E-03	5.534E-02
9.185E-01	4.553E-02	-9.040E-03	5.457E-02
9.195E-01	4.487E-02	-8.937E-03	5.381E-02
9.205E-01	4.421E-02	-8.833E-03	5.305E-02
9.215E-01	4.355E-02	-8.729E-03	5.228E-02
9.225E-01	4.290E-02	-8.625E-03	5.152E-02
9.235E-01	4.224E-02	-8.519E-03	5.076E-02
9.245E-01	4.159E-02	-8.414E-03	5.000E-02
9.255E-01	4.094E-02	-8.307E-03	4.924E-02
9.265E-01	4.028E-02	-8.201E-03	4.849E-02
9.275E-01	3.964E-02	-8.093E-03	4.773E-02
9.285E-01	3.899E-02	-7.986E-03	4.697E-02
9.295E-01	3.834E-02	-7.877E-03	4.622E-02
9.305E-01	3.770E-02	-7.769E-03	4.547E-02
9.315E-01	3.705E-02	-7.659E-03	4.471E-02
9.325E-01	3.641E-02	-7.550E-03	4.396E-02
9.335E-01	3.577E-02	-7.440E-03	4.321E-02
9.345E-01	3.513E-02	-7.329E-03	4.246E-02
9.355E-01	3.450E-02	-7.218E-03	4.171E-02
9.365E-01	3.386E-02	-7.106E-03	4.097E-02
9.375E-01	3.323E-02	-6.994E-03	4.022E-02
9.385E-01	3.260E-02	-6.882E-03	3.948E-02
9.395E-01	3.197E-02	-6.769E-03	3.874E-02
9.405E-01	3.134E-02	-6.656E-03	3.800E-02
9.415E-01	3.071E-02	-6.542E-03	3.726E-02
9.425E-01	3.009E-02	-6.428E-03	3.652E-02
9.435E-01	2.947E-02	-6.314E-03	3.578E-02
9.445E-01	2.885E-02	-6.199E-03	3.505E-02
9.455E-01	2.823E-02	-6.084E-03	3.432E-02
9.465E-01	2.761E-02	-5.969E-03	3.358E-02
9.475E-01	2.700E-02	-5.853E-03	3.285E-02
9.485E-01	2.639E-02	-5.737E-03	3.213E-02
9.495E-01	2.578E-02	-5.621E-03	3.140E-02
9.505E-01	2.517E-02	-5.504E-03	3.068E-02
9.515E-01	2.457E-02	-5.387E-03	2.995E-02
9.525E-01	2.396E-02	-5.270E-03	2.923E-02
9.535E-01	2.336E-02	-5.153E-03	2.852E-02
9.545E-01	2.276E-02	-5.035E-03	2.780E-02
9.555E-01	2.217E-02	-4.917E-03	2.709E-02
9.565E-01	2.158E-02	-4.799E-03	2.637E-02
9.575E-01	2.098E-02	-4.681E-03	2.567E-02
9.585E-01	2.040E-02	-4.563E-03	2.496E-02
9.595E-01	1.981E-02	-4.444E-03	2.425E-02
9.605E-01	1.923E-02	-4.326E-03	2.355E-02
9.615E-01	1.865E-02	-4.207E-03	2.285E-02
9.625E-01	1.807E-02	-4.088E-03	2.216E-02
9.635E-01	1.750E-02	-3.969E-03	2.146E-02
9.645E-01	1.692E-02	-3.850E-03	2.077E-02
9.655E-01	1.636E-02	-3.731E-03	2.009E-02
9.665E-01	1.579E-02	-3.612E-03	1.940E-02
9.675E-01	1.523E-02	-3.493E-03	1.872E-02
9.685E-01	1.467E-02	-3.374E-03	1.804E-02
9.695E-01	1.411E-02	-3.255E-03	1.737E-02
9.705E-01	1.356E-02	-3.136E-03	1.670E-02
9.715E-01	1.301E-02	-3.018E-03	1.603E-02
9.725E-01	1.247E-02	-2.899E-03	1.537E-02
9.735E-01	1.193E-02	-2.781E-03	1.471E-02
9.745E-01	1.139E-02	-2.663E-03	1.405E-02
9.755E-01	1.086E-02	-2.545E-03	1.340E-02
9.765E-01	1.033E-02	-2.427E-03	1.275E-02
9.775E-01	9.802E-03	-2.310E-03	1.211E-02
9.785E-01	9.281E-03	-2.194E-03	1.148E-02
9.795E-01	8.767E-03	-2.077E-03	1.084E-02
9.805E-01	8.257E-03	-1.962E-03	1.022E-02
9.815E-01	7.751E-03	-1.847E-03	9.598E-03
9.825E-01	7.249E-03	-1.732E-03	8.980E-03
9.835E-01	6.753E-03	-1.617E-03	8.371E-03
9.845E-01	6.268E-03	-1.505E-03	7.774E-03
9.855E-01	5.788E-03	-1.394E-03	7.182E-03
9.865E-01	5.310E-03	-1.282E-03	6.592E-03
9.875E-01	4.835E-03	-1.170E-03	6.006E-03
9.885E-01	4.370E-03	-1.060E-03	5.430E-03
9.895E-01	3.926E-03	-9.551E-04	4.881E-03
9.905E-01	3.495E-03	-8.527E-04	4.348E-03
9.915E-01	3.053E-03	-7.467E-04	3.799E-03
9.925E-01	2.607E-03	-6.392E-04	3.246E-03
9.935E-01	2.179E-03	-5.356E-04	2.715E-03
9.945E-01	1.785E-03	-4.400E-04	2.225E-03
9.955E-01	1.438E-03	-3.555E-04	1.794E-03
9.965E-01	1.084E-03	-2.686E-04	1.352E-03
9.975E-01	6.952E-04	-1.727E-04	8.679E-04
9.985E-01	3.024E-04	-7.525E-05	3.777E-04
9.995E-01	2.486E-05	-6.174E-06	3.103E-05
