Q0 = 0.8 GeV	 Q = 5.2 GeV
x	 x*uv	 x*dv	 x*(uv-dv)
5.000E-04	2.905E-02	-2.905E-02	5.810E-02
1.500E-03	4.784E-02	-4.784E-02	9.568E-02
2.500E-03	5.994E-02	-5.994E-02	1.199E-01
3.500E-03	6.933E-02	-6.933E-02	1.387E-01
4.500E-03	7.715E-02	-7.715E-02	1.543E-01
5.500E-03	8.391E-02	-8.391E-02	1.678E-01
6.500E-03	8.991E-02	-8.991E-02	1.798E-01
7.500E-03	9.531E-02	-9.531E-02	1.906E-01
8.500E-03	1.002E-01	-1.002E-01	2.005E-01
9.500E-03	1.048E-01	-1.048E-01	2.096E-01
1.050E-02	1.090E-01	-1.090E-01	2.180E-01
1.150E-02	1.129E-01	-1.129E-01	2.258E-01
1.250E-02	1.166E-01	-1.166E-01	2.332E-01
1.350E-02	1.201E-01	-1.201E-01	2.401E-01
1.450E-02	1.233E-01	-1.233E-01	2.467E-01
1.550E-02	1.265E-01	-1.265E-01	2.529E-01
1.650E-02	1.294E-01	-1.294E-01	2.588E-01
1.750E-02	1.322E-01	-1.322E-01	2.645E-01
1.850E-02	1.349E-01	-1.349E-01	2.698E-01
1.950E-02	1.375E-01	-1.375E-01	2.750E-01
2.050E-02	1.400E-01	-1.400E-01	2.799E-01
2.150E-02	1.423E-01	-1.423E-01	2.846E-01
2.250E-02	1.446E-01	-1.446E-01	2.892E-01
2.350E-02	1.468E-01	-1.468E-01	2.936E-01
2.450E-02	1.489E-01	-1.489E-01	2.978E-01
2.550E-02	1.509E-01	-1.509E-01	3.019E-01
2.650E-02	1.529E-01	-1.529E-01	3.058E-01
2.750E-02	1.548E-01	-1.548E-01	3.096E-01
2.850E-02	1.566E-01	-1.566E-01	3.133E-01
2.950E-02	1.584E-01	-1.584E-01	3.168E-01
3.050E-02	1.601E-01	-1.601E-01	3.202E-01
3.150E-02	1.618E-01	-1.618E-01	3.236E-01
3.250E-02	1.634E-01	-1.634E-01	3.268E-01
3.350E-02	1.650E-01	-1.650E-01	3.299E-01
3.450E-02	1.665E-01	-1.665E-01	3.330E-01
3.550E-02	1.680E-01	-1.680E-01	3.359E-01
3.650E-02	1.694E-01	-1.694E-01	3.388E-01
3.750E-02	1.708E-01	-1.708E-01	3.416E-01
3.850E-02	1.722E-01	-1.722E-01	3.443E-01
3.950E-02	1.735E-01	-1.735E-01	3.470E-01
4.050E-02	1.748E-01	-1.748E-01	3.495E-01
4.150E-02	1.760E-01	-1.760E-01	3.520E-01
4.250E-02	1.772E-01	-1.772E-01	3.545E-01
4.350E-02	1.784E-01	-1.784E-01	3.569E-01
4.450E-02	1.796E-01	-1.796E-01	3.592E-01
4.550E-02	1.807E-01	-1.807E-01	3.614E-01
4.650E-02	1.818E-01	-1.818E-01	3.636E-01
4.750E-02	1.829E-01	-1.829E-01	3.658E-01
4.850E-02	1.839E-01	-1.839E-01	3.679E-01
4.950E-02	1.850E-01	-1.850E-01	3.699E-01
5.050E-02	1.860E-01	-1.860E-01	3.719E-01
5.150E-02	1.869E-01	-1.869E-01	3.739E-01
5.250E-02	1.879E-01	-1.879E-01	3.758E-01
5.350E-02	1.888E-01	-1.888E-01	3.776E-01
5.450E-02	1.897E-01	-1.897E-01	3.794E-01
5.550E-02	1.906E-01	-1.906E-01	3.812E-01
5.650E-02	1.915E-01	-1.915E-01	3.829E-01
5.750E-02	1.923E-01	-1.923E-01	3.846E-01
5.850E-02	1.931E-01	-1.931E-01	3.863E-01
5.950E-02	1.939E-01	-1.939E-01	3.879E-01
6.050E-02	1.947E-01	-1.947E-01	3.895E-01
6.150E-02	1.955E-01	-1.955E-01	3.910E-01
6.250E-02	1.963E-01	-1.963E-01	3.925E-01
6.350E-02	1.970E-01	-1.970E-01	3.940E-01
6.450E-02	1.977E-01	-1.977E-01	3.954E-01
6.550E-02	1.984E-01	-1.984E-01	3.968E-01
6.650E-02	1.991E-01	-1.991E-01	3.982E-01
6.750E-02	1.998E-01	-1.998E-01	3.996E-01
6.850E-02	2.004E-01	-2.004E-01	4.009E-01
6.950E-02	2.011E-01	-2.011E-01	4.022E-01
7.050E-02	2.017E-01	-2.017E-01	4.034E-01
7.150E-02	2.023E-01	-2.023E-01	4.047E-01
7.250E-02	2.029E-01	-2.029E-01	4.059E-01
7.350E-02	2.035E-01	-2.035E-01	4.071E-01
7.450E-02	2.041E-01	-2.041E-01	4.082E-01
7.550E-02	2.047E-01	-2.047E-01	4.093E-01
7.650E-02	2.052E-01	-2.052E-01	4.104E-01
7.750E-02	2.058E-01	-2.058E-01	4.115E-01
7.850E-02	2.063E-01	-2.063E-01	4.126E-01
7.950E-02	2.068E-01	-2.068E-01	4.136E-01
8.050E-02	2.073E-01	-2.073E-01	4.146E-01
8.150E-02	2.078E-01	-2.078E-01	4.156E-01
8.250E-02	2.083E-01	-2.083E-01	4.166E-01
8.350E-02	2.088E-01	-2.088E-01	4.175E-01
8.450E-02	2.092E-01	-2.092E-01	4.185E-01
8.550E-02	2.097E-01	-2.097E-01	4.194E-01
8.650E-02	2.101E-01	-2.101E-01	4.203E-01
8.750E-02	2.106E-01	-2.106E-01	4.211E-01
8.850E-02	2.110E-01	-2.110E-01	4.220E-01
8.950E-02	2.114E-01	-2.114E-01	4.228E-01
9.050E-02	2.118E-01	-2.118E-01	4.236E-01
9.150E-02	2.122E-01	-2.122E-01	4.244E-01
9.250E-02	2.126E-01	-2.126E-01	4.252E-01
9.350E-02	2.130E-01	-2.130E-01	4.259E-01
9.450E-02	2.133E-01	-2.133E-01	4.267E-01
9.550E-02	2.137E-01	-2.137E-01	4.274E-01
9.650E-02	2.140E-01	-2.140E-01	4.281E-01
9.750E-02	2.144E-01	-2.144E-01	4.288E-01
9.850E-02	2.147E-01	-2.147E-01	4.295E-01
9.950E-02	2.151E-01	-2.151E-01	4.301E-01
1.005E-01	2.154E-01	-2.154E-01	4.308E-01
1.015E-01	2.157E-01	-2.157E-01	4.314E-01
1.025E-01	2.160E-01	-2.160E-01	4.320E-01
1.035E-01	2.163E-01	-2.163E-01	4.326E-01
1.045E-01	2.166E-01	-2.166E-01	4.332E-01
1.055E-01	2.169E-01	-2.169E-01	4.337E-01
1.065E-01	2.172E-01	-2.172E-01	4.343E-01
1.075E-01	2.174E-01	-2.174E-01	4.348E-01
1.085E-01	2.177E-01	-2.177E-01	4.354E-01
1.095E-01	2.179E-01	-2.179E-01	4.359E-01
1.105E-01	2.182E-01	-2.182E-01	4.364E-01
1.115E-01	2.184E-01	-2.184E-01	4.369E-01
1.125E-01	2.187E-01	-2.187E-01	4.374E-01
1.135E-01	2.189E-01	-2.189E-01	4.378E-01
1.145E-01	2.191E-01	-2.191E-01	4.383E-01
1.155E-01	2.194E-01	-2.194E-01	4.387E-01
1.165E-01	2.196E-01	-2.196E-01	4.391E-01
1.175E-01	2.198E-01	-2.198E-01	4.396E-01
1.185E-01	2.200E-01	-2.200E-01	4.400E-01
1.195E-01	2.202E-01	-2.202E-01	4.404E-01
1.205E-01	2.204E-01	-2.204E-01	4.407E-01
1.215E-01	2.206E-01	-2.206E-01	4.411E-01
1.225E-01	2.207E-01	-2.207E-01	4.415E-01
1.235E-01	2.209E-01	-2.209E-01	4.418E-01
1.245E-01	2.211E-01	-2.211E-01	4.422E-01
1.255E-01	2.212E-01	-2.212E-01	4.425E-01
1.265E-01	2.214E-01	-2.214E-01	4.428E-01
1.275E-01	2.216E-01	-2.216E-01	4.431E-01
1.285E-01	2.217E-01	-2.217E-01	4.434E-01
1.295E-01	2.219E-01	-2.219E-01	4.437E-01
1.305E-01	2.220E-01	-2.220E-01	4.440E-01
1.315E-01	2.221E-01	-2.221E-01	4.443E-01
1.325E-01	2.223E-01	-2.223E-01	4.445E-01
1.335E-01	2.224E-01	-2.224E-01	4.448E-01
1.345E-01	2.225E-01	-2.225E-01	4.450E-01
1.355E-01	2.226E-01	-2.226E-01	4.452E-01
1.365E-01	2.227E-01	-2.227E-01	4.455E-01
1.375E-01	2.228E-01	-2.228E-01	4.457E-01
1.385E-01	2.229E-01	-2.229E-01	4.459E-01
1.395E-01	2.230E-01	-2.230E-01	4.461E-01
1.405E-01	2.231E-01	-2.231E-01	4.463E-01
1.415E-01	2.232E-01	-2.232E-01	4.465E-01
1.425E-01	2.233E-01	-2.233E-01	4.466E-01
1.435E-01	2.234E-01	-2.234E-01	4.468E-01
1.445E-01	2.235E-01	-2.235E-01	4.470E-01
1.455E-01	2.236E-01	-2.236E-01	4.471E-01
1.465E-01	2.236E-01	-2.236E-01	4.472E-01
1.475E-01	2.237E-01	-2.237E-01	4.474E-01
1.485E-01	2.238E-01	-2.238E-01	4.475E-01
1.495E-01	2.238E-01	-2.238E-01	4.476E-01
1.505E-01	2.239E-01	-2.239E-01	4.477E-01
1.515E-01	2.239E-01	-2.239E-01	4.478E-01
1.525E-01	2.240E-01	-2.240E-01	4.479E-01
1.535E-01	2.240E-01	-2.240E-01	4.480E-01
1.545E-01	2.240E-01	-2.240E-01	4.481E-01
1.555E-01	2.241E-01	-2.241E-01	4.482E-01
1.565E-01	2.241E-01	-2.241E-01	4.482E-01
1.575E-01	2.242E-01	-2.242E-01	4.483E-01
1.585E-01	2.242E-01	-2.242E-01	4.484E-01
1.595E-01	2.242E-01	-2.242E-01	4.484E-01
1.605E-01	2.242E-01	-2.242E-01	4.484E-01
1.615E-01	2.242E-01	-2.242E-01	4.485E-01
1.625E-01	2.243E-01	-2.243E-01	4.485E-01
1.635E-01	2.243E-01	-2.243E-01	4.485E-01
1.645E-01	2.243E-01	-2.243E-01	4.485E-01
1.655E-01	2.243E-01	-2.243E-01	4.486E-01
1.665E-01	2.243E-01	-2.243E-01	4.486E-01
1.675E-01	2.243E-01	-2.243E-01	4.486E-01
1.685E-01	2.243E-01	-2.243E-01	4.485E-01
1.695E-01	2.243E-01	-2.243E-01	4.485E-01
1.705E-01	2.243E-01	-2.243E-01	4.485E-01
1.715E-01	2.242E-01	-2.242E-01	4.485E-01
1.725E-01	2.242E-01	-2.242E-01	4.484E-01
1.735E-01	2.242E-01	-2.242E-01	4.484E-01
1.745E-01	2.242E-01	-2.242E-01	4.484E-01
1.755E-01	2.242E-01	-2.242E-01	4.483E-01
1.765E-01	2.241E-01	-2.241E-01	4.483E-01
1.775E-01	2.241E-01	-2.241E-01	4.482E-01
1.785E-01	2.241E-01	-2.241E-01	4.481E-01
1.795E-01	2.240E-01	-2.240E-01	4.481E-01
1.805E-01	2.240E-01	-2.240E-01	4.480E-01
1.815E-01	2.240E-01	-2.240E-01	4.479E-01
1.825E-01	2.239E-01	-2.239E-01	4.478E-01
1.835E-01	2.239E-01	-2.239E-01	4.477E-01
1.845E-01	2.238E-01	-2.238E-01	4.476E-01
1.855E-01	2.238E-01	-2.238E-01	4.475E-01
1.865E-01	2.237E-01	-2.237E-01	4.474E-01
1.875E-01	2.237E-01	-2.237E-01	4.473E-01
1.885E-01	2.236E-01	-2.236E-01	4.472E-01
1.895E-01	2.235E-01	-2.235E-01	4.471E-01
1.905E-01	2.235E-01	-2.235E-01	4.469E-01
1.915E-01	2.234E-01	-2.234E-01	4.468E-01
1.925E-01	2.233E-01	-2.233E-01	4.467E-01
1.935E-01	2.233E-01	-2.233E-01	4.465E-01
1.945E-01	2.232E-01	-2.232E-01	4.464E-01
1.955E-01	2.231E-01	-2.231E-01	4.462E-01
1.965E-01	2.230E-01	-2.230E-01	4.461E-01
1.975E-01	2.230E-01	-2.230E-01	4.459E-01
1.985E-01	2.229E-01	-2.229E-01	4.458E-01
1.995E-01	2.228E-01	-2.228E-01	4.456E-01
2.005E-01	2.227E-01	-2.227E-01	4.454E-01
2.015E-01	2.226E-01	-2.226E-01	4.452E-01
2.025E-01	2.225E-01	-2.225E-01	4.451E-01
2.035E-01	2.224E-01	-2.224E-01	4.449E-01
2.045E-01	2.223E-01	-2.223E-01	4.447E-01
2.055E-01	2.222E-01	-2.222E-01	4.445E-01
2.065E-01	2.221E-01	-2.221E-01	4.443E-01
2.075E-01	2.220E-01	-2.220E-01	4.441E-01
2.085E-01	2.219E-01	-2.219E-01	4.439E-01
2.095E-01	2.218E-01	-2.218E-01	4.437E-01
2.105E-01	2.217E-01	-2.217E-01	4.435E-01
2.115E-01	2.216E-01	-2.216E-01	4.433E-01
2.125E-01	2.215E-01	-2.215E-01	4.430E-01
2.135E-01	2.214E-01	-2.214E-01	4.428E-01
2.145E-01	2.213E-01	-2.213E-01	4.426E-01
2.155E-01	2.212E-01	-2.212E-01	4.423E-01
2.165E-01	2.211E-01	-2.211E-01	4.421E-01
2.175E-01	2.209E-01	-2.209E-01	4.419E-01
2.185E-01	2.208E-01	-2.208E-01	4.416E-01
2.195E-01	2.207E-01	-2.207E-01	4.414E-01
2.205E-01	2.206E-01	-2.206E-01	4.411E-01
2.215E-01	2.204E-01	-2.204E-01	4.409E-01
2.225E-01	2.203E-01	-2.203E-01	4.406E-01
2.235E-01	2.202E-01	-2.202E-01	4.404E-01
2.245E-01	2.200E-01	-2.200E-01	4.401E-01
2.255E-01	2.199E-01	-2.199E-01	4.398E-01
2.265E-01	2.198E-01	-2.198E-01	4.396E-01
2.275E-01	2.196E-01	-2.196E-01	4.393E-01
2.285E-01	2.195E-01	-2.195E-01	4.390E-01
2.295E-01	2.194E-01	-2.194E-01	4.387E-01
2.305E-01	2.192E-01	-2.192E-01	4.384E-01
2.315E-01	2.191E-01	-2.191E-01	4.382E-01
2.325E-01	2.189E-01	-2.189E-01	4.379E-01
2.335E-01	2.188E-01	-2.188E-01	4.376E-01
2.345E-01	2.186E-01	-2.186E-01	4.373E-01
2.355E-01	2.185E-01	-2.185E-01	4.370E-01
2.365E-01	2.183E-01	-2.183E-01	4.367E-01
2.375E-01	2.182E-01	-2.182E-01	4.364E-01
2.385E-01	2.180E-01	-2.180E-01	4.360E-01
2.395E-01	2.179E-01	-2.179E-01	4.357E-01
2.405E-01	2.177E-01	-2.177E-01	4.354E-01
2.415E-01	2.176E-01	-2.176E-01	4.351E-01
2.425E-01	2.174E-01	-2.174E-01	4.348E-01
2.435E-01	2.172E-01	-2.172E-01	4.345E-01
2.445E-01	2.171E-01	-2.171E-01	4.341E-01
2.455E-01	2.169E-01	-2.169E-01	4.338E-01
2.465E-01	2.167E-01	-2.167E-01	4.335E-01
2.475E-01	2.166E-01	-2.166E-01	4.331E-01
2.485E-01	2.164E-01	-2.164E-01	4.328E-01
2.495E-01	2.162E-01	-2.162E-01	4.324E-01
2.505E-01	2.161E-01	-2.161E-01	4.321E-01
2.515E-01	2.159E-01	-2.159E-01	4.318E-01
2.525E-01	2.157E-01	-2.157E-01	4.314E-01
2.535E-01	2.155E-01	-2.155E-01	4.311E-01
2.545E-01	2.153E-01	-2.153E-01	4.307E-01
2.555E-01	2.152E-01	-2.152E-01	4.303E-01
2.565E-01	2.150E-01	-2.150E-01	4.300E-01
2.575E-01	2.148E-01	-2.148E-01	4.296E-01
2.585E-01	2.146E-01	-2.146E-01	4.292E-01
2.595E-01	2.144E-01	-2.144E-01	4.289E-01
2.605E-01	2.143E-01	-2.143E-01	4.285E-01
2.615E-01	2.141E-01	-2.141E-01	4.281E-01
2.625E-01	2.139E-01	-2.139E-01	4.278E-01
2.635E-01	2.137E-01	-2.137E-01	4.274E-01
2.645E-01	2.135E-01	-2.135E-01	4.270E-01
2.655E-01	2.133E-01	-2.133E-01	4.266E-01
2.665E-01	2.131E-01	-2.131E-01	4.262E-01
2.675E-01	2.129E-01	-2.129E-01	4.258E-01
2.685E-01	2.127E-01	-2.127E-01	4.254E-01
2.695E-01	2.125E-01	-2.125E-01	4.251E-01
2.705E-01	2.123E-01	-2.123E-01	4.247E-01
2.715E-01	2.121E-01	-2.121E-01	4.243E-01
2.725E-01	2.119E-01	-2.119E-01	4.239E-01
2.735E-01	2.117E-01	-2.117E-01	4.235E-01
2.745E-01	2.115E-01	-2.115E-01	4.230E-01
2.755E-01	2.113E-01	-2.113E-01	4.226E-01
2.765E-01	2.111E-01	-2.111E-01	4.222E-01
2.775E-01	2.109E-01	-2.109E-01	4.218E-01
2.785E-01	2.107E-01	-2.107E-01	4.214E-01
2.795E-01	2.105E-01	-2.105E-01	4.210E-01
2.805E-01	2.103E-01	-2.103E-01	4.206E-01
2.815E-01	2.101E-01	-2.101E-01	4.201E-01
2.825E-01	2.099E-01	-2.099E-01	4.197E-01
2.835E-01	2.096E-01	-2.096E-01	4.193E-01
2.845E-01	2.094E-01	-2.094E-01	4.189E-01
2.855E-01	2.092E-01	-2.092E-01	4.184E-01
2.865E-01	2.090E-01	-2.090E-01	4.180E-01
2.875E-01	2.088E-01	-2.088E-01	4.176E-01
2.885E-01	2.086E-01	-2.086E-01	4.171E-01
2.895E-01	2.083E-01	-2.083E-01	4.167E-01
2.905E-01	2.081E-01	-2.081E-01	4.163E-01
2.915E-01	2.079E-01	-2.079E-01	4.158E-01
2.925E-01	2.077E-01	-2.077E-01	4.154E-01
2.935E-01	2.075E-01	-2.075E-01	4.149E-01
2.945E-01	2.072E-01	-2.072E-01	4.145E-01
2.955E-01	2.070E-01	-2.070E-01	4.140E-01
2.965E-01	2.068E-01	-2.068E-01	4.136E-01
2.975E-01	2.066E-01	-2.066E-01	4.131E-01
2.985E-01	2.063E-01	-2.063E-01	4.127E-01
2.995E-01	2.061E-01	-2.061E-01	4.122E-01
3.005E-01	2.059E-01	-2.059E-01	4.117E-01
3.015E-01	2.056E-01	-2.056E-01	4.113E-01
3.025E-01	2.054E-01	-2.054E-01	4.108E-01
3.035E-01	2.052E-01	-2.052E-01	4.104E-01
3.045E-01	2.049E-01	-2.049E-01	4.099E-01
3.055E-01	2.047E-01	-2.047E-01	4.094E-01
3.065E-01	2.045E-01	-2.045E-01	4.089E-01
3.075E-01	2.042E-01	-2.042E-01	4.085E-01
3.085E-01	2.040E-01	-2.040E-01	4.080E-01
3.095E-01	2.038E-01	-2.038E-01	4.075E-01
3.105E-01	2.035E-01	-2.035E-01	4.070E-01
3.115E-01	2.033E-01	-2.033E-01	4.066E-01
3.125E-01	2.030E-01	-2.030E-01	4.061E-01
3.135E-01	2.028E-01	-2.028E-01	4.056E-01
3.145E-01	2.026E-01	-2.026E-01	4.051E-01
3.155E-01	2.023E-01	-2.023E-01	4.046E-01
3.165E-01	2.021E-01	-2.021E-01	4.041E-01
3.175E-01	2.018E-01	-2.018E-01	4.036E-01
3.185E-01	2.016E-01	-2.016E-01	4.031E-01
3.195E-01	2.013E-01	-2.013E-01	4.027E-01
3.205E-01	2.011E-01	-2.011E-01	4.022E-01
3.215E-01	2.008E-01	-2.008E-01	4.017E-01
3.225E-01	2.006E-01	-2.006E-01	4.012E-01
3.235E-01	2.003E-01	-2.003E-01	4.007E-01
3.245E-01	2.001E-01	-2.001E-01	4.002E-01
3.255E-01	1.998E-01	-1.998E-01	3.996E-01
3.265E-01	1.996E-01	-1.996E-01	3.991E-01
3.275E-01	1.993E-01	-1.993E-01	3.986E-01
3.285E-01	1.991E-01	-1.991E-01	3.981E-01
3.295E-01	1.988E-01	-1.988E-01	3.976E-01
3.305E-01	1.986E-01	-1.986E-01	3.971E-01
3.315E-01	1.983E-01	-1.983E-01	3.966E-01
3.325E-01	1.980E-01	-1.980E-01	3.961E-01
3.335E-01	1.978E-01	-1.978E-01	3.956E-01
3.345E-01	1.975E-01	-1.975E-01	3.950E-01
3.355E-01	1.973E-01	-1.973E-01	3.945E-01
3.365E-01	1.970E-01	-1.970E-01	3.940E-01
3.375E-01	1.967E-01	-1.967E-01	3.935E-01
3.385E-01	1.965E-01	-1.965E-01	3.929E-01
3.395E-01	1.962E-01	-1.962E-01	3.924E-01
3.405E-01	1.959E-01	-1.959E-01	3.919E-01
3.415E-01	1.957E-01	-1.957E-01	3.914E-01
3.425E-01	1.954E-01	-1.954E-01	3.908E-01
3.435E-01	1.952E-01	-1.952E-01	3.903E-01
3.445E-01	1.949E-01	-1.949E-01	3.898E-01
3.455E-01	1.946E-01	-1.946E-01	3.892E-01
3.465E-01	1.943E-01	-1.943E-01	3.887E-01
3.475E-01	1.941E-01	-1.941E-01	3.882E-01
3.485E-01	1.938E-01	-1.938E-01	3.876E-01
3.495E-01	1.935E-01	-1.935E-01	3.871E-01
3.505E-01	1.933E-01	-1.933E-01	3.865E-01
3.515E-01	1.930E-01	-1.930E-01	3.860E-01
3.525E-01	1.927E-01	-1.927E-01	3.855E-01
3.535E-01	1.925E-01	-1.925E-01	3.849E-01
3.545E-01	1.922E-01	-1.922E-01	3.844E-01
3.555E-01	1.919E-01	-1.919E-01	3.838E-01
3.565E-01	1.916E-01	-1.916E-01	3.833E-01
3.575E-01	1.914E-01	-1.914E-01	3.827E-01
3.585E-01	1.911E-01	-1.911E-01	3.822E-01
3.595E-01	1.908E-01	-1.908E-01	3.816E-01
3.605E-01	1.905E-01	-1.905E-01	3.810E-01
3.615E-01	1.902E-01	-1.902E-01	3.805E-01
3.625E-01	1.900E-01	-1.900E-01	3.799E-01
3.635E-01	1.897E-01	-1.897E-01	3.794E-01
3.645E-01	1.894E-01	-1.894E-01	3.788E-01
3.655E-01	1.891E-01	-1.891E-01	3.782E-01
3.665E-01	1.888E-01	-1.888E-01	3.777E-01
3.675E-01	1.886E-01	-1.886E-01	3.771E-01
3.685E-01	1.883E-01	-1.883E-01	3.766E-01
3.695E-01	1.880E-01	-1.880E-01	3.760E-01
3.705E-01	1.877E-01	-1.877E-01	3.754E-01
3.715E-01	1.874E-01	-1.874E-01	3.749E-01
3.725E-01	1.871E-01	-1.871E-01	3.743E-01
3.735E-01	1.869E-01	-1.869E-01	3.737E-01
3.745E-01	1.866E-01	-1.866E-01	3.731E-01
3.755E-01	1.863E-01	-1.863E-01	3.726E-01
3.765E-01	1.860E-01	-1.860E-01	3.720E-01
3.775E-01	1.857E-01	-1.857E-01	3.714E-01
3.785E-01	1.854E-01	-1.854E-01	3.708E-01
3.795E-01	1.851E-01	-1.851E-01	3.703E-01
3.805E-01	1.848E-01	-1.848E-01	3.697E-01
3.815E-01	1.845E-01	-1.845E-01	3.691E-01
3.825E-01	1.843E-01	-1.843E-01	3.685E-01
3.835E-01	1.840E-01	-1.840E-01	3.679E-01
3.845E-01	1.837E-01	-1.837E-01	3.673E-01
3.855E-01	1.834E-01	-1.834E-01	3.668E-01
3.865E-01	1.831E-01	-1.831E-01	3.662E-01
3.875E-01	1.828E-01	-1.828E-01	3.656E-01
3.885E-01	1.825E-01	-1.825E-01	3.650E-01
3.895E-01	1.822E-01	-1.822E-01	3.644E-01
3.905E-01	1.819E-01	-1.819E-01	3.638E-01
3.915E-01	1.816E-01	-1.816E-01	3.632E-01
3.925E-01	1.813E-01	-1.813E-01	3.626E-01
3.935E-01	1.810E-01	-1.810E-01	3.620E-01
3.945E-01	1.807E-01	-1.807E-01	3.614E-01
3.955E-01	1.804E-01	-1.804E-01	3.608E-01
3.965E-01	1.801E-01	-1.801E-01	3.602E-01
3.975E-01	1.798E-01	-1.798E-01	3.596E-01
3.985E-01	1.795E-01	-1.795E-01	3.590E-01
3.995E-01	1.792E-01	-1.792E-01	3.584E-01
4.005E-01	1.789E-01	-1.789E-01	3.578E-01
4.015E-01	1.786E-01	-1.786E-01	3.572E-01
4.025E-01	1.783E-01	-1.783E-01	3.566E-01
4.035E-01	1.780E-01	-1.780E-01	3.560E-01
4.045E-01	1.777E-01	-1.777E-01	3.554E-01
4.055E-01	1.774E-01	-1.774E-01	3.548E-01
4.065E-01	1.771E-01	-1.771E-01	3.542E-01
4.075E-01	1.768E-01	-1.768E-01	3.536E-01
4.085E-01	1.765E-01	-1.765E-01	3.530E-01
4.095E-01	1.762E-01	-1.762E-01	3.524E-01
4.105E-01	1.759E-01	-1.759E-01	3.518E-01
4.115E-01	1.756E-01	-1.756E-01	3.511E-01
4.125E-01	1.753E-01	-1.753E-01	3.505E-01
4.135E-01	1.750E-01	-1.750E-01	3.499E-01
4.145E-01	1.747E-01	-1.747E-01	3.493E-01
4.155E-01	1.743E-01	-1.743E-01	3.487E-01
4.165E-01	1.740E-01	-1.740E-01	3.481E-01
4.175E-01	1.737E-01	-1.737E-01	3.474E-01
4.185E-01	1.734E-01	-1.734E-01	3.468E-01
4.195E-01	1.731E-01	-1.731E-01	3.462E-01
4.205E-01	1.728E-01	-1.728E-01	3.456E-01
4.215E-01	1.725E-01	-1.725E-01	3.450E-01
4.225E-01	1.722E-01	-1.722E-01	3.443E-01
4.235E-01	1.719E-01	-1.719E-01	3.437E-01
4.245E-01	1.715E-01	-1.715E-01	3.431E-01
4.255E-01	1.712E-01	-1.712E-01	3.425E-01
4.265E-01	1.709E-01	-1.709E-01	3.418E-01
4.275E-01	1.706E-01	-1.706E-01	3.412E-01
4.285E-01	1.703E-01	-1.703E-01	3.406E-01
4.295E-01	1.700E-01	-1.700E-01	3.400E-01
4.305E-01	1.697E-01	-1.697E-01	3.393E-01
4.315E-01	1.693E-01	-1.693E-01	3.387E-01
4.325E-01	1.690E-01	-1.690E-01	3.381E-01
4.335E-01	1.687E-01	-1.687E-01	3.374E-01
4.345E-01	1.684E-01	-1.684E-01	3.368E-01
4.355E-01	1.681E-01	-1.681E-01	3.362E-01
4.365E-01	1.678E-01	-1.678E-01	3.355E-01
4.375E-01	1.674E-01	-1.674E-01	3.349E-01
4.385E-01	1.671E-01	-1.671E-01	3.342E-01
4.395E-01	1.668E-01	-1.668E-01	3.336E-01
4.405E-01	1.665E-01	-1.665E-01	3.330E-01
4.415E-01	1.662E-01	-1.662E-01	3.323E-01
4.425E-01	1.658E-01	-1.658E-01	3.317E-01
4.435E-01	1.655E-01	-1.655E-01	3.311E-01
4.445E-01	1.652E-01	-1.652E-01	3.304E-01
4.455E-01	1.649E-01	-1.649E-01	3.298E-01
4.465E-01	1.646E-01	-1.646E-01	3.291E-01
4.475E-01	1.642E-01	-1.642E-01	3.285E-01
4.485E-01	1.639E-01	-1.639E-01	3.278E-01
4.495E-01	1.636E-01	-1.636E-01	3.272E-01
4.505E-01	1.633E-01	-1.633E-01	3.265E-01
4.515E-01	1.629E-01	-1.629E-01	3.259E-01
4.525E-01	1.626E-01	-1.626E-01	3.252E-01
4.535E-01	1.623E-01	-1.623E-01	3.246E-01
4.545E-01	1.620E-01	-1.620E-01	3.239E-01
4.555E-01	1.616E-01	-1.616E-01	3.233E-01
4.565E-01	1.613E-01	-1.613E-01	3.226E-01
4.575E-01	1.610E-01	-1.610E-01	3.220E-01
4.585E-01	1.607E-01	-1.607E-01	3.213E-01
4.595E-01	1.603E-01	-1.603E-01	3.207E-01
4.605E-01	1.600E-01	-1.600E-01	3.200E-01
4.615E-01	1.597E-01	-1.597E-01	3.194E-01
4.625E-01	1.594E-01	-1.594E-01	3.187E-01
4.635E-01	1.590E-01	-1.590E-01	3.181E-01
4.645E-01	1.587E-01	-1.587E-01	3.174E-01
4.655E-01	1.584E-01	-1.584E-01	3.168E-01
4.665E-01	1.580E-01	-1.580E-01	3.161E-01
4.675E-01	1.577E-01	-1.577E-01	3.154E-01
4.685E-01	1.574E-01	-1.574E-01	3.148E-01
4.695E-01	1.571E-01	-1.571E-01	3.141E-01
4.705E-01	1.567E-01	-1.567E-01	3.135E-01
4.715E-01	1.564E-01	-1.564E-01	3.128E-01
4.725E-01	1.561E-01	-1.561E-01	3.121E-01
4.735E-01	1.557E-01	-1.557E-01	3.115E-01
4.745E-01	1.554E-01	-1.554E-01	3.108E-01
4.755E-01	1.551E-01	-1.551E-01	3.101E-01
4.765E-01	1.547E-01	-1.547E-01	3.095E-01
4.775E-01	1.544E-01	-1.544E-01	3.088E-01
4.785E-01	1.541E-01	-1.541E-01	3.081E-01
4.795E-01	1.537E-01	-1.537E-01	3.075E-01
4.805E-01	1.534E-01	-1.534E-01	3.068E-01
4.815E-01	1.531E-01	-1.531E-01	3.061E-01
4.825E-01	1.527E-01	-1.527E-01	3.055E-01
4.835E-01	1.524E-01	-1.524E-01	3.048E-01
4.845E-01	1.521E-01	-1.521E-01	3.041E-01
4.855E-01	1.517E-01	-1.517E-01	3.035E-01
4.865E-01	1.514E-01	-1.514E-01	3.028E-01
4.875E-01	1.511E-01	-1.511E-01	3.021E-01
4.885E-01	1.507E-01	-1.507E-01	3.015E-01
4.895E-01	1.504E-01	-1.504E-01	3.008E-01
4.905E-01	1.501E-01	-1.501E-01	3.001E-01
4.915E-01	1.497E-01	-1.497E-01	2.994E-01
4.925E-01	1.494E-01	-1.494E-01	2.988E-01
4.935E-01	1.490E-01	-1.490E-01	2.981E-01
4.945E-01	1.487E-01	-1.487E-01	2.974E-01
4.955E-01	1.484E-01	-1.484E-01	2.967E-01
4.965E-01	1.480E-01	-1.480E-01	2.961E-01
4.975E-01	1.477E-01	-1.477E-01	2.954E-01
4.985E-01	1.474E-01	-1.474E-01	2.947E-01
4.995E-01	1.470E-01	-1.470E-01	2.940E-01
5.005E-01	1.467E-01	-1.467E-01	2.933E-01
5.015E-01	1.463E-01	-1.463E-01	2.927E-01
5.025E-01	1.460E-01	-1.460E-01	2.920E-01
5.035E-01	1.457E-01	-1.457E-01	2.913E-01
5.045E-01	1.453E-01	-1.453E-01	2.906E-01
5.055E-01	1.450E-01	-1.450E-01	2.899E-01
5.065E-01	1.446E-01	-1.446E-01	2.893E-01
5.075E-01	1.443E-01	-1.443E-01	2.886E-01
5.085E-01	1.439E-01	-1.439E-01	2.879E-01
5.095E-01	1.436E-01	-1.436E-01	2.872E-01
5.105E-01	1.433E-01	-1.433E-01	2.865E-01
5.115E-01	1.429E-01	-1.429E-01	2.858E-01
5.125E-01	1.426E-01	-1.426E-01	2.852E-01
5.135E-01	1.422E-01	-1.422E-01	2.845E-01
5.145E-01	1.419E-01	-1.419E-01	2.838E-01
5.155E-01	1.416E-01	-1.416E-01	2.831E-01
5.165E-01	1.412E-01	-1.412E-01	2.824E-01
5.175E-01	1.409E-01	-1.409E-01	2.817E-01
5.185E-01	1.405E-01	-1.405E-01	2.810E-01
5.195E-01	1.402E-01	-1.402E-01	2.804E-01
5.205E-01	1.398E-01	-1.398E-01	2.797E-01
5.215E-01	1.395E-01	-1.395E-01	2.790E-01
5.225E-01	1.391E-01	-1.391E-01	2.783E-01
5.235E-01	1.388E-01	-1.388E-01	2.776E-01
5.245E-01	1.385E-01	-1.385E-01	2.769E-01
5.255E-01	1.381E-01	-1.381E-01	2.762E-01
5.265E-01	1.378E-01	-1.378E-01	2.755E-01
5.275E-01	1.374E-01	-1.374E-01	2.748E-01
5.285E-01	1.371E-01	-1.371E-01	2.741E-01
5.295E-01	1.367E-01	-1.367E-01	2.734E-01
5.305E-01	1.364E-01	-1.364E-01	2.728E-01
5.315E-01	1.360E-01	-1.360E-01	2.721E-01
5.325E-01	1.357E-01	-1.357E-01	2.714E-01
5.335E-01	1.353E-01	-1.353E-01	2.707E-01
5.345E-01	1.350E-01	-1.350E-01	2.700E-01
5.355E-01	1.346E-01	-1.346E-01	2.693E-01
5.365E-01	1.343E-01	-1.343E-01	2.686E-01
5.375E-01	1.339E-01	-1.339E-01	2.679E-01
5.385E-01	1.336E-01	-1.336E-01	2.672E-01
5.395E-01	1.333E-01	-1.333E-01	2.665E-01
5.405E-01	1.329E-01	-1.329E-01	2.658E-01
5.415E-01	1.326E-01	-1.326E-01	2.651E-01
5.425E-01	1.322E-01	-1.322E-01	2.644E-01
5.435E-01	1.319E-01	-1.319E-01	2.637E-01
5.445E-01	1.315E-01	-1.315E-01	2.630E-01
5.455E-01	1.312E-01	-1.312E-01	2.623E-01
5.465E-01	1.308E-01	-1.308E-01	2.616E-01
5.475E-01	1.305E-01	-1.305E-01	2.609E-01
5.485E-01	1.301E-01	-1.301E-01	2.602E-01
5.495E-01	1.298E-01	-1.298E-01	2.595E-01
5.505E-01	1.294E-01	-1.294E-01	2.588E-01
5.515E-01	1.291E-01	-1.291E-01	2.581E-01
5.525E-01	1.287E-01	-1.287E-01	2.574E-01
5.535E-01	1.284E-01	-1.284E-01	2.567E-01
5.545E-01	1.280E-01	-1.280E-01	2.560E-01
5.555E-01	1.277E-01	-1.277E-01	2.553E-01
5.565E-01	1.273E-01	-1.273E-01	2.546E-01
5.575E-01	1.270E-01	-1.270E-01	2.539E-01
5.585E-01	1.266E-01	-1.266E-01	2.532E-01
5.595E-01	1.263E-01	-1.263E-01	2.525E-01
5.605E-01	1.259E-01	-1.259E-01	2.518E-01
5.615E-01	1.255E-01	-1.255E-01	2.511E-01
5.625E-01	1.252E-01	-1.252E-01	2.504E-01
5.635E-01	1.248E-01	-1.248E-01	2.497E-01
5.645E-01	1.245E-01	-1.245E-01	2.490E-01
5.655E-01	1.241E-01	-1.241E-01	2.483E-01
5.665E-01	1.238E-01	-1.238E-01	2.476E-01
5.675E-01	1.234E-01	-1.234E-01	2.469E-01
5.685E-01	1.231E-01	-1.231E-01	2.462E-01
5.695E-01	1.227E-01	-1.227E-01	2.455E-01
5.705E-01	1.224E-01	-1.224E-01	2.448E-01
5.715E-01	1.220E-01	-1.220E-01	2.441E-01
5.725E-01	1.217E-01	-1.217E-01	2.433E-01
5.735E-01	1.213E-01	-1.213E-01	2.426E-01
5.745E-01	1.210E-01	-1.210E-01	2.419E-01
5.755E-01	1.206E-01	-1.206E-01	2.412E-01
5.765E-01	1.203E-01	-1.203E-01	2.405E-01
5.775E-01	1.199E-01	-1.199E-01	2.398E-01
5.785E-01	1.196E-01	-1.196E-01	2.391E-01
5.795E-01	1.192E-01	-1.192E-01	2.384E-01
5.805E-01	1.188E-01	-1.188E-01	2.377E-01
5.815E-01	1.185E-01	-1.185E-01	2.370E-01
5.825E-01	1.181E-01	-1.181E-01	2.363E-01
5.835E-01	1.178E-01	-1.178E-01	2.356E-01
5.845E-01	1.174E-01	-1.174E-01	2.349E-01
5.855E-01	1.171E-01	-1.171E-01	2.341E-01
5.865E-01	1.167E-01	-1.167E-01	2.334E-01
5.875E-01	1.164E-01	-1.164E-01	2.327E-01
5.885E-01	1.160E-01	-1.160E-01	2.320E-01
5.895E-01	1.157E-01	-1.157E-01	2.313E-01
5.905E-01	1.153E-01	-1.153E-01	2.306E-01
5.915E-01	1.149E-01	-1.149E-01	2.299E-01
5.925E-01	1.146E-01	-1.146E-01	2.292E-01
5.935E-01	1.142E-01	-1.142E-01	2.285E-01
5.945E-01	1.139E-01	-1.139E-01	2.278E-01
5.955E-01	1.135E-01	-1.135E-01	2.271E-01
5.965E-01	1.132E-01	-1.132E-01	2.263E-01
5.975E-01	1.128E-01	-1.128E-01	2.256E-01
5.985E-01	1.125E-01	-1.125E-01	2.249E-01
5.995E-01	1.121E-01	-1.121E-01	2.242E-01
6.005E-01	1.117E-01	-1.117E-01	2.235E-01
6.015E-01	1.114E-01	-1.114E-01	2.228E-01
6.025E-01	1.110E-01	-1.110E-01	2.221E-01
6.035E-01	1.107E-01	-1.107E-01	2.214E-01
6.045E-01	1.103E-01	-1.103E-01	2.207E-01
6.055E-01	1.100E-01	-1.100E-01	2.199E-01
6.065E-01	1.096E-01	-1.096E-01	2.192E-01
6.075E-01	1.093E-01	-1.093E-01	2.185E-01
6.085E-01	1.089E-01	-1.089E-01	2.178E-01
6.095E-01	1.085E-01	-1.085E-01	2.171E-01
6.105E-01	1.082E-01	-1.082E-01	2.164E-01
6.115E-01	1.078E-01	-1.078E-01	2.157E-01
6.125E-01	1.075E-01	-1.075E-01	2.150E-01
6.135E-01	1.071E-01	-1.071E-01	2.142E-01
6.145E-01	1.068E-01	-1.068E-01	2.135E-01
6.155E-01	1.064E-01	-1.064E-01	2.128E-01
6.165E-01	1.061E-01	-1.061E-01	2.121E-01
6.175E-01	1.057E-01	-1.057E-01	2.114E-01
6.185E-01	1.053E-01	-1.053E-01	2.107E-01
6.195E-01	1.050E-01	-1.050E-01	2.100E-01
6.205E-01	1.046E-01	-1.046E-01	2.093E-01
6.215E-01	1.043E-01	-1.043E-01	2.086E-01
6.225E-01	1.039E-01	-1.039E-01	2.078E-01
6.235E-01	1.036E-01	-1.036E-01	2.071E-01
6.245E-01	1.032E-01	-1.032E-01	2.064E-01
6.255E-01	1.029E-01	-1.029E-01	2.057E-01
6.265E-01	1.025E-01	-1.025E-01	2.050E-01
6.275E-01	1.021E-01	-1.021E-01	2.043E-01
6.285E-01	1.018E-01	-1.018E-01	2.036E-01
6.295E-01	1.014E-01	-1.014E-01	2.029E-01
6.305E-01	1.011E-01	-1.011E-01	2.021E-01
6.315E-01	1.007E-01	-1.007E-01	2.014E-01
6.325E-01	1.004E-01	-1.004E-01	2.007E-01
6.335E-01	1.000E-01	-1.000E-01	2.000E-01
6.345E-01	9.965E-02	-9.965E-02	1.993E-01
6.355E-01	9.929E-02	-9.929E-02	1.986E-01
6.365E-01	9.894E-02	-9.894E-02	1.979E-01
6.375E-01	9.858E-02	-9.858E-02	1.972E-01
6.385E-01	9.822E-02	-9.822E-02	1.964E-01
6.395E-01	9.787E-02	-9.787E-02	1.957E-01
6.405E-01	9.751E-02	-9.751E-02	1.950E-01
6.415E-01	9.716E-02	-9.716E-02	1.943E-01
6.425E-01	9.680E-02	-9.680E-02	1.936E-01
6.435E-01	9.645E-02	-9.645E-02	1.929E-01
6.445E-01	9.609E-02	-9.609E-02	1.922E-01
6.455E-01	9.573E-02	-9.573E-02	1.915E-01
6.465E-01	9.538E-02	-9.538E-02	1.908E-01
6.475E-01	9.502E-02	-9.502E-02	1.900E-01
6.485E-01	9.467E-02	-9.467E-02	1.893E-01
6.495E-01	9.431E-02	-9.431E-02	1.886E-01
6.505E-01	9.396E-02	-9.396E-02	1.879E-01
6.515E-01	9.360E-02	-9.360E-02	1.872E-01
6.525E-01	9.325E-02	-9.325E-02	1.865E-01
6.535E-01	9.289E-02	-9.289E-02	1.858E-01
6.545E-01	9.254E-02	-9.254E-02	1.851E-01
6.555E-01	9.218E-02	-9.218E-02	1.844E-01
6.565E-01	9.183E-02	-9.183E-02	1.837E-01
6.575E-01	9.147E-02	-9.147E-02	1.829E-01
6.585E-01	9.112E-02	-9.112E-02	1.822E-01
6.595E-01	9.076E-02	-9.076E-02	1.815E-01
6.605E-01	9.041E-02	-9.041E-02	1.808E-01
6.615E-01	9.005E-02	-9.005E-02	1.801E-01
6.625E-01	8.970E-02	-8.970E-02	1.794E-01
6.635E-01	8.934E-02	-8.934E-02	1.787E-01
6.645E-01	8.899E-02	-8.899E-02	1.780E-01
6.655E-01	8.864E-02	-8.864E-02	1.773E-01
6.665E-01	8.828E-02	-8.828E-02	1.766E-01
6.675E-01	8.793E-02	-8.793E-02	1.759E-01
6.685E-01	8.757E-02	-8.757E-02	1.751E-01
6.695E-01	8.722E-02	-8.722E-02	1.744E-01
6.705E-01	8.687E-02	-8.687E-02	1.737E-01
6.715E-01	8.651E-02	-8.651E-02	1.730E-01
6.725E-01	8.616E-02	-8.616E-02	1.723E-01
6.735E-01	8.581E-02	-8.581E-02	1.716E-01
6.745E-01	8.545E-02	-8.545E-02	1.709E-01
6.755E-01	8.510E-02	-8.510E-02	1.702E-01
6.765E-01	8.475E-02	-8.475E-02	1.695E-01
6.775E-01	8.440E-02	-8.440E-02	1.688E-01
6.785E-01	8.404E-02	-8.404E-02	1.681E-01
6.795E-01	8.369E-02	-8.369E-02	1.674E-01
6.805E-01	8.334E-02	-8.334E-02	1.667E-01
6.815E-01	8.299E-02	-8.299E-02	1.660E-01
6.825E-01	8.263E-02	-8.263E-02	1.653E-01
6.835E-01	8.228E-02	-8.228E-02	1.646E-01
6.845E-01	8.193E-02	-8.193E-02	1.639E-01
6.855E-01	8.158E-02	-8.158E-02	1.632E-01
6.865E-01	8.123E-02	-8.123E-02	1.625E-01
6.875E-01	8.088E-02	-8.088E-02	1.618E-01
6.885E-01	8.053E-02	-8.053E-02	1.611E-01
6.895E-01	8.017E-02	-8.017E-02	1.603E-01
6.905E-01	7.982E-02	-7.982E-02	1.596E-01
6.915E-01	7.947E-02	-7.947E-02	1.589E-01
6.925E-01	7.912E-02	-7.912E-02	1.582E-01
6.935E-01	7.877E-02	-7.877E-02	1.575E-01
6.945E-01	7.842E-02	-7.842E-02	1.568E-01
6.955E-01	7.807E-02	-7.807E-02	1.561E-01
6.965E-01	7.772E-02	-7.772E-02	1.554E-01
6.975E-01	7.737E-02	-7.737E-02	1.547E-01
6.985E-01	7.702E-02	-7.702E-02	1.540E-01
6.995E-01	7.667E-02	-7.667E-02	1.533E-01
7.005E-01	7.632E-02	-7.632E-02	1.526E-01
7.015E-01	7.598E-02	-7.598E-02	1.520E-01
7.025E-01	7.563E-02	-7.563E-02	1.513E-01
7.035E-01	7.528E-02	-7.528E-02	1.506E-01
7.045E-01	7.493E-02	-7.493E-02	1.499E-01
7.055E-01	7.458E-02	-7.458E-02	1.492E-01
7.065E-01	7.423E-02	-7.423E-02	1.485E-01
7.075E-01	7.389E-02	-7.389E-02	1.478E-01
7.085E-01	7.354E-02	-7.354E-02	1.471E-01
7.095E-01	7.319E-02	-7.319E-02	1.464E-01
7.105E-01	7.285E-02	-7.285E-02	1.457E-01
7.115E-01	7.250E-02	-7.250E-02	1.450E-01
7.125E-01	7.215E-02	-7.215E-02	1.443E-01
7.135E-01	7.181E-02	-7.181E-02	1.436E-01
7.145E-01	7.146E-02	-7.146E-02	1.429E-01
7.155E-01	7.111E-02	-7.111E-02	1.422E-01
7.165E-01	7.077E-02	-7.077E-02	1.415E-01
7.175E-01	7.042E-02	-7.042E-02	1.408E-01
7.185E-01	7.008E-02	-7.008E-02	1.402E-01
7.195E-01	6.973E-02	-6.973E-02	1.395E-01
7.205E-01	6.939E-02	-6.939E-02	1.388E-01
7.215E-01	6.904E-02	-6.904E-02	1.381E-01
7.225E-01	6.870E-02	-6.870E-02	1.374E-01
7.235E-01	6.836E-02	-6.836E-02	1.367E-01
7.245E-01	6.801E-02	-6.801E-02	1.360E-01
7.255E-01	6.767E-02	-6.767E-02	1.353E-01
7.265E-01	6.733E-02	-6.733E-02	1.347E-01
7.275E-01	6.698E-02	-6.698E-02	1.340E-01
7.285E-01	6.664E-02	-6.664E-02	1.333E-01
7.295E-01	6.630E-02	-6.630E-02	1.326E-01
7.305E-01	6.596E-02	-6.596E-02	1.319E-01
7.315E-01	6.561E-02	-6.561E-02	1.312E-01
7.325E-01	6.527E-02	-6.527E-02	1.305E-01
7.335E-01	6.493E-02	-6.493E-02	1.299E-01
7.345E-01	6.459E-02	-6.459E-02	1.292E-01
7.355E-01	6.425E-02	-6.425E-02	1.285E-01
7.365E-01	6.391E-02	-6.391E-02	1.278E-01
7.375E-01	6.357E-02	-6.357E-02	1.271E-01
7.385E-01	6.323E-02	-6.323E-02	1.265E-01
7.395E-01	6.289E-02	-6.289E-02	1.258E-01
7.405E-01	6.255E-02	-6.255E-02	1.251E-01
7.415E-01	6.221E-02	-6.221E-02	1.244E-01
7.425E-01	6.188E-02	-6.188E-02	1.238E-01
7.435E-01	6.154E-02	-6.154E-02	1.231E-01
7.445E-01	6.120E-02	-6.120E-02	1.224E-01
7.455E-01	6.086E-02	-6.086E-02	1.217E-01
7.465E-01	6.053E-02	-6.053E-02	1.211E-01
7.475E-01	6.019E-02	-6.019E-02	1.204E-01
7.485E-01	5.985E-02	-5.985E-02	1.197E-01
7.495E-01	5.952E-02	-5.952E-02	1.190E-01
7.505E-01	5.918E-02	-5.918E-02	1.184E-01
7.515E-01	5.885E-02	-5.885E-02	1.177E-01
7.525E-01	5.851E-02	-5.851E-02	1.170E-01
7.535E-01	5.818E-02	-5.818E-02	1.164E-01
7.545E-01	5.784E-02	-5.784E-02	1.157E-01
7.555E-01	5.751E-02	-5.751E-02	1.150E-01
7.565E-01	5.717E-02	-5.717E-02	1.143E-01
7.575E-01	5.684E-02	-5.684E-02	1.137E-01
7.585E-01	5.651E-02	-5.651E-02	1.130E-01
7.595E-01	5.618E-02	-5.618E-02	1.124E-01
7.605E-01	5.584E-02	-5.584E-02	1.117E-01
7.615E-01	5.551E-02	-5.551E-02	1.110E-01
7.625E-01	5.518E-02	-5.518E-02	1.104E-01
7.635E-01	5.485E-02	-5.485E-02	1.097E-01
7.645E-01	5.452E-02	-5.452E-02	1.090E-01
7.655E-01	5.419E-02	-5.419E-02	1.084E-01
7.665E-01	5.386E-02	-5.386E-02	1.077E-01
7.675E-01	5.353E-02	-5.353E-02	1.071E-01
7.685E-01	5.320E-02	-5.320E-02	1.064E-01
7.695E-01	5.287E-02	-5.287E-02	1.057E-01
7.705E-01	5.254E-02	-5.254E-02	1.051E-01
7.715E-01	5.222E-02	-5.222E-02	1.044E-01
7.725E-01	5.189E-02	-5.189E-02	1.038E-01
7.735E-01	5.156E-02	-5.156E-02	1.031E-01
7.745E-01	5.124E-02	-5.124E-02	1.025E-01
7.755E-01	5.091E-02	-5.091E-02	1.018E-01
7.765E-01	5.058E-02	-5.058E-02	1.012E-01
7.775E-01	5.026E-02	-5.026E-02	1.005E-01
7.785E-01	4.993E-02	-4.993E-02	9.987E-02
7.795E-01	4.961E-02	-4.961E-02	9.922E-02
7.805E-01	4.929E-02	-4.929E-02	9.857E-02
7.815E-01	4.896E-02	-4.896E-02	9.793E-02
7.825E-01	4.864E-02	-4.864E-02	9.728E-02
7.835E-01	4.832E-02	-4.832E-02	9.663E-02
7.845E-01	4.800E-02	-4.800E-02	9.599E-02
7.855E-01	4.767E-02	-4.767E-02	9.535E-02
7.865E-01	4.735E-02	-4.735E-02	9.471E-02
7.875E-01	4.703E-02	-4.703E-02	9.406E-02
7.885E-01	4.671E-02	-4.671E-02	9.342E-02
7.895E-01	4.639E-02	-4.639E-02	9.279E-02
7.905E-01	4.607E-02	-4.607E-02	9.215E-02
7.915E-01	4.576E-02	-4.576E-02	9.151E-02
7.925E-01	4.544E-02	-4.544E-02	9.087E-02
7.935E-01	4.512E-02	-4.512E-02	9.024E-02
7.945E-01	4.480E-02	-4.480E-02	8.961E-02
7.955E-01	4.449E-02	-4.449E-02	8.897E-02
7.965E-01	4.417E-02	-4.417E-02	8.834E-02
7.975E-01	4.385E-02	-4.385E-02	8.771E-02
7.985E-01	4.354E-02	-4.354E-02	8.708E-02
7.995E-01	4.323E-02	-4.323E-02	8.645E-02
8.005E-01	4.291E-02	-4.291E-02	8.582E-02
8.015E-01	4.260E-02	-4.260E-02	8.520E-02
8.025E-01	4.229E-02	-4.229E-02	8.457E-02
8.035E-01	4.197E-02	-4.197E-02	8.395E-02
8.045E-01	4.166E-02	-4.166E-02	8.332E-02
8.055E-01	4.135E-02	-4.135E-02	8.270E-02
8.065E-01	4.104E-02	-4.104E-02	8.208E-02
8.075E-01	4.073E-02	-4.073E-02	8.146E-02
8.085E-01	4.042E-02	-4.042E-02	8.084E-02
8.095E-01	4.011E-02	-4.011E-02	8.022E-02
8.105E-01	3.980E-02	-3.980E-02	7.960E-02
8.115E-01	3.949E-02	-3.949E-02	7.899E-02
8.125E-01	3.919E-02	-3.919E-02	7.837E-02
8.135E-01	3.888E-02	-3.888E-02	7.776E-02
8.145E-01	3.857E-02	-3.857E-02	7.715E-02
8.155E-01	3.827E-02	-3.827E-02	7.654E-02
8.165E-01	3.796E-02	-3.796E-02	7.593E-02
8.175E-01	3.766E-02	-3.766E-02	7.532E-02
8.185E-01	3.736E-02	-3.736E-02	7.471E-02
8.195E-01	3.705E-02	-3.705E-02	7.411E-02
8.205E-01	3.675E-02	-3.675E-02	7.350E-02
8.215E-01	3.645E-02	-3.645E-02	7.290E-02
8.225E-01	3.615E-02	-3.615E-02	7.230E-02
8.235E-01	3.585E-02	-3.585E-02	7.170E-02
8.245E-01	3.555E-02	-3.555E-02	7.110E-02
8.255E-01	3.525E-02	-3.525E-02	7.050E-02
8.265E-01	3.495E-02	-3.495E-02	6.990E-02
8.275E-01	3.465E-02	-3.465E-02	6.931E-02
8.285E-01	3.436E-02	-3.436E-02	6.871E-02
8.295E-01	3.406E-02	-3.406E-02	6.812E-02
8.305E-01	3.376E-02	-3.376E-02	6.753E-02
8.315E-01	3.347E-02	-3.347E-02	6.694E-02
8.325E-01	3.317E-02	-3.317E-02	6.635E-02
8.335E-01	3.288E-02	-3.288E-02	6.576E-02
8.345E-01	3.259E-02	-3.259E-02	6.517E-02
8.355E-01	3.229E-02	-3.229E-02	6.459E-02
8.365E-01	3.200E-02	-3.200E-02	6.401E-02
8.375E-01	3.171E-02	-3.171E-02	6.342E-02
8.385E-01	3.142E-02	-3.142E-02	6.284E-02
8.395E-01	3.113E-02	-3.113E-02	6.226E-02
8.405E-01	3.084E-02	-3.084E-02	6.169E-02
8.415E-01	3.055E-02	-3.055E-02	6.111E-02
8.425E-01	3.027E-02	-3.027E-02	6.053E-02
8.435E-01	2.998E-02	-2.998E-02	5.996E-02
8.445E-01	2.969E-02	-2.969E-02	5.939E-02
8.455E-01	2.941E-02	-2.941E-02	5.882E-02
8.465E-01	2.913E-02	-2.913E-02	5.825E-02
8.475E-01	2.884E-02	-2.884E-02	5.768E-02
8.485E-01	2.856E-02	-2.856E-02	5.712E-02
8.495E-01	2.828E-02	-2.828E-02	5.655E-02
8.505E-01	2.800E-02	-2.800E-02	5.599E-02
8.515E-01	2.771E-02	-2.771E-02	5.543E-02
8.525E-01	2.743E-02	-2.743E-02	5.487E-02
8.535E-01	2.716E-02	-2.716E-02	5.431E-02
8.545E-01	2.688E-02	-2.688E-02	5.376E-02
8.555E-01	2.660E-02	-2.660E-02	5.320E-02
8.565E-01	2.632E-02	-2.632E-02	5.265E-02
8.575E-01	2.605E-02	-2.605E-02	5.210E-02
8.585E-01	2.577E-02	-2.577E-02	5.155E-02
8.595E-01	2.550E-02	-2.550E-02	5.100E-02
8.605E-01	2.523E-02	-2.523E-02	5.045E-02
8.615E-01	2.495E-02	-2.495E-02	4.991E-02
8.625E-01	2.468E-02	-2.468E-02	4.936E-02
8.635E-01	2.441E-02	-2.441E-02	4.882E-02
8.645E-01	2.414E-02	-2.414E-02	4.828E-02
8.655E-01	2.387E-02	-2.387E-02	4.775E-02
8.665E-01	2.360E-02	-2.360E-02	4.721E-02
8.675E-01	2.334E-02	-2.334E-02	4.668E-02
8.685E-01	2.307E-02	-2.307E-02	4.614E-02
8.695E-01	2.281E-02	-2.281E-02	4.561E-02
8.705E-01	2.254E-02	-2.254E-02	4.508E-02
8.715E-01	2.228E-02	-2.228E-02	4.456E-02
8.725E-01	2.202E-02	-2.202E-02	4.403E-02
8.735E-01	2.175E-02	-2.175E-02	4.351E-02
8.745E-01	2.149E-02	-2.149E-02	4.299E-02
8.755E-01	2.123E-02	-2.123E-02	4.247E-02
8.765E-01	2.097E-02	-2.097E-02	4.195E-02
8.775E-01	2.072E-02	-2.072E-02	4.143E-02
8.785E-01	2.046E-02	-2.046E-02	4.092E-02
8.795E-01	2.020E-02	-2.020E-02	4.041E-02
8.805E-01	1.995E-02	-1.995E-02	3.990E-02
8.815E-01	1.969E-02	-1.969E-02	3.939E-02
8.825E-01	1.944E-02	-1.944E-02	3.888E-02
8.835E-01	1.919E-02	-1.919E-02	3.838E-02
8.845E-01	1.894E-02	-1.894E-02	3.788E-02
8.855E-01	1.869E-02	-1.869E-02	3.738E-02
8.865E-01	1.844E-02	-1.844E-02	3.688E-02
8.875E-01	1.819E-02	-1.819E-02	3.638E-02
8.885E-01	1.794E-02	-1.794E-02	3.589E-02
8.895E-01	1.770E-02	-1.770E-02	3.540E-02
8.905E-01	1.745E-02	-1.745E-02	3.491E-02
8.915E-01	1.721E-02	-1.721E-02	3.442E-02
8.925E-01	1.697E-02	-1.697E-02	3.393E-02
8.935E-01	1.672E-02	-1.672E-02	3.345E-02
8.945E-01	1.648E-02	-1.648E-02	3.297E-02
8.955E-01	1.624E-02	-1.624E-02	3.249E-02
8.965E-01	1.601E-02	-1.601E-02	3.201E-02
8.975E-01	1.577E-02	-1.577E-02	3.154E-02
8.985E-01	1.553E-02	-1.553E-02	3.107E-02
8.995E-01	1.530E-02	-1.530E-02	3.060E-02
9.005E-01	1.506E-02	-1.506E-02	3.013E-02
9.015E-01	1.483E-02	-1.483E-02	2.966E-02
9.025E-01	1.460E-02	-1.460E-02	2.920E-02
9.035E-01	1.437E-02	-1.437E-02	2.874E-02
9.045E-01	1.414E-02	-1.414E-02	2.828E-02
9.055E-01	1.391E-02	-1.391E-02	2.782E-02
9.065E-01	1.368E-02	-1.368E-02	2.737E-02
9.075E-01	1.346E-02	-1.346E-02	2.692E-02
9.085E-01	1.323E-02	-1.323E-02	2.647E-02
9.095E-01	1.301E-02	-1.301E-02	2.602E-02
9.105E-01	1.279E-02	-1.279E-02	2.558E-02
9.115E-01	1.257E-02	-1.257E-02	2.514E-02
9.125E-01	1.235E-02	-1.235E-02	2.470E-02
9.135E-01	1.213E-02	-1.213E-02	2.426E-02
9.145E-01	1.191E-02	-1.191E-02	2.383E-02
9.155E-01	1.170E-02	-1.170E-02	2.340E-02
9.165E-01	1.148E-02	-1.148E-02	2.297E-02
9.175E-01	1.127E-02	-1.127E-02	2.254E-02
9.185E-01	1.106E-02	-1.106E-02	2.212E-02
9.195E-01	1.085E-02	-1.085E-02	2.170E-02
9.205E-01	1.064E-02	-1.064E-02	2.128E-02
9.215E-01	1.043E-02	-1.043E-02	2.086E-02
9.225E-01	1.022E-02	-1.022E-02	2.045E-02
9.235E-01	1.002E-02	-1.002E-02	2.004E-02
9.245E-01	9.816E-03	-9.816E-03	1.963E-02
9.255E-01	9.614E-03	-9.614E-03	1.923E-02
9.265E-01	9.413E-03	-9.413E-03	1.883E-02
9.275E-01	9.214E-03	-9.214E-03	1.843E-02
9.285E-01	9.016E-03	-9.016E-03	1.803E-02
9.295E-01	8.820E-03	-8.820E-03	1.764E-02
9.305E-01	8.625E-03	-8.625E-03	1.725E-02
9.315E-01	8.431E-03	-8.431E-03	1.686E-02
9.325E-01	8.239E-03	-8.239E-03	1.648E-02
9.335E-01	8.048E-03	-8.048E-03	1.610E-02
9.345E-01	7.859E-03	-7.859E-03	1.572E-02
9.355E-01	7.672E-03	-7.672E-03	1.534E-02
9.365E-01	7.486E-03	-7.486E-03	1.497E-02
9.375E-01	7.302E-03	-7.302E-03	1.460E-02
9.385E-01	7.119E-03	-7.119E-03	1.424E-02
9.395E-01	6.938E-03	-6.938E-03	1.388E-02
9.405E-01	6.758E-03	-6.758E-03	1.352E-02
9.415E-01	6.580E-03	-6.580E-03	1.316E-02
9.425E-01	6.404E-03	-6.404E-03	1.281E-02
9.435E-01	6.229E-03	-6.229E-03	1.246E-02
9.445E-01	6.056E-03	-6.056E-03	1.211E-02
9.455E-01	5.885E-03	-5.885E-03	1.177E-02
9.465E-01	5.716E-03	-5.716E-03	1.143E-02
9.475E-01	5.548E-03	-5.548E-03	1.110E-02
9.485E-01	5.382E-03	-5.382E-03	1.076E-02
9.495E-01	5.218E-03	-5.218E-03	1.044E-02
9.505E-01	5.055E-03	-5.055E-03	1.011E-02
9.515E-01	4.895E-03	-4.895E-03	9.789E-03
9.525E-01	4.736E-03	-4.736E-03	9.471E-03
9.535E-01	4.579E-03	-4.579E-03	9.158E-03
9.545E-01	4.424E-03	-4.424E-03	8.847E-03
9.555E-01	4.271E-03	-4.271E-03	8.541E-03
9.565E-01	4.119E-03	-4.119E-03	8.239E-03
9.575E-01	3.970E-03	-3.970E-03	7.940E-03
9.585E-01	3.823E-03	-3.823E-03	7.645E-03
9.595E-01	3.677E-03	-3.677E-03	7.355E-03
9.605E-01	3.534E-03	-3.534E-03	7.068E-03
9.615E-01	3.393E-03	-3.393E-03	6.786E-03
9.625E-01	3.254E-03	-3.254E-03	6.508E-03
9.635E-01	3.117E-03	-3.117E-03	6.233E-03
9.645E-01	2.982E-03	-2.982E-03	5.964E-03
9.655E-01	2.849E-03	-2.849E-03	5.698E-03
9.665E-01	2.718E-03	-2.718E-03	5.437E-03
9.675E-01	2.590E-03	-2.590E-03	5.180E-03
9.685E-01	2.464E-03	-2.464E-03	4.928E-03
9.695E-01	2.340E-03	-2.340E-03	4.681E-03
9.705E-01	2.219E-03	-2.219E-03	4.438E-03
9.715E-01	2.100E-03	-2.100E-03	4.200E-03
9.725E-01	1.983E-03	-1.983E-03	3.967E-03
9.735E-01	1.869E-03	-1.869E-03	3.739E-03
9.745E-01	1.758E-03	-1.758E-03	3.515E-03
9.755E-01	1.648E-03	-1.648E-03	3.296E-03
9.765E-01	1.541E-03	-1.541E-03	3.083E-03
9.775E-01	1.438E-03	-1.438E-03	2.876E-03
9.785E-01	1.337E-03	-1.337E-03	2.675E-03
9.795E-01	1.239E-03	-1.239E-03	2.477E-03
9.805E-01	1.142E-03	-1.142E-03	2.284E-03
9.815E-01	1.049E-03	-1.049E-03	2.097E-03
9.825E-01	9.600E-04	-9.600E-04	1.920E-03
9.835E-01	8.747E-04	-8.747E-04	1.749E-03
9.845E-01	7.908E-04	-7.908E-04	1.582E-03
9.855E-01	7.088E-04	-7.088E-04	1.418E-03
9.865E-01	6.298E-04	-6.298E-04	1.260E-03
9.875E-01	5.566E-04	-5.566E-04	1.113E-03
9.885E-01	4.893E-04	-4.893E-04	9.787E-04
9.895E-01	4.238E-04	-4.238E-04	8.476E-04
9.905E-01	3.590E-04	-3.590E-04	7.181E-04
9.915E-01	2.966E-04	-2.966E-04	5.933E-04
9.925E-01	2.398E-04	-2.398E-04	4.795E-04
9.935E-01	1.923E-04	-1.923E-04	3.846E-04
9.945E-01	1.504E-04	-1.504E-04	3.007E-04
9.955E-01	1.092E-04	-1.092E-04	2.184E-04
9.965E-01	7.054E-05	-7.054E-05	1.411E-04
9.975E-01	3.691E-05	-3.691E-05	7.382E-05
9.985E-01	1.198E-05	-1.198E-05	2.396E-05
9.995E-01	-8.726E-08	8.726E-08	-1.745E-07
