Q0 = 1.6 GeV	 Q = 3.2 GeV
x	 x*uv	 x*dv	 x*(uv-dv)
5.000E-04	4.459E-02	2.879E-02	1.580E-02
1.500E-03	7.572E-02	4.862E-02	2.710E-02
2.500E-03	9.661E-02	6.181E-02	3.480E-02
3.500E-03	1.133E-01	7.226E-02	4.102E-02
4.500E-03	1.275E-01	8.109E-02	4.638E-02
5.500E-03	1.400E-01	8.882E-02	5.116E-02
6.500E-03	1.512E-01	9.573E-02	5.551E-02
7.500E-03	1.615E-01	1.020E-01	5.952E-02
8.500E-03	1.711E-01	1.078E-01	6.327E-02
9.500E-03	1.799E-01	1.131E-01	6.680E-02
1.050E-02	1.883E-01	1.181E-01	7.015E-02
1.150E-02	1.961E-01	1.228E-01	7.333E-02
1.250E-02	2.036E-01	1.272E-01	7.638E-02
1.350E-02	2.107E-01	1.314E-01	7.930E-02
1.450E-02	2.174E-01	1.353E-01	8.212E-02
1.550E-02	2.239E-01	1.390E-01	8.484E-02
1.650E-02	2.301E-01	1.426E-01	8.747E-02
1.750E-02	2.360E-01	1.460E-01	9.002E-02
1.850E-02	2.418E-01	1.493E-01	9.249E-02
1.950E-02	2.473E-01	1.524E-01	9.490E-02
2.050E-02	2.527E-01	1.554E-01	9.725E-02
2.150E-02	2.578E-01	1.583E-01	9.953E-02
2.250E-02	2.628E-01	1.610E-01	1.018E-01
2.350E-02	2.677E-01	1.637E-01	1.040E-01
2.450E-02	2.724E-01	1.663E-01	1.061E-01
2.550E-02	2.769E-01	1.688E-01	1.082E-01
2.650E-02	2.814E-01	1.711E-01	1.102E-01
2.750E-02	2.857E-01	1.735E-01	1.122E-01
2.850E-02	2.899E-01	1.757E-01	1.142E-01
2.950E-02	2.940E-01	1.778E-01	1.162E-01
3.050E-02	2.980E-01	1.799E-01	1.181E-01
3.150E-02	3.019E-01	1.819E-01	1.199E-01
3.250E-02	3.057E-01	1.839E-01	1.218E-01
3.350E-02	3.094E-01	1.858E-01	1.236E-01
3.450E-02	3.130E-01	1.876E-01	1.254E-01
3.550E-02	3.165E-01	1.894E-01	1.271E-01
3.650E-02	3.200E-01	1.911E-01	1.289E-01
3.750E-02	3.234E-01	1.928E-01	1.306E-01
3.850E-02	3.267E-01	1.944E-01	1.323E-01
3.950E-02	3.299E-01	1.960E-01	1.339E-01
4.050E-02	3.331E-01	1.975E-01	1.356E-01
4.150E-02	3.362E-01	1.990E-01	1.372E-01
4.250E-02	3.392E-01	2.005E-01	1.388E-01
4.350E-02	3.422E-01	2.019E-01	1.404E-01
4.450E-02	3.451E-01	2.032E-01	1.419E-01
4.550E-02	3.480E-01	2.045E-01	1.435E-01
4.650E-02	3.508E-01	2.058E-01	1.450E-01
4.750E-02	3.536E-01	2.071E-01	1.465E-01
4.850E-02	3.563E-01	2.083E-01	1.480E-01
4.950E-02	3.589E-01	2.094E-01	1.495E-01
5.050E-02	3.615E-01	2.106E-01	1.509E-01
5.150E-02	3.641E-01	2.117E-01	1.524E-01
5.250E-02	3.666E-01	2.128E-01	1.538E-01
5.350E-02	3.690E-01	2.138E-01	1.552E-01
5.450E-02	3.714E-01	2.149E-01	1.566E-01
5.550E-02	3.738E-01	2.158E-01	1.580E-01
5.650E-02	3.761E-01	2.168E-01	1.593E-01
5.750E-02	3.784E-01	2.177E-01	1.607E-01
5.850E-02	3.807E-01	2.186E-01	1.620E-01
5.950E-02	3.829E-01	2.195E-01	1.634E-01
6.050E-02	3.851E-01	2.204E-01	1.647E-01
6.150E-02	3.872E-01	2.212E-01	1.660E-01
6.250E-02	3.893E-01	2.220E-01	1.673E-01
6.350E-02	3.914E-01	2.228E-01	1.686E-01
6.450E-02	3.934E-01	2.236E-01	1.698E-01
6.550E-02	3.954E-01	2.243E-01	1.711E-01
6.650E-02	3.974E-01	2.250E-01	1.723E-01
6.750E-02	3.993E-01	2.257E-01	1.736E-01
6.850E-02	4.012E-01	2.264E-01	1.748E-01
6.950E-02	4.031E-01	2.270E-01	1.760E-01
7.050E-02	4.049E-01	2.277E-01	1.772E-01
7.150E-02	4.067E-01	2.283E-01	1.784E-01
7.250E-02	4.085E-01	2.289E-01	1.796E-01
7.350E-02	4.102E-01	2.295E-01	1.808E-01
7.450E-02	4.120E-01	2.300E-01	1.819E-01
7.550E-02	4.137E-01	2.306E-01	1.831E-01
7.650E-02	4.153E-01	2.311E-01	1.843E-01
7.750E-02	4.170E-01	2.316E-01	1.854E-01
7.850E-02	4.186E-01	2.321E-01	1.865E-01
7.950E-02	4.202E-01	2.325E-01	1.876E-01
8.050E-02	4.217E-01	2.330E-01	1.888E-01
8.150E-02	4.233E-01	2.334E-01	1.899E-01
8.250E-02	4.248E-01	2.338E-01	1.910E-01
8.350E-02	4.263E-01	2.343E-01	1.920E-01
8.450E-02	4.278E-01	2.346E-01	1.931E-01
8.550E-02	4.292E-01	2.350E-01	1.942E-01
8.650E-02	4.306E-01	2.354E-01	1.953E-01
8.750E-02	4.320E-01	2.357E-01	1.963E-01
8.850E-02	4.334E-01	2.361E-01	1.974E-01
8.950E-02	4.348E-01	2.364E-01	1.984E-01
9.050E-02	4.361E-01	2.367E-01	1.994E-01
9.150E-02	4.374E-01	2.370E-01	2.005E-01
9.250E-02	4.387E-01	2.373E-01	2.015E-01
9.350E-02	4.400E-01	2.375E-01	2.025E-01
9.450E-02	4.413E-01	2.378E-01	2.035E-01
9.550E-02	4.425E-01	2.380E-01	2.045E-01
9.650E-02	4.437E-01	2.383E-01	2.055E-01
9.750E-02	4.449E-01	2.385E-01	2.064E-01
9.850E-02	4.461E-01	2.387E-01	2.074E-01
9.950E-02	4.473E-01	2.389E-01	2.084E-01
1.005E-01	4.484E-01	2.391E-01	2.094E-01
1.015E-01	4.495E-01	2.392E-01	2.103E-01
1.025E-01	4.506E-01	2.394E-01	2.113E-01
1.035E-01	4.517E-01	2.395E-01	2.122E-01
1.045E-01	4.528E-01	2.397E-01	2.131E-01
1.055E-01	4.539E-01	2.398E-01	2.141E-01
1.065E-01	4.549E-01	2.399E-01	2.150E-01
1.075E-01	4.559E-01	2.400E-01	2.159E-01
1.085E-01	4.570E-01	2.401E-01	2.168E-01
1.095E-01	4.579E-01	2.402E-01	2.177E-01
1.105E-01	4.589E-01	2.403E-01	2.186E-01
1.115E-01	4.599E-01	2.404E-01	2.195E-01
1.125E-01	4.608E-01	2.404E-01	2.204E-01
1.135E-01	4.618E-01	2.405E-01	2.213E-01
1.145E-01	4.627E-01	2.405E-01	2.221E-01
1.155E-01	4.636E-01	2.406E-01	2.230E-01
1.165E-01	4.645E-01	2.406E-01	2.239E-01
1.175E-01	4.653E-01	2.406E-01	2.247E-01
1.185E-01	4.662E-01	2.406E-01	2.256E-01
1.195E-01	4.671E-01	2.406E-01	2.264E-01
1.205E-01	4.679E-01	2.406E-01	2.273E-01
1.215E-01	4.687E-01	2.406E-01	2.281E-01
1.225E-01	4.695E-01	2.406E-01	2.289E-01
1.235E-01	4.703E-01	2.406E-01	2.298E-01
1.245E-01	4.711E-01	2.405E-01	2.306E-01
1.255E-01	4.719E-01	2.405E-01	2.314E-01
1.265E-01	4.726E-01	2.404E-01	2.322E-01
1.275E-01	4.733E-01	2.404E-01	2.330E-01
1.285E-01	4.741E-01	2.403E-01	2.338E-01
1.295E-01	4.748E-01	2.402E-01	2.346E-01
1.305E-01	4.755E-01	2.401E-01	2.354E-01
1.315E-01	4.762E-01	2.400E-01	2.362E-01
1.325E-01	4.769E-01	2.399E-01	2.369E-01
1.335E-01	4.775E-01	2.398E-01	2.377E-01
1.345E-01	4.782E-01	2.397E-01	2.385E-01
1.355E-01	4.788E-01	2.396E-01	2.392E-01
1.365E-01	4.795E-01	2.395E-01	2.400E-01
1.375E-01	4.801E-01	2.394E-01	2.407E-01
1.385E-01	4.807E-01	2.392E-01	2.415E-01
1.395E-01	4.813E-01	2.391E-01	2.422E-01
1.405E-01	4.819E-01	2.389E-01	2.430E-01
1.415E-01	4.825E-01	2.388E-01	2.437E-01
1.425E-01	4.830E-01	2.386E-01	2.444E-01
1.435E-01	4.836E-01	2.385E-01	2.451E-01
1.445E-01	4.841E-01	2.383E-01	2.458E-01
1.455E-01	4.847E-01	2.381E-01	2.466E-01
1.465E-01	4.852E-01	2.379E-01	2.473E-01
1.475E-01	4.857E-01	2.377E-01	2.480E-01
1.485E-01	4.862E-01	2.375E-01	2.487E-01
1.495E-01	4.867E-01	2.374E-01	2.494E-01
1.505E-01	4.872E-01	2.371E-01	2.501E-01
1.515E-01	4.877E-01	2.369E-01	2.507E-01
1.525E-01	4.881E-01	2.367E-01	2.514E-01
1.535E-01	4.886E-01	2.365E-01	2.521E-01
1.545E-01	4.890E-01	2.363E-01	2.528E-01
1.555E-01	4.895E-01	2.361E-01	2.534E-01
1.565E-01	4.899E-01	2.358E-01	2.541E-01
1.575E-01	4.903E-01	2.356E-01	2.547E-01
1.585E-01	4.907E-01	2.353E-01	2.554E-01
1.595E-01	4.911E-01	2.351E-01	2.560E-01
1.605E-01	4.915E-01	2.348E-01	2.567E-01
1.615E-01	4.919E-01	2.346E-01	2.573E-01
1.625E-01	4.923E-01	2.343E-01	2.580E-01
1.635E-01	4.927E-01	2.341E-01	2.586E-01
1.645E-01	4.930E-01	2.338E-01	2.592E-01
1.655E-01	4.934E-01	2.335E-01	2.598E-01
1.665E-01	4.937E-01	2.332E-01	2.605E-01
1.675E-01	4.940E-01	2.330E-01	2.611E-01
1.685E-01	4.944E-01	2.327E-01	2.617E-01
1.695E-01	4.947E-01	2.324E-01	2.623E-01
1.705E-01	4.950E-01	2.321E-01	2.629E-01
1.715E-01	4.953E-01	2.318E-01	2.635E-01
1.725E-01	4.956E-01	2.315E-01	2.641E-01
1.735E-01	4.959E-01	2.312E-01	2.647E-01
1.745E-01	4.962E-01	2.309E-01	2.653E-01
1.755E-01	4.964E-01	2.306E-01	2.658E-01
1.765E-01	4.967E-01	2.303E-01	2.664E-01
1.775E-01	4.969E-01	2.299E-01	2.670E-01
1.785E-01	4.972E-01	2.296E-01	2.676E-01
1.795E-01	4.974E-01	2.293E-01	2.681E-01
1.805E-01	4.977E-01	2.290E-01	2.687E-01
1.815E-01	4.979E-01	2.286E-01	2.692E-01
1.825E-01	4.981E-01	2.283E-01	2.698E-01
1.835E-01	4.983E-01	2.280E-01	2.704E-01
1.845E-01	4.985E-01	2.276E-01	2.709E-01
1.855E-01	4.987E-01	2.273E-01	2.714E-01
1.865E-01	4.989E-01	2.269E-01	2.720E-01
1.875E-01	4.991E-01	2.266E-01	2.725E-01
1.885E-01	4.993E-01	2.262E-01	2.730E-01
1.895E-01	4.994E-01	2.259E-01	2.736E-01
1.905E-01	4.996E-01	2.255E-01	2.741E-01
1.915E-01	4.997E-01	2.251E-01	2.746E-01
1.925E-01	4.999E-01	2.248E-01	2.751E-01
1.935E-01	5.000E-01	2.244E-01	2.756E-01
1.945E-01	5.002E-01	2.240E-01	2.761E-01
1.955E-01	5.003E-01	2.237E-01	2.766E-01
1.965E-01	5.004E-01	2.233E-01	2.771E-01
1.975E-01	5.005E-01	2.229E-01	2.776E-01
1.985E-01	5.007E-01	2.225E-01	2.781E-01
1.995E-01	5.008E-01	2.221E-01	2.786E-01
2.005E-01	5.009E-01	2.218E-01	2.791E-01
2.015E-01	5.009E-01	2.214E-01	2.796E-01
2.025E-01	5.010E-01	2.210E-01	2.801E-01
2.035E-01	5.011E-01	2.206E-01	2.805E-01
2.045E-01	5.012E-01	2.202E-01	2.810E-01
2.055E-01	5.013E-01	2.198E-01	2.815E-01
2.065E-01	5.013E-01	2.194E-01	2.819E-01
2.075E-01	5.014E-01	2.190E-01	2.824E-01
2.085E-01	5.014E-01	2.186E-01	2.828E-01
2.095E-01	5.015E-01	2.182E-01	2.833E-01
2.105E-01	5.015E-01	2.178E-01	2.837E-01
2.115E-01	5.015E-01	2.174E-01	2.842E-01
2.125E-01	5.016E-01	2.169E-01	2.846E-01
2.135E-01	5.016E-01	2.165E-01	2.851E-01
2.145E-01	5.016E-01	2.161E-01	2.855E-01
2.155E-01	5.016E-01	2.157E-01	2.859E-01
2.165E-01	5.016E-01	2.153E-01	2.864E-01
2.175E-01	5.016E-01	2.148E-01	2.868E-01
2.185E-01	5.016E-01	2.144E-01	2.872E-01
2.195E-01	5.016E-01	2.140E-01	2.876E-01
2.205E-01	5.016E-01	2.136E-01	2.880E-01
2.215E-01	5.016E-01	2.131E-01	2.884E-01
2.225E-01	5.015E-01	2.127E-01	2.888E-01
2.235E-01	5.015E-01	2.123E-01	2.892E-01
2.245E-01	5.015E-01	2.118E-01	2.896E-01
2.255E-01	5.014E-01	2.114E-01	2.900E-01
2.265E-01	5.014E-01	2.110E-01	2.904E-01
2.275E-01	5.013E-01	2.105E-01	2.908E-01
2.285E-01	5.013E-01	2.101E-01	2.912E-01
2.295E-01	5.012E-01	2.096E-01	2.916E-01
2.305E-01	5.011E-01	2.092E-01	2.920E-01
2.315E-01	5.011E-01	2.087E-01	2.923E-01
2.325E-01	5.010E-01	2.083E-01	2.927E-01
2.335E-01	5.009E-01	2.078E-01	2.931E-01
2.345E-01	5.008E-01	2.074E-01	2.934E-01
2.355E-01	5.007E-01	2.069E-01	2.938E-01
2.365E-01	5.006E-01	2.065E-01	2.942E-01
2.375E-01	5.005E-01	2.060E-01	2.945E-01
2.385E-01	5.004E-01	2.056E-01	2.949E-01
2.395E-01	5.003E-01	2.051E-01	2.952E-01
2.405E-01	5.002E-01	2.047E-01	2.956E-01
2.415E-01	5.001E-01	2.042E-01	2.959E-01
2.425E-01	5.000E-01	2.037E-01	2.962E-01
2.435E-01	4.998E-01	2.033E-01	2.966E-01
2.445E-01	4.997E-01	2.028E-01	2.969E-01
2.455E-01	4.996E-01	2.023E-01	2.972E-01
2.465E-01	4.994E-01	2.019E-01	2.976E-01
2.475E-01	4.993E-01	2.014E-01	2.979E-01
2.485E-01	4.991E-01	2.009E-01	2.982E-01
2.495E-01	4.990E-01	2.005E-01	2.985E-01
2.505E-01	4.988E-01	2.000E-01	2.988E-01
2.515E-01	4.987E-01	1.995E-01	2.991E-01
2.525E-01	4.985E-01	1.991E-01	2.994E-01
2.535E-01	4.983E-01	1.986E-01	2.997E-01
2.545E-01	4.982E-01	1.981E-01	3.000E-01
2.555E-01	4.980E-01	1.976E-01	3.003E-01
2.565E-01	4.978E-01	1.972E-01	3.006E-01
2.575E-01	4.976E-01	1.967E-01	3.009E-01
2.585E-01	4.974E-01	1.962E-01	3.012E-01
2.595E-01	4.972E-01	1.957E-01	3.015E-01
2.605E-01	4.970E-01	1.953E-01	3.018E-01
2.615E-01	4.968E-01	1.948E-01	3.021E-01
2.625E-01	4.966E-01	1.943E-01	3.023E-01
2.635E-01	4.964E-01	1.938E-01	3.026E-01
2.645E-01	4.962E-01	1.933E-01	3.029E-01
2.655E-01	4.960E-01	1.929E-01	3.031E-01
2.665E-01	4.958E-01	1.924E-01	3.034E-01
2.675E-01	4.955E-01	1.919E-01	3.037E-01
2.685E-01	4.953E-01	1.914E-01	3.039E-01
2.695E-01	4.951E-01	1.909E-01	3.042E-01
2.705E-01	4.949E-01	1.904E-01	3.044E-01
2.715E-01	4.946E-01	1.900E-01	3.047E-01
2.725E-01	4.944E-01	1.895E-01	3.049E-01
2.735E-01	4.941E-01	1.890E-01	3.051E-01
2.745E-01	4.939E-01	1.885E-01	3.054E-01
2.755E-01	4.936E-01	1.880E-01	3.056E-01
2.765E-01	4.934E-01	1.875E-01	3.059E-01
2.775E-01	4.931E-01	1.870E-01	3.061E-01
2.785E-01	4.928E-01	1.865E-01	3.063E-01
2.795E-01	4.926E-01	1.860E-01	3.065E-01
2.805E-01	4.923E-01	1.856E-01	3.067E-01
2.815E-01	4.920E-01	1.851E-01	3.070E-01
2.825E-01	4.917E-01	1.846E-01	3.072E-01
2.835E-01	4.915E-01	1.841E-01	3.074E-01
2.845E-01	4.912E-01	1.836E-01	3.076E-01
2.855E-01	4.909E-01	1.831E-01	3.078E-01
2.865E-01	4.906E-01	1.826E-01	3.080E-01
2.875E-01	4.903E-01	1.821E-01	3.082E-01
2.885E-01	4.900E-01	1.816E-01	3.084E-01
2.895E-01	4.897E-01	1.811E-01	3.086E-01
2.905E-01	4.894E-01	1.806E-01	3.088E-01
2.915E-01	4.891E-01	1.801E-01	3.090E-01
2.925E-01	4.888E-01	1.796E-01	3.092E-01
2.935E-01	4.885E-01	1.791E-01	3.093E-01
2.945E-01	4.882E-01	1.786E-01	3.095E-01
2.955E-01	4.878E-01	1.781E-01	3.097E-01
2.965E-01	4.875E-01	1.777E-01	3.099E-01
2.975E-01	4.872E-01	1.772E-01	3.100E-01
2.985E-01	4.869E-01	1.767E-01	3.102E-01
2.995E-01	4.865E-01	1.762E-01	3.104E-01
3.005E-01	4.862E-01	1.757E-01	3.105E-01
3.015E-01	4.858E-01	1.752E-01	3.107E-01
3.025E-01	4.855E-01	1.747E-01	3.108E-01
3.035E-01	4.852E-01	1.742E-01	3.110E-01
3.045E-01	4.848E-01	1.737E-01	3.111E-01
3.055E-01	4.845E-01	1.732E-01	3.113E-01
3.065E-01	4.841E-01	1.727E-01	3.114E-01
3.075E-01	4.838E-01	1.722E-01	3.116E-01
3.085E-01	4.834E-01	1.717E-01	3.117E-01
3.095E-01	4.830E-01	1.712E-01	3.118E-01
3.105E-01	4.827E-01	1.707E-01	3.120E-01
3.115E-01	4.823E-01	1.702E-01	3.121E-01
3.125E-01	4.819E-01	1.697E-01	3.122E-01
3.135E-01	4.816E-01	1.692E-01	3.124E-01
3.145E-01	4.812E-01	1.687E-01	3.125E-01
3.155E-01	4.808E-01	1.682E-01	3.126E-01
3.165E-01	4.804E-01	1.677E-01	3.127E-01
3.175E-01	4.800E-01	1.672E-01	3.128E-01
3.185E-01	4.796E-01	1.667E-01	3.129E-01
3.195E-01	4.793E-01	1.662E-01	3.130E-01
3.205E-01	4.789E-01	1.657E-01	3.131E-01
3.215E-01	4.785E-01	1.652E-01	3.132E-01
3.225E-01	4.781E-01	1.647E-01	3.133E-01
3.235E-01	4.777E-01	1.642E-01	3.134E-01
3.245E-01	4.773E-01	1.637E-01	3.135E-01
3.255E-01	4.769E-01	1.632E-01	3.136E-01
3.265E-01	4.765E-01	1.627E-01	3.137E-01
3.275E-01	4.760E-01	1.622E-01	3.138E-01
3.285E-01	4.756E-01	1.617E-01	3.139E-01
3.295E-01	4.752E-01	1.613E-01	3.140E-01
3.305E-01	4.748E-01	1.608E-01	3.140E-01
3.315E-01	4.744E-01	1.603E-01	3.141E-01
3.325E-01	4.740E-01	1.598E-01	3.142E-01
3.335E-01	4.735E-01	1.593E-01	3.143E-01
3.345E-01	4.731E-01	1.588E-01	3.143E-01
3.355E-01	4.727E-01	1.583E-01	3.144E-01
3.365E-01	4.722E-01	1.578E-01	3.145E-01
3.375E-01	4.718E-01	1.573E-01	3.145E-01
3.385E-01	4.714E-01	1.568E-01	3.146E-01
3.395E-01	4.709E-01	1.563E-01	3.146E-01
3.405E-01	4.705E-01	1.558E-01	3.147E-01
3.415E-01	4.700E-01	1.553E-01	3.147E-01
3.425E-01	4.696E-01	1.548E-01	3.148E-01
3.435E-01	4.691E-01	1.543E-01	3.148E-01
3.445E-01	4.687E-01	1.538E-01	3.149E-01
3.455E-01	4.682E-01	1.534E-01	3.149E-01
3.465E-01	4.678E-01	1.529E-01	3.149E-01
3.475E-01	4.673E-01	1.524E-01	3.150E-01
3.485E-01	4.669E-01	1.519E-01	3.150E-01
3.495E-01	4.664E-01	1.514E-01	3.150E-01
3.505E-01	4.659E-01	1.509E-01	3.150E-01
3.515E-01	4.655E-01	1.504E-01	3.151E-01
3.525E-01	4.650E-01	1.499E-01	3.151E-01
3.535E-01	4.645E-01	1.494E-01	3.151E-01
3.545E-01	4.641E-01	1.489E-01	3.151E-01
3.555E-01	4.636E-01	1.485E-01	3.151E-01
3.565E-01	4.631E-01	1.480E-01	3.151E-01
3.575E-01	4.626E-01	1.475E-01	3.151E-01
3.585E-01	4.621E-01	1.470E-01	3.151E-01
3.595E-01	4.617E-01	1.465E-01	3.152E-01
3.605E-01	4.612E-01	1.460E-01	3.151E-01
3.615E-01	4.607E-01	1.455E-01	3.151E-01
3.625E-01	4.602E-01	1.450E-01	3.151E-01
3.635E-01	4.597E-01	1.446E-01	3.151E-01
3.645E-01	4.592E-01	1.441E-01	3.151E-01
3.655E-01	4.587E-01	1.436E-01	3.151E-01
3.665E-01	4.582E-01	1.431E-01	3.151E-01
3.675E-01	4.577E-01	1.426E-01	3.151E-01
3.685E-01	4.572E-01	1.421E-01	3.151E-01
3.695E-01	4.567E-01	1.417E-01	3.150E-01
3.705E-01	4.562E-01	1.412E-01	3.150E-01
3.715E-01	4.557E-01	1.407E-01	3.150E-01
3.725E-01	4.552E-01	1.402E-01	3.149E-01
3.735E-01	4.547E-01	1.397E-01	3.149E-01
3.745E-01	4.541E-01	1.393E-01	3.149E-01
3.755E-01	4.536E-01	1.388E-01	3.148E-01
3.765E-01	4.531E-01	1.383E-01	3.148E-01
3.775E-01	4.526E-01	1.378E-01	3.148E-01
3.785E-01	4.521E-01	1.374E-01	3.147E-01
3.795E-01	4.515E-01	1.369E-01	3.147E-01
3.805E-01	4.510E-01	1.364E-01	3.146E-01
3.815E-01	4.505E-01	1.359E-01	3.146E-01
3.825E-01	4.500E-01	1.355E-01	3.145E-01
3.835E-01	4.494E-01	1.350E-01	3.144E-01
3.845E-01	4.489E-01	1.345E-01	3.144E-01
3.855E-01	4.484E-01	1.340E-01	3.143E-01
3.865E-01	4.478E-01	1.336E-01	3.143E-01
3.875E-01	4.473E-01	1.331E-01	3.142E-01
3.885E-01	4.467E-01	1.326E-01	3.141E-01
3.895E-01	4.462E-01	1.321E-01	3.140E-01
3.905E-01	4.456E-01	1.317E-01	3.140E-01
3.915E-01	4.451E-01	1.312E-01	3.139E-01
3.925E-01	4.446E-01	1.307E-01	3.138E-01
3.935E-01	4.440E-01	1.303E-01	3.137E-01
3.945E-01	4.435E-01	1.298E-01	3.137E-01
3.955E-01	4.429E-01	1.293E-01	3.136E-01
3.965E-01	4.423E-01	1.289E-01	3.135E-01
3.975E-01	4.418E-01	1.284E-01	3.134E-01
3.985E-01	4.412E-01	1.279E-01	3.133E-01
3.995E-01	4.407E-01	1.275E-01	3.132E-01
4.005E-01	4.401E-01	1.270E-01	3.131E-01
4.015E-01	4.395E-01	1.265E-01	3.130E-01
4.025E-01	4.390E-01	1.261E-01	3.129E-01
4.035E-01	4.384E-01	1.256E-01	3.128E-01
4.045E-01	4.378E-01	1.252E-01	3.127E-01
4.055E-01	4.373E-01	1.247E-01	3.126E-01
4.065E-01	4.367E-01	1.242E-01	3.125E-01
4.075E-01	4.361E-01	1.238E-01	3.123E-01
4.085E-01	4.356E-01	1.233E-01	3.122E-01
4.095E-01	4.350E-01	1.229E-01	3.121E-01
4.105E-01	4.344E-01	1.224E-01	3.120E-01
4.115E-01	4.338E-01	1.220E-01	3.119E-01
4.125E-01	4.332E-01	1.215E-01	3.117E-01
4.135E-01	4.327E-01	1.210E-01	3.116E-01
4.145E-01	4.321E-01	1.206E-01	3.115E-01
4.155E-01	4.315E-01	1.201E-01	3.113E-01
4.165E-01	4.309E-01	1.197E-01	3.112E-01
4.175E-01	4.303E-01	1.192E-01	3.111E-01
4.185E-01	4.297E-01	1.188E-01	3.109E-01
4.195E-01	4.291E-01	1.183E-01	3.108E-01
4.205E-01	4.285E-01	1.179E-01	3.106E-01
4.215E-01	4.279E-01	1.174E-01	3.105E-01
4.225E-01	4.273E-01	1.170E-01	3.104E-01
4.235E-01	4.267E-01	1.165E-01	3.102E-01
4.245E-01	4.261E-01	1.161E-01	3.100E-01
4.255E-01	4.255E-01	1.157E-01	3.099E-01
4.265E-01	4.249E-01	1.152E-01	3.097E-01
4.275E-01	4.243E-01	1.148E-01	3.096E-01
4.285E-01	4.237E-01	1.143E-01	3.094E-01
4.295E-01	4.231E-01	1.139E-01	3.092E-01
4.305E-01	4.225E-01	1.134E-01	3.091E-01
4.315E-01	4.219E-01	1.130E-01	3.089E-01
4.325E-01	4.213E-01	1.126E-01	3.087E-01
4.335E-01	4.207E-01	1.121E-01	3.086E-01
4.345E-01	4.201E-01	1.117E-01	3.084E-01
4.355E-01	4.195E-01	1.112E-01	3.082E-01
4.365E-01	4.188E-01	1.108E-01	3.080E-01
4.375E-01	4.182E-01	1.104E-01	3.079E-01
4.385E-01	4.176E-01	1.099E-01	3.077E-01
4.395E-01	4.170E-01	1.095E-01	3.075E-01
4.405E-01	4.164E-01	1.091E-01	3.073E-01
4.415E-01	4.157E-01	1.086E-01	3.071E-01
4.425E-01	4.151E-01	1.082E-01	3.069E-01
4.435E-01	4.145E-01	1.078E-01	3.067E-01
4.445E-01	4.139E-01	1.073E-01	3.065E-01
4.455E-01	4.132E-01	1.069E-01	3.063E-01
4.465E-01	4.126E-01	1.065E-01	3.061E-01
4.475E-01	4.120E-01	1.060E-01	3.059E-01
4.485E-01	4.113E-01	1.056E-01	3.057E-01
4.495E-01	4.107E-01	1.052E-01	3.055E-01
4.505E-01	4.101E-01	1.048E-01	3.053E-01
4.515E-01	4.094E-01	1.043E-01	3.051E-01
4.525E-01	4.088E-01	1.039E-01	3.049E-01
4.535E-01	4.081E-01	1.035E-01	3.047E-01
4.545E-01	4.075E-01	1.031E-01	3.044E-01
4.555E-01	4.069E-01	1.027E-01	3.042E-01
4.565E-01	4.062E-01	1.022E-01	3.040E-01
4.575E-01	4.056E-01	1.018E-01	3.038E-01
4.585E-01	4.049E-01	1.014E-01	3.035E-01
4.595E-01	4.043E-01	1.010E-01	3.033E-01
4.605E-01	4.036E-01	1.006E-01	3.031E-01
4.615E-01	4.030E-01	1.001E-01	3.028E-01
4.625E-01	4.023E-01	9.973E-02	3.026E-01
4.635E-01	4.017E-01	9.931E-02	3.024E-01
4.645E-01	4.010E-01	9.890E-02	3.021E-01
4.655E-01	4.004E-01	9.849E-02	3.019E-01
4.665E-01	3.997E-01	9.807E-02	3.017E-01
4.675E-01	3.991E-01	9.766E-02	3.014E-01
4.685E-01	3.984E-01	9.725E-02	3.012E-01
4.695E-01	3.978E-01	9.684E-02	3.009E-01
4.705E-01	3.971E-01	9.644E-02	3.007E-01
4.715E-01	3.964E-01	9.603E-02	3.004E-01
4.725E-01	3.958E-01	9.562E-02	3.002E-01
4.735E-01	3.951E-01	9.522E-02	2.999E-01
4.745E-01	3.944E-01	9.481E-02	2.996E-01
4.755E-01	3.938E-01	9.441E-02	2.994E-01
4.765E-01	3.931E-01	9.400E-02	2.991E-01
4.775E-01	3.924E-01	9.360E-02	2.988E-01
4.785E-01	3.918E-01	9.320E-02	2.986E-01
4.795E-01	3.911E-01	9.280E-02	2.983E-01
4.805E-01	3.904E-01	9.240E-02	2.980E-01
4.815E-01	3.898E-01	9.200E-02	2.978E-01
4.825E-01	3.891E-01	9.160E-02	2.975E-01
4.835E-01	3.884E-01	9.121E-02	2.972E-01
4.845E-01	3.877E-01	9.081E-02	2.969E-01
4.855E-01	3.871E-01	9.042E-02	2.966E-01
4.865E-01	3.864E-01	9.002E-02	2.964E-01
4.875E-01	3.857E-01	8.963E-02	2.961E-01
4.885E-01	3.850E-01	8.924E-02	2.958E-01
4.895E-01	3.843E-01	8.885E-02	2.955E-01
4.905E-01	3.837E-01	8.845E-02	2.952E-01
4.915E-01	3.830E-01	8.806E-02	2.949E-01
4.925E-01	3.823E-01	8.768E-02	2.946E-01
4.935E-01	3.816E-01	8.729E-02	2.943E-01
4.945E-01	3.809E-01	8.690E-02	2.940E-01
4.955E-01	3.802E-01	8.652E-02	2.937E-01
4.965E-01	3.796E-01	8.613E-02	2.934E-01
4.975E-01	3.789E-01	8.575E-02	2.931E-01
4.985E-01	3.782E-01	8.536E-02	2.928E-01
4.995E-01	3.775E-01	8.498E-02	2.925E-01
5.005E-01	3.768E-01	8.460E-02	2.922E-01
5.015E-01	3.761E-01	8.422E-02	2.919E-01
5.025E-01	3.754E-01	8.384E-02	2.916E-01
5.035E-01	3.747E-01	8.346E-02	2.913E-01
5.045E-01	3.740E-01	8.308E-02	2.909E-01
5.055E-01	3.733E-01	8.271E-02	2.906E-01
5.065E-01	3.726E-01	8.233E-02	2.903E-01
5.075E-01	3.719E-01	8.196E-02	2.900E-01
5.085E-01	3.712E-01	8.158E-02	2.896E-01
5.095E-01	3.705E-01	8.121E-02	2.893E-01
5.105E-01	3.698E-01	8.084E-02	2.890E-01
5.115E-01	3.691E-01	8.046E-02	2.887E-01
5.125E-01	3.684E-01	8.009E-02	2.883E-01
5.135E-01	3.677E-01	7.972E-02	2.880E-01
5.145E-01	3.670E-01	7.936E-02	2.877E-01
5.155E-01	3.663E-01	7.899E-02	2.873E-01
5.165E-01	3.656E-01	7.862E-02	2.870E-01
5.175E-01	3.649E-01	7.826E-02	2.866E-01
5.185E-01	3.642E-01	7.789E-02	2.863E-01
5.195E-01	3.635E-01	7.753E-02	2.859E-01
5.205E-01	3.628E-01	7.716E-02	2.856E-01
5.215E-01	3.620E-01	7.680E-02	2.852E-01
5.225E-01	3.613E-01	7.644E-02	2.849E-01
5.235E-01	3.606E-01	7.608E-02	2.845E-01
5.245E-01	3.599E-01	7.572E-02	2.842E-01
5.255E-01	3.592E-01	7.536E-02	2.838E-01
5.265E-01	3.585E-01	7.501E-02	2.835E-01
5.275E-01	3.578E-01	7.465E-02	2.831E-01
5.285E-01	3.570E-01	7.429E-02	2.828E-01
5.295E-01	3.563E-01	7.394E-02	2.824E-01
5.305E-01	3.556E-01	7.359E-02	2.820E-01
5.315E-01	3.549E-01	7.323E-02	2.817E-01
5.325E-01	3.542E-01	7.288E-02	2.813E-01
5.335E-01	3.534E-01	7.253E-02	2.809E-01
5.345E-01	3.527E-01	7.218E-02	2.805E-01
5.355E-01	3.520E-01	7.183E-02	2.802E-01
5.365E-01	3.513E-01	7.149E-02	2.798E-01
5.375E-01	3.506E-01	7.114E-02	2.794E-01
5.385E-01	3.498E-01	7.079E-02	2.790E-01
5.395E-01	3.491E-01	7.045E-02	2.787E-01
5.405E-01	3.484E-01	7.010E-02	2.783E-01
5.415E-01	3.476E-01	6.976E-02	2.779E-01
5.425E-01	3.469E-01	6.942E-02	2.775E-01
5.435E-01	3.462E-01	6.908E-02	2.771E-01
5.445E-01	3.455E-01	6.874E-02	2.767E-01
5.455E-01	3.447E-01	6.840E-02	2.763E-01
5.465E-01	3.440E-01	6.806E-02	2.759E-01
5.475E-01	3.433E-01	6.772E-02	2.755E-01
5.485E-01	3.425E-01	6.738E-02	2.751E-01
5.495E-01	3.418E-01	6.705E-02	2.747E-01
5.505E-01	3.411E-01	6.671E-02	2.743E-01
5.515E-01	3.403E-01	6.638E-02	2.739E-01
5.525E-01	3.396E-01	6.605E-02	2.735E-01
5.535E-01	3.388E-01	6.571E-02	2.731E-01
5.545E-01	3.381E-01	6.538E-02	2.727E-01
5.555E-01	3.374E-01	6.505E-02	2.723E-01
5.565E-01	3.366E-01	6.472E-02	2.719E-01
5.575E-01	3.359E-01	6.439E-02	2.715E-01
5.585E-01	3.351E-01	6.407E-02	2.711E-01
5.595E-01	3.344E-01	6.374E-02	2.707E-01
5.605E-01	3.337E-01	6.342E-02	2.702E-01
5.615E-01	3.329E-01	6.309E-02	2.698E-01
5.625E-01	3.322E-01	6.277E-02	2.694E-01
5.635E-01	3.314E-01	6.244E-02	2.690E-01
5.645E-01	3.307E-01	6.212E-02	2.686E-01
5.655E-01	3.299E-01	6.180E-02	2.681E-01
5.665E-01	3.292E-01	6.148E-02	2.677E-01
5.675E-01	3.284E-01	6.116E-02	2.673E-01
5.685E-01	3.277E-01	6.085E-02	2.669E-01
5.695E-01	3.269E-01	6.053E-02	2.664E-01
5.705E-01	3.262E-01	6.021E-02	2.660E-01
5.715E-01	3.254E-01	5.990E-02	2.656E-01
5.725E-01	3.247E-01	5.958E-02	2.651E-01
5.735E-01	3.239E-01	5.927E-02	2.647E-01
5.745E-01	3.232E-01	5.896E-02	2.642E-01
5.755E-01	3.224E-01	5.865E-02	2.638E-01
5.765E-01	3.217E-01	5.834E-02	2.634E-01
5.775E-01	3.209E-01	5.803E-02	2.629E-01
5.785E-01	3.202E-01	5.772E-02	2.625E-01
5.795E-01	3.194E-01	5.741E-02	2.620E-01
5.805E-01	3.187E-01	5.710E-02	2.616E-01
5.815E-01	3.179E-01	5.680E-02	2.611E-01
5.825E-01	3.172E-01	5.649E-02	2.607E-01
5.835E-01	3.164E-01	5.619E-02	2.602E-01
5.845E-01	3.156E-01	5.589E-02	2.598E-01
5.855E-01	3.149E-01	5.558E-02	2.593E-01
5.865E-01	3.141E-01	5.528E-02	2.588E-01
5.875E-01	3.134E-01	5.498E-02	2.584E-01
5.885E-01	3.126E-01	5.468E-02	2.579E-01
5.895E-01	3.118E-01	5.439E-02	2.575E-01
5.905E-01	3.111E-01	5.409E-02	2.570E-01
5.915E-01	3.103E-01	5.379E-02	2.565E-01
5.925E-01	3.096E-01	5.350E-02	2.561E-01
5.935E-01	3.088E-01	5.320E-02	2.556E-01
5.945E-01	3.080E-01	5.291E-02	2.551E-01
5.955E-01	3.073E-01	5.262E-02	2.546E-01
5.965E-01	3.065E-01	5.232E-02	2.542E-01
5.975E-01	3.057E-01	5.203E-02	2.537E-01
5.985E-01	3.050E-01	5.174E-02	2.532E-01
5.995E-01	3.042E-01	5.145E-02	2.527E-01
6.005E-01	3.034E-01	5.117E-02	2.523E-01
6.015E-01	3.027E-01	5.088E-02	2.518E-01
6.025E-01	3.019E-01	5.059E-02	2.513E-01
6.035E-01	3.011E-01	5.031E-02	2.508E-01
6.045E-01	3.004E-01	5.002E-02	2.503E-01
6.055E-01	2.996E-01	4.974E-02	2.498E-01
6.065E-01	2.988E-01	4.946E-02	2.494E-01
6.075E-01	2.980E-01	4.918E-02	2.489E-01
6.085E-01	2.973E-01	4.889E-02	2.484E-01
6.095E-01	2.965E-01	4.861E-02	2.479E-01
6.105E-01	2.957E-01	4.834E-02	2.474E-01
6.115E-01	2.949E-01	4.806E-02	2.469E-01
6.125E-01	2.942E-01	4.778E-02	2.464E-01
6.135E-01	2.934E-01	4.750E-02	2.459E-01
6.145E-01	2.926E-01	4.723E-02	2.454E-01
6.155E-01	2.918E-01	4.696E-02	2.449E-01
6.165E-01	2.911E-01	4.668E-02	2.444E-01
6.175E-01	2.903E-01	4.641E-02	2.439E-01
6.185E-01	2.895E-01	4.614E-02	2.434E-01
6.195E-01	2.887E-01	4.587E-02	2.429E-01
6.205E-01	2.880E-01	4.560E-02	2.424E-01
6.215E-01	2.872E-01	4.533E-02	2.418E-01
6.225E-01	2.864E-01	4.506E-02	2.413E-01
6.235E-01	2.856E-01	4.479E-02	2.408E-01
6.245E-01	2.848E-01	4.453E-02	2.403E-01
6.255E-01	2.841E-01	4.426E-02	2.398E-01
6.265E-01	2.833E-01	4.400E-02	2.393E-01
6.275E-01	2.825E-01	4.374E-02	2.388E-01
6.285E-01	2.817E-01	4.347E-02	2.382E-01
6.295E-01	2.809E-01	4.321E-02	2.377E-01
6.305E-01	2.801E-01	4.295E-02	2.372E-01
6.315E-01	2.794E-01	4.269E-02	2.367E-01
6.325E-01	2.786E-01	4.243E-02	2.361E-01
6.335E-01	2.778E-01	4.217E-02	2.356E-01
6.345E-01	2.770E-01	4.192E-02	2.351E-01
6.355E-01	2.762E-01	4.166E-02	2.346E-01
6.365E-01	2.754E-01	4.141E-02	2.340E-01
6.375E-01	2.746E-01	4.115E-02	2.335E-01
6.385E-01	2.739E-01	4.090E-02	2.330E-01
6.395E-01	2.731E-01	4.065E-02	2.324E-01
6.405E-01	2.723E-01	4.039E-02	2.319E-01
6.415E-01	2.715E-01	4.014E-02	2.314E-01
6.425E-01	2.707E-01	3.989E-02	2.308E-01
6.435E-01	2.699E-01	3.964E-02	2.303E-01
6.445E-01	2.691E-01	3.940E-02	2.297E-01
6.455E-01	2.683E-01	3.915E-02	2.292E-01
6.465E-01	2.676E-01	3.890E-02	2.286E-01
6.475E-01	2.668E-01	3.866E-02	2.281E-01
6.485E-01	2.660E-01	3.841E-02	2.276E-01
6.495E-01	2.652E-01	3.817E-02	2.270E-01
6.505E-01	2.644E-01	3.793E-02	2.265E-01
6.515E-01	2.636E-01	3.768E-02	2.259E-01
6.525E-01	2.628E-01	3.744E-02	2.254E-01
6.535E-01	2.620E-01	3.720E-02	2.248E-01
6.545E-01	2.612E-01	3.696E-02	2.243E-01
6.555E-01	2.604E-01	3.673E-02	2.237E-01
6.565E-01	2.596E-01	3.649E-02	2.231E-01
6.575E-01	2.588E-01	3.625E-02	2.226E-01
6.585E-01	2.580E-01	3.602E-02	2.220E-01
6.595E-01	2.572E-01	3.578E-02	2.215E-01
6.605E-01	2.564E-01	3.555E-02	2.209E-01
6.615E-01	2.557E-01	3.532E-02	2.203E-01
6.625E-01	2.549E-01	3.508E-02	2.198E-01
6.635E-01	2.541E-01	3.485E-02	2.192E-01
6.645E-01	2.533E-01	3.462E-02	2.186E-01
6.655E-01	2.525E-01	3.439E-02	2.181E-01
6.665E-01	2.517E-01	3.416E-02	2.175E-01
6.675E-01	2.509E-01	3.394E-02	2.169E-01
6.685E-01	2.501E-01	3.371E-02	2.164E-01
6.695E-01	2.493E-01	3.348E-02	2.158E-01
6.705E-01	2.485E-01	3.326E-02	2.152E-01
6.715E-01	2.477E-01	3.303E-02	2.146E-01
6.725E-01	2.469E-01	3.281E-02	2.141E-01
6.735E-01	2.461E-01	3.259E-02	2.135E-01
6.745E-01	2.453E-01	3.237E-02	2.129E-01
6.755E-01	2.445E-01	3.215E-02	2.123E-01
6.765E-01	2.437E-01	3.193E-02	2.118E-01
6.775E-01	2.429E-01	3.171E-02	2.112E-01
6.785E-01	2.421E-01	3.149E-02	2.106E-01
6.795E-01	2.413E-01	3.127E-02	2.100E-01
6.805E-01	2.405E-01	3.105E-02	2.094E-01
6.815E-01	2.397E-01	3.084E-02	2.088E-01
6.825E-01	2.389E-01	3.062E-02	2.082E-01
6.835E-01	2.381E-01	3.041E-02	2.077E-01
6.845E-01	2.373E-01	3.020E-02	2.071E-01
6.855E-01	2.365E-01	2.998E-02	2.065E-01
6.865E-01	2.357E-01	2.977E-02	2.059E-01
6.875E-01	2.348E-01	2.956E-02	2.053E-01
6.885E-01	2.340E-01	2.935E-02	2.047E-01
6.895E-01	2.332E-01	2.914E-02	2.041E-01
6.905E-01	2.324E-01	2.894E-02	2.035E-01
6.915E-01	2.316E-01	2.873E-02	2.029E-01
6.925E-01	2.308E-01	2.852E-02	2.023E-01
6.935E-01	2.300E-01	2.832E-02	2.017E-01
6.945E-01	2.292E-01	2.811E-02	2.011E-01
6.955E-01	2.284E-01	2.791E-02	2.005E-01
6.965E-01	2.276E-01	2.771E-02	1.999E-01
6.975E-01	2.268E-01	2.750E-02	1.993E-01
6.985E-01	2.260E-01	2.730E-02	1.987E-01
6.995E-01	2.252E-01	2.710E-02	1.981E-01
7.005E-01	2.244E-01	2.690E-02	1.975E-01
7.015E-01	2.236E-01	2.670E-02	1.969E-01
7.025E-01	2.228E-01	2.651E-02	1.963E-01
7.035E-01	2.220E-01	2.631E-02	1.956E-01
7.045E-01	2.211E-01	2.611E-02	1.950E-01
7.055E-01	2.203E-01	2.592E-02	1.944E-01
7.065E-01	2.195E-01	2.572E-02	1.938E-01
7.075E-01	2.187E-01	2.553E-02	1.932E-01
7.085E-01	2.179E-01	2.534E-02	1.926E-01
7.095E-01	2.171E-01	2.515E-02	1.920E-01
7.105E-01	2.163E-01	2.495E-02	1.913E-01
7.115E-01	2.155E-01	2.476E-02	1.907E-01
7.125E-01	2.147E-01	2.457E-02	1.901E-01
7.135E-01	2.139E-01	2.439E-02	1.895E-01
7.145E-01	2.131E-01	2.420E-02	1.889E-01
7.155E-01	2.122E-01	2.401E-02	1.882E-01
7.165E-01	2.114E-01	2.382E-02	1.876E-01
7.175E-01	2.106E-01	2.364E-02	1.870E-01
7.185E-01	2.098E-01	2.345E-02	1.864E-01
7.195E-01	2.090E-01	2.327E-02	1.857E-01
7.205E-01	2.082E-01	2.309E-02	1.851E-01
7.215E-01	2.074E-01	2.291E-02	1.845E-01
7.225E-01	2.066E-01	2.272E-02	1.838E-01
7.235E-01	2.058E-01	2.254E-02	1.832E-01
7.245E-01	2.049E-01	2.236E-02	1.826E-01
7.255E-01	2.041E-01	2.219E-02	1.820E-01
7.265E-01	2.033E-01	2.201E-02	1.813E-01
7.275E-01	2.025E-01	2.183E-02	1.807E-01
7.285E-01	2.017E-01	2.165E-02	1.800E-01
7.295E-01	2.009E-01	2.148E-02	1.794E-01
7.305E-01	2.001E-01	2.130E-02	1.788E-01
7.315E-01	1.993E-01	2.113E-02	1.781E-01
7.325E-01	1.985E-01	2.096E-02	1.775E-01
7.335E-01	1.976E-01	2.078E-02	1.769E-01
7.345E-01	1.968E-01	2.061E-02	1.762E-01
7.355E-01	1.960E-01	2.044E-02	1.756E-01
7.365E-01	1.952E-01	2.027E-02	1.749E-01
7.375E-01	1.944E-01	2.010E-02	1.743E-01
7.385E-01	1.936E-01	1.993E-02	1.736E-01
7.395E-01	1.928E-01	1.977E-02	1.730E-01
7.405E-01	1.920E-01	1.960E-02	1.724E-01
7.415E-01	1.911E-01	1.943E-02	1.717E-01
7.425E-01	1.903E-01	1.927E-02	1.711E-01
7.435E-01	1.895E-01	1.910E-02	1.704E-01
7.445E-01	1.887E-01	1.894E-02	1.698E-01
7.455E-01	1.879E-01	1.878E-02	1.691E-01
7.465E-01	1.871E-01	1.861E-02	1.685E-01
7.475E-01	1.863E-01	1.845E-02	1.678E-01
7.485E-01	1.854E-01	1.829E-02	1.672E-01
7.495E-01	1.846E-01	1.813E-02	1.665E-01
7.505E-01	1.838E-01	1.797E-02	1.658E-01
7.515E-01	1.830E-01	1.782E-02	1.652E-01
7.525E-01	1.822E-01	1.766E-02	1.645E-01
7.535E-01	1.814E-01	1.750E-02	1.639E-01
7.545E-01	1.806E-01	1.735E-02	1.632E-01
7.555E-01	1.797E-01	1.719E-02	1.626E-01
7.565E-01	1.789E-01	1.704E-02	1.619E-01
7.575E-01	1.781E-01	1.688E-02	1.612E-01
7.585E-01	1.773E-01	1.673E-02	1.606E-01
7.595E-01	1.765E-01	1.658E-02	1.599E-01
7.605E-01	1.757E-01	1.643E-02	1.593E-01
7.615E-01	1.749E-01	1.628E-02	1.586E-01
7.625E-01	1.741E-01	1.613E-02	1.579E-01
7.635E-01	1.732E-01	1.598E-02	1.573E-01
7.645E-01	1.724E-01	1.583E-02	1.566E-01
7.655E-01	1.716E-01	1.568E-02	1.559E-01
7.665E-01	1.708E-01	1.554E-02	1.553E-01
7.675E-01	1.700E-01	1.539E-02	1.546E-01
7.685E-01	1.692E-01	1.525E-02	1.539E-01
7.695E-01	1.684E-01	1.510E-02	1.533E-01
7.705E-01	1.675E-01	1.496E-02	1.526E-01
7.715E-01	1.667E-01	1.482E-02	1.519E-01
7.725E-01	1.659E-01	1.467E-02	1.512E-01
7.735E-01	1.651E-01	1.453E-02	1.506E-01
7.745E-01	1.643E-01	1.439E-02	1.499E-01
7.755E-01	1.635E-01	1.425E-02	1.492E-01
7.765E-01	1.627E-01	1.411E-02	1.486E-01
7.775E-01	1.619E-01	1.398E-02	1.479E-01
7.785E-01	1.610E-01	1.384E-02	1.472E-01
7.795E-01	1.602E-01	1.370E-02	1.465E-01
7.805E-01	1.594E-01	1.357E-02	1.458E-01
7.815E-01	1.586E-01	1.343E-02	1.452E-01
7.825E-01	1.578E-01	1.330E-02	1.445E-01
7.835E-01	1.570E-01	1.316E-02	1.438E-01
7.845E-01	1.562E-01	1.303E-02	1.431E-01
7.855E-01	1.554E-01	1.290E-02	1.425E-01
7.865E-01	1.545E-01	1.277E-02	1.418E-01
7.875E-01	1.537E-01	1.264E-02	1.411E-01
7.885E-01	1.529E-01	1.251E-02	1.404E-01
7.895E-01	1.521E-01	1.238E-02	1.397E-01
7.905E-01	1.513E-01	1.225E-02	1.390E-01
7.915E-01	1.505E-01	1.212E-02	1.384E-01
7.925E-01	1.497E-01	1.199E-02	1.377E-01
7.935E-01	1.489E-01	1.187E-02	1.370E-01
7.945E-01	1.480E-01	1.174E-02	1.363E-01
7.955E-01	1.472E-01	1.162E-02	1.356E-01
7.965E-01	1.464E-01	1.149E-02	1.349E-01
7.975E-01	1.456E-01	1.137E-02	1.342E-01
7.985E-01	1.448E-01	1.125E-02	1.336E-01
7.995E-01	1.440E-01	1.113E-02	1.329E-01
8.005E-01	1.432E-01	1.100E-02	1.322E-01
8.015E-01	1.424E-01	1.088E-02	1.315E-01
8.025E-01	1.416E-01	1.076E-02	1.308E-01
8.035E-01	1.408E-01	1.065E-02	1.301E-01
8.045E-01	1.399E-01	1.053E-02	1.294E-01
8.055E-01	1.391E-01	1.041E-02	1.287E-01
8.065E-01	1.383E-01	1.029E-02	1.280E-01
8.075E-01	1.375E-01	1.018E-02	1.273E-01
8.085E-01	1.367E-01	1.006E-02	1.267E-01
8.095E-01	1.359E-01	9.948E-03	1.260E-01
8.105E-01	1.351E-01	9.834E-03	1.253E-01
8.115E-01	1.343E-01	9.721E-03	1.246E-01
8.125E-01	1.335E-01	9.609E-03	1.239E-01
8.135E-01	1.327E-01	9.497E-03	1.232E-01
8.145E-01	1.319E-01	9.386E-03	1.225E-01
8.155E-01	1.311E-01	9.276E-03	1.218E-01
8.165E-01	1.303E-01	9.167E-03	1.211E-01
8.175E-01	1.295E-01	9.058E-03	1.204E-01
8.185E-01	1.286E-01	8.950E-03	1.197E-01
8.195E-01	1.278E-01	8.842E-03	1.190E-01
8.205E-01	1.270E-01	8.736E-03	1.183E-01
8.215E-01	1.262E-01	8.630E-03	1.176E-01
8.225E-01	1.254E-01	8.525E-03	1.169E-01
8.235E-01	1.246E-01	8.420E-03	1.162E-01
8.245E-01	1.238E-01	8.316E-03	1.155E-01
8.255E-01	1.230E-01	8.213E-03	1.148E-01
8.265E-01	1.222E-01	8.111E-03	1.141E-01
8.275E-01	1.214E-01	8.009E-03	1.134E-01
8.285E-01	1.206E-01	7.908E-03	1.127E-01
8.295E-01	1.198E-01	7.808E-03	1.120E-01
8.305E-01	1.190E-01	7.708E-03	1.113E-01
8.315E-01	1.182E-01	7.609E-03	1.106E-01
8.325E-01	1.174E-01	7.511E-03	1.099E-01
8.335E-01	1.166E-01	7.413E-03	1.092E-01
8.345E-01	1.158E-01	7.317E-03	1.085E-01
8.355E-01	1.150E-01	7.221E-03	1.078E-01
8.365E-01	1.142E-01	7.125E-03	1.071E-01
8.375E-01	1.134E-01	7.030E-03	1.064E-01
8.385E-01	1.126E-01	6.936E-03	1.057E-01
8.395E-01	1.118E-01	6.843E-03	1.050E-01
8.405E-01	1.110E-01	6.750E-03	1.043E-01
8.415E-01	1.102E-01	6.658E-03	1.036E-01
8.425E-01	1.094E-01	6.567E-03	1.028E-01
8.435E-01	1.086E-01	6.477E-03	1.021E-01
8.445E-01	1.078E-01	6.387E-03	1.014E-01
8.455E-01	1.070E-01	6.297E-03	1.007E-01
8.465E-01	1.062E-01	6.209E-03	1.000E-01
8.475E-01	1.054E-01	6.121E-03	9.932E-02
8.485E-01	1.046E-01	6.034E-03	9.861E-02
8.495E-01	1.038E-01	5.947E-03	9.790E-02
8.505E-01	1.031E-01	5.862E-03	9.719E-02
8.515E-01	1.023E-01	5.776E-03	9.649E-02
8.525E-01	1.015E-01	5.692E-03	9.578E-02
8.535E-01	1.007E-01	5.608E-03	9.507E-02
8.545E-01	9.989E-02	5.525E-03	9.436E-02
8.555E-01	9.910E-02	5.443E-03	9.366E-02
8.565E-01	9.831E-02	5.361E-03	9.295E-02
8.575E-01	9.752E-02	5.280E-03	9.224E-02
8.585E-01	9.673E-02	5.199E-03	9.153E-02
8.595E-01	9.594E-02	5.120E-03	9.082E-02
8.605E-01	9.515E-02	5.040E-03	9.011E-02
8.615E-01	9.437E-02	4.962E-03	8.941E-02
8.625E-01	9.358E-02	4.884E-03	8.870E-02
8.635E-01	9.280E-02	4.807E-03	8.799E-02
8.645E-01	9.201E-02	4.731E-03	8.728E-02
8.655E-01	9.123E-02	4.655E-03	8.657E-02
8.665E-01	9.044E-02	4.580E-03	8.586E-02
8.675E-01	8.966E-02	4.506E-03	8.515E-02
8.685E-01	8.888E-02	4.432E-03	8.444E-02
8.695E-01	8.809E-02	4.359E-03	8.374E-02
8.705E-01	8.731E-02	4.286E-03	8.303E-02
8.715E-01	8.653E-02	4.214E-03	8.232E-02
8.725E-01	8.575E-02	4.143E-03	8.161E-02
8.735E-01	8.497E-02	4.073E-03	8.090E-02
8.745E-01	8.420E-02	4.003E-03	8.019E-02
8.755E-01	8.342E-02	3.934E-03	7.948E-02
8.765E-01	8.264E-02	3.865E-03	7.877E-02
8.775E-01	8.186E-02	3.797E-03	7.807E-02
8.785E-01	8.109E-02	3.730E-03	7.736E-02
8.795E-01	8.031E-02	3.664E-03	7.665E-02
8.805E-01	7.954E-02	3.598E-03	7.594E-02
8.815E-01	7.877E-02	3.533E-03	7.523E-02
8.825E-01	7.799E-02	3.468E-03	7.453E-02
8.835E-01	7.722E-02	3.404E-03	7.382E-02
8.845E-01	7.645E-02	3.341E-03	7.311E-02
8.855E-01	7.568E-02	3.278E-03	7.240E-02
8.865E-01	7.491E-02	3.216E-03	7.170E-02
8.875E-01	7.415E-02	3.154E-03	7.099E-02
8.885E-01	7.338E-02	3.094E-03	7.028E-02
8.895E-01	7.261E-02	3.033E-03	6.958E-02
8.905E-01	7.185E-02	2.974E-03	6.887E-02
8.915E-01	7.108E-02	2.915E-03	6.817E-02
8.925E-01	7.032E-02	2.857E-03	6.746E-02
8.935E-01	6.955E-02	2.799E-03	6.676E-02
8.945E-01	6.879E-02	2.742E-03	6.605E-02
8.955E-01	6.803E-02	2.686E-03	6.535E-02
8.965E-01	6.727E-02	2.630E-03	6.464E-02
8.975E-01	6.651E-02	2.575E-03	6.394E-02
8.985E-01	6.576E-02	2.521E-03	6.323E-02
8.995E-01	6.500E-02	2.467E-03	6.253E-02
9.005E-01	6.424E-02	2.414E-03	6.183E-02
9.015E-01	6.349E-02	2.361E-03	6.113E-02
9.025E-01	6.273E-02	2.309E-03	6.043E-02
9.035E-01	6.198E-02	2.258E-03	5.972E-02
9.045E-01	6.123E-02	2.207E-03	5.902E-02
9.055E-01	6.048E-02	2.157E-03	5.832E-02
9.065E-01	5.973E-02	2.108E-03	5.762E-02
9.075E-01	5.898E-02	2.059E-03	5.692E-02
9.085E-01	5.824E-02	2.011E-03	5.622E-02
9.095E-01	5.749E-02	1.963E-03	5.553E-02
9.105E-01	5.674E-02	1.916E-03	5.483E-02
9.115E-01	5.600E-02	1.870E-03	5.413E-02
9.125E-01	5.526E-02	1.824E-03	5.343E-02
9.135E-01	5.452E-02	1.779E-03	5.274E-02
9.145E-01	5.378E-02	1.734E-03	5.204E-02
9.155E-01	5.304E-02	1.690E-03	5.135E-02
9.165E-01	5.230E-02	1.647E-03	5.066E-02
9.175E-01	5.157E-02	1.604E-03	4.996E-02
9.185E-01	5.083E-02	1.562E-03	4.927E-02
9.195E-01	5.010E-02	1.521E-03	4.858E-02
9.205E-01	4.937E-02	1.480E-03	4.789E-02
9.215E-01	4.864E-02	1.440E-03	4.720E-02
9.225E-01	4.791E-02	1.400E-03	4.651E-02
9.235E-01	4.718E-02	1.361E-03	4.582E-02
9.245E-01	4.645E-02	1.322E-03	4.513E-02
9.255E-01	4.573E-02	1.284E-03	4.445E-02
9.265E-01	4.501E-02	1.247E-03	4.376E-02
9.275E-01	4.429E-02	1.210E-03	4.308E-02
9.285E-01	4.357E-02	1.174E-03	4.239E-02
9.295E-01	4.285E-02	1.139E-03	4.171E-02
9.305E-01	4.213E-02	1.104E-03	4.103E-02
9.315E-01	4.142E-02	1.069E-03	4.035E-02
9.325E-01	4.070E-02	1.035E-03	3.967E-02
9.335E-01	3.999E-02	1.002E-03	3.899E-02
9.345E-01	3.928E-02	9.697E-04	3.831E-02
9.355E-01	3.857E-02	9.376E-04	3.764E-02
9.365E-01	3.787E-02	9.062E-04	3.696E-02
9.375E-01	3.716E-02	8.753E-04	3.629E-02
9.385E-01	3.646E-02	8.450E-04	3.561E-02
9.395E-01	3.576E-02	8.153E-04	3.494E-02
9.405E-01	3.506E-02	7.861E-04	3.427E-02
9.415E-01	3.436E-02	7.575E-04	3.361E-02
9.425E-01	3.367E-02	7.295E-04	3.294E-02
9.435E-01	3.298E-02	7.021E-04	3.227E-02
9.445E-01	3.228E-02	6.752E-04	3.161E-02
9.455E-01	3.160E-02	6.489E-04	3.095E-02
9.465E-01	3.091E-02	6.232E-04	3.029E-02
9.475E-01	3.022E-02	5.980E-04	2.963E-02
9.485E-01	2.954E-02	5.734E-04	2.897E-02
9.495E-01	2.886E-02	5.493E-04	2.831E-02
9.505E-01	2.819E-02	5.258E-04	2.766E-02
9.515E-01	2.751E-02	5.028E-04	2.701E-02
9.525E-01	2.684E-02	4.804E-04	2.636E-02
9.535E-01	2.617E-02	4.586E-04	2.571E-02
9.545E-01	2.550E-02	4.373E-04	2.506E-02
9.555E-01	2.483E-02	4.165E-04	2.442E-02
9.565E-01	2.417E-02	3.963E-04	2.377E-02
9.575E-01	2.351E-02	3.766E-04	2.313E-02
9.585E-01	2.285E-02	3.575E-04	2.250E-02
9.595E-01	2.220E-02	3.389E-04	2.186E-02
9.605E-01	2.155E-02	3.209E-04	2.123E-02
9.615E-01	2.090E-02	3.033E-04	2.060E-02
9.625E-01	2.026E-02	2.864E-04	1.997E-02
9.635E-01	1.961E-02	2.699E-04	1.934E-02
9.645E-01	1.897E-02	2.540E-04	1.872E-02
9.655E-01	1.833E-02	2.385E-04	1.809E-02
9.665E-01	1.770E-02	2.237E-04	1.747E-02
9.675E-01	1.707E-02	2.093E-04	1.686E-02
9.685E-01	1.645E-02	1.954E-04	1.625E-02
9.695E-01	1.583E-02	1.821E-04	1.565E-02
9.705E-01	1.522E-02	1.692E-04	1.505E-02
9.715E-01	1.461E-02	1.569E-04	1.445E-02
9.725E-01	1.399E-02	1.451E-04	1.385E-02
9.735E-01	1.338E-02	1.338E-04	1.325E-02
9.745E-01	1.277E-02	1.229E-04	1.265E-02
9.755E-01	1.217E-02	1.126E-04	1.205E-02
9.765E-01	1.157E-02	1.028E-04	1.146E-02
9.775E-01	1.098E-02	9.344E-05	1.089E-02
9.785E-01	1.041E-02	8.457E-05	1.032E-02
9.795E-01	9.850E-03	7.616E-05	9.774E-03
9.805E-01	9.298E-03	6.823E-05	9.230E-03
9.815E-01	8.744E-03	6.076E-05	8.683E-03
9.825E-01	8.174E-03	5.376E-05	8.120E-03
9.835E-01	7.597E-03	4.723E-05	7.550E-03
9.845E-01	7.022E-03	4.116E-05	6.981E-03
9.855E-01	6.455E-03	3.555E-05	6.420E-03
9.865E-01	5.902E-03	3.041E-05	5.872E-03
9.875E-01	5.369E-03	2.572E-05	5.343E-03
9.885E-01	4.859E-03	2.145E-05	4.838E-03
9.895E-01	4.387E-03	1.757E-05	4.369E-03
9.905E-01	3.942E-03	1.409E-05	3.928E-03
9.915E-01	3.498E-03	1.101E-05	3.487E-03
9.925E-01	3.041E-03	8.327E-06	3.033E-03
9.935E-01	2.562E-03	6.049E-06	2.556E-03
9.945E-01	2.059E-03	4.166E-06	2.055E-03
9.955E-01	1.540E-03	2.668E-06	1.538E-03
9.965E-01	1.027E-03	1.539E-06	1.026E-03
9.975E-01	5.574E-04	7.507E-07	5.566E-04
9.985E-01	1.880E-04	2.669E-07	1.877E-04
9.995E-01	-2.761E-06	3.803E-08	-2.799E-06
