Q0 = 1.0 GeV	 Q = 5.2 GeV
x	 x*uv	 x*dv	 x*(uv-dv)
1.000E-04	5.179E-03	-5.179E-03	1.036E-02
1.009E-04	5.206E-03	-5.206E-03	1.041E-02
1.019E-04	5.234E-03	-5.234E-03	1.047E-02
1.028E-04	5.262E-03	-5.262E-03	1.052E-02
1.038E-04	5.290E-03	-5.290E-03	1.058E-02
1.047E-04	5.318E-03	-5.318E-03	1.064E-02
1.057E-04	5.347E-03	-5.347E-03	1.069E-02
1.067E-04	5.375E-03	-5.375E-03	1.075E-02
1.076E-04	5.404E-03	-5.404E-03	1.081E-02
1.086E-04	5.433E-03	-5.433E-03	1.087E-02
1.096E-04	5.462E-03	-5.462E-03	1.092E-02
1.107E-04	5.491E-03	-5.491E-03	1.098E-02
1.117E-04	5.520E-03	-5.520E-03	1.104E-02
1.127E-04	5.549E-03	-5.549E-03	1.110E-02
1.138E-04	5.579E-03	-5.579E-03	1.116E-02
1.148E-04	5.609E-03	-5.609E-03	1.122E-02
1.159E-04	5.639E-03	-5.639E-03	1.128E-02
1.169E-04	5.669E-03	-5.669E-03	1.134E-02
1.180E-04	5.699E-03	-5.699E-03	1.140E-02
1.191E-04	5.729E-03	-5.729E-03	1.146E-02
1.202E-04	5.760E-03	-5.760E-03	1.152E-02
1.213E-04	5.791E-03	-5.791E-03	1.158E-02
1.225E-04	5.821E-03	-5.821E-03	1.164E-02
1.236E-04	5.852E-03	-5.852E-03	1.170E-02
1.247E-04	5.884E-03	-5.884E-03	1.177E-02
1.259E-04	5.915E-03	-5.915E-03	1.183E-02
1.271E-04	5.946E-03	-5.946E-03	1.189E-02
1.282E-04	5.978E-03	-5.978E-03	1.196E-02
1.294E-04	6.010E-03	-6.010E-03	1.202E-02
1.306E-04	6.042E-03	-6.042E-03	1.208E-02
1.318E-04	6.074E-03	-6.074E-03	1.215E-02
1.330E-04	6.106E-03	-6.106E-03	1.221E-02
1.343E-04	6.139E-03	-6.139E-03	1.228E-02
1.355E-04	6.172E-03	-6.172E-03	1.234E-02
1.368E-04	6.205E-03	-6.205E-03	1.241E-02
1.380E-04	6.238E-03	-6.238E-03	1.248E-02
1.393E-04	6.271E-03	-6.271E-03	1.254E-02
1.406E-04	6.304E-03	-6.304E-03	1.261E-02
1.419E-04	6.338E-03	-6.338E-03	1.268E-02
1.432E-04	6.371E-03	-6.371E-03	1.274E-02
1.445E-04	6.405E-03	-6.405E-03	1.281E-02
1.459E-04	6.439E-03	-6.439E-03	1.288E-02
1.472E-04	6.474E-03	-6.474E-03	1.295E-02
1.486E-04	6.508E-03	-6.508E-03	1.302E-02
1.500E-04	6.543E-03	-6.543E-03	1.309E-02
1.514E-04	6.578E-03	-6.578E-03	1.316E-02
1.528E-04	6.613E-03	-6.613E-03	1.323E-02
1.542E-04	6.648E-03	-6.648E-03	1.330E-02
1.556E-04	6.683E-03	-6.683E-03	1.337E-02
1.570E-04	6.719E-03	-6.719E-03	1.344E-02
1.585E-04	6.755E-03	-6.755E-03	1.351E-02
1.600E-04	6.790E-03	-6.790E-03	1.358E-02
1.614E-04	6.827E-03	-6.827E-03	1.365E-02
1.629E-04	6.863E-03	-6.863E-03	1.373E-02
1.644E-04	6.899E-03	-6.899E-03	1.380E-02
1.660E-04	6.936E-03	-6.936E-03	1.387E-02
1.675E-04	6.973E-03	-6.973E-03	1.395E-02
1.690E-04	7.010E-03	-7.010E-03	1.402E-02
1.706E-04	7.047E-03	-7.047E-03	1.409E-02
1.722E-04	7.085E-03	-7.085E-03	1.417E-02
1.738E-04	7.122E-03	-7.122E-03	1.424E-02
1.754E-04	7.160E-03	-7.160E-03	1.432E-02
1.770E-04	7.198E-03	-7.198E-03	1.440E-02
1.786E-04	7.237E-03	-7.237E-03	1.447E-02
1.803E-04	7.275E-03	-7.275E-03	1.455E-02
1.820E-04	7.314E-03	-7.314E-03	1.463E-02
1.837E-04	7.353E-03	-7.353E-03	1.471E-02
1.854E-04	7.392E-03	-7.392E-03	1.478E-02
1.871E-04	7.431E-03	-7.431E-03	1.486E-02
1.888E-04	7.471E-03	-7.471E-03	1.494E-02
1.905E-04	7.510E-03	-7.510E-03	1.502E-02
1.923E-04	7.550E-03	-7.550E-03	1.510E-02
1.941E-04	7.590E-03	-7.590E-03	1.518E-02
1.959E-04	7.631E-03	-7.631E-03	1.526E-02
1.977E-04	7.671E-03	-7.671E-03	1.534E-02
1.995E-04	7.712E-03	-7.712E-03	1.542E-02
2.014E-04	7.753E-03	-7.753E-03	1.551E-02
2.032E-04	7.794E-03	-7.794E-03	1.559E-02
2.051E-04	7.835E-03	-7.835E-03	1.567E-02
2.070E-04	7.877E-03	-7.877E-03	1.575E-02
2.089E-04	7.919E-03	-7.919E-03	1.584E-02
2.109E-04	7.961E-03	-7.961E-03	1.592E-02
2.128E-04	8.003E-03	-8.003E-03	1.601E-02
2.148E-04	8.046E-03	-8.046E-03	1.609E-02
2.168E-04	8.088E-03	-8.088E-03	1.618E-02
2.188E-04	8.131E-03	-8.131E-03	1.626E-02
2.208E-04	8.175E-03	-8.175E-03	1.635E-02
2.228E-04	8.218E-03	-8.218E-03	1.644E-02
2.249E-04	8.262E-03	-8.262E-03	1.652E-02
2.270E-04	8.305E-03	-8.305E-03	1.661E-02
2.291E-04	8.350E-03	-8.350E-03	1.670E-02
2.312E-04	8.394E-03	-8.394E-03	1.679E-02
2.333E-04	8.438E-03	-8.438E-03	1.688E-02
2.355E-04	8.483E-03	-8.483E-03	1.697E-02
2.377E-04	8.528E-03	-8.528E-03	1.706E-02
2.399E-04	8.573E-03	-8.573E-03	1.715E-02
2.421E-04	8.619E-03	-8.619E-03	1.724E-02
2.443E-04	8.665E-03	-8.665E-03	1.733E-02
2.466E-04	8.711E-03	-8.711E-03	1.742E-02
2.489E-04	8.757E-03	-8.757E-03	1.751E-02
2.512E-04	8.803E-03	-8.803E-03	1.761E-02
2.535E-04	8.850E-03	-8.850E-03	1.770E-02
2.559E-04	8.897E-03	-8.897E-03	1.779E-02
2.582E-04	8.944E-03	-8.944E-03	1.789E-02
2.606E-04	8.992E-03	-8.992E-03	1.798E-02
2.630E-04	9.039E-03	-9.039E-03	1.808E-02
2.655E-04	9.087E-03	-9.087E-03	1.817E-02
2.679E-04	9.135E-03	-9.135E-03	1.827E-02
2.704E-04	9.184E-03	-9.184E-03	1.837E-02
2.729E-04	9.233E-03	-9.233E-03	1.847E-02
2.754E-04	9.282E-03	-9.282E-03	1.856E-02
2.780E-04	9.331E-03	-9.331E-03	1.866E-02
2.805E-04	9.380E-03	-9.380E-03	1.876E-02
2.831E-04	9.430E-03	-9.430E-03	1.886E-02
2.858E-04	9.480E-03	-9.480E-03	1.896E-02
2.884E-04	9.530E-03	-9.530E-03	1.906E-02
2.911E-04	9.581E-03	-9.581E-03	1.916E-02
2.938E-04	9.632E-03	-9.632E-03	1.926E-02
2.965E-04	9.683E-03	-9.683E-03	1.937E-02
2.992E-04	9.734E-03	-9.734E-03	1.947E-02
3.020E-04	9.785E-03	-9.785E-03	1.957E-02
3.048E-04	9.837E-03	-9.837E-03	1.967E-02
3.076E-04	9.889E-03	-9.889E-03	1.978E-02
3.105E-04	9.942E-03	-9.942E-03	1.988E-02
3.133E-04	9.995E-03	-9.995E-03	1.999E-02
3.162E-04	1.005E-02	-1.005E-02	2.010E-02
3.192E-04	1.010E-02	-1.010E-02	2.020E-02
3.221E-04	1.015E-02	-1.015E-02	2.031E-02
3.251E-04	1.021E-02	-1.021E-02	2.042E-02
3.281E-04	1.026E-02	-1.026E-02	2.052E-02
3.311E-04	1.032E-02	-1.032E-02	2.063E-02
3.342E-04	1.037E-02	-1.037E-02	2.074E-02
3.373E-04	1.043E-02	-1.043E-02	2.085E-02
3.404E-04	1.048E-02	-1.048E-02	2.096E-02
3.436E-04	1.054E-02	-1.054E-02	2.107E-02
3.467E-04	1.059E-02	-1.059E-02	2.119E-02
3.499E-04	1.065E-02	-1.065E-02	2.130E-02
3.532E-04	1.071E-02	-1.071E-02	2.141E-02
3.565E-04	1.076E-02	-1.076E-02	2.152E-02
3.597E-04	1.082E-02	-1.082E-02	2.164E-02
3.631E-04	1.088E-02	-1.088E-02	2.175E-02
3.664E-04	1.093E-02	-1.093E-02	2.187E-02
3.698E-04	1.099E-02	-1.099E-02	2.198E-02
3.733E-04	1.105E-02	-1.105E-02	2.210E-02
3.767E-04	1.111E-02	-1.111E-02	2.222E-02
3.802E-04	1.117E-02	-1.117E-02	2.233E-02
3.837E-04	1.123E-02	-1.123E-02	2.245E-02
3.873E-04	1.129E-02	-1.129E-02	2.257E-02
3.908E-04	1.135E-02	-1.135E-02	2.269E-02
3.945E-04	1.141E-02	-1.141E-02	2.281E-02
3.981E-04	1.147E-02	-1.147E-02	2.293E-02
4.018E-04	1.153E-02	-1.153E-02	2.305E-02
4.055E-04	1.159E-02	-1.159E-02	2.317E-02
4.093E-04	1.165E-02	-1.165E-02	2.330E-02
4.130E-04	1.171E-02	-1.171E-02	2.342E-02
4.169E-04	1.177E-02	-1.177E-02	2.354E-02
4.207E-04	1.183E-02	-1.183E-02	2.367E-02
4.246E-04	1.190E-02	-1.190E-02	2.379E-02
4.285E-04	1.196E-02	-1.196E-02	2.392E-02
4.325E-04	1.202E-02	-1.202E-02	2.405E-02
4.365E-04	1.209E-02	-1.209E-02	2.417E-02
4.406E-04	1.215E-02	-1.215E-02	2.430E-02
4.446E-04	1.221E-02	-1.221E-02	2.443E-02
4.487E-04	1.228E-02	-1.228E-02	2.456E-02
4.529E-04	1.234E-02	-1.234E-02	2.469E-02
4.571E-04	1.241E-02	-1.241E-02	2.482E-02
4.613E-04	1.248E-02	-1.248E-02	2.495E-02
4.656E-04	1.254E-02	-1.254E-02	2.508E-02
4.699E-04	1.261E-02	-1.261E-02	2.521E-02
4.742E-04	1.267E-02	-1.267E-02	2.535E-02
4.786E-04	1.274E-02	-1.274E-02	2.548E-02
4.831E-04	1.281E-02	-1.281E-02	2.562E-02
4.875E-04	1.288E-02	-1.288E-02	2.575E-02
4.920E-04	1.294E-02	-1.294E-02	2.589E-02
4.966E-04	1.301E-02	-1.301E-02	2.602E-02
5.012E-04	1.308E-02	-1.308E-02	2.616E-02
5.058E-04	1.315E-02	-1.315E-02	2.630E-02
5.105E-04	1.322E-02	-1.322E-02	2.644E-02
5.152E-04	1.329E-02	-1.329E-02	2.658E-02
5.200E-04	1.336E-02	-1.336E-02	2.672E-02
5.248E-04	1.343E-02	-1.343E-02	2.686E-02
5.297E-04	1.350E-02	-1.350E-02	2.700E-02
5.346E-04	1.357E-02	-1.357E-02	2.715E-02
5.395E-04	1.364E-02	-1.364E-02	2.729E-02
5.445E-04	1.372E-02	-1.372E-02	2.743E-02
5.495E-04	1.379E-02	-1.379E-02	2.758E-02
5.546E-04	1.386E-02	-1.386E-02	2.772E-02
5.598E-04	1.393E-02	-1.393E-02	2.787E-02
5.649E-04	1.401E-02	-1.401E-02	2.802E-02
5.702E-04	1.408E-02	-1.408E-02	2.816E-02
5.754E-04	1.416E-02	-1.416E-02	2.831E-02
5.808E-04	1.423E-02	-1.423E-02	2.846E-02
5.861E-04	1.431E-02	-1.431E-02	2.861E-02
5.916E-04	1.438E-02	-1.438E-02	2.876E-02
5.970E-04	1.446E-02	-1.446E-02	2.892E-02
6.026E-04	1.453E-02	-1.453E-02	2.907E-02
6.081E-04	1.461E-02	-1.461E-02	2.922E-02
6.138E-04	1.469E-02	-1.469E-02	2.938E-02
6.194E-04	1.477E-02	-1.477E-02	2.953E-02
6.252E-04	1.484E-02	-1.484E-02	2.969E-02
6.310E-04	1.492E-02	-1.492E-02	2.984E-02
6.368E-04	1.500E-02	-1.500E-02	3.000E-02
6.427E-04	1.508E-02	-1.508E-02	3.016E-02
6.486E-04	1.516E-02	-1.516E-02	3.032E-02
6.546E-04	1.524E-02	-1.524E-02	3.048E-02
6.607E-04	1.532E-02	-1.532E-02	3.064E-02
6.668E-04	1.540E-02	-1.540E-02	3.080E-02
6.730E-04	1.548E-02	-1.548E-02	3.096E-02
6.792E-04	1.556E-02	-1.556E-02	3.113E-02
6.855E-04	1.565E-02	-1.565E-02	3.129E-02
6.918E-04	1.573E-02	-1.573E-02	3.146E-02
6.982E-04	1.581E-02	-1.581E-02	3.162E-02
7.047E-04	1.589E-02	-1.589E-02	3.179E-02
7.112E-04	1.598E-02	-1.598E-02	3.196E-02
7.178E-04	1.606E-02	-1.606E-02	3.213E-02
7.244E-04	1.615E-02	-1.615E-02	3.229E-02
7.311E-04	1.623E-02	-1.623E-02	3.247E-02
7.379E-04	1.632E-02	-1.632E-02	3.264E-02
7.447E-04	1.640E-02	-1.640E-02	3.281E-02
7.516E-04	1.649E-02	-1.649E-02	3.298E-02
7.586E-04	1.658E-02	-1.658E-02	3.316E-02
7.656E-04	1.666E-02	-1.666E-02	3.333E-02
7.727E-04	1.675E-02	-1.675E-02	3.351E-02
7.798E-04	1.684E-02	-1.684E-02	3.368E-02
7.870E-04	1.693E-02	-1.693E-02	3.386E-02
7.943E-04	1.702E-02	-1.702E-02	3.404E-02
8.017E-04	1.711E-02	-1.711E-02	3.422E-02
8.091E-04	1.720E-02	-1.720E-02	3.440E-02
8.166E-04	1.729E-02	-1.729E-02	3.458E-02
8.241E-04	1.738E-02	-1.738E-02	3.476E-02
8.318E-04	1.747E-02	-1.747E-02	3.494E-02
8.395E-04	1.756E-02	-1.756E-02	3.513E-02
8.472E-04	1.766E-02	-1.766E-02	3.531E-02
8.551E-04	1.775E-02	-1.775E-02	3.550E-02
8.630E-04	1.784E-02	-1.784E-02	3.569E-02
8.710E-04	1.794E-02	-1.794E-02	3.587E-02
8.790E-04	1.803E-02	-1.803E-02	3.606E-02
8.872E-04	1.813E-02	-1.813E-02	3.625E-02
8.954E-04	1.822E-02	-1.822E-02	3.644E-02
9.036E-04	1.832E-02	-1.832E-02	3.664E-02
9.120E-04	1.841E-02	-1.841E-02	3.683E-02
9.204E-04	1.851E-02	-1.851E-02	3.702E-02
9.290E-04	1.861E-02	-1.861E-02	3.722E-02
9.376E-04	1.871E-02	-1.871E-02	3.741E-02
9.462E-04	1.881E-02	-1.881E-02	3.761E-02
9.550E-04	1.890E-02	-1.890E-02	3.781E-02
9.638E-04	1.900E-02	-1.900E-02	3.801E-02
9.727E-04	1.910E-02	-1.910E-02	3.821E-02
9.817E-04	1.921E-02	-1.921E-02	3.841E-02
9.908E-04	1.931E-02	-1.931E-02	3.861E-02
1.000E-03	1.941E-02	-1.941E-02	3.882E-02
1.009E-03	1.951E-02	-1.951E-02	3.902E-02
1.019E-03	1.961E-02	-1.961E-02	3.923E-02
1.028E-03	1.972E-02	-1.972E-02	3.943E-02
1.038E-03	1.982E-02	-1.982E-02	3.964E-02
1.047E-03	1.992E-02	-1.992E-02	3.985E-02
1.057E-03	2.003E-02	-2.003E-02	4.006E-02
1.067E-03	2.013E-02	-2.013E-02	4.027E-02
1.076E-03	2.024E-02	-2.024E-02	4.048E-02
1.086E-03	2.035E-02	-2.035E-02	4.069E-02
1.096E-03	2.045E-02	-2.045E-02	4.091E-02
1.107E-03	2.056E-02	-2.056E-02	4.112E-02
1.117E-03	2.067E-02	-2.067E-02	4.134E-02
1.127E-03	2.078E-02	-2.078E-02	4.156E-02
1.138E-03	2.089E-02	-2.089E-02	4.178E-02
1.148E-03	2.100E-02	-2.100E-02	4.199E-02
1.159E-03	2.111E-02	-2.111E-02	4.222E-02
1.169E-03	2.122E-02	-2.122E-02	4.244E-02
1.180E-03	2.133E-02	-2.133E-02	4.266E-02
1.191E-03	2.144E-02	-2.144E-02	4.289E-02
1.202E-03	2.156E-02	-2.156E-02	4.311E-02
1.213E-03	2.167E-02	-2.167E-02	4.334E-02
1.225E-03	2.178E-02	-2.178E-02	4.357E-02
1.236E-03	2.190E-02	-2.190E-02	4.379E-02
1.247E-03	2.201E-02	-2.201E-02	4.402E-02
1.259E-03	2.213E-02	-2.213E-02	4.426E-02
1.271E-03	2.224E-02	-2.224E-02	4.449E-02
1.282E-03	2.236E-02	-2.236E-02	4.472E-02
1.294E-03	2.248E-02	-2.248E-02	4.496E-02
1.306E-03	2.260E-02	-2.260E-02	4.519E-02
1.318E-03	2.272E-02	-2.272E-02	4.543E-02
1.330E-03	2.284E-02	-2.284E-02	4.567E-02
1.343E-03	2.296E-02	-2.296E-02	4.591E-02
1.355E-03	2.308E-02	-2.308E-02	4.615E-02
1.368E-03	2.320E-02	-2.320E-02	4.639E-02
1.380E-03	2.332E-02	-2.332E-02	4.664E-02
1.393E-03	2.344E-02	-2.344E-02	4.688E-02
1.406E-03	2.357E-02	-2.357E-02	4.713E-02
1.419E-03	2.369E-02	-2.369E-02	4.738E-02
1.432E-03	2.381E-02	-2.381E-02	4.763E-02
1.445E-03	2.394E-02	-2.394E-02	4.788E-02
1.459E-03	2.406E-02	-2.406E-02	4.813E-02
1.472E-03	2.419E-02	-2.419E-02	4.838E-02
1.486E-03	2.432E-02	-2.432E-02	4.864E-02
1.500E-03	2.445E-02	-2.445E-02	4.889E-02
1.514E-03	2.457E-02	-2.457E-02	4.915E-02
1.528E-03	2.470E-02	-2.470E-02	4.941E-02
1.542E-03	2.483E-02	-2.483E-02	4.967E-02
1.556E-03	2.496E-02	-2.496E-02	4.993E-02
1.570E-03	2.509E-02	-2.509E-02	5.019E-02
1.585E-03	2.523E-02	-2.523E-02	5.045E-02
1.600E-03	2.536E-02	-2.536E-02	5.072E-02
1.614E-03	2.549E-02	-2.549E-02	5.098E-02
1.629E-03	2.563E-02	-2.563E-02	5.125E-02
1.644E-03	2.576E-02	-2.576E-02	5.152E-02
1.660E-03	2.590E-02	-2.590E-02	5.179E-02
1.675E-03	2.603E-02	-2.603E-02	5.206E-02
1.690E-03	2.617E-02	-2.617E-02	5.234E-02
1.706E-03	2.631E-02	-2.631E-02	5.261E-02
1.722E-03	2.644E-02	-2.644E-02	5.289E-02
1.738E-03	2.658E-02	-2.658E-02	5.316E-02
1.754E-03	2.672E-02	-2.672E-02	5.344E-02
1.770E-03	2.686E-02	-2.686E-02	5.372E-02
1.786E-03	2.700E-02	-2.700E-02	5.401E-02
1.803E-03	2.715E-02	-2.715E-02	5.429E-02
1.820E-03	2.729E-02	-2.729E-02	5.458E-02
1.837E-03	2.743E-02	-2.743E-02	5.486E-02
1.854E-03	2.757E-02	-2.757E-02	5.515E-02
1.871E-03	2.772E-02	-2.772E-02	5.544E-02
1.888E-03	2.786E-02	-2.786E-02	5.573E-02
1.905E-03	2.801E-02	-2.801E-02	5.602E-02
1.923E-03	2.816E-02	-2.816E-02	5.632E-02
1.941E-03	2.831E-02	-2.831E-02	5.661E-02
1.959E-03	2.845E-02	-2.845E-02	5.691E-02
1.977E-03	2.860E-02	-2.860E-02	5.721E-02
1.995E-03	2.875E-02	-2.875E-02	5.751E-02
2.014E-03	2.890E-02	-2.890E-02	5.781E-02
2.032E-03	2.906E-02	-2.906E-02	5.811E-02
2.051E-03	2.921E-02	-2.921E-02	5.842E-02
2.070E-03	2.936E-02	-2.936E-02	5.872E-02
2.089E-03	2.952E-02	-2.952E-02	5.903E-02
2.109E-03	2.967E-02	-2.967E-02	5.934E-02
2.128E-03	2.983E-02	-2.983E-02	5.965E-02
2.148E-03	2.998E-02	-2.998E-02	5.997E-02
2.168E-03	3.014E-02	-3.014E-02	6.028E-02
2.188E-03	3.030E-02	-3.030E-02	6.060E-02
2.208E-03	3.046E-02	-3.046E-02	6.091E-02
2.228E-03	3.062E-02	-3.062E-02	6.123E-02
2.249E-03	3.078E-02	-3.078E-02	6.155E-02
2.270E-03	3.094E-02	-3.094E-02	6.188E-02
2.291E-03	3.110E-02	-3.110E-02	6.220E-02
2.312E-03	3.126E-02	-3.126E-02	6.253E-02
2.333E-03	3.143E-02	-3.143E-02	6.286E-02
2.355E-03	3.159E-02	-3.159E-02	6.318E-02
2.377E-03	3.176E-02	-3.176E-02	6.352E-02
2.399E-03	3.192E-02	-3.192E-02	6.385E-02
2.421E-03	3.209E-02	-3.209E-02	6.418E-02
2.443E-03	3.226E-02	-3.226E-02	6.452E-02
2.466E-03	3.243E-02	-3.243E-02	6.486E-02
2.489E-03	3.260E-02	-3.260E-02	6.520E-02
2.512E-03	3.277E-02	-3.277E-02	6.554E-02
2.535E-03	3.294E-02	-3.294E-02	6.588E-02
2.559E-03	3.311E-02	-3.311E-02	6.623E-02
2.582E-03	3.329E-02	-3.329E-02	6.658E-02
2.606E-03	3.346E-02	-3.346E-02	6.692E-02
2.630E-03	3.364E-02	-3.364E-02	6.728E-02
2.655E-03	3.381E-02	-3.381E-02	6.763E-02
2.679E-03	3.399E-02	-3.399E-02	6.798E-02
2.704E-03	3.417E-02	-3.417E-02	6.834E-02
2.729E-03	3.435E-02	-3.435E-02	6.870E-02
2.754E-03	3.453E-02	-3.453E-02	6.906E-02
2.780E-03	3.471E-02	-3.471E-02	6.942E-02
2.805E-03	3.489E-02	-3.489E-02	6.978E-02
2.831E-03	3.507E-02	-3.507E-02	7.015E-02
2.858E-03	3.526E-02	-3.526E-02	7.051E-02
2.884E-03	3.544E-02	-3.544E-02	7.088E-02
2.911E-03	3.563E-02	-3.563E-02	7.126E-02
2.938E-03	3.581E-02	-3.581E-02	7.163E-02
2.965E-03	3.600E-02	-3.600E-02	7.200E-02
2.992E-03	3.619E-02	-3.619E-02	7.238E-02
3.020E-03	3.638E-02	-3.638E-02	7.276E-02
3.048E-03	3.657E-02	-3.657E-02	7.314E-02
3.076E-03	3.676E-02	-3.676E-02	7.352E-02
3.105E-03	3.695E-02	-3.695E-02	7.391E-02
3.133E-03	3.715E-02	-3.715E-02	7.430E-02
3.162E-03	3.734E-02	-3.734E-02	7.468E-02
3.192E-03	3.754E-02	-3.754E-02	7.508E-02
3.221E-03	3.773E-02	-3.773E-02	7.547E-02
3.251E-03	3.793E-02	-3.793E-02	7.586E-02
3.281E-03	3.813E-02	-3.813E-02	7.626E-02
3.311E-03	3.833E-02	-3.833E-02	7.666E-02
3.342E-03	3.853E-02	-3.853E-02	7.706E-02
3.373E-03	3.873E-02	-3.873E-02	7.746E-02
3.404E-03	3.894E-02	-3.894E-02	7.787E-02
3.436E-03	3.914E-02	-3.914E-02	7.828E-02
3.467E-03	3.934E-02	-3.934E-02	7.869E-02
3.499E-03	3.955E-02	-3.955E-02	7.910E-02
3.532E-03	3.976E-02	-3.976E-02	7.951E-02
3.565E-03	3.996E-02	-3.996E-02	7.993E-02
3.597E-03	4.017E-02	-4.017E-02	8.035E-02
3.631E-03	4.038E-02	-4.038E-02	8.077E-02
3.664E-03	4.060E-02	-4.060E-02	8.119E-02
3.698E-03	4.081E-02	-4.081E-02	8.162E-02
3.733E-03	4.102E-02	-4.102E-02	8.204E-02
3.767E-03	4.124E-02	-4.124E-02	8.247E-02
3.802E-03	4.145E-02	-4.145E-02	8.290E-02
3.837E-03	4.167E-02	-4.167E-02	8.334E-02
3.873E-03	4.189E-02	-4.189E-02	8.377E-02
3.908E-03	4.211E-02	-4.211E-02	8.421E-02
3.945E-03	4.233E-02	-4.233E-02	8.465E-02
3.981E-03	4.255E-02	-4.255E-02	8.509E-02
4.018E-03	4.277E-02	-4.277E-02	8.554E-02
4.055E-03	4.299E-02	-4.299E-02	8.599E-02
4.093E-03	4.322E-02	-4.322E-02	8.644E-02
4.130E-03	4.344E-02	-4.344E-02	8.689E-02
4.169E-03	4.367E-02	-4.367E-02	8.734E-02
4.207E-03	4.390E-02	-4.390E-02	8.780E-02
4.246E-03	4.413E-02	-4.413E-02	8.826E-02
4.285E-03	4.436E-02	-4.436E-02	8.872E-02
4.325E-03	4.459E-02	-4.459E-02	8.918E-02
4.365E-03	4.482E-02	-4.482E-02	8.965E-02
4.406E-03	4.506E-02	-4.506E-02	9.012E-02
4.446E-03	4.529E-02	-4.529E-02	9.059E-02
4.487E-03	4.553E-02	-4.553E-02	9.106E-02
4.529E-03	4.577E-02	-4.577E-02	9.154E-02
4.571E-03	4.601E-02	-4.601E-02	9.202E-02
4.613E-03	4.625E-02	-4.625E-02	9.250E-02
4.656E-03	4.649E-02	-4.649E-02	9.298E-02
4.699E-03	4.673E-02	-4.673E-02	9.347E-02
4.742E-03	4.698E-02	-4.698E-02	9.396E-02
4.786E-03	4.722E-02	-4.722E-02	9.445E-02
4.831E-03	4.747E-02	-4.747E-02	9.494E-02
4.875E-03	4.772E-02	-4.772E-02	9.544E-02
4.920E-03	4.797E-02	-4.797E-02	9.593E-02
4.966E-03	4.822E-02	-4.822E-02	9.644E-02
5.012E-03	4.847E-02	-4.847E-02	9.694E-02
5.058E-03	4.872E-02	-4.872E-02	9.745E-02
5.105E-03	4.898E-02	-4.898E-02	9.795E-02
5.152E-03	4.923E-02	-4.923E-02	9.847E-02
5.200E-03	4.949E-02	-4.949E-02	9.898E-02
5.248E-03	4.975E-02	-4.975E-02	9.950E-02
5.297E-03	5.001E-02	-5.001E-02	1.000E-01
5.346E-03	5.027E-02	-5.027E-02	1.005E-01
5.395E-03	5.053E-02	-5.053E-02	1.011E-01
5.445E-03	5.080E-02	-5.080E-02	1.016E-01
5.495E-03	5.106E-02	-5.106E-02	1.021E-01
5.546E-03	5.133E-02	-5.133E-02	1.027E-01
5.598E-03	5.160E-02	-5.160E-02	1.032E-01
5.649E-03	5.187E-02	-5.187E-02	1.037E-01
5.702E-03	5.214E-02	-5.214E-02	1.043E-01
5.754E-03	5.241E-02	-5.241E-02	1.048E-01
5.808E-03	5.268E-02	-5.268E-02	1.054E-01
5.861E-03	5.296E-02	-5.296E-02	1.059E-01
5.916E-03	5.323E-02	-5.323E-02	1.065E-01
5.970E-03	5.351E-02	-5.351E-02	1.070E-01
6.026E-03	5.379E-02	-5.379E-02	1.076E-01
6.081E-03	5.407E-02	-5.407E-02	1.081E-01
6.138E-03	5.435E-02	-5.435E-02	1.087E-01
6.194E-03	5.464E-02	-5.464E-02	1.093E-01
6.252E-03	5.492E-02	-5.492E-02	1.098E-01
6.310E-03	5.521E-02	-5.521E-02	1.104E-01
6.368E-03	5.550E-02	-5.550E-02	1.110E-01
6.427E-03	5.579E-02	-5.579E-02	1.116E-01
6.486E-03	5.608E-02	-5.608E-02	1.122E-01
6.546E-03	5.637E-02	-5.637E-02	1.127E-01
6.607E-03	5.666E-02	-5.666E-02	1.133E-01
6.668E-03	5.696E-02	-5.696E-02	1.139E-01
6.730E-03	5.726E-02	-5.726E-02	1.145E-01
6.792E-03	5.755E-02	-5.755E-02	1.151E-01
6.855E-03	5.785E-02	-5.785E-02	1.157E-01
6.918E-03	5.816E-02	-5.816E-02	1.163E-01
6.982E-03	5.846E-02	-5.846E-02	1.169E-01
7.047E-03	5.876E-02	-5.876E-02	1.175E-01
7.112E-03	5.907E-02	-5.907E-02	1.181E-01
7.178E-03	5.938E-02	-5.938E-02	1.188E-01
7.244E-03	5.969E-02	-5.969E-02	1.194E-01
7.311E-03	6.000E-02	-6.000E-02	1.200E-01
7.379E-03	6.031E-02	-6.031E-02	1.206E-01
7.447E-03	6.063E-02	-6.063E-02	1.213E-01
7.516E-03	6.094E-02	-6.094E-02	1.219E-01
7.586E-03	6.126E-02	-6.126E-02	1.225E-01
7.656E-03	6.158E-02	-6.158E-02	1.232E-01
7.727E-03	6.190E-02	-6.190E-02	1.238E-01
7.798E-03	6.222E-02	-6.222E-02	1.244E-01
7.870E-03	6.255E-02	-6.255E-02	1.251E-01
7.943E-03	6.287E-02	-6.287E-02	1.257E-01
8.017E-03	6.320E-02	-6.320E-02	1.264E-01
8.091E-03	6.353E-02	-6.353E-02	1.271E-01
8.166E-03	6.386E-02	-6.386E-02	1.277E-01
8.241E-03	6.419E-02	-6.419E-02	1.284E-01
8.318E-03	6.452E-02	-6.452E-02	1.290E-01
8.395E-03	6.486E-02	-6.486E-02	1.297E-01
8.472E-03	6.520E-02	-6.520E-02	1.304E-01
8.551E-03	6.554E-02	-6.554E-02	1.311E-01
8.630E-03	6.588E-02	-6.588E-02	1.318E-01
8.710E-03	6.622E-02	-6.622E-02	1.324E-01
8.790E-03	6.657E-02	-6.657E-02	1.331E-01
8.872E-03	6.691E-02	-6.691E-02	1.338E-01
8.954E-03	6.726E-02	-6.726E-02	1.345E-01
9.036E-03	6.761E-02	-6.761E-02	1.352E-01
9.120E-03	6.796E-02	-6.796E-02	1.359E-01
9.204E-03	6.832E-02	-6.832E-02	1.366E-01
9.290E-03	6.867E-02	-6.867E-02	1.373E-01
9.376E-03	6.903E-02	-6.903E-02	1.381E-01
9.462E-03	6.939E-02	-6.939E-02	1.388E-01
9.550E-03	6.975E-02	-6.975E-02	1.395E-01
9.638E-03	7.011E-02	-7.011E-02	1.402E-01
9.727E-03	7.047E-02	-7.047E-02	1.409E-01
9.817E-03	7.084E-02	-7.084E-02	1.417E-01
9.908E-03	7.121E-02	-7.121E-02	1.424E-01
1.000E-02	7.158E-02	-7.158E-02	1.432E-01
1.009E-02	7.195E-02	-7.195E-02	1.439E-01
1.019E-02	7.233E-02	-7.233E-02	1.447E-01
1.028E-02	7.270E-02	-7.270E-02	1.454E-01
1.038E-02	7.308E-02	-7.308E-02	1.462E-01
1.047E-02	7.346E-02	-7.346E-02	1.469E-01
1.057E-02	7.384E-02	-7.384E-02	1.477E-01
1.067E-02	7.422E-02	-7.422E-02	1.484E-01
1.076E-02	7.461E-02	-7.461E-02	1.492E-01
1.086E-02	7.500E-02	-7.500E-02	1.500E-01
1.096E-02	7.539E-02	-7.539E-02	1.508E-01
1.107E-02	7.578E-02	-7.578E-02	1.516E-01
1.117E-02	7.617E-02	-7.617E-02	1.523E-01
1.127E-02	7.656E-02	-7.656E-02	1.531E-01
1.138E-02	7.696E-02	-7.696E-02	1.539E-01
1.148E-02	7.736E-02	-7.736E-02	1.547E-01
1.159E-02	7.776E-02	-7.776E-02	1.555E-01
1.169E-02	7.817E-02	-7.817E-02	1.563E-01
1.180E-02	7.857E-02	-7.857E-02	1.571E-01
1.191E-02	7.898E-02	-7.898E-02	1.580E-01
1.202E-02	7.939E-02	-7.939E-02	1.588E-01
1.213E-02	7.980E-02	-7.980E-02	1.596E-01
1.225E-02	8.021E-02	-8.021E-02	1.604E-01
1.236E-02	8.063E-02	-8.063E-02	1.613E-01
1.247E-02	8.105E-02	-8.105E-02	1.621E-01
1.259E-02	8.147E-02	-8.147E-02	1.629E-01
1.271E-02	8.189E-02	-8.189E-02	1.638E-01
1.282E-02	8.231E-02	-8.231E-02	1.646E-01
1.294E-02	8.274E-02	-8.274E-02	1.655E-01
1.306E-02	8.317E-02	-8.317E-02	1.663E-01
1.318E-02	8.360E-02	-8.360E-02	1.672E-01
1.330E-02	8.403E-02	-8.403E-02	1.681E-01
1.343E-02	8.447E-02	-8.447E-02	1.689E-01
1.355E-02	8.490E-02	-8.490E-02	1.698E-01
1.368E-02	8.534E-02	-8.534E-02	1.707E-01
1.380E-02	8.578E-02	-8.578E-02	1.716E-01
1.393E-02	8.623E-02	-8.623E-02	1.725E-01
1.406E-02	8.667E-02	-8.667E-02	1.733E-01
1.419E-02	8.712E-02	-8.712E-02	1.742E-01
1.432E-02	8.757E-02	-8.757E-02	1.751E-01
1.445E-02	8.802E-02	-8.802E-02	1.760E-01
1.459E-02	8.848E-02	-8.848E-02	1.770E-01
1.472E-02	8.894E-02	-8.894E-02	1.779E-01
1.486E-02	8.940E-02	-8.940E-02	1.788E-01
1.500E-02	8.986E-02	-8.986E-02	1.797E-01
1.514E-02	9.032E-02	-9.032E-02	1.806E-01
1.528E-02	9.079E-02	-9.079E-02	1.816E-01
1.542E-02	9.126E-02	-9.126E-02	1.825E-01
1.556E-02	9.173E-02	-9.173E-02	1.835E-01
1.570E-02	9.220E-02	-9.220E-02	1.844E-01
1.585E-02	9.268E-02	-9.268E-02	1.854E-01
1.600E-02	9.315E-02	-9.315E-02	1.863E-01
1.614E-02	9.363E-02	-9.363E-02	1.873E-01
1.629E-02	9.412E-02	-9.412E-02	1.882E-01
1.644E-02	9.460E-02	-9.460E-02	1.892E-01
1.660E-02	9.509E-02	-9.509E-02	1.902E-01
1.675E-02	9.558E-02	-9.558E-02	1.912E-01
1.690E-02	9.607E-02	-9.607E-02	1.921E-01
1.706E-02	9.657E-02	-9.657E-02	1.931E-01
1.722E-02	9.706E-02	-9.706E-02	1.941E-01
1.738E-02	9.756E-02	-9.756E-02	1.951E-01
1.754E-02	9.807E-02	-9.807E-02	1.961E-01
1.770E-02	9.857E-02	-9.857E-02	1.971E-01
1.786E-02	9.908E-02	-9.908E-02	1.982E-01
1.803E-02	9.959E-02	-9.959E-02	1.992E-01
1.820E-02	1.001E-01	-1.001E-01	2.002E-01
1.837E-02	1.006E-01	-1.006E-01	2.012E-01
1.854E-02	1.011E-01	-1.011E-01	2.023E-01
1.871E-02	1.017E-01	-1.017E-01	2.033E-01
1.888E-02	1.022E-01	-1.022E-01	2.043E-01
1.905E-02	1.027E-01	-1.027E-01	2.054E-01
1.923E-02	1.032E-01	-1.032E-01	2.064E-01
1.941E-02	1.038E-01	-1.038E-01	2.075E-01
1.959E-02	1.043E-01	-1.043E-01	2.086E-01
1.977E-02	1.048E-01	-1.048E-01	2.096E-01
1.995E-02	1.054E-01	-1.054E-01	2.107E-01
2.014E-02	1.059E-01	-1.059E-01	2.118E-01
2.032E-02	1.064E-01	-1.064E-01	2.129E-01
2.051E-02	1.070E-01	-1.070E-01	2.140E-01
2.070E-02	1.075E-01	-1.075E-01	2.151E-01
2.089E-02	1.081E-01	-1.081E-01	2.162E-01
2.109E-02	1.086E-01	-1.086E-01	2.173E-01
2.128E-02	1.092E-01	-1.092E-01	2.184E-01
2.148E-02	1.098E-01	-1.098E-01	2.195E-01
2.168E-02	1.103E-01	-1.103E-01	2.206E-01
2.188E-02	1.109E-01	-1.109E-01	2.218E-01
2.208E-02	1.114E-01	-1.114E-01	2.229E-01
2.228E-02	1.120E-01	-1.120E-01	2.240E-01
2.249E-02	1.126E-01	-1.126E-01	2.252E-01
2.270E-02	1.132E-01	-1.132E-01	2.263E-01
2.291E-02	1.137E-01	-1.137E-01	2.275E-01
2.312E-02	1.143E-01	-1.143E-01	2.286E-01
2.333E-02	1.149E-01	-1.149E-01	2.298E-01
2.355E-02	1.155E-01	-1.155E-01	2.310E-01
2.377E-02	1.161E-01	-1.161E-01	2.321E-01
2.399E-02	1.167E-01	-1.167E-01	2.333E-01
2.421E-02	1.173E-01	-1.173E-01	2.345E-01
2.443E-02	1.179E-01	-1.179E-01	2.357E-01
2.466E-02	1.185E-01	-1.185E-01	2.369E-01
2.489E-02	1.191E-01	-1.191E-01	2.381E-01
2.512E-02	1.197E-01	-1.197E-01	2.393E-01
2.535E-02	1.203E-01	-1.203E-01	2.405E-01
2.559E-02	1.209E-01	-1.209E-01	2.418E-01
2.582E-02	1.215E-01	-1.215E-01	2.430E-01
2.606E-02	1.221E-01	-1.221E-01	2.442E-01
2.630E-02	1.227E-01	-1.227E-01	2.455E-01
2.655E-02	1.233E-01	-1.233E-01	2.467E-01
2.679E-02	1.240E-01	-1.240E-01	2.479E-01
2.704E-02	1.246E-01	-1.246E-01	2.492E-01
2.729E-02	1.252E-01	-1.252E-01	2.505E-01
2.754E-02	1.259E-01	-1.259E-01	2.517E-01
2.780E-02	1.265E-01	-1.265E-01	2.530E-01
2.805E-02	1.271E-01	-1.271E-01	2.543E-01
2.831E-02	1.278E-01	-1.278E-01	2.556E-01
2.858E-02	1.284E-01	-1.284E-01	2.569E-01
2.884E-02	1.291E-01	-1.291E-01	2.582E-01
2.911E-02	1.297E-01	-1.297E-01	2.595E-01
2.938E-02	1.304E-01	-1.304E-01	2.608E-01
2.965E-02	1.310E-01	-1.310E-01	2.621E-01
2.992E-02	1.317E-01	-1.317E-01	2.634E-01
3.020E-02	1.324E-01	-1.324E-01	2.647E-01
3.048E-02	1.330E-01	-1.330E-01	2.661E-01
3.076E-02	1.337E-01	-1.337E-01	2.674E-01
3.105E-02	1.344E-01	-1.344E-01	2.687E-01
3.133E-02	1.350E-01	-1.350E-01	2.701E-01
3.162E-02	1.357E-01	-1.357E-01	2.714E-01
3.192E-02	1.364E-01	-1.364E-01	2.728E-01
3.221E-02	1.371E-01	-1.371E-01	2.742E-01
3.251E-02	1.378E-01	-1.378E-01	2.755E-01
3.281E-02	1.385E-01	-1.385E-01	2.769E-01
3.311E-02	1.391E-01	-1.391E-01	2.783E-01
3.342E-02	1.398E-01	-1.398E-01	2.797E-01
3.373E-02	1.405E-01	-1.405E-01	2.811E-01
3.404E-02	1.412E-01	-1.412E-01	2.825E-01
3.436E-02	1.419E-01	-1.419E-01	2.839E-01
3.467E-02	1.427E-01	-1.427E-01	2.853E-01
3.499E-02	1.434E-01	-1.434E-01	2.867E-01
3.532E-02	1.441E-01	-1.441E-01	2.882E-01
3.565E-02	1.448E-01	-1.448E-01	2.896E-01
3.597E-02	1.455E-01	-1.455E-01	2.910E-01
3.631E-02	1.462E-01	-1.462E-01	2.925E-01
3.664E-02	1.470E-01	-1.470E-01	2.939E-01
3.698E-02	1.477E-01	-1.477E-01	2.954E-01
3.733E-02	1.484E-01	-1.484E-01	2.968E-01
3.767E-02	1.492E-01	-1.492E-01	2.983E-01
3.802E-02	1.499E-01	-1.499E-01	2.998E-01
3.837E-02	1.506E-01	-1.506E-01	3.013E-01
3.873E-02	1.514E-01	-1.514E-01	3.028E-01
3.908E-02	1.521E-01	-1.521E-01	3.043E-01
3.945E-02	1.529E-01	-1.529E-01	3.057E-01
3.981E-02	1.536E-01	-1.536E-01	3.073E-01
4.018E-02	1.544E-01	-1.544E-01	3.088E-01
4.055E-02	1.551E-01	-1.551E-01	3.103E-01
4.093E-02	1.559E-01	-1.559E-01	3.118E-01
4.130E-02	1.567E-01	-1.567E-01	3.133E-01
4.169E-02	1.574E-01	-1.574E-01	3.149E-01
4.207E-02	1.582E-01	-1.582E-01	3.164E-01
4.246E-02	1.590E-01	-1.590E-01	3.180E-01
4.285E-02	1.598E-01	-1.598E-01	3.195E-01
4.325E-02	1.605E-01	-1.605E-01	3.211E-01
4.365E-02	1.613E-01	-1.613E-01	3.226E-01
4.406E-02	1.621E-01	-1.621E-01	3.242E-01
4.446E-02	1.629E-01	-1.629E-01	3.258E-01
4.487E-02	1.637E-01	-1.637E-01	3.274E-01
4.529E-02	1.645E-01	-1.645E-01	3.290E-01
4.571E-02	1.653E-01	-1.653E-01	3.306E-01
4.613E-02	1.661E-01	-1.661E-01	3.322E-01
4.656E-02	1.669E-01	-1.669E-01	3.338E-01
4.699E-02	1.677E-01	-1.677E-01	3.354E-01
4.742E-02	1.685E-01	-1.685E-01	3.370E-01
4.786E-02	1.693E-01	-1.693E-01	3.386E-01
4.831E-02	1.701E-01	-1.701E-01	3.402E-01
4.875E-02	1.709E-01	-1.709E-01	3.419E-01
4.920E-02	1.718E-01	-1.718E-01	3.435E-01
4.966E-02	1.726E-01	-1.726E-01	3.452E-01
5.012E-02	1.734E-01	-1.734E-01	3.468E-01
5.058E-02	1.742E-01	-1.742E-01	3.485E-01
5.105E-02	1.751E-01	-1.751E-01	3.501E-01
5.152E-02	1.759E-01	-1.759E-01	3.518E-01
5.200E-02	1.767E-01	-1.767E-01	3.535E-01
5.248E-02	1.776E-01	-1.776E-01	3.552E-01
5.297E-02	1.784E-01	-1.784E-01	3.569E-01
5.346E-02	1.793E-01	-1.793E-01	3.586E-01
5.395E-02	1.801E-01	-1.801E-01	3.603E-01
5.445E-02	1.810E-01	-1.810E-01	3.620E-01
5.495E-02	1.818E-01	-1.818E-01	3.637E-01
5.546E-02	1.827E-01	-1.827E-01	3.654E-01
5.598E-02	1.836E-01	-1.836E-01	3.671E-01
5.649E-02	1.844E-01	-1.844E-01	3.688E-01
5.702E-02	1.853E-01	-1.853E-01	3.706E-01
5.754E-02	1.861E-01	-1.861E-01	3.723E-01
5.808E-02	1.870E-01	-1.870E-01	3.740E-01
5.861E-02	1.879E-01	-1.879E-01	3.758E-01
5.916E-02	1.888E-01	-1.888E-01	3.775E-01
5.970E-02	1.896E-01	-1.896E-01	3.793E-01
6.026E-02	1.905E-01	-1.905E-01	3.811E-01
6.081E-02	1.914E-01	-1.914E-01	3.828E-01
6.138E-02	1.923E-01	-1.923E-01	3.846E-01
6.194E-02	1.932E-01	-1.932E-01	3.864E-01
6.252E-02	1.941E-01	-1.941E-01	3.881E-01
6.310E-02	1.950E-01	-1.950E-01	3.899E-01
6.368E-02	1.959E-01	-1.959E-01	3.917E-01
6.427E-02	1.968E-01	-1.968E-01	3.935E-01
6.486E-02	1.977E-01	-1.977E-01	3.953E-01
6.546E-02	1.986E-01	-1.986E-01	3.971E-01
6.607E-02	1.995E-01	-1.995E-01	3.989E-01
6.668E-02	2.004E-01	-2.004E-01	4.007E-01
6.730E-02	2.013E-01	-2.013E-01	4.026E-01
6.792E-02	2.022E-01	-2.022E-01	4.044E-01
6.855E-02	2.031E-01	-2.031E-01	4.062E-01
6.918E-02	2.040E-01	-2.040E-01	4.080E-01
6.982E-02	2.049E-01	-2.049E-01	4.099E-01
7.047E-02	2.059E-01	-2.059E-01	4.117E-01
7.112E-02	2.068E-01	-2.068E-01	4.136E-01
7.178E-02	2.077E-01	-2.077E-01	4.154E-01
7.244E-02	2.086E-01	-2.086E-01	4.173E-01
7.311E-02	2.096E-01	-2.096E-01	4.191E-01
7.379E-02	2.105E-01	-2.105E-01	4.210E-01
7.447E-02	2.114E-01	-2.114E-01	4.228E-01
7.516E-02	2.123E-01	-2.123E-01	4.247E-01
7.586E-02	2.133E-01	-2.133E-01	4.266E-01
7.656E-02	2.142E-01	-2.142E-01	4.284E-01
7.727E-02	2.151E-01	-2.151E-01	4.303E-01
7.798E-02	2.161E-01	-2.161E-01	4.322E-01
7.870E-02	2.170E-01	-2.170E-01	4.341E-01
7.943E-02	2.180E-01	-2.180E-01	4.359E-01
8.017E-02	2.189E-01	-2.189E-01	4.378E-01
8.091E-02	2.199E-01	-2.199E-01	4.397E-01
8.166E-02	2.208E-01	-2.208E-01	4.416E-01
8.241E-02	2.217E-01	-2.217E-01	4.435E-01
8.318E-02	2.227E-01	-2.227E-01	4.454E-01
8.395E-02	2.236E-01	-2.236E-01	4.473E-01
8.472E-02	2.246E-01	-2.246E-01	4.492E-01
8.551E-02	2.255E-01	-2.255E-01	4.511E-01
8.630E-02	2.265E-01	-2.265E-01	4.530E-01
8.710E-02	2.274E-01	-2.274E-01	4.549E-01
8.790E-02	2.284E-01	-2.284E-01	4.568E-01
8.872E-02	2.293E-01	-2.293E-01	4.587E-01
8.954E-02	2.303E-01	-2.303E-01	4.606E-01
9.036E-02	2.313E-01	-2.313E-01	4.625E-01
9.120E-02	2.322E-01	-2.322E-01	4.644E-01
9.204E-02	2.332E-01	-2.332E-01	4.663E-01
9.290E-02	2.341E-01	-2.341E-01	4.682E-01
9.376E-02	2.351E-01	-2.351E-01	4.702E-01
9.462E-02	2.360E-01	-2.360E-01	4.721E-01
9.550E-02	2.370E-01	-2.370E-01	4.740E-01
9.638E-02	2.379E-01	-2.379E-01	4.759E-01
9.727E-02	2.389E-01	-2.389E-01	4.778E-01
9.817E-02	2.399E-01	-2.399E-01	4.797E-01
9.908E-02	2.408E-01	-2.408E-01	4.816E-01
1.000E-01	2.418E-01	-2.418E-01	4.835E-01
1.009E-01	2.427E-01	-2.427E-01	4.854E-01
1.019E-01	2.437E-01	-2.437E-01	4.873E-01
1.028E-01	2.446E-01	-2.446E-01	4.893E-01
1.038E-01	2.456E-01	-2.456E-01	4.912E-01
1.047E-01	2.465E-01	-2.465E-01	4.931E-01
1.057E-01	2.475E-01	-2.475E-01	4.950E-01
1.067E-01	2.484E-01	-2.484E-01	4.969E-01
1.076E-01	2.494E-01	-2.494E-01	4.988E-01
1.086E-01	2.503E-01	-2.503E-01	5.006E-01
1.096E-01	2.513E-01	-2.513E-01	5.025E-01
1.107E-01	2.522E-01	-2.522E-01	5.044E-01
1.117E-01	2.532E-01	-2.532E-01	5.063E-01
1.127E-01	2.541E-01	-2.541E-01	5.082E-01
1.138E-01	2.550E-01	-2.550E-01	5.101E-01
1.148E-01	2.560E-01	-2.560E-01	5.119E-01
1.159E-01	2.569E-01	-2.569E-01	5.138E-01
1.169E-01	2.578E-01	-2.578E-01	5.157E-01
1.180E-01	2.588E-01	-2.588E-01	5.175E-01
1.191E-01	2.597E-01	-2.597E-01	5.194E-01
1.202E-01	2.606E-01	-2.606E-01	5.212E-01
1.213E-01	2.615E-01	-2.615E-01	5.231E-01
1.225E-01	2.625E-01	-2.625E-01	5.249E-01
1.236E-01	2.634E-01	-2.634E-01	5.268E-01
1.247E-01	2.643E-01	-2.643E-01	5.286E-01
1.259E-01	2.652E-01	-2.652E-01	5.304E-01
1.271E-01	2.661E-01	-2.661E-01	5.322E-01
1.282E-01	2.670E-01	-2.670E-01	5.340E-01
1.294E-01	2.679E-01	-2.679E-01	5.358E-01
1.306E-01	2.688E-01	-2.688E-01	5.376E-01
1.318E-01	2.697E-01	-2.697E-01	5.394E-01
1.330E-01	2.706E-01	-2.706E-01	5.412E-01
1.343E-01	2.715E-01	-2.715E-01	5.430E-01
1.355E-01	2.724E-01	-2.724E-01	5.447E-01
1.368E-01	2.732E-01	-2.732E-01	5.465E-01
1.380E-01	2.741E-01	-2.741E-01	5.482E-01
1.393E-01	2.750E-01	-2.750E-01	5.500E-01
1.406E-01	2.758E-01	-2.758E-01	5.517E-01
1.419E-01	2.767E-01	-2.767E-01	5.534E-01
1.432E-01	2.775E-01	-2.775E-01	5.551E-01
1.445E-01	2.784E-01	-2.784E-01	5.568E-01
1.459E-01	2.792E-01	-2.792E-01	5.585E-01
1.472E-01	2.801E-01	-2.801E-01	5.601E-01
1.486E-01	2.809E-01	-2.809E-01	5.618E-01
1.500E-01	2.817E-01	-2.817E-01	5.634E-01
1.514E-01	2.825E-01	-2.825E-01	5.650E-01
1.528E-01	2.833E-01	-2.833E-01	5.667E-01
1.542E-01	2.841E-01	-2.841E-01	5.683E-01
1.556E-01	2.849E-01	-2.849E-01	5.698E-01
1.570E-01	2.857E-01	-2.857E-01	5.714E-01
1.585E-01	2.865E-01	-2.865E-01	5.730E-01
1.600E-01	2.873E-01	-2.873E-01	5.745E-01
1.614E-01	2.880E-01	-2.880E-01	5.760E-01
1.629E-01	2.888E-01	-2.888E-01	5.776E-01
1.644E-01	2.895E-01	-2.895E-01	5.791E-01
1.660E-01	2.903E-01	-2.903E-01	5.805E-01
1.675E-01	2.910E-01	-2.910E-01	5.820E-01
1.690E-01	2.917E-01	-2.917E-01	5.834E-01
1.706E-01	2.924E-01	-2.924E-01	5.849E-01
1.722E-01	2.931E-01	-2.931E-01	5.863E-01
1.738E-01	2.938E-01	-2.938E-01	5.877E-01
1.754E-01	2.945E-01	-2.945E-01	5.890E-01
1.770E-01	2.952E-01	-2.952E-01	5.904E-01
1.786E-01	2.958E-01	-2.958E-01	5.917E-01
1.803E-01	2.965E-01	-2.965E-01	5.930E-01
1.820E-01	2.971E-01	-2.971E-01	5.943E-01
1.837E-01	2.978E-01	-2.978E-01	5.956E-01
1.854E-01	2.984E-01	-2.984E-01	5.968E-01
1.871E-01	2.990E-01	-2.990E-01	5.980E-01
1.888E-01	2.996E-01	-2.996E-01	5.992E-01
1.905E-01	3.002E-01	-3.002E-01	6.004E-01
1.923E-01	3.008E-01	-3.008E-01	6.015E-01
1.941E-01	3.013E-01	-3.013E-01	6.027E-01
1.959E-01	3.019E-01	-3.019E-01	6.038E-01
1.977E-01	3.024E-01	-3.024E-01	6.048E-01
1.995E-01	3.029E-01	-3.029E-01	6.059E-01
2.014E-01	3.034E-01	-3.034E-01	6.069E-01
2.032E-01	3.039E-01	-3.039E-01	6.079E-01
2.051E-01	3.044E-01	-3.044E-01	6.089E-01
2.070E-01	3.049E-01	-3.049E-01	6.098E-01
2.089E-01	3.053E-01	-3.053E-01	6.107E-01
2.109E-01	3.058E-01	-3.058E-01	6.116E-01
2.128E-01	3.062E-01	-3.062E-01	6.124E-01
2.148E-01	3.066E-01	-3.066E-01	6.132E-01
2.168E-01	3.070E-01	-3.070E-01	6.140E-01
2.188E-01	3.074E-01	-3.074E-01	6.148E-01
2.208E-01	3.078E-01	-3.078E-01	6.155E-01
2.228E-01	3.081E-01	-3.081E-01	6.162E-01
2.249E-01	3.084E-01	-3.084E-01	6.169E-01
2.270E-01	3.087E-01	-3.087E-01	6.175E-01
2.291E-01	3.090E-01	-3.090E-01	6.181E-01
2.312E-01	3.093E-01	-3.093E-01	6.186E-01
2.333E-01	3.096E-01	-3.096E-01	6.191E-01
2.355E-01	3.098E-01	-3.098E-01	6.196E-01
2.377E-01	3.100E-01	-3.100E-01	6.201E-01
2.399E-01	3.102E-01	-3.102E-01	6.205E-01
2.421E-01	3.104E-01	-3.104E-01	6.209E-01
2.443E-01	3.106E-01	-3.106E-01	6.212E-01
2.466E-01	3.107E-01	-3.107E-01	6.215E-01
2.489E-01	3.109E-01	-3.109E-01	6.217E-01
2.512E-01	3.110E-01	-3.110E-01	6.219E-01
2.535E-01	3.111E-01	-3.111E-01	6.221E-01
2.559E-01	3.111E-01	-3.111E-01	6.223E-01
2.582E-01	3.112E-01	-3.112E-01	6.223E-01
2.606E-01	3.112E-01	-3.112E-01	6.224E-01
2.630E-01	3.112E-01	-3.112E-01	6.224E-01
2.655E-01	3.112E-01	-3.112E-01	6.224E-01
2.679E-01	3.111E-01	-3.111E-01	6.223E-01
2.704E-01	3.111E-01	-3.111E-01	6.221E-01
2.729E-01	3.110E-01	-3.110E-01	6.220E-01
2.754E-01	3.109E-01	-3.109E-01	6.217E-01
2.780E-01	3.107E-01	-3.107E-01	6.215E-01
2.805E-01	3.106E-01	-3.106E-01	6.211E-01
2.831E-01	3.104E-01	-3.104E-01	6.208E-01
2.858E-01	3.102E-01	-3.102E-01	6.204E-01
2.884E-01	3.100E-01	-3.100E-01	6.199E-01
2.911E-01	3.097E-01	-3.097E-01	6.194E-01
2.938E-01	3.094E-01	-3.094E-01	6.188E-01
2.965E-01	3.091E-01	-3.091E-01	6.182E-01
2.992E-01	3.088E-01	-3.088E-01	6.175E-01
3.020E-01	3.084E-01	-3.084E-01	6.168E-01
3.048E-01	3.080E-01	-3.080E-01	6.160E-01
3.076E-01	3.076E-01	-3.076E-01	6.152E-01
3.105E-01	3.072E-01	-3.072E-01	6.143E-01
3.133E-01	3.067E-01	-3.067E-01	6.134E-01
3.162E-01	3.062E-01	-3.062E-01	6.124E-01
3.192E-01	3.057E-01	-3.057E-01	6.113E-01
3.221E-01	3.051E-01	-3.051E-01	6.102E-01
3.251E-01	3.045E-01	-3.045E-01	6.091E-01
3.281E-01	3.039E-01	-3.039E-01	6.078E-01
3.311E-01	3.033E-01	-3.033E-01	6.066E-01
3.342E-01	3.026E-01	-3.026E-01	6.052E-01
3.373E-01	3.019E-01	-3.019E-01	6.038E-01
3.404E-01	3.012E-01	-3.012E-01	6.023E-01
3.436E-01	3.004E-01	-3.004E-01	6.008E-01
3.467E-01	2.996E-01	-2.996E-01	5.992E-01
3.499E-01	2.988E-01	-2.988E-01	5.976E-01
3.532E-01	2.979E-01	-2.979E-01	5.958E-01
3.565E-01	2.970E-01	-2.970E-01	5.941E-01
3.597E-01	2.961E-01	-2.961E-01	5.922E-01
3.631E-01	2.952E-01	-2.952E-01	5.903E-01
3.664E-01	2.942E-01	-2.942E-01	5.883E-01
3.698E-01	2.931E-01	-2.931E-01	5.863E-01
3.733E-01	2.921E-01	-2.921E-01	5.842E-01
3.767E-01	2.910E-01	-2.910E-01	5.820E-01
3.802E-01	2.899E-01	-2.899E-01	5.798E-01
3.837E-01	2.887E-01	-2.887E-01	5.774E-01
3.873E-01	2.875E-01	-2.875E-01	5.751E-01
3.908E-01	2.863E-01	-2.863E-01	5.726E-01
3.945E-01	2.850E-01	-2.850E-01	5.701E-01
3.981E-01	2.837E-01	-2.837E-01	5.675E-01
4.018E-01	2.824E-01	-2.824E-01	5.648E-01
4.055E-01	2.810E-01	-2.810E-01	5.621E-01
4.093E-01	2.796E-01	-2.796E-01	5.592E-01
4.130E-01	2.782E-01	-2.782E-01	5.564E-01
4.169E-01	2.767E-01	-2.767E-01	5.534E-01
4.207E-01	2.752E-01	-2.752E-01	5.504E-01
4.246E-01	2.736E-01	-2.736E-01	5.472E-01
4.285E-01	2.720E-01	-2.720E-01	5.441E-01
4.325E-01	2.704E-01	-2.704E-01	5.408E-01
4.365E-01	2.687E-01	-2.687E-01	5.375E-01
4.406E-01	2.670E-01	-2.670E-01	5.340E-01
4.446E-01	2.653E-01	-2.653E-01	5.305E-01
4.487E-01	2.635E-01	-2.635E-01	5.270E-01
4.529E-01	2.617E-01	-2.617E-01	5.233E-01
4.571E-01	2.598E-01	-2.598E-01	5.196E-01
4.613E-01	2.579E-01	-2.579E-01	5.158E-01
4.656E-01	2.559E-01	-2.559E-01	5.119E-01
4.699E-01	2.540E-01	-2.540E-01	5.079E-01
4.742E-01	2.519E-01	-2.519E-01	5.039E-01
4.786E-01	2.499E-01	-2.499E-01	4.997E-01
4.831E-01	2.478E-01	-2.478E-01	4.955E-01
4.875E-01	2.456E-01	-2.456E-01	4.912E-01
4.920E-01	2.434E-01	-2.434E-01	4.868E-01
4.966E-01	2.412E-01	-2.412E-01	4.824E-01
5.012E-01	2.389E-01	-2.389E-01	4.778E-01
5.058E-01	2.366E-01	-2.366E-01	4.732E-01
5.105E-01	2.343E-01	-2.343E-01	4.685E-01
5.152E-01	2.319E-01	-2.319E-01	4.637E-01
5.200E-01	2.294E-01	-2.294E-01	4.588E-01
5.248E-01	2.269E-01	-2.269E-01	4.539E-01
5.297E-01	2.244E-01	-2.244E-01	4.489E-01
5.346E-01	2.219E-01	-2.219E-01	4.437E-01
5.395E-01	2.193E-01	-2.193E-01	4.385E-01
5.445E-01	2.166E-01	-2.166E-01	4.332E-01
5.495E-01	2.139E-01	-2.139E-01	4.279E-01
5.546E-01	2.112E-01	-2.112E-01	4.224E-01
5.598E-01	2.084E-01	-2.084E-01	4.169E-01
5.649E-01	2.056E-01	-2.056E-01	4.112E-01
5.702E-01	2.028E-01	-2.028E-01	4.055E-01
5.754E-01	1.999E-01	-1.999E-01	3.997E-01
5.808E-01	1.969E-01	-1.969E-01	3.939E-01
5.861E-01	1.940E-01	-1.940E-01	3.879E-01
5.916E-01	1.909E-01	-1.909E-01	3.819E-01
5.970E-01	1.879E-01	-1.879E-01	3.758E-01
6.026E-01	1.848E-01	-1.848E-01	3.696E-01
6.081E-01	1.817E-01	-1.817E-01	3.633E-01
6.138E-01	1.785E-01	-1.785E-01	3.570E-01
6.194E-01	1.753E-01	-1.753E-01	3.505E-01
6.252E-01	1.720E-01	-1.720E-01	3.440E-01
6.310E-01	1.687E-01	-1.687E-01	3.374E-01
6.368E-01	1.654E-01	-1.654E-01	3.308E-01
6.427E-01	1.620E-01	-1.620E-01	3.241E-01
6.486E-01	1.586E-01	-1.586E-01	3.173E-01
6.546E-01	1.552E-01	-1.552E-01	3.104E-01
6.607E-01	1.517E-01	-1.517E-01	3.035E-01
6.668E-01	1.482E-01	-1.482E-01	2.964E-01
6.730E-01	1.447E-01	-1.447E-01	2.894E-01
6.792E-01	1.411E-01	-1.411E-01	2.822E-01
6.855E-01	1.375E-01	-1.375E-01	2.750E-01
6.918E-01	1.339E-01	-1.339E-01	2.678E-01
6.982E-01	1.302E-01	-1.302E-01	2.605E-01
7.047E-01	1.266E-01	-1.266E-01	2.531E-01
7.112E-01	1.229E-01	-1.229E-01	2.457E-01
7.178E-01	1.191E-01	-1.191E-01	2.383E-01
7.244E-01	1.154E-01	-1.154E-01	2.308E-01
7.311E-01	1.116E-01	-1.116E-01	2.232E-01
7.379E-01	1.078E-01	-1.078E-01	2.156E-01
7.447E-01	1.040E-01	-1.040E-01	2.080E-01
7.516E-01	1.002E-01	-1.002E-01	2.004E-01
7.586E-01	9.636E-02	-9.636E-02	1.927E-01
7.656E-01	9.252E-02	-9.252E-02	1.850E-01
7.727E-01	8.868E-02	-8.868E-02	1.774E-01
7.798E-01	8.482E-02	-8.482E-02	1.696E-01
7.870E-01	8.097E-02	-8.097E-02	1.619E-01
7.943E-01	7.712E-02	-7.712E-02	1.542E-01
8.017E-01	7.328E-02	-7.328E-02	1.466E-01
8.091E-01	6.944E-02	-6.944E-02	1.389E-01
8.166E-01	6.562E-02	-6.562E-02	1.312E-01
8.241E-01	6.182E-02	-6.182E-02	1.236E-01
8.318E-01	5.803E-02	-5.803E-02	1.161E-01
8.395E-01	5.428E-02	-5.428E-02	1.086E-01
8.472E-01	5.055E-02	-5.055E-02	1.011E-01
8.551E-01	4.687E-02	-4.687E-02	9.373E-02
8.630E-01	4.322E-02	-4.322E-02	8.644E-02
8.710E-01	3.963E-02	-3.963E-02	7.925E-02
8.790E-01	3.609E-02	-3.609E-02	7.217E-02
8.872E-01	3.261E-02	-3.261E-02	6.523E-02
8.954E-01	2.921E-02	-2.921E-02	5.843E-02
9.036E-01	2.589E-02	-2.589E-02	5.179E-02
9.120E-01	2.267E-02	-2.267E-02	4.534E-02
9.204E-01	1.955E-02	-1.955E-02	3.910E-02
9.290E-01	1.655E-02	-1.655E-02	3.310E-02
9.376E-01	1.368E-02	-1.368E-02	2.736E-02
9.462E-01	1.097E-02	-1.097E-02	2.193E-02
9.550E-01	8.428E-03	-8.428E-03	1.686E-02
9.638E-01	6.093E-03	-6.093E-03	1.219E-02
9.727E-01	4.000E-03	-4.000E-03	7.999E-03
9.817E-01	2.199E-03	-2.199E-03	4.398E-03
9.908E-01	7.897E-04	-7.897E-04	1.579E-03
