Q0 = 1.087 GeV	 Q = 5.200 GeV
x	 x*uv	 x*dv	 x*(uv-dv)
1.000E-04	6.834E-03	-6.834E-03	1.367E-02
1.009E-04	6.866E-03	-6.866E-03	1.373E-02
1.019E-04	6.897E-03	-6.897E-03	1.379E-02
1.028E-04	6.929E-03	-6.929E-03	1.386E-02
1.038E-04	6.961E-03	-6.961E-03	1.392E-02
1.047E-04	6.993E-03	-6.993E-03	1.399E-02
1.057E-04	7.025E-03	-7.025E-03	1.405E-02
1.067E-04	7.057E-03	-7.057E-03	1.411E-02
1.076E-04	7.089E-03	-7.089E-03	1.418E-02
1.086E-04	7.122E-03	-7.122E-03	1.424E-02
1.096E-04	7.154E-03	-7.154E-03	1.431E-02
1.107E-04	7.187E-03	-7.187E-03	1.437E-02
1.117E-04	7.220E-03	-7.220E-03	1.444E-02
1.127E-04	7.253E-03	-7.253E-03	1.451E-02
1.138E-04	7.286E-03	-7.286E-03	1.457E-02
1.148E-04	7.320E-03	-7.320E-03	1.464E-02
1.159E-04	7.353E-03	-7.353E-03	1.471E-02
1.169E-04	7.387E-03	-7.387E-03	1.477E-02
1.180E-04	7.421E-03	-7.421E-03	1.484E-02
1.191E-04	7.455E-03	-7.455E-03	1.491E-02
1.202E-04	7.489E-03	-7.489E-03	1.498E-02
1.213E-04	7.524E-03	-7.524E-03	1.505E-02
1.225E-04	7.558E-03	-7.558E-03	1.512E-02
1.236E-04	7.593E-03	-7.593E-03	1.519E-02
1.247E-04	7.628E-03	-7.628E-03	1.526E-02
1.259E-04	7.663E-03	-7.663E-03	1.533E-02
1.271E-04	7.698E-03	-7.698E-03	1.540E-02
1.282E-04	7.733E-03	-7.733E-03	1.547E-02
1.294E-04	7.768E-03	-7.768E-03	1.554E-02
1.306E-04	7.804E-03	-7.804E-03	1.561E-02
1.318E-04	7.840E-03	-7.840E-03	1.568E-02
1.330E-04	7.876E-03	-7.876E-03	1.575E-02
1.343E-04	7.912E-03	-7.912E-03	1.582E-02
1.355E-04	7.948E-03	-7.948E-03	1.590E-02
1.368E-04	7.985E-03	-7.985E-03	1.597E-02
1.380E-04	8.021E-03	-8.021E-03	1.604E-02
1.393E-04	8.058E-03	-8.058E-03	1.612E-02
1.406E-04	8.095E-03	-8.095E-03	1.619E-02
1.419E-04	8.132E-03	-8.132E-03	1.626E-02
1.432E-04	8.169E-03	-8.169E-03	1.634E-02
1.445E-04	8.207E-03	-8.207E-03	1.641E-02
1.459E-04	8.245E-03	-8.245E-03	1.649E-02
1.472E-04	8.282E-03	-8.282E-03	1.656E-02
1.486E-04	8.320E-03	-8.320E-03	1.664E-02
1.500E-04	8.358E-03	-8.358E-03	1.672E-02
1.514E-04	8.397E-03	-8.397E-03	1.679E-02
1.528E-04	8.435E-03	-8.435E-03	1.687E-02
1.542E-04	8.474E-03	-8.474E-03	1.695E-02
1.556E-04	8.513E-03	-8.513E-03	1.703E-02
1.570E-04	8.552E-03	-8.552E-03	1.710E-02
1.585E-04	8.591E-03	-8.591E-03	1.718E-02
1.600E-04	8.630E-03	-8.630E-03	1.726E-02
1.614E-04	8.670E-03	-8.670E-03	1.734E-02
1.629E-04	8.710E-03	-8.710E-03	1.742E-02
1.644E-04	8.750E-03	-8.750E-03	1.750E-02
1.660E-04	8.790E-03	-8.790E-03	1.758E-02
1.675E-04	8.830E-03	-8.830E-03	1.766E-02
1.690E-04	8.871E-03	-8.871E-03	1.774E-02
1.706E-04	8.911E-03	-8.911E-03	1.782E-02
1.722E-04	8.952E-03	-8.952E-03	1.790E-02
1.738E-04	8.993E-03	-8.993E-03	1.799E-02
1.754E-04	9.034E-03	-9.034E-03	1.807E-02
1.770E-04	9.076E-03	-9.076E-03	1.815E-02
1.786E-04	9.118E-03	-9.118E-03	1.824E-02
1.803E-04	9.159E-03	-9.159E-03	1.832E-02
1.820E-04	9.201E-03	-9.201E-03	1.840E-02
1.837E-04	9.244E-03	-9.244E-03	1.849E-02
1.854E-04	9.286E-03	-9.286E-03	1.857E-02
1.871E-04	9.328E-03	-9.328E-03	1.866E-02
1.888E-04	9.371E-03	-9.371E-03	1.874E-02
1.905E-04	9.414E-03	-9.414E-03	1.883E-02
1.923E-04	9.457E-03	-9.457E-03	1.891E-02
1.941E-04	9.501E-03	-9.501E-03	1.900E-02
1.959E-04	9.544E-03	-9.544E-03	1.909E-02
1.977E-04	9.588E-03	-9.588E-03	1.918E-02
1.995E-04	9.632E-03	-9.632E-03	1.926E-02
2.014E-04	9.676E-03	-9.676E-03	1.935E-02
2.032E-04	9.721E-03	-9.721E-03	1.944E-02
2.051E-04	9.765E-03	-9.765E-03	1.953E-02
2.070E-04	9.810E-03	-9.810E-03	1.962E-02
2.089E-04	9.855E-03	-9.855E-03	1.971E-02
2.109E-04	9.900E-03	-9.900E-03	1.980E-02
2.128E-04	9.946E-03	-9.946E-03	1.989E-02
2.148E-04	9.991E-03	-9.991E-03	1.998E-02
2.168E-04	1.004E-02	-1.004E-02	2.007E-02
2.188E-04	1.008E-02	-1.008E-02	2.017E-02
2.208E-04	1.013E-02	-1.013E-02	2.026E-02
2.228E-04	1.018E-02	-1.018E-02	2.035E-02
2.249E-04	1.022E-02	-1.022E-02	2.044E-02
2.270E-04	1.027E-02	-1.027E-02	2.054E-02
2.291E-04	1.032E-02	-1.032E-02	2.063E-02
2.312E-04	1.036E-02	-1.036E-02	2.073E-02
2.333E-04	1.041E-02	-1.041E-02	2.082E-02
2.355E-04	1.046E-02	-1.046E-02	2.092E-02
2.377E-04	1.051E-02	-1.051E-02	2.101E-02
2.399E-04	1.056E-02	-1.056E-02	2.111E-02
2.421E-04	1.060E-02	-1.060E-02	2.121E-02
2.443E-04	1.065E-02	-1.065E-02	2.130E-02
2.466E-04	1.070E-02	-1.070E-02	2.140E-02
2.489E-04	1.075E-02	-1.075E-02	2.150E-02
2.512E-04	1.080E-02	-1.080E-02	2.160E-02
2.535E-04	1.085E-02	-1.085E-02	2.170E-02
2.559E-04	1.090E-02	-1.090E-02	2.180E-02
2.582E-04	1.095E-02	-1.095E-02	2.190E-02
2.606E-04	1.100E-02	-1.100E-02	2.200E-02
2.630E-04	1.105E-02	-1.105E-02	2.210E-02
2.655E-04	1.110E-02	-1.110E-02	2.220E-02
2.679E-04	1.115E-02	-1.115E-02	2.230E-02
2.704E-04	1.120E-02	-1.120E-02	2.240E-02
2.729E-04	1.125E-02	-1.125E-02	2.251E-02
2.754E-04	1.130E-02	-1.130E-02	2.261E-02
2.780E-04	1.136E-02	-1.136E-02	2.271E-02
2.805E-04	1.141E-02	-1.141E-02	2.282E-02
2.831E-04	1.146E-02	-1.146E-02	2.292E-02
2.858E-04	1.151E-02	-1.151E-02	2.303E-02
2.884E-04	1.157E-02	-1.157E-02	2.313E-02
2.911E-04	1.162E-02	-1.162E-02	2.324E-02
2.938E-04	1.167E-02	-1.167E-02	2.335E-02
2.965E-04	1.173E-02	-1.173E-02	2.345E-02
2.992E-04	1.178E-02	-1.178E-02	2.356E-02
3.020E-04	1.183E-02	-1.183E-02	2.367E-02
3.048E-04	1.189E-02	-1.189E-02	2.378E-02
3.076E-04	1.194E-02	-1.194E-02	2.389E-02
3.105E-04	1.200E-02	-1.200E-02	2.400E-02
3.133E-04	1.205E-02	-1.205E-02	2.411E-02
3.162E-04	1.211E-02	-1.211E-02	2.422E-02
3.192E-04	1.216E-02	-1.216E-02	2.433E-02
3.221E-04	1.222E-02	-1.222E-02	2.444E-02
3.251E-04	1.228E-02	-1.228E-02	2.455E-02
3.281E-04	1.233E-02	-1.233E-02	2.466E-02
3.311E-04	1.239E-02	-1.239E-02	2.478E-02
3.342E-04	1.245E-02	-1.245E-02	2.489E-02
3.373E-04	1.250E-02	-1.250E-02	2.500E-02
3.404E-04	1.256E-02	-1.256E-02	2.512E-02
3.436E-04	1.262E-02	-1.262E-02	2.523E-02
3.467E-04	1.268E-02	-1.268E-02	2.535E-02
3.499E-04	1.273E-02	-1.273E-02	2.547E-02
3.532E-04	1.279E-02	-1.279E-02	2.558E-02
3.565E-04	1.285E-02	-1.285E-02	2.570E-02
3.597E-04	1.291E-02	-1.291E-02	2.582E-02
3.631E-04	1.297E-02	-1.297E-02	2.594E-02
3.664E-04	1.303E-02	-1.303E-02	2.606E-02
3.698E-04	1.309E-02	-1.309E-02	2.618E-02
3.733E-04	1.315E-02	-1.315E-02	2.630E-02
3.767E-04	1.321E-02	-1.321E-02	2.642E-02
3.802E-04	1.327E-02	-1.327E-02	2.654E-02
3.837E-04	1.333E-02	-1.333E-02	2.666E-02
3.873E-04	1.339E-02	-1.339E-02	2.678E-02
3.908E-04	1.345E-02	-1.345E-02	2.690E-02
3.945E-04	1.351E-02	-1.351E-02	2.703E-02
3.981E-04	1.358E-02	-1.358E-02	2.715E-02
4.018E-04	1.364E-02	-1.364E-02	2.728E-02
4.055E-04	1.370E-02	-1.370E-02	2.740E-02
4.093E-04	1.376E-02	-1.376E-02	2.753E-02
4.130E-04	1.383E-02	-1.383E-02	2.765E-02
4.169E-04	1.389E-02	-1.389E-02	2.778E-02
4.207E-04	1.395E-02	-1.395E-02	2.791E-02
4.246E-04	1.402E-02	-1.402E-02	2.804E-02
4.285E-04	1.408E-02	-1.408E-02	2.817E-02
4.325E-04	1.415E-02	-1.415E-02	2.829E-02
4.365E-04	1.421E-02	-1.421E-02	2.842E-02
4.406E-04	1.428E-02	-1.428E-02	2.856E-02
4.446E-04	1.434E-02	-1.434E-02	2.869E-02
4.487E-04	1.441E-02	-1.441E-02	2.882E-02
4.529E-04	1.448E-02	-1.448E-02	2.895E-02
4.571E-04	1.454E-02	-1.454E-02	2.908E-02
4.613E-04	1.461E-02	-1.461E-02	2.922E-02
4.656E-04	1.468E-02	-1.468E-02	2.935E-02
4.699E-04	1.474E-02	-1.474E-02	2.949E-02
4.742E-04	1.481E-02	-1.481E-02	2.962E-02
4.786E-04	1.488E-02	-1.488E-02	2.976E-02
4.831E-04	1.495E-02	-1.495E-02	2.989E-02
4.875E-04	1.502E-02	-1.502E-02	3.003E-02
4.920E-04	1.508E-02	-1.508E-02	3.017E-02
4.966E-04	1.515E-02	-1.515E-02	3.031E-02
5.012E-04	1.522E-02	-1.522E-02	3.045E-02
5.058E-04	1.529E-02	-1.529E-02	3.059E-02
5.105E-04	1.536E-02	-1.536E-02	3.073E-02
5.152E-04	1.543E-02	-1.543E-02	3.087E-02
5.200E-04	1.550E-02	-1.550E-02	3.101E-02
5.248E-04	1.558E-02	-1.558E-02	3.115E-02
5.297E-04	1.565E-02	-1.565E-02	3.129E-02
5.346E-04	1.572E-02	-1.572E-02	3.144E-02
5.395E-04	1.579E-02	-1.579E-02	3.158E-02
5.445E-04	1.586E-02	-1.586E-02	3.173E-02
5.495E-04	1.594E-02	-1.594E-02	3.187E-02
5.546E-04	1.601E-02	-1.601E-02	3.202E-02
5.598E-04	1.608E-02	-1.608E-02	3.217E-02
5.649E-04	1.616E-02	-1.616E-02	3.231E-02
5.702E-04	1.623E-02	-1.623E-02	3.246E-02
5.754E-04	1.631E-02	-1.631E-02	3.261E-02
5.808E-04	1.638E-02	-1.638E-02	3.276E-02
5.861E-04	1.646E-02	-1.646E-02	3.291E-02
5.916E-04	1.653E-02	-1.653E-02	3.306E-02
5.970E-04	1.661E-02	-1.661E-02	3.322E-02
6.026E-04	1.668E-02	-1.668E-02	3.337E-02
6.081E-04	1.676E-02	-1.676E-02	3.352E-02
6.138E-04	1.684E-02	-1.684E-02	3.367E-02
6.194E-04	1.691E-02	-1.691E-02	3.383E-02
6.252E-04	1.699E-02	-1.699E-02	3.399E-02
6.310E-04	1.707E-02	-1.707E-02	3.414E-02
6.368E-04	1.715E-02	-1.715E-02	3.430E-02
6.427E-04	1.723E-02	-1.723E-02	3.446E-02
6.486E-04	1.731E-02	-1.731E-02	3.461E-02
6.546E-04	1.739E-02	-1.739E-02	3.477E-02
6.607E-04	1.747E-02	-1.747E-02	3.493E-02
6.668E-04	1.755E-02	-1.755E-02	3.509E-02
6.730E-04	1.763E-02	-1.763E-02	3.525E-02
6.792E-04	1.771E-02	-1.771E-02	3.542E-02
6.855E-04	1.779E-02	-1.779E-02	3.558E-02
6.918E-04	1.787E-02	-1.787E-02	3.574E-02
6.982E-04	1.795E-02	-1.795E-02	3.591E-02
7.047E-04	1.804E-02	-1.804E-02	3.607E-02
7.112E-04	1.812E-02	-1.812E-02	3.624E-02
7.178E-04	1.820E-02	-1.820E-02	3.640E-02
7.244E-04	1.829E-02	-1.829E-02	3.657E-02
7.311E-04	1.837E-02	-1.837E-02	3.674E-02
7.379E-04	1.845E-02	-1.845E-02	3.691E-02
7.447E-04	1.854E-02	-1.854E-02	3.708E-02
7.516E-04	1.862E-02	-1.862E-02	3.725E-02
7.586E-04	1.871E-02	-1.871E-02	3.742E-02
7.656E-04	1.880E-02	-1.880E-02	3.759E-02
7.727E-04	1.888E-02	-1.888E-02	3.776E-02
7.798E-04	1.897E-02	-1.897E-02	3.794E-02
7.870E-04	1.906E-02	-1.906E-02	3.811E-02
7.943E-04	1.914E-02	-1.914E-02	3.829E-02
8.017E-04	1.923E-02	-1.923E-02	3.846E-02
8.091E-04	1.932E-02	-1.932E-02	3.864E-02
8.166E-04	1.941E-02	-1.941E-02	3.882E-02
8.241E-04	1.950E-02	-1.950E-02	3.900E-02
8.318E-04	1.959E-02	-1.959E-02	3.918E-02
8.395E-04	1.968E-02	-1.968E-02	3.936E-02
8.472E-04	1.977E-02	-1.977E-02	3.954E-02
8.551E-04	1.986E-02	-1.986E-02	3.972E-02
8.630E-04	1.995E-02	-1.995E-02	3.990E-02
8.710E-04	2.004E-02	-2.004E-02	4.009E-02
8.790E-04	2.014E-02	-2.014E-02	4.027E-02
8.872E-04	2.023E-02	-2.023E-02	4.046E-02
8.954E-04	2.032E-02	-2.032E-02	4.064E-02
9.036E-04	2.041E-02	-2.041E-02	4.083E-02
9.120E-04	2.051E-02	-2.051E-02	4.102E-02
9.204E-04	2.060E-02	-2.060E-02	4.121E-02
9.290E-04	2.070E-02	-2.070E-02	4.140E-02
9.376E-04	2.079E-02	-2.079E-02	4.159E-02
9.462E-04	2.089E-02	-2.089E-02	4.178E-02
9.550E-04	2.098E-02	-2.098E-02	4.197E-02
9.638E-04	2.108E-02	-2.108E-02	4.216E-02
9.727E-04	2.118E-02	-2.118E-02	4.236E-02
9.817E-04	2.128E-02	-2.128E-02	4.255E-02
9.908E-04	2.137E-02	-2.137E-02	4.275E-02
1.000E-03	2.147E-02	-2.147E-02	4.294E-02
1.009E-03	2.157E-02	-2.157E-02	4.314E-02
1.019E-03	2.167E-02	-2.167E-02	4.334E-02
1.028E-03	2.177E-02	-2.177E-02	4.354E-02
1.038E-03	2.187E-02	-2.187E-02	4.374E-02
1.047E-03	2.197E-02	-2.197E-02	4.394E-02
1.057E-03	2.207E-02	-2.207E-02	4.414E-02
1.067E-03	2.217E-02	-2.217E-02	4.435E-02
1.076E-03	2.228E-02	-2.228E-02	4.455E-02
1.086E-03	2.238E-02	-2.238E-02	4.476E-02
1.096E-03	2.248E-02	-2.248E-02	4.496E-02
1.107E-03	2.259E-02	-2.259E-02	4.517E-02
1.117E-03	2.269E-02	-2.269E-02	4.538E-02
1.127E-03	2.279E-02	-2.279E-02	4.559E-02
1.138E-03	2.290E-02	-2.290E-02	4.580E-02
1.148E-03	2.300E-02	-2.300E-02	4.601E-02
1.159E-03	2.311E-02	-2.311E-02	4.622E-02
1.169E-03	2.322E-02	-2.322E-02	4.643E-02
1.180E-03	2.332E-02	-2.332E-02	4.665E-02
1.191E-03	2.343E-02	-2.343E-02	4.686E-02
1.202E-03	2.354E-02	-2.354E-02	4.708E-02
1.213E-03	2.365E-02	-2.365E-02	4.729E-02
1.225E-03	2.376E-02	-2.376E-02	4.751E-02
1.236E-03	2.387E-02	-2.387E-02	4.773E-02
1.247E-03	2.398E-02	-2.398E-02	4.795E-02
1.259E-03	2.409E-02	-2.409E-02	4.817E-02
1.271E-03	2.420E-02	-2.420E-02	4.840E-02
1.282E-03	2.431E-02	-2.431E-02	4.862E-02
1.294E-03	2.442E-02	-2.442E-02	4.884E-02
1.306E-03	2.453E-02	-2.453E-02	4.907E-02
1.318E-03	2.465E-02	-2.465E-02	4.929E-02
1.330E-03	2.476E-02	-2.476E-02	4.952E-02
1.343E-03	2.487E-02	-2.487E-02	4.975E-02
1.355E-03	2.499E-02	-2.499E-02	4.998E-02
1.368E-03	2.510E-02	-2.510E-02	5.021E-02
1.380E-03	2.522E-02	-2.522E-02	5.044E-02
1.393E-03	2.534E-02	-2.534E-02	5.067E-02
1.406E-03	2.545E-02	-2.545E-02	5.091E-02
1.419E-03	2.557E-02	-2.557E-02	5.114E-02
1.432E-03	2.569E-02	-2.569E-02	5.138E-02
1.445E-03	2.581E-02	-2.581E-02	5.162E-02
1.459E-03	2.593E-02	-2.593E-02	5.185E-02
1.472E-03	2.605E-02	-2.605E-02	5.209E-02
1.486E-03	2.617E-02	-2.617E-02	5.233E-02
1.500E-03	2.629E-02	-2.629E-02	5.257E-02
1.514E-03	2.641E-02	-2.641E-02	5.282E-02
1.528E-03	2.653E-02	-2.653E-02	5.306E-02
1.542E-03	2.665E-02	-2.665E-02	5.331E-02
1.556E-03	2.678E-02	-2.678E-02	5.355E-02
1.570E-03	2.690E-02	-2.690E-02	5.380E-02
1.585E-03	2.702E-02	-2.702E-02	5.405E-02
1.600E-03	2.715E-02	-2.715E-02	5.430E-02
1.614E-03	2.727E-02	-2.727E-02	5.455E-02
1.629E-03	2.740E-02	-2.740E-02	5.480E-02
1.644E-03	2.753E-02	-2.753E-02	5.505E-02
1.660E-03	2.765E-02	-2.765E-02	5.531E-02
1.675E-03	2.778E-02	-2.778E-02	5.556E-02
1.690E-03	2.791E-02	-2.791E-02	5.582E-02
1.706E-03	2.804E-02	-2.804E-02	5.608E-02
1.722E-03	2.817E-02	-2.817E-02	5.634E-02
1.738E-03	2.830E-02	-2.830E-02	5.660E-02
1.754E-03	2.843E-02	-2.843E-02	5.686E-02
1.770E-03	2.856E-02	-2.856E-02	5.712E-02
1.786E-03	2.869E-02	-2.869E-02	5.739E-02
1.803E-03	2.883E-02	-2.883E-02	5.765E-02
1.820E-03	2.896E-02	-2.896E-02	5.792E-02
1.837E-03	2.909E-02	-2.909E-02	5.819E-02
1.854E-03	2.923E-02	-2.923E-02	5.845E-02
1.871E-03	2.936E-02	-2.936E-02	5.872E-02
1.888E-03	2.950E-02	-2.950E-02	5.900E-02
1.905E-03	2.963E-02	-2.963E-02	5.927E-02
1.923E-03	2.977E-02	-2.977E-02	5.954E-02
1.941E-03	2.991E-02	-2.991E-02	5.982E-02
1.959E-03	3.005E-02	-3.005E-02	6.010E-02
1.977E-03	3.019E-02	-3.019E-02	6.037E-02
1.995E-03	3.033E-02	-3.033E-02	6.065E-02
2.014E-03	3.047E-02	-3.047E-02	6.093E-02
2.032E-03	3.061E-02	-3.061E-02	6.122E-02
2.051E-03	3.075E-02	-3.075E-02	6.150E-02
2.070E-03	3.089E-02	-3.089E-02	6.178E-02
2.089E-03	3.103E-02	-3.103E-02	6.207E-02
2.109E-03	3.118E-02	-3.118E-02	6.236E-02
2.128E-03	3.132E-02	-3.132E-02	6.265E-02
2.148E-03	3.147E-02	-3.147E-02	6.294E-02
2.168E-03	3.161E-02	-3.161E-02	6.323E-02
2.188E-03	3.176E-02	-3.176E-02	6.352E-02
2.208E-03	3.191E-02	-3.191E-02	6.381E-02
2.228E-03	3.205E-02	-3.205E-02	6.411E-02
2.249E-03	3.220E-02	-3.220E-02	6.441E-02
2.270E-03	3.235E-02	-3.235E-02	6.470E-02
2.291E-03	3.250E-02	-3.250E-02	6.500E-02
2.312E-03	3.265E-02	-3.265E-02	6.531E-02
2.333E-03	3.280E-02	-3.280E-02	6.561E-02
2.355E-03	3.296E-02	-3.296E-02	6.591E-02
2.377E-03	3.311E-02	-3.311E-02	6.622E-02
2.399E-03	3.326E-02	-3.326E-02	6.652E-02
2.421E-03	3.342E-02	-3.342E-02	6.683E-02
2.443E-03	3.357E-02	-3.357E-02	6.714E-02
2.466E-03	3.373E-02	-3.373E-02	6.745E-02
2.489E-03	3.388E-02	-3.388E-02	6.777E-02
2.512E-03	3.404E-02	-3.404E-02	6.808E-02
2.535E-03	3.420E-02	-3.420E-02	6.840E-02
2.559E-03	3.436E-02	-3.436E-02	6.871E-02
2.582E-03	3.452E-02	-3.452E-02	6.903E-02
2.606E-03	3.468E-02	-3.468E-02	6.935E-02
2.630E-03	3.484E-02	-3.484E-02	6.968E-02
2.655E-03	3.500E-02	-3.500E-02	7.000E-02
2.679E-03	3.516E-02	-3.516E-02	7.032E-02
2.704E-03	3.532E-02	-3.532E-02	7.065E-02
2.729E-03	3.549E-02	-3.549E-02	7.098E-02
2.754E-03	3.565E-02	-3.565E-02	7.131E-02
2.780E-03	3.582E-02	-3.582E-02	7.164E-02
2.805E-03	3.599E-02	-3.599E-02	7.197E-02
2.831E-03	3.615E-02	-3.615E-02	7.231E-02
2.858E-03	3.632E-02	-3.632E-02	7.264E-02
2.884E-03	3.649E-02	-3.649E-02	7.298E-02
2.911E-03	3.666E-02	-3.666E-02	7.332E-02
2.938E-03	3.683E-02	-3.683E-02	7.366E-02
2.965E-03	3.700E-02	-3.700E-02	7.400E-02
2.992E-03	3.717E-02	-3.717E-02	7.434E-02
3.020E-03	3.734E-02	-3.734E-02	7.469E-02
3.048E-03	3.752E-02	-3.752E-02	7.504E-02
3.076E-03	3.769E-02	-3.769E-02	7.539E-02
3.105E-03	3.787E-02	-3.787E-02	7.574E-02
3.133E-03	3.804E-02	-3.804E-02	7.609E-02
3.162E-03	3.822E-02	-3.822E-02	7.644E-02
3.192E-03	3.840E-02	-3.840E-02	7.680E-02
3.221E-03	3.858E-02	-3.858E-02	7.716E-02
3.251E-03	3.876E-02	-3.876E-02	7.751E-02
3.281E-03	3.894E-02	-3.894E-02	7.787E-02
3.311E-03	3.912E-02	-3.912E-02	7.824E-02
3.342E-03	3.930E-02	-3.930E-02	7.860E-02
3.373E-03	3.948E-02	-3.948E-02	7.897E-02
3.404E-03	3.967E-02	-3.967E-02	7.933E-02
3.436E-03	3.985E-02	-3.985E-02	7.970E-02
3.467E-03	4.004E-02	-4.004E-02	8.008E-02
3.499E-03	4.022E-02	-4.022E-02	8.045E-02
3.532E-03	4.041E-02	-4.041E-02	8.082E-02
3.565E-03	4.060E-02	-4.060E-02	8.120E-02
3.597E-03	4.079E-02	-4.079E-02	8.158E-02
3.631E-03	4.098E-02	-4.098E-02	8.196E-02
3.664E-03	4.117E-02	-4.117E-02	8.234E-02
3.698E-03	4.136E-02	-4.136E-02	8.272E-02
3.733E-03	4.155E-02	-4.155E-02	8.311E-02
3.767E-03	4.175E-02	-4.175E-02	8.350E-02
3.802E-03	4.194E-02	-4.194E-02	8.389E-02
3.837E-03	4.214E-02	-4.214E-02	8.428E-02
3.873E-03	4.233E-02	-4.233E-02	8.467E-02
3.908E-03	4.253E-02	-4.253E-02	8.506E-02
3.945E-03	4.273E-02	-4.273E-02	8.546E-02
3.981E-03	4.293E-02	-4.293E-02	8.586E-02
4.018E-03	4.313E-02	-4.313E-02	8.626E-02
4.055E-03	4.333E-02	-4.333E-02	8.666E-02
4.093E-03	4.353E-02	-4.353E-02	8.707E-02
4.130E-03	4.374E-02	-4.374E-02	8.747E-02
4.169E-03	4.394E-02	-4.394E-02	8.788E-02
4.207E-03	4.415E-02	-4.415E-02	8.829E-02
4.246E-03	4.435E-02	-4.435E-02	8.870E-02
4.285E-03	4.456E-02	-4.456E-02	8.912E-02
4.325E-03	4.477E-02	-4.477E-02	8.954E-02
4.365E-03	4.498E-02	-4.498E-02	8.995E-02
4.406E-03	4.519E-02	-4.519E-02	9.037E-02
4.446E-03	4.540E-02	-4.540E-02	9.080E-02
4.487E-03	4.561E-02	-4.561E-02	9.122E-02
4.529E-03	4.582E-02	-4.582E-02	9.165E-02
4.571E-03	4.604E-02	-4.604E-02	9.208E-02
4.613E-03	4.625E-02	-4.625E-02	9.251E-02
4.656E-03	4.647E-02	-4.647E-02	9.294E-02
4.699E-03	4.669E-02	-4.669E-02	9.337E-02
4.742E-03	4.690E-02	-4.690E-02	9.381E-02
4.786E-03	4.712E-02	-4.712E-02	9.425E-02
4.831E-03	4.734E-02	-4.734E-02	9.469E-02
4.875E-03	4.757E-02	-4.757E-02	9.513E-02
4.920E-03	4.779E-02	-4.779E-02	9.558E-02
4.966E-03	4.801E-02	-4.801E-02	9.603E-02
5.012E-03	4.824E-02	-4.824E-02	9.648E-02
5.058E-03	4.846E-02	-4.846E-02	9.693E-02
5.105E-03	4.869E-02	-4.869E-02	9.738E-02
5.152E-03	4.892E-02	-4.892E-02	9.784E-02
5.200E-03	4.915E-02	-4.915E-02	9.830E-02
5.248E-03	4.938E-02	-4.938E-02	9.876E-02
5.297E-03	4.961E-02	-4.961E-02	9.922E-02
5.346E-03	4.984E-02	-4.984E-02	9.968E-02
5.395E-03	5.008E-02	-5.008E-02	1.002E-01
5.445E-03	5.031E-02	-5.031E-02	1.006E-01
5.495E-03	5.055E-02	-5.055E-02	1.011E-01
5.546E-03	5.078E-02	-5.078E-02	1.016E-01
5.598E-03	5.102E-02	-5.102E-02	1.020E-01
5.649E-03	5.126E-02	-5.126E-02	1.025E-01
5.702E-03	5.150E-02	-5.150E-02	1.030E-01
5.754E-03	5.174E-02	-5.174E-02	1.035E-01
5.808E-03	5.199E-02	-5.199E-02	1.040E-01
5.861E-03	5.223E-02	-5.223E-02	1.045E-01
5.916E-03	5.247E-02	-5.247E-02	1.049E-01
5.970E-03	5.272E-02	-5.272E-02	1.054E-01
6.026E-03	5.297E-02	-5.297E-02	1.059E-01
6.081E-03	5.322E-02	-5.322E-02	1.064E-01
6.138E-03	5.347E-02	-5.347E-02	1.069E-01
6.194E-03	5.372E-02	-5.372E-02	1.074E-01
6.252E-03	5.397E-02	-5.397E-02	1.079E-01
6.310E-03	5.422E-02	-5.422E-02	1.084E-01
6.368E-03	5.448E-02	-5.448E-02	1.090E-01
6.427E-03	5.474E-02	-5.474E-02	1.095E-01
6.486E-03	5.499E-02	-5.499E-02	1.100E-01
6.546E-03	5.525E-02	-5.525E-02	1.105E-01
6.607E-03	5.551E-02	-5.551E-02	1.110E-01
6.668E-03	5.577E-02	-5.577E-02	1.115E-01
6.730E-03	5.604E-02	-5.604E-02	1.121E-01
6.792E-03	5.630E-02	-5.630E-02	1.126E-01
6.855E-03	5.656E-02	-5.656E-02	1.131E-01
6.918E-03	5.683E-02	-5.683E-02	1.137E-01
6.982E-03	5.710E-02	-5.710E-02	1.142E-01
7.047E-03	5.737E-02	-5.737E-02	1.147E-01
7.112E-03	5.764E-02	-5.764E-02	1.153E-01
7.178E-03	5.791E-02	-5.791E-02	1.158E-01
7.244E-03	5.818E-02	-5.818E-02	1.164E-01
7.311E-03	5.846E-02	-5.846E-02	1.169E-01
7.379E-03	5.873E-02	-5.873E-02	1.175E-01
7.447E-03	5.901E-02	-5.901E-02	1.180E-01
7.516E-03	5.929E-02	-5.929E-02	1.186E-01
7.586E-03	5.957E-02	-5.957E-02	1.191E-01
7.656E-03	5.985E-02	-5.985E-02	1.197E-01
7.727E-03	6.013E-02	-6.013E-02	1.203E-01
7.798E-03	6.041E-02	-6.041E-02	1.208E-01
7.870E-03	6.070E-02	-6.070E-02	1.214E-01
7.943E-03	6.098E-02	-6.098E-02	1.220E-01
8.017E-03	6.127E-02	-6.127E-02	1.225E-01
8.091E-03	6.156E-02	-6.156E-02	1.231E-01
8.166E-03	6.185E-02	-6.185E-02	1.237E-01
8.241E-03	6.214E-02	-6.214E-02	1.243E-01
8.318E-03	6.244E-02	-6.244E-02	1.249E-01
8.395E-03	6.273E-02	-6.273E-02	1.255E-01
8.472E-03	6.303E-02	-6.303E-02	1.261E-01
8.551E-03	6.333E-02	-6.333E-02	1.267E-01
8.630E-03	6.363E-02	-6.363E-02	1.273E-01
8.710E-03	6.393E-02	-6.393E-02	1.279E-01
8.790E-03	6.423E-02	-6.423E-02	1.285E-01
8.872E-03	6.453E-02	-6.453E-02	1.291E-01
8.954E-03	6.484E-02	-6.484E-02	1.297E-01
9.036E-03	6.515E-02	-6.515E-02	1.303E-01
9.120E-03	6.545E-02	-6.545E-02	1.309E-01
9.204E-03	6.576E-02	-6.576E-02	1.315E-01
9.290E-03	6.608E-02	-6.608E-02	1.322E-01
9.376E-03	6.639E-02	-6.639E-02	1.328E-01
9.462E-03	6.670E-02	-6.670E-02	1.334E-01
9.550E-03	6.702E-02	-6.702E-02	1.340E-01
9.638E-03	6.734E-02	-6.734E-02	1.347E-01
9.727E-03	6.766E-02	-6.766E-02	1.353E-01
9.817E-03	6.798E-02	-6.798E-02	1.360E-01
9.908E-03	6.830E-02	-6.830E-02	1.366E-01
1.000E-02	6.862E-02	-6.862E-02	1.372E-01
1.198E-02	7.532E-02	-7.532E-02	1.506E-01
1.397E-02	8.151E-02	-8.151E-02	1.630E-01
1.595E-02	8.731E-02	-8.731E-02	1.746E-01
1.794E-02	9.279E-02	-9.279E-02	1.856E-01
1.992E-02	9.798E-02	-9.798E-02	1.960E-01
2.190E-02	1.029E-01	-1.029E-01	2.059E-01
2.389E-02	1.077E-01	-1.077E-01	2.154E-01
2.587E-02	1.123E-01	-1.123E-01	2.245E-01
2.786E-02	1.167E-01	-1.167E-01	2.334E-01
2.984E-02	1.209E-01	-1.209E-01	2.419E-01
3.182E-02	1.251E-01	-1.251E-01	2.501E-01
3.381E-02	1.291E-01	-1.291E-01	2.581E-01
3.579E-02	1.330E-01	-1.330E-01	2.659E-01
3.778E-02	1.368E-01	-1.368E-01	2.735E-01
3.976E-02	1.404E-01	-1.404E-01	2.809E-01
4.174E-02	1.440E-01	-1.440E-01	2.881E-01
4.373E-02	1.475E-01	-1.475E-01	2.951E-01
4.571E-02	1.510E-01	-1.510E-01	3.019E-01
4.770E-02	1.543E-01	-1.543E-01	3.087E-01
4.968E-02	1.576E-01	-1.576E-01	3.152E-01
5.166E-02	1.608E-01	-1.608E-01	3.216E-01
5.365E-02	1.640E-01	-1.640E-01	3.279E-01
5.563E-02	1.670E-01	-1.670E-01	3.341E-01
5.762E-02	1.701E-01	-1.701E-01	3.401E-01
5.960E-02	1.730E-01	-1.730E-01	3.460E-01
6.158E-02	1.759E-01	-1.759E-01	3.519E-01
6.357E-02	1.788E-01	-1.788E-01	3.576E-01
6.555E-02	1.816E-01	-1.816E-01	3.632E-01
6.754E-02	1.843E-01	-1.843E-01	3.686E-01
6.952E-02	1.870E-01	-1.870E-01	3.740E-01
7.150E-02	1.897E-01	-1.897E-01	3.794E-01
7.349E-02	1.923E-01	-1.923E-01	3.846E-01
7.547E-02	1.948E-01	-1.948E-01	3.897E-01
7.745E-02	1.974E-01	-1.974E-01	3.947E-01
7.944E-02	1.998E-01	-1.998E-01	3.997E-01
8.142E-02	2.023E-01	-2.023E-01	4.045E-01
8.341E-02	2.047E-01	-2.047E-01	4.093E-01
8.539E-02	2.070E-01	-2.070E-01	4.140E-01
8.737E-02	2.093E-01	-2.093E-01	4.187E-01
8.936E-02	2.116E-01	-2.116E-01	4.232E-01
9.134E-02	2.139E-01	-2.139E-01	4.277E-01
9.333E-02	2.161E-01	-2.161E-01	4.321E-01
9.531E-02	2.182E-01	-2.182E-01	4.365E-01
9.729E-02	2.204E-01	-2.204E-01	4.407E-01
9.928E-02	2.225E-01	-2.225E-01	4.450E-01
1.013E-01	2.245E-01	-2.245E-01	4.491E-01
1.032E-01	2.266E-01	-2.266E-01	4.532E-01
1.052E-01	2.286E-01	-2.286E-01	4.572E-01
1.072E-01	2.306E-01	-2.306E-01	4.611E-01
1.092E-01	2.325E-01	-2.325E-01	4.650E-01
1.112E-01	2.344E-01	-2.344E-01	4.688E-01
1.132E-01	2.363E-01	-2.363E-01	4.726E-01
1.152E-01	2.381E-01	-2.381E-01	4.763E-01
1.171E-01	2.400E-01	-2.400E-01	4.799E-01
1.191E-01	2.418E-01	-2.418E-01	4.835E-01
1.211E-01	2.435E-01	-2.435E-01	4.870E-01
1.231E-01	2.453E-01	-2.453E-01	4.905E-01
1.251E-01	2.470E-01	-2.470E-01	4.939E-01
1.271E-01	2.486E-01	-2.486E-01	4.973E-01
1.290E-01	2.503E-01	-2.503E-01	5.006E-01
1.310E-01	2.519E-01	-2.519E-01	5.039E-01
1.330E-01	2.535E-01	-2.535E-01	5.071E-01
1.350E-01	2.551E-01	-2.551E-01	5.102E-01
1.370E-01	2.567E-01	-2.567E-01	5.133E-01
1.390E-01	2.582E-01	-2.582E-01	5.164E-01
1.409E-01	2.597E-01	-2.597E-01	5.194E-01
1.429E-01	2.612E-01	-2.612E-01	5.223E-01
1.449E-01	2.626E-01	-2.626E-01	5.252E-01
1.469E-01	2.640E-01	-2.640E-01	5.281E-01
1.489E-01	2.654E-01	-2.654E-01	5.309E-01
1.509E-01	2.668E-01	-2.668E-01	5.336E-01
1.528E-01	2.682E-01	-2.682E-01	5.363E-01
1.548E-01	2.695E-01	-2.695E-01	5.390E-01
1.568E-01	2.708E-01	-2.708E-01	5.416E-01
1.588E-01	2.721E-01	-2.721E-01	5.442E-01
1.608E-01	2.734E-01	-2.734E-01	5.467E-01
1.628E-01	2.746E-01	-2.746E-01	5.492E-01
1.647E-01	2.758E-01	-2.758E-01	5.516E-01
1.667E-01	2.770E-01	-2.770E-01	5.540E-01
1.687E-01	2.782E-01	-2.782E-01	5.564E-01
1.707E-01	2.793E-01	-2.793E-01	5.587E-01
1.727E-01	2.805E-01	-2.805E-01	5.609E-01
1.747E-01	2.816E-01	-2.816E-01	5.632E-01
1.767E-01	2.827E-01	-2.827E-01	5.653E-01
1.786E-01	2.837E-01	-2.837E-01	5.675E-01
1.806E-01	2.848E-01	-2.848E-01	5.696E-01
1.826E-01	2.858E-01	-2.858E-01	5.716E-01
1.846E-01	2.868E-01	-2.868E-01	5.737E-01
1.866E-01	2.878E-01	-2.878E-01	5.756E-01
1.886E-01	2.888E-01	-2.888E-01	5.776E-01
1.905E-01	2.897E-01	-2.897E-01	5.795E-01
1.925E-01	2.907E-01	-2.907E-01	5.813E-01
1.945E-01	2.916E-01	-2.916E-01	5.832E-01
1.965E-01	2.925E-01	-2.925E-01	5.849E-01
1.985E-01	2.933E-01	-2.933E-01	5.867E-01
2.005E-01	2.942E-01	-2.942E-01	5.884E-01
2.024E-01	2.950E-01	-2.950E-01	5.901E-01
2.044E-01	2.958E-01	-2.958E-01	5.917E-01
2.064E-01	2.966E-01	-2.966E-01	5.933E-01
2.084E-01	2.974E-01	-2.974E-01	5.948E-01
2.104E-01	2.982E-01	-2.982E-01	5.964E-01
2.124E-01	2.989E-01	-2.989E-01	5.979E-01
2.143E-01	2.997E-01	-2.997E-01	5.993E-01
2.163E-01	3.004E-01	-3.004E-01	6.007E-01
2.183E-01	3.011E-01	-3.011E-01	6.021E-01
2.203E-01	3.017E-01	-3.017E-01	6.034E-01
2.223E-01	3.024E-01	-3.024E-01	6.048E-01
2.243E-01	3.030E-01	-3.030E-01	6.060E-01
2.263E-01	3.036E-01	-3.036E-01	6.073E-01
2.282E-01	3.042E-01	-3.042E-01	6.085E-01
2.302E-01	3.048E-01	-3.048E-01	6.097E-01
2.322E-01	3.054E-01	-3.054E-01	6.108E-01
2.342E-01	3.060E-01	-3.060E-01	6.119E-01
2.362E-01	3.065E-01	-3.065E-01	6.130E-01
2.382E-01	3.070E-01	-3.070E-01	6.140E-01
2.401E-01	3.075E-01	-3.075E-01	6.151E-01
2.421E-01	3.080E-01	-3.080E-01	6.160E-01
2.441E-01	3.085E-01	-3.085E-01	6.170E-01
2.461E-01	3.089E-01	-3.089E-01	6.179E-01
2.481E-01	3.094E-01	-3.094E-01	6.188E-01
2.501E-01	3.098E-01	-3.098E-01	6.196E-01
2.520E-01	3.102E-01	-3.102E-01	6.205E-01
2.540E-01	3.106E-01	-3.106E-01	6.213E-01
2.560E-01	3.110E-01	-3.110E-01	6.220E-01
2.580E-01	3.114E-01	-3.114E-01	6.227E-01
2.600E-01	3.117E-01	-3.117E-01	6.234E-01
2.620E-01	3.121E-01	-3.121E-01	6.241E-01
2.639E-01	3.124E-01	-3.124E-01	6.248E-01
2.659E-01	3.127E-01	-3.127E-01	6.254E-01
2.679E-01	3.130E-01	-3.130E-01	6.260E-01
2.699E-01	3.133E-01	-3.133E-01	6.265E-01
2.719E-01	3.135E-01	-3.135E-01	6.270E-01
2.739E-01	3.138E-01	-3.138E-01	6.275E-01
2.759E-01	3.140E-01	-3.140E-01	6.280E-01
2.778E-01	3.142E-01	-3.142E-01	6.285E-01
2.798E-01	3.144E-01	-3.144E-01	6.289E-01
2.818E-01	3.146E-01	-3.146E-01	6.293E-01
2.838E-01	3.148E-01	-3.148E-01	6.296E-01
2.858E-01	3.150E-01	-3.150E-01	6.299E-01
2.878E-01	3.151E-01	-3.151E-01	6.302E-01
2.897E-01	3.153E-01	-3.153E-01	6.305E-01
2.917E-01	3.154E-01	-3.154E-01	6.308E-01
2.937E-01	3.155E-01	-3.155E-01	6.310E-01
2.957E-01	3.156E-01	-3.156E-01	6.312E-01
2.977E-01	3.157E-01	-3.157E-01	6.314E-01
2.997E-01	3.158E-01	-3.158E-01	6.315E-01
3.016E-01	3.158E-01	-3.158E-01	6.316E-01
3.036E-01	3.159E-01	-3.159E-01	6.317E-01
3.056E-01	3.159E-01	-3.159E-01	6.318E-01
3.076E-01	3.159E-01	-3.159E-01	6.318E-01
3.096E-01	3.159E-01	-3.159E-01	6.319E-01
3.116E-01	3.159E-01	-3.159E-01	6.318E-01
3.135E-01	3.159E-01	-3.159E-01	6.318E-01
3.155E-01	3.159E-01	-3.159E-01	6.318E-01
3.175E-01	3.158E-01	-3.158E-01	6.317E-01
3.195E-01	3.158E-01	-3.158E-01	6.316E-01
3.215E-01	3.157E-01	-3.157E-01	6.314E-01
3.235E-01	3.156E-01	-3.156E-01	6.313E-01
3.255E-01	3.156E-01	-3.156E-01	6.311E-01
3.274E-01	3.155E-01	-3.155E-01	6.309E-01
3.294E-01	3.153E-01	-3.153E-01	6.307E-01
3.314E-01	3.152E-01	-3.152E-01	6.305E-01
3.334E-01	3.151E-01	-3.151E-01	6.302E-01
3.354E-01	3.149E-01	-3.149E-01	6.299E-01
3.374E-01	3.148E-01	-3.148E-01	6.296E-01
3.393E-01	3.146E-01	-3.146E-01	6.292E-01
3.413E-01	3.144E-01	-3.144E-01	6.289E-01
3.433E-01	3.142E-01	-3.142E-01	6.285E-01
3.453E-01	3.140E-01	-3.140E-01	6.281E-01
3.473E-01	3.138E-01	-3.138E-01	6.277E-01
3.493E-01	3.136E-01	-3.136E-01	6.272E-01
3.512E-01	3.134E-01	-3.134E-01	6.267E-01
3.532E-01	3.131E-01	-3.131E-01	6.263E-01
3.552E-01	3.129E-01	-3.129E-01	6.257E-01
3.572E-01	3.126E-01	-3.126E-01	6.252E-01
3.592E-01	3.123E-01	-3.123E-01	6.247E-01
3.612E-01	3.120E-01	-3.120E-01	6.241E-01
3.631E-01	3.117E-01	-3.117E-01	6.235E-01
3.651E-01	3.114E-01	-3.114E-01	6.229E-01
3.671E-01	3.111E-01	-3.111E-01	6.222E-01
3.691E-01	3.108E-01	-3.108E-01	6.216E-01
3.711E-01	3.104E-01	-3.104E-01	6.209E-01
3.731E-01	3.101E-01	-3.101E-01	6.202E-01
3.751E-01	3.097E-01	-3.097E-01	6.195E-01
3.770E-01	3.094E-01	-3.094E-01	6.187E-01
3.790E-01	3.090E-01	-3.090E-01	6.180E-01
3.810E-01	3.086E-01	-3.086E-01	6.172E-01
3.830E-01	3.082E-01	-3.082E-01	6.164E-01
3.850E-01	3.078E-01	-3.078E-01	6.156E-01
3.870E-01	3.074E-01	-3.074E-01	6.148E-01
3.889E-01	3.070E-01	-3.070E-01	6.139E-01
3.909E-01	3.065E-01	-3.065E-01	6.130E-01
3.929E-01	3.061E-01	-3.061E-01	6.122E-01
3.949E-01	3.056E-01	-3.056E-01	6.112E-01
3.969E-01	3.052E-01	-3.052E-01	6.103E-01
3.989E-01	3.047E-01	-3.047E-01	6.094E-01
4.008E-01	3.042E-01	-3.042E-01	6.084E-01
4.028E-01	3.037E-01	-3.037E-01	6.074E-01
4.048E-01	3.032E-01	-3.032E-01	6.064E-01
4.068E-01	3.027E-01	-3.027E-01	6.054E-01
4.088E-01	3.022E-01	-3.022E-01	6.044E-01
4.108E-01	3.017E-01	-3.017E-01	6.033E-01
4.127E-01	3.011E-01	-3.011E-01	6.022E-01
4.147E-01	3.006E-01	-3.006E-01	6.012E-01
4.167E-01	3.000E-01	-3.000E-01	6.001E-01
4.187E-01	2.995E-01	-2.995E-01	5.989E-01
4.207E-01	2.989E-01	-2.989E-01	5.978E-01
4.227E-01	2.983E-01	-2.983E-01	5.966E-01
4.246E-01	2.977E-01	-2.977E-01	5.955E-01
4.266E-01	2.971E-01	-2.971E-01	5.943E-01
4.286E-01	2.965E-01	-2.965E-01	5.931E-01
4.306E-01	2.959E-01	-2.959E-01	5.919E-01
4.326E-01	2.953E-01	-2.953E-01	5.906E-01
4.346E-01	2.947E-01	-2.947E-01	5.894E-01
4.366E-01	2.940E-01	-2.940E-01	5.881E-01
4.385E-01	2.934E-01	-2.934E-01	5.868E-01
4.405E-01	2.928E-01	-2.928E-01	5.855E-01
4.425E-01	2.921E-01	-2.921E-01	5.842E-01
4.445E-01	2.914E-01	-2.914E-01	5.829E-01
4.465E-01	2.908E-01	-2.908E-01	5.815E-01
4.485E-01	2.901E-01	-2.901E-01	5.802E-01
4.504E-01	2.894E-01	-2.894E-01	5.788E-01
4.524E-01	2.887E-01	-2.887E-01	5.774E-01
4.544E-01	2.880E-01	-2.880E-01	5.760E-01
4.564E-01	2.873E-01	-2.873E-01	5.746E-01
4.584E-01	2.866E-01	-2.866E-01	5.731E-01
4.604E-01	2.858E-01	-2.858E-01	5.717E-01
4.623E-01	2.851E-01	-2.851E-01	5.702E-01
4.643E-01	2.844E-01	-2.844E-01	5.687E-01
4.663E-01	2.836E-01	-2.836E-01	5.672E-01
4.683E-01	2.829E-01	-2.829E-01	5.657E-01
4.703E-01	2.821E-01	-2.821E-01	5.642E-01
4.723E-01	2.813E-01	-2.813E-01	5.626E-01
4.742E-01	2.805E-01	-2.805E-01	5.611E-01
4.762E-01	2.798E-01	-2.798E-01	5.595E-01
4.782E-01	2.790E-01	-2.790E-01	5.580E-01
4.802E-01	2.782E-01	-2.782E-01	5.564E-01
4.822E-01	2.774E-01	-2.774E-01	5.548E-01
4.842E-01	2.766E-01	-2.766E-01	5.531E-01
4.862E-01	2.758E-01	-2.758E-01	5.515E-01
4.881E-01	2.749E-01	-2.749E-01	5.499E-01
4.901E-01	2.741E-01	-2.741E-01	5.482E-01
4.921E-01	2.733E-01	-2.733E-01	5.465E-01
4.941E-01	2.724E-01	-2.724E-01	5.448E-01
4.961E-01	2.716E-01	-2.716E-01	5.431E-01
4.981E-01	2.707E-01	-2.707E-01	5.414E-01
5.000E-01	2.699E-01	-2.699E-01	5.397E-01
5.020E-01	2.690E-01	-2.690E-01	5.380E-01
5.040E-01	2.681E-01	-2.681E-01	5.362E-01
5.060E-01	2.672E-01	-2.672E-01	5.345E-01
5.080E-01	2.663E-01	-2.663E-01	5.327E-01
5.100E-01	2.655E-01	-2.655E-01	5.309E-01
5.119E-01	2.646E-01	-2.646E-01	5.291E-01
5.139E-01	2.637E-01	-2.637E-01	5.273E-01
5.159E-01	2.627E-01	-2.627E-01	5.255E-01
5.179E-01	2.618E-01	-2.618E-01	5.237E-01
5.199E-01	2.609E-01	-2.609E-01	5.218E-01
5.219E-01	2.600E-01	-2.600E-01	5.200E-01
5.238E-01	2.590E-01	-2.590E-01	5.181E-01
5.258E-01	2.581E-01	-2.581E-01	5.162E-01
5.278E-01	2.572E-01	-2.572E-01	5.143E-01
5.298E-01	2.562E-01	-2.562E-01	5.124E-01
5.318E-01	2.553E-01	-2.553E-01	5.105E-01
5.338E-01	2.543E-01	-2.543E-01	5.086E-01
5.358E-01	2.533E-01	-2.533E-01	5.067E-01
5.377E-01	2.524E-01	-2.524E-01	5.047E-01
5.397E-01	2.514E-01	-2.514E-01	5.028E-01
5.417E-01	2.504E-01	-2.504E-01	5.008E-01
5.437E-01	2.494E-01	-2.494E-01	4.988E-01
5.457E-01	2.484E-01	-2.484E-01	4.968E-01
5.477E-01	2.474E-01	-2.474E-01	4.948E-01
5.496E-01	2.464E-01	-2.464E-01	4.928E-01
5.516E-01	2.454E-01	-2.454E-01	4.908E-01
5.536E-01	2.444E-01	-2.444E-01	4.888E-01
5.556E-01	2.434E-01	-2.434E-01	4.868E-01
5.576E-01	2.424E-01	-2.424E-01	4.847E-01
5.596E-01	2.413E-01	-2.413E-01	4.827E-01
5.615E-01	2.403E-01	-2.403E-01	4.806E-01
5.635E-01	2.393E-01	-2.393E-01	4.785E-01
5.655E-01	2.382E-01	-2.382E-01	4.764E-01
5.675E-01	2.372E-01	-2.372E-01	4.743E-01
5.695E-01	2.361E-01	-2.361E-01	4.722E-01
5.715E-01	2.351E-01	-2.351E-01	4.701E-01
5.734E-01	2.340E-01	-2.340E-01	4.680E-01
5.754E-01	2.329E-01	-2.329E-01	4.659E-01
5.774E-01	2.319E-01	-2.319E-01	4.637E-01
5.794E-01	2.308E-01	-2.308E-01	4.616E-01
5.814E-01	2.297E-01	-2.297E-01	4.594E-01
5.834E-01	2.286E-01	-2.286E-01	4.573E-01
5.854E-01	2.275E-01	-2.275E-01	4.551E-01
5.873E-01	2.265E-01	-2.265E-01	4.529E-01
5.893E-01	2.254E-01	-2.254E-01	4.507E-01
5.913E-01	2.243E-01	-2.243E-01	4.485E-01
5.933E-01	2.232E-01	-2.232E-01	4.463E-01
5.953E-01	2.221E-01	-2.221E-01	4.441E-01
5.973E-01	2.209E-01	-2.209E-01	4.419E-01
5.992E-01	2.198E-01	-2.198E-01	4.396E-01
6.012E-01	2.187E-01	-2.187E-01	4.374E-01
6.032E-01	2.176E-01	-2.176E-01	4.352E-01
6.052E-01	2.165E-01	-2.165E-01	4.329E-01
6.072E-01	2.153E-01	-2.153E-01	4.307E-01
6.092E-01	2.142E-01	-2.142E-01	4.284E-01
6.111E-01	2.131E-01	-2.131E-01	4.261E-01
6.131E-01	2.119E-01	-2.119E-01	4.238E-01
6.151E-01	2.108E-01	-2.108E-01	4.215E-01
6.171E-01	2.096E-01	-2.096E-01	4.192E-01
6.191E-01	2.085E-01	-2.085E-01	4.169E-01
6.211E-01	2.073E-01	-2.073E-01	4.146E-01
6.230E-01	2.062E-01	-2.062E-01	4.123E-01
6.250E-01	2.050E-01	-2.050E-01	4.100E-01
6.270E-01	2.038E-01	-2.038E-01	4.076E-01
6.290E-01	2.027E-01	-2.027E-01	4.053E-01
6.310E-01	2.015E-01	-2.015E-01	4.030E-01
6.330E-01	2.003E-01	-2.003E-01	4.006E-01
6.349E-01	1.991E-01	-1.991E-01	3.983E-01
6.369E-01	1.980E-01	-1.980E-01	3.959E-01
6.389E-01	1.968E-01	-1.968E-01	3.935E-01
6.409E-01	1.956E-01	-1.956E-01	3.912E-01
6.429E-01	1.944E-01	-1.944E-01	3.888E-01
6.449E-01	1.932E-01	-1.932E-01	3.864E-01
6.469E-01	1.920E-01	-1.920E-01	3.840E-01
6.488E-01	1.908E-01	-1.908E-01	3.816E-01
6.508E-01	1.896E-01	-1.896E-01	3.792E-01
6.528E-01	1.884E-01	-1.884E-01	3.768E-01
6.548E-01	1.872E-01	-1.872E-01	3.744E-01
6.568E-01	1.860E-01	-1.860E-01	3.720E-01
6.588E-01	1.848E-01	-1.848E-01	3.695E-01
6.607E-01	1.836E-01	-1.836E-01	3.671E-01
6.627E-01	1.823E-01	-1.823E-01	3.647E-01
6.647E-01	1.811E-01	-1.811E-01	3.622E-01
6.667E-01	1.799E-01	-1.799E-01	3.598E-01
6.687E-01	1.787E-01	-1.787E-01	3.574E-01
6.707E-01	1.775E-01	-1.775E-01	3.549E-01
6.726E-01	1.762E-01	-1.762E-01	3.525E-01
6.746E-01	1.750E-01	-1.750E-01	3.500E-01
6.766E-01	1.738E-01	-1.738E-01	3.475E-01
6.786E-01	1.725E-01	-1.725E-01	3.451E-01
6.806E-01	1.713E-01	-1.713E-01	3.426E-01
6.826E-01	1.701E-01	-1.701E-01	3.401E-01
6.845E-01	1.688E-01	-1.688E-01	3.376E-01
6.865E-01	1.676E-01	-1.676E-01	3.352E-01
6.885E-01	1.663E-01	-1.663E-01	3.327E-01
6.905E-01	1.651E-01	-1.651E-01	3.302E-01
6.925E-01	1.639E-01	-1.639E-01	3.277E-01
6.945E-01	1.626E-01	-1.626E-01	3.252E-01
6.965E-01	1.614E-01	-1.614E-01	3.227E-01
6.984E-01	1.601E-01	-1.601E-01	3.202E-01
7.004E-01	1.589E-01	-1.589E-01	3.177E-01
7.024E-01	1.576E-01	-1.576E-01	3.152E-01
7.044E-01	1.563E-01	-1.563E-01	3.127E-01
7.064E-01	1.551E-01	-1.551E-01	3.102E-01
7.084E-01	1.538E-01	-1.538E-01	3.077E-01
7.103E-01	1.526E-01	-1.526E-01	3.052E-01
7.123E-01	1.513E-01	-1.513E-01	3.026E-01
7.143E-01	1.501E-01	-1.501E-01	3.001E-01
7.163E-01	1.488E-01	-1.488E-01	2.976E-01
7.183E-01	1.475E-01	-1.475E-01	2.951E-01
7.203E-01	1.463E-01	-1.463E-01	2.926E-01
7.222E-01	1.450E-01	-1.450E-01	2.900E-01
7.242E-01	1.437E-01	-1.437E-01	2.875E-01
7.262E-01	1.425E-01	-1.425E-01	2.850E-01
7.282E-01	1.412E-01	-1.412E-01	2.824E-01
7.302E-01	1.400E-01	-1.400E-01	2.799E-01
7.322E-01	1.387E-01	-1.387E-01	2.774E-01
7.341E-01	1.374E-01	-1.374E-01	2.748E-01
7.361E-01	1.362E-01	-1.362E-01	2.723E-01
7.381E-01	1.349E-01	-1.349E-01	2.698E-01
7.401E-01	1.336E-01	-1.336E-01	2.672E-01
7.421E-01	1.324E-01	-1.324E-01	2.647E-01
7.441E-01	1.311E-01	-1.311E-01	2.622E-01
7.461E-01	1.298E-01	-1.298E-01	2.596E-01
7.480E-01	1.286E-01	-1.286E-01	2.571E-01
7.500E-01	1.273E-01	-1.273E-01	2.546E-01
7.520E-01	1.260E-01	-1.260E-01	2.520E-01
7.540E-01	1.247E-01	-1.247E-01	2.495E-01
7.560E-01	1.235E-01	-1.235E-01	2.470E-01
7.580E-01	1.222E-01	-1.222E-01	2.444E-01
7.599E-01	1.209E-01	-1.209E-01	2.419E-01
7.619E-01	1.197E-01	-1.197E-01	2.394E-01
7.639E-01	1.184E-01	-1.184E-01	2.368E-01
7.659E-01	1.172E-01	-1.172E-01	2.343E-01
7.679E-01	1.159E-01	-1.159E-01	2.318E-01
7.699E-01	1.146E-01	-1.146E-01	2.293E-01
7.718E-01	1.134E-01	-1.134E-01	2.267E-01
7.738E-01	1.121E-01	-1.121E-01	2.242E-01
7.758E-01	1.108E-01	-1.108E-01	2.217E-01
7.778E-01	1.096E-01	-1.096E-01	2.192E-01
7.798E-01	1.083E-01	-1.083E-01	2.166E-01
7.818E-01	1.071E-01	-1.071E-01	2.141E-01
7.837E-01	1.058E-01	-1.058E-01	2.116E-01
7.857E-01	1.046E-01	-1.046E-01	2.091E-01
7.877E-01	1.033E-01	-1.033E-01	2.066E-01
7.897E-01	1.021E-01	-1.021E-01	2.041E-01
7.917E-01	1.008E-01	-1.008E-01	2.016E-01
7.937E-01	9.955E-02	-9.955E-02	1.991E-01
7.957E-01	9.830E-02	-9.830E-02	1.966E-01
7.976E-01	9.706E-02	-9.706E-02	1.941E-01
7.996E-01	9.581E-02	-9.581E-02	1.916E-01
8.016E-01	9.457E-02	-9.457E-02	1.891E-01
8.036E-01	9.333E-02	-9.333E-02	1.867E-01
8.056E-01	9.209E-02	-9.209E-02	1.842E-01
8.076E-01	9.086E-02	-9.086E-02	1.817E-01
8.095E-01	8.962E-02	-8.962E-02	1.792E-01
8.115E-01	8.839E-02	-8.839E-02	1.768E-01
8.135E-01	8.716E-02	-8.716E-02	1.743E-01
8.155E-01	8.594E-02	-8.594E-02	1.719E-01
8.175E-01	8.471E-02	-8.471E-02	1.694E-01
8.195E-01	8.349E-02	-8.349E-02	1.670E-01
8.214E-01	8.227E-02	-8.227E-02	1.645E-01
8.234E-01	8.106E-02	-8.106E-02	1.621E-01
8.254E-01	7.984E-02	-7.984E-02	1.597E-01
8.274E-01	7.863E-02	-7.863E-02	1.573E-01
8.294E-01	7.743E-02	-7.743E-02	1.549E-01
8.314E-01	7.622E-02	-7.622E-02	1.524E-01
8.333E-01	7.502E-02	-7.502E-02	1.500E-01
8.353E-01	7.382E-02	-7.382E-02	1.476E-01
8.373E-01	7.263E-02	-7.263E-02	1.453E-01
8.393E-01	7.144E-02	-7.144E-02	1.429E-01
8.413E-01	7.025E-02	-7.025E-02	1.405E-01
8.433E-01	6.907E-02	-6.907E-02	1.381E-01
8.453E-01	6.789E-02	-6.789E-02	1.358E-01
8.472E-01	6.671E-02	-6.671E-02	1.334E-01
8.492E-01	6.554E-02	-6.554E-02	1.311E-01
8.512E-01	6.437E-02	-6.437E-02	1.287E-01
8.532E-01	6.320E-02	-6.320E-02	1.264E-01
8.552E-01	6.204E-02	-6.204E-02	1.241E-01
8.572E-01	6.089E-02	-6.089E-02	1.218E-01
8.591E-01	5.974E-02	-5.974E-02	1.195E-01
8.611E-01	5.859E-02	-5.859E-02	1.172E-01
8.631E-01	5.745E-02	-5.745E-02	1.149E-01
8.651E-01	5.631E-02	-5.631E-02	1.126E-01
8.671E-01	5.518E-02	-5.518E-02	1.104E-01
8.691E-01	5.405E-02	-5.405E-02	1.081E-01
8.710E-01	5.293E-02	-5.293E-02	1.059E-01
8.730E-01	5.181E-02	-5.181E-02	1.036E-01
8.750E-01	5.070E-02	-5.070E-02	1.014E-01
8.770E-01	4.959E-02	-4.959E-02	9.918E-02
8.790E-01	4.849E-02	-4.849E-02	9.698E-02
8.810E-01	4.739E-02	-4.739E-02	9.479E-02
8.829E-01	4.630E-02	-4.630E-02	9.261E-02
8.849E-01	4.522E-02	-4.522E-02	9.044E-02
8.869E-01	4.414E-02	-4.414E-02	8.829E-02
8.889E-01	4.307E-02	-4.307E-02	8.614E-02
8.909E-01	4.201E-02	-4.201E-02	8.401E-02
8.929E-01	4.095E-02	-4.095E-02	8.189E-02
8.948E-01	3.989E-02	-3.989E-02	7.979E-02
8.968E-01	3.885E-02	-3.885E-02	7.770E-02
8.988E-01	3.781E-02	-3.781E-02	7.562E-02
9.008E-01	3.678E-02	-3.678E-02	7.356E-02
9.028E-01	3.575E-02	-3.575E-02	7.151E-02
9.048E-01	3.474E-02	-3.474E-02	6.947E-02
9.068E-01	3.373E-02	-3.373E-02	6.745E-02
9.087E-01	3.272E-02	-3.272E-02	6.545E-02
9.107E-01	3.173E-02	-3.173E-02	6.346E-02
9.127E-01	3.074E-02	-3.074E-02	6.148E-02
9.147E-01	2.976E-02	-2.976E-02	5.953E-02
9.167E-01	2.879E-02	-2.879E-02	5.759E-02
9.187E-01	2.783E-02	-2.783E-02	5.566E-02
9.206E-01	2.688E-02	-2.688E-02	5.376E-02
9.226E-01	2.594E-02	-2.594E-02	5.187E-02
9.246E-01	2.500E-02	-2.500E-02	5.000E-02
9.266E-01	2.407E-02	-2.407E-02	4.815E-02
9.286E-01	2.316E-02	-2.316E-02	4.632E-02
9.306E-01	2.225E-02	-2.225E-02	4.450E-02
9.325E-01	2.136E-02	-2.136E-02	4.271E-02
9.345E-01	2.047E-02	-2.047E-02	4.094E-02
9.365E-01	1.959E-02	-1.959E-02	3.919E-02
9.385E-01	1.873E-02	-1.873E-02	3.746E-02
9.405E-01	1.787E-02	-1.787E-02	3.575E-02
9.425E-01	1.703E-02	-1.703E-02	3.406E-02
9.444E-01	1.620E-02	-1.620E-02	3.240E-02
9.464E-01	1.538E-02	-1.538E-02	3.076E-02
9.484E-01	1.457E-02	-1.457E-02	2.915E-02
9.504E-01	1.378E-02	-1.378E-02	2.756E-02
9.524E-01	1.300E-02	-1.300E-02	2.600E-02
9.544E-01	1.223E-02	-1.223E-02	2.446E-02
9.564E-01	1.147E-02	-1.147E-02	2.295E-02
9.583E-01	1.073E-02	-1.073E-02	2.147E-02
9.603E-01	1.001E-02	-1.001E-02	2.002E-02
9.623E-01	9.298E-03	-9.298E-03	1.860E-02
9.643E-01	8.603E-03	-8.603E-03	1.721E-02
9.663E-01	7.924E-03	-7.924E-03	1.585E-02
9.683E-01	7.262E-03	-7.262E-03	1.452E-02
9.702E-01	6.617E-03	-6.617E-03	1.323E-02
9.722E-01	5.990E-03	-5.990E-03	1.198E-02
9.742E-01	5.384E-03	-5.384E-03	1.077E-02
9.762E-01	4.795E-03	-4.795E-03	9.590E-03
9.782E-01	4.229E-03	-4.229E-03	8.458E-03
9.802E-01	3.685E-03	-3.685E-03	7.371E-03
9.821E-01	3.161E-03	-3.161E-03	6.322E-03
9.841E-01	2.670E-03	-2.670E-03	5.340E-03
9.861E-01	2.196E-03	-2.196E-03	4.392E-03
9.881E-01	1.755E-03	-1.755E-03	3.509E-03
9.901E-01	1.357E-03	-1.357E-03	2.714E-03
9.921E-01	9.642E-04	-9.642E-04	1.928E-03
9.940E-01	6.397E-04	-6.397E-04	1.279E-03
9.960E-01	3.654E-04	-3.654E-04	7.308E-04
9.980E-01	1.096E-04	-1.096E-04	2.192E-04
1.000E+00	0.000E+00	0.000E+00	0.000E+00
