Q0 = 0.8 GeV	 Q = 5.2 GeV
x	 x*uv	 x*dv	 x*(uv-dv)
1.000E-04	4.809E-03	-4.809E-03	9.618E-03
1.009E-04	4.836E-03	-4.836E-03	9.671E-03
1.019E-04	4.863E-03	-4.863E-03	9.725E-03
1.028E-04	4.890E-03	-4.890E-03	9.780E-03
1.038E-04	4.917E-03	-4.917E-03	9.834E-03
1.047E-04	4.945E-03	-4.945E-03	9.889E-03
1.057E-04	4.972E-03	-4.972E-03	9.945E-03
1.067E-04	5.000E-03	-5.000E-03	1.000E-02
1.076E-04	5.028E-03	-5.028E-03	1.006E-02
1.086E-04	5.056E-03	-5.056E-03	1.011E-02
1.096E-04	5.084E-03	-5.084E-03	1.017E-02
1.107E-04	5.113E-03	-5.113E-03	1.023E-02
1.117E-04	5.141E-03	-5.141E-03	1.028E-02
1.127E-04	5.170E-03	-5.170E-03	1.034E-02
1.138E-04	5.199E-03	-5.199E-03	1.040E-02
1.148E-04	5.228E-03	-5.228E-03	1.046E-02
1.159E-04	5.257E-03	-5.257E-03	1.051E-02
1.169E-04	5.286E-03	-5.286E-03	1.057E-02
1.180E-04	5.316E-03	-5.316E-03	1.063E-02
1.191E-04	5.345E-03	-5.345E-03	1.069E-02
1.202E-04	5.375E-03	-5.375E-03	1.075E-02
1.213E-04	5.405E-03	-5.405E-03	1.081E-02
1.225E-04	5.435E-03	-5.435E-03	1.087E-02
1.236E-04	5.466E-03	-5.466E-03	1.093E-02
1.247E-04	5.496E-03	-5.496E-03	1.099E-02
1.259E-04	5.527E-03	-5.527E-03	1.105E-02
1.271E-04	5.558E-03	-5.558E-03	1.112E-02
1.282E-04	5.588E-03	-5.588E-03	1.118E-02
1.294E-04	5.620E-03	-5.620E-03	1.124E-02
1.306E-04	5.651E-03	-5.651E-03	1.130E-02
1.318E-04	5.682E-03	-5.682E-03	1.136E-02
1.330E-04	5.714E-03	-5.714E-03	1.143E-02
1.343E-04	5.746E-03	-5.746E-03	1.149E-02
1.355E-04	5.778E-03	-5.778E-03	1.156E-02
1.368E-04	5.810E-03	-5.810E-03	1.162E-02
1.380E-04	5.843E-03	-5.843E-03	1.169E-02
1.393E-04	5.875E-03	-5.875E-03	1.175E-02
1.406E-04	5.908E-03	-5.908E-03	1.182E-02
1.419E-04	5.941E-03	-5.941E-03	1.188E-02
1.432E-04	5.974E-03	-5.974E-03	1.195E-02
1.445E-04	6.007E-03	-6.007E-03	1.201E-02
1.459E-04	6.040E-03	-6.040E-03	1.208E-02
1.472E-04	6.074E-03	-6.074E-03	1.215E-02
1.486E-04	6.108E-03	-6.108E-03	1.222E-02
1.500E-04	6.142E-03	-6.142E-03	1.228E-02
1.514E-04	6.176E-03	-6.176E-03	1.235E-02
1.528E-04	6.210E-03	-6.210E-03	1.242E-02
1.542E-04	6.245E-03	-6.245E-03	1.249E-02
1.556E-04	6.280E-03	-6.280E-03	1.256E-02
1.570E-04	6.315E-03	-6.315E-03	1.263E-02
1.585E-04	6.350E-03	-6.350E-03	1.270E-02
1.600E-04	6.385E-03	-6.385E-03	1.277E-02
1.614E-04	6.421E-03	-6.421E-03	1.284E-02
1.629E-04	6.456E-03	-6.456E-03	1.291E-02
1.644E-04	6.492E-03	-6.492E-03	1.298E-02
1.660E-04	6.528E-03	-6.528E-03	1.306E-02
1.675E-04	6.565E-03	-6.565E-03	1.313E-02
1.690E-04	6.601E-03	-6.601E-03	1.320E-02
1.706E-04	6.638E-03	-6.638E-03	1.328E-02
1.722E-04	6.675E-03	-6.675E-03	1.335E-02
1.738E-04	6.712E-03	-6.712E-03	1.342E-02
1.754E-04	6.749E-03	-6.749E-03	1.350E-02
1.770E-04	6.787E-03	-6.787E-03	1.357E-02
1.786E-04	6.825E-03	-6.825E-03	1.365E-02
1.803E-04	6.862E-03	-6.862E-03	1.372E-02
1.820E-04	6.901E-03	-6.901E-03	1.380E-02
1.837E-04	6.939E-03	-6.939E-03	1.388E-02
1.854E-04	6.977E-03	-6.977E-03	1.395E-02
1.871E-04	7.016E-03	-7.016E-03	1.403E-02
1.888E-04	7.055E-03	-7.055E-03	1.411E-02
1.905E-04	7.094E-03	-7.094E-03	1.419E-02
1.923E-04	7.134E-03	-7.134E-03	1.427E-02
1.941E-04	7.173E-03	-7.173E-03	1.435E-02
1.959E-04	7.213E-03	-7.213E-03	1.443E-02
1.977E-04	7.253E-03	-7.253E-03	1.451E-02
1.995E-04	7.294E-03	-7.294E-03	1.459E-02
2.014E-04	7.334E-03	-7.334E-03	1.467E-02
2.032E-04	7.375E-03	-7.375E-03	1.475E-02
2.051E-04	7.416E-03	-7.416E-03	1.483E-02
2.070E-04	7.457E-03	-7.457E-03	1.491E-02
2.089E-04	7.498E-03	-7.498E-03	1.500E-02
2.109E-04	7.540E-03	-7.540E-03	1.508E-02
2.128E-04	7.582E-03	-7.582E-03	1.516E-02
2.148E-04	7.624E-03	-7.624E-03	1.525E-02
2.168E-04	7.666E-03	-7.666E-03	1.533E-02
2.188E-04	7.709E-03	-7.709E-03	1.542E-02
2.208E-04	7.751E-03	-7.751E-03	1.550E-02
2.228E-04	7.794E-03	-7.794E-03	1.559E-02
2.249E-04	7.838E-03	-7.838E-03	1.568E-02
2.270E-04	7.881E-03	-7.881E-03	1.576E-02
2.291E-04	7.925E-03	-7.925E-03	1.585E-02
2.312E-04	7.969E-03	-7.969E-03	1.594E-02
2.333E-04	8.013E-03	-8.013E-03	1.603E-02
2.355E-04	8.057E-03	-8.057E-03	1.611E-02
2.377E-04	8.102E-03	-8.102E-03	1.620E-02
2.399E-04	8.147E-03	-8.147E-03	1.629E-02
2.421E-04	8.192E-03	-8.192E-03	1.638E-02
2.443E-04	8.237E-03	-8.237E-03	1.647E-02
2.466E-04	8.283E-03	-8.283E-03	1.657E-02
2.489E-04	8.329E-03	-8.329E-03	1.666E-02
2.512E-04	8.375E-03	-8.375E-03	1.675E-02
2.535E-04	8.422E-03	-8.422E-03	1.684E-02
2.559E-04	8.468E-03	-8.468E-03	1.694E-02
2.582E-04	8.515E-03	-8.515E-03	1.703E-02
2.606E-04	8.562E-03	-8.562E-03	1.712E-02
2.630E-04	8.610E-03	-8.610E-03	1.722E-02
2.655E-04	8.657E-03	-8.657E-03	1.731E-02
2.679E-04	8.705E-03	-8.705E-03	1.741E-02
2.704E-04	8.753E-03	-8.753E-03	1.751E-02
2.729E-04	8.802E-03	-8.802E-03	1.760E-02
2.754E-04	8.851E-03	-8.851E-03	1.770E-02
2.780E-04	8.900E-03	-8.900E-03	1.780E-02
2.805E-04	8.949E-03	-8.949E-03	1.790E-02
2.831E-04	8.998E-03	-8.998E-03	1.800E-02
2.858E-04	9.048E-03	-9.048E-03	1.810E-02
2.884E-04	9.098E-03	-9.098E-03	1.820E-02
2.911E-04	9.149E-03	-9.149E-03	1.830E-02
2.938E-04	9.199E-03	-9.199E-03	1.840E-02
2.965E-04	9.250E-03	-9.250E-03	1.850E-02
2.992E-04	9.301E-03	-9.301E-03	1.860E-02
3.020E-04	9.353E-03	-9.353E-03	1.871E-02
3.048E-04	9.404E-03	-9.404E-03	1.881E-02
3.076E-04	9.456E-03	-9.456E-03	1.891E-02
3.105E-04	9.509E-03	-9.509E-03	1.902E-02
3.133E-04	9.561E-03	-9.561E-03	1.912E-02
3.162E-04	9.614E-03	-9.614E-03	1.923E-02
3.192E-04	9.667E-03	-9.667E-03	1.933E-02
3.221E-04	9.721E-03	-9.721E-03	1.944E-02
3.251E-04	9.775E-03	-9.775E-03	1.955E-02
3.281E-04	9.829E-03	-9.829E-03	1.966E-02
3.311E-04	9.883E-03	-9.883E-03	1.977E-02
3.342E-04	9.937E-03	-9.937E-03	1.987E-02
3.373E-04	9.992E-03	-9.992E-03	1.998E-02
3.404E-04	1.005E-02	-1.005E-02	2.010E-02
3.436E-04	1.010E-02	-1.010E-02	2.021E-02
3.467E-04	1.016E-02	-1.016E-02	2.032E-02
3.499E-04	1.022E-02	-1.022E-02	2.043E-02
3.532E-04	1.027E-02	-1.027E-02	2.054E-02
3.565E-04	1.033E-02	-1.033E-02	2.066E-02
3.597E-04	1.039E-02	-1.039E-02	2.077E-02
3.631E-04	1.044E-02	-1.044E-02	2.089E-02
3.664E-04	1.050E-02	-1.050E-02	2.100E-02
3.698E-04	1.056E-02	-1.056E-02	2.112E-02
3.733E-04	1.062E-02	-1.062E-02	2.123E-02
3.767E-04	1.068E-02	-1.068E-02	2.135E-02
3.802E-04	1.073E-02	-1.073E-02	2.147E-02
3.837E-04	1.079E-02	-1.079E-02	2.159E-02
3.873E-04	1.085E-02	-1.085E-02	2.171E-02
3.908E-04	1.091E-02	-1.091E-02	2.183E-02
3.945E-04	1.097E-02	-1.097E-02	2.195E-02
3.981E-04	1.103E-02	-1.103E-02	2.207E-02
4.018E-04	1.109E-02	-1.109E-02	2.219E-02
4.055E-04	1.116E-02	-1.116E-02	2.231E-02
4.093E-04	1.122E-02	-1.122E-02	2.243E-02
4.130E-04	1.128E-02	-1.128E-02	2.256E-02
4.169E-04	1.134E-02	-1.134E-02	2.268E-02
4.207E-04	1.140E-02	-1.140E-02	2.281E-02
4.246E-04	1.147E-02	-1.147E-02	2.293E-02
4.285E-04	1.153E-02	-1.153E-02	2.306E-02
4.325E-04	1.159E-02	-1.159E-02	2.319E-02
4.365E-04	1.166E-02	-1.166E-02	2.331E-02
4.406E-04	1.172E-02	-1.172E-02	2.344E-02
4.446E-04	1.179E-02	-1.179E-02	2.357E-02
4.487E-04	1.185E-02	-1.185E-02	2.370E-02
4.529E-04	1.192E-02	-1.192E-02	2.383E-02
4.571E-04	1.198E-02	-1.198E-02	2.396E-02
4.613E-04	1.205E-02	-1.205E-02	2.410E-02
4.656E-04	1.211E-02	-1.211E-02	2.423E-02
4.699E-04	1.218E-02	-1.218E-02	2.436E-02
4.742E-04	1.225E-02	-1.225E-02	2.450E-02
4.786E-04	1.232E-02	-1.232E-02	2.463E-02
4.831E-04	1.238E-02	-1.238E-02	2.477E-02
4.875E-04	1.245E-02	-1.245E-02	2.490E-02
4.920E-04	1.252E-02	-1.252E-02	2.504E-02
4.966E-04	1.259E-02	-1.259E-02	2.518E-02
5.012E-04	1.266E-02	-1.266E-02	2.532E-02
5.058E-04	1.273E-02	-1.273E-02	2.546E-02
5.105E-04	1.280E-02	-1.280E-02	2.560E-02
5.152E-04	1.287E-02	-1.287E-02	2.574E-02
5.200E-04	1.294E-02	-1.294E-02	2.588E-02
5.248E-04	1.301E-02	-1.301E-02	2.602E-02
5.297E-04	1.308E-02	-1.308E-02	2.616E-02
5.346E-04	1.315E-02	-1.315E-02	2.631E-02
5.395E-04	1.323E-02	-1.323E-02	2.645E-02
5.445E-04	1.330E-02	-1.330E-02	2.660E-02
5.495E-04	1.337E-02	-1.337E-02	2.674E-02
5.546E-04	1.345E-02	-1.345E-02	2.689E-02
5.598E-04	1.352E-02	-1.352E-02	2.704E-02
5.649E-04	1.359E-02	-1.359E-02	2.719E-02
5.702E-04	1.367E-02	-1.367E-02	2.734E-02
5.754E-04	1.374E-02	-1.374E-02	2.749E-02
5.808E-04	1.382E-02	-1.382E-02	2.764E-02
5.861E-04	1.390E-02	-1.390E-02	2.779E-02
5.916E-04	1.397E-02	-1.397E-02	2.794E-02
5.970E-04	1.405E-02	-1.405E-02	2.810E-02
6.026E-04	1.413E-02	-1.413E-02	2.825E-02
6.081E-04	1.420E-02	-1.420E-02	2.841E-02
6.138E-04	1.428E-02	-1.428E-02	2.856E-02
6.194E-04	1.436E-02	-1.436E-02	2.872E-02
6.252E-04	1.444E-02	-1.444E-02	2.888E-02
6.310E-04	1.452E-02	-1.452E-02	2.904E-02
6.368E-04	1.460E-02	-1.460E-02	2.920E-02
6.427E-04	1.468E-02	-1.468E-02	2.936E-02
6.486E-04	1.476E-02	-1.476E-02	2.952E-02
6.546E-04	1.484E-02	-1.484E-02	2.968E-02
6.607E-04	1.492E-02	-1.492E-02	2.984E-02
6.668E-04	1.500E-02	-1.500E-02	3.001E-02
6.730E-04	1.509E-02	-1.509E-02	3.017E-02
6.792E-04	1.517E-02	-1.517E-02	3.034E-02
6.855E-04	1.525E-02	-1.525E-02	3.050E-02
6.918E-04	1.534E-02	-1.534E-02	3.067E-02
6.982E-04	1.542E-02	-1.542E-02	3.084E-02
7.047E-04	1.550E-02	-1.550E-02	3.101E-02
7.112E-04	1.559E-02	-1.559E-02	3.118E-02
7.178E-04	1.567E-02	-1.567E-02	3.135E-02
7.244E-04	1.576E-02	-1.576E-02	3.152E-02
7.311E-04	1.585E-02	-1.585E-02	3.169E-02
7.379E-04	1.593E-02	-1.593E-02	3.187E-02
7.447E-04	1.602E-02	-1.602E-02	3.204E-02
7.516E-04	1.611E-02	-1.611E-02	3.222E-02
7.586E-04	1.620E-02	-1.620E-02	3.239E-02
7.656E-04	1.629E-02	-1.629E-02	3.257E-02
7.727E-04	1.638E-02	-1.638E-02	3.275E-02
7.798E-04	1.647E-02	-1.647E-02	3.293E-02
7.870E-04	1.656E-02	-1.656E-02	3.311E-02
7.943E-04	1.665E-02	-1.665E-02	3.329E-02
8.017E-04	1.674E-02	-1.674E-02	3.347E-02
8.091E-04	1.683E-02	-1.683E-02	3.366E-02
8.166E-04	1.692E-02	-1.692E-02	3.384E-02
8.241E-04	1.701E-02	-1.701E-02	3.403E-02
8.318E-04	1.711E-02	-1.711E-02	3.421E-02
8.395E-04	1.720E-02	-1.720E-02	3.440E-02
8.472E-04	1.730E-02	-1.730E-02	3.459E-02
8.551E-04	1.739E-02	-1.739E-02	3.478E-02
8.630E-04	1.749E-02	-1.749E-02	3.497E-02
8.710E-04	1.758E-02	-1.758E-02	3.516E-02
8.790E-04	1.768E-02	-1.768E-02	3.535E-02
8.872E-04	1.777E-02	-1.777E-02	3.555E-02
8.954E-04	1.787E-02	-1.787E-02	3.574E-02
9.036E-04	1.797E-02	-1.797E-02	3.594E-02
9.120E-04	1.807E-02	-1.807E-02	3.613E-02
9.204E-04	1.817E-02	-1.817E-02	3.633E-02
9.290E-04	1.827E-02	-1.827E-02	3.653E-02
9.376E-04	1.837E-02	-1.837E-02	3.673E-02
9.462E-04	1.847E-02	-1.847E-02	3.693E-02
9.550E-04	1.857E-02	-1.857E-02	3.713E-02
9.638E-04	1.867E-02	-1.867E-02	3.734E-02
9.727E-04	1.877E-02	-1.877E-02	3.754E-02
9.817E-04	1.887E-02	-1.887E-02	3.775E-02
9.908E-04	1.898E-02	-1.898E-02	3.795E-02
1.000E-03	1.908E-02	-1.908E-02	3.816E-02
1.009E-03	1.918E-02	-1.918E-02	3.837E-02
1.019E-03	1.929E-02	-1.929E-02	3.858E-02
1.028E-03	1.940E-02	-1.940E-02	3.879E-02
1.038E-03	1.950E-02	-1.950E-02	3.900E-02
1.047E-03	1.961E-02	-1.961E-02	3.922E-02
1.057E-03	1.971E-02	-1.971E-02	3.943E-02
1.067E-03	1.982E-02	-1.982E-02	3.965E-02
1.076E-03	1.993E-02	-1.993E-02	3.986E-02
1.086E-03	2.004E-02	-2.004E-02	4.008E-02
1.096E-03	2.015E-02	-2.015E-02	4.030E-02
1.107E-03	2.026E-02	-2.026E-02	4.052E-02
1.117E-03	2.037E-02	-2.037E-02	4.074E-02
1.127E-03	2.048E-02	-2.048E-02	4.096E-02
1.138E-03	2.059E-02	-2.059E-02	4.119E-02
1.148E-03	2.071E-02	-2.071E-02	4.141E-02
1.159E-03	2.082E-02	-2.082E-02	4.164E-02
1.169E-03	2.093E-02	-2.093E-02	4.186E-02
1.180E-03	2.105E-02	-2.105E-02	4.209E-02
1.191E-03	2.116E-02	-2.116E-02	4.232E-02
1.202E-03	2.128E-02	-2.128E-02	4.255E-02
1.213E-03	2.139E-02	-2.139E-02	4.279E-02
1.225E-03	2.151E-02	-2.151E-02	4.302E-02
1.236E-03	2.163E-02	-2.163E-02	4.325E-02
1.247E-03	2.175E-02	-2.175E-02	4.349E-02
1.259E-03	2.186E-02	-2.186E-02	4.373E-02
1.271E-03	2.198E-02	-2.198E-02	4.397E-02
1.282E-03	2.210E-02	-2.210E-02	4.421E-02
1.294E-03	2.222E-02	-2.222E-02	4.445E-02
1.306E-03	2.234E-02	-2.234E-02	4.469E-02
1.318E-03	2.247E-02	-2.247E-02	4.493E-02
1.330E-03	2.259E-02	-2.259E-02	4.518E-02
1.343E-03	2.271E-02	-2.271E-02	4.542E-02
1.355E-03	2.284E-02	-2.284E-02	4.567E-02
1.368E-03	2.296E-02	-2.296E-02	4.592E-02
1.380E-03	2.309E-02	-2.309E-02	4.617E-02
1.393E-03	2.321E-02	-2.321E-02	4.642E-02
1.406E-03	2.334E-02	-2.334E-02	4.668E-02
1.419E-03	2.347E-02	-2.347E-02	4.693E-02
1.432E-03	2.359E-02	-2.359E-02	4.719E-02
1.445E-03	2.372E-02	-2.372E-02	4.744E-02
1.459E-03	2.385E-02	-2.385E-02	4.770E-02
1.472E-03	2.398E-02	-2.398E-02	4.796E-02
1.486E-03	2.411E-02	-2.411E-02	4.822E-02
1.500E-03	2.424E-02	-2.424E-02	4.849E-02
1.514E-03	2.437E-02	-2.437E-02	4.875E-02
1.528E-03	2.451E-02	-2.451E-02	4.901E-02
1.542E-03	2.464E-02	-2.464E-02	4.928E-02
1.556E-03	2.478E-02	-2.478E-02	4.955E-02
1.570E-03	2.491E-02	-2.491E-02	4.982E-02
1.585E-03	2.505E-02	-2.505E-02	5.009E-02
1.600E-03	2.518E-02	-2.518E-02	5.036E-02
1.614E-03	2.532E-02	-2.532E-02	5.064E-02
1.629E-03	2.546E-02	-2.546E-02	5.091E-02
1.644E-03	2.560E-02	-2.560E-02	5.119E-02
1.660E-03	2.573E-02	-2.573E-02	5.147E-02
1.675E-03	2.587E-02	-2.587E-02	5.175E-02
1.690E-03	2.602E-02	-2.602E-02	5.203E-02
1.706E-03	2.616E-02	-2.616E-02	5.231E-02
1.722E-03	2.630E-02	-2.630E-02	5.260E-02
1.738E-03	2.644E-02	-2.644E-02	5.288E-02
1.754E-03	2.659E-02	-2.659E-02	5.317E-02
1.770E-03	2.673E-02	-2.673E-02	5.346E-02
1.786E-03	2.688E-02	-2.688E-02	5.375E-02
1.803E-03	2.702E-02	-2.702E-02	5.404E-02
1.820E-03	2.717E-02	-2.717E-02	5.434E-02
1.837E-03	2.732E-02	-2.732E-02	5.463E-02
1.854E-03	2.746E-02	-2.746E-02	5.493E-02
1.871E-03	2.761E-02	-2.761E-02	5.523E-02
1.888E-03	2.776E-02	-2.776E-02	5.553E-02
1.905E-03	2.791E-02	-2.791E-02	5.583E-02
1.923E-03	2.807E-02	-2.807E-02	5.613E-02
1.941E-03	2.822E-02	-2.822E-02	5.644E-02
1.959E-03	2.837E-02	-2.837E-02	5.674E-02
1.977E-03	2.853E-02	-2.853E-02	5.705E-02
1.995E-03	2.868E-02	-2.868E-02	5.736E-02
2.014E-03	2.884E-02	-2.884E-02	5.767E-02
2.032E-03	2.899E-02	-2.899E-02	5.799E-02
2.051E-03	2.915E-02	-2.915E-02	5.830E-02
2.070E-03	2.931E-02	-2.931E-02	5.862E-02
2.089E-03	2.947E-02	-2.947E-02	5.894E-02
2.109E-03	2.963E-02	-2.963E-02	5.926E-02
2.128E-03	2.979E-02	-2.979E-02	5.958E-02
2.148E-03	2.995E-02	-2.995E-02	5.990E-02
2.168E-03	3.011E-02	-3.011E-02	6.023E-02
2.188E-03	3.028E-02	-3.028E-02	6.055E-02
2.208E-03	3.044E-02	-3.044E-02	6.088E-02
2.228E-03	3.061E-02	-3.061E-02	6.121E-02
2.249E-03	3.077E-02	-3.077E-02	6.154E-02
2.270E-03	3.094E-02	-3.094E-02	6.188E-02
2.291E-03	3.111E-02	-3.111E-02	6.221E-02
2.312E-03	3.127E-02	-3.127E-02	6.255E-02
2.333E-03	3.144E-02	-3.144E-02	6.289E-02
2.355E-03	3.161E-02	-3.161E-02	6.323E-02
2.377E-03	3.179E-02	-3.179E-02	6.357E-02
2.399E-03	3.196E-02	-3.196E-02	6.392E-02
2.421E-03	3.213E-02	-3.213E-02	6.426E-02
2.443E-03	3.231E-02	-3.231E-02	6.461E-02
2.466E-03	3.248E-02	-3.248E-02	6.496E-02
2.489E-03	3.266E-02	-3.266E-02	6.531E-02
2.512E-03	3.283E-02	-3.283E-02	6.567E-02
2.535E-03	3.301E-02	-3.301E-02	6.602E-02
2.559E-03	3.319E-02	-3.319E-02	6.638E-02
2.582E-03	3.337E-02	-3.337E-02	6.674E-02
2.606E-03	3.355E-02	-3.355E-02	6.710E-02
2.630E-03	3.373E-02	-3.373E-02	6.746E-02
2.655E-03	3.392E-02	-3.392E-02	6.783E-02
2.679E-03	3.410E-02	-3.410E-02	6.820E-02
2.704E-03	3.428E-02	-3.428E-02	6.857E-02
2.729E-03	3.447E-02	-3.447E-02	6.894E-02
2.754E-03	3.466E-02	-3.466E-02	6.931E-02
2.780E-03	3.484E-02	-3.484E-02	6.969E-02
2.805E-03	3.503E-02	-3.503E-02	7.006E-02
2.831E-03	3.522E-02	-3.522E-02	7.044E-02
2.858E-03	3.541E-02	-3.541E-02	7.082E-02
2.884E-03	3.560E-02	-3.560E-02	7.121E-02
2.911E-03	3.580E-02	-3.580E-02	7.159E-02
2.938E-03	3.599E-02	-3.599E-02	7.198E-02
2.965E-03	3.618E-02	-3.618E-02	7.237E-02
2.992E-03	3.638E-02	-3.638E-02	7.276E-02
3.020E-03	3.658E-02	-3.658E-02	7.315E-02
3.048E-03	3.677E-02	-3.677E-02	7.355E-02
3.076E-03	3.697E-02	-3.697E-02	7.394E-02
3.105E-03	3.717E-02	-3.717E-02	7.434E-02
3.133E-03	3.737E-02	-3.737E-02	7.475E-02
3.162E-03	3.757E-02	-3.757E-02	7.515E-02
3.192E-03	3.778E-02	-3.778E-02	7.556E-02
3.221E-03	3.798E-02	-3.798E-02	7.596E-02
3.251E-03	3.819E-02	-3.819E-02	7.637E-02
3.281E-03	3.839E-02	-3.839E-02	7.679E-02
3.311E-03	3.860E-02	-3.860E-02	7.720E-02
3.342E-03	3.881E-02	-3.881E-02	7.762E-02
3.373E-03	3.902E-02	-3.902E-02	7.804E-02
3.404E-03	3.923E-02	-3.923E-02	7.846E-02
3.436E-03	3.944E-02	-3.944E-02	7.888E-02
3.467E-03	3.965E-02	-3.965E-02	7.931E-02
3.499E-03	3.987E-02	-3.987E-02	7.974E-02
3.532E-03	4.008E-02	-4.008E-02	8.017E-02
3.565E-03	4.030E-02	-4.030E-02	8.060E-02
3.597E-03	4.052E-02	-4.052E-02	8.103E-02
3.631E-03	4.074E-02	-4.074E-02	8.147E-02
3.664E-03	4.095E-02	-4.095E-02	8.191E-02
3.698E-03	4.118E-02	-4.118E-02	8.235E-02
3.733E-03	4.140E-02	-4.140E-02	8.280E-02
3.767E-03	4.162E-02	-4.162E-02	8.324E-02
3.802E-03	4.185E-02	-4.185E-02	8.369E-02
3.837E-03	4.207E-02	-4.207E-02	8.414E-02
3.873E-03	4.230E-02	-4.230E-02	8.460E-02
3.908E-03	4.253E-02	-4.253E-02	8.505E-02
3.945E-03	4.275E-02	-4.275E-02	8.551E-02
3.981E-03	4.299E-02	-4.299E-02	8.597E-02
4.018E-03	4.322E-02	-4.322E-02	8.643E-02
4.055E-03	4.345E-02	-4.345E-02	8.690E-02
4.093E-03	4.368E-02	-4.368E-02	8.737E-02
4.130E-03	4.392E-02	-4.392E-02	8.784E-02
4.169E-03	4.416E-02	-4.416E-02	8.831E-02
4.207E-03	4.439E-02	-4.439E-02	8.879E-02
4.246E-03	4.463E-02	-4.463E-02	8.926E-02
4.285E-03	4.487E-02	-4.487E-02	8.974E-02
4.325E-03	4.511E-02	-4.511E-02	9.023E-02
4.365E-03	4.536E-02	-4.536E-02	9.071E-02
4.406E-03	4.560E-02	-4.560E-02	9.120E-02
4.446E-03	4.585E-02	-4.585E-02	9.169E-02
4.487E-03	4.609E-02	-4.609E-02	9.219E-02
4.529E-03	4.634E-02	-4.634E-02	9.268E-02
4.571E-03	4.659E-02	-4.659E-02	9.318E-02
4.613E-03	4.684E-02	-4.684E-02	9.368E-02
4.656E-03	4.709E-02	-4.709E-02	9.419E-02
4.699E-03	4.735E-02	-4.735E-02	9.469E-02
4.742E-03	4.760E-02	-4.760E-02	9.520E-02
4.786E-03	4.786E-02	-4.786E-02	9.571E-02
4.831E-03	4.811E-02	-4.811E-02	9.623E-02
4.875E-03	4.837E-02	-4.837E-02	9.674E-02
4.920E-03	4.863E-02	-4.863E-02	9.726E-02
4.966E-03	4.889E-02	-4.889E-02	9.779E-02
5.012E-03	4.916E-02	-4.916E-02	9.831E-02
5.058E-03	4.942E-02	-4.942E-02	9.884E-02
5.105E-03	4.969E-02	-4.969E-02	9.937E-02
5.152E-03	4.995E-02	-4.995E-02	9.990E-02
5.200E-03	5.022E-02	-5.022E-02	1.004E-01
5.248E-03	5.049E-02	-5.049E-02	1.010E-01
5.297E-03	5.076E-02	-5.076E-02	1.015E-01
5.346E-03	5.103E-02	-5.103E-02	1.021E-01
5.395E-03	5.131E-02	-5.131E-02	1.026E-01
5.445E-03	5.158E-02	-5.158E-02	1.032E-01
5.495E-03	5.186E-02	-5.186E-02	1.037E-01
5.546E-03	5.214E-02	-5.214E-02	1.043E-01
5.598E-03	5.242E-02	-5.242E-02	1.048E-01
5.649E-03	5.270E-02	-5.270E-02	1.054E-01
5.702E-03	5.298E-02	-5.298E-02	1.060E-01
5.754E-03	5.326E-02	-5.326E-02	1.065E-01
5.808E-03	5.355E-02	-5.355E-02	1.071E-01
5.861E-03	5.384E-02	-5.384E-02	1.077E-01
5.916E-03	5.413E-02	-5.413E-02	1.083E-01
5.970E-03	5.442E-02	-5.442E-02	1.088E-01
6.026E-03	5.471E-02	-5.471E-02	1.094E-01
6.081E-03	5.500E-02	-5.500E-02	1.100E-01
6.138E-03	5.530E-02	-5.530E-02	1.106E-01
6.194E-03	5.559E-02	-5.559E-02	1.112E-01
6.252E-03	5.589E-02	-5.589E-02	1.118E-01
6.310E-03	5.619E-02	-5.619E-02	1.124E-01
6.368E-03	5.649E-02	-5.649E-02	1.130E-01
6.427E-03	5.679E-02	-5.679E-02	1.136E-01
6.486E-03	5.710E-02	-5.710E-02	1.142E-01
6.546E-03	5.740E-02	-5.740E-02	1.148E-01
6.607E-03	5.771E-02	-5.771E-02	1.154E-01
6.668E-03	5.802E-02	-5.802E-02	1.160E-01
6.730E-03	5.833E-02	-5.833E-02	1.167E-01
6.792E-03	5.864E-02	-5.864E-02	1.173E-01
6.855E-03	5.895E-02	-5.895E-02	1.179E-01
6.918E-03	5.927E-02	-5.927E-02	1.185E-01
6.982E-03	5.958E-02	-5.958E-02	1.192E-01
7.047E-03	5.990E-02	-5.990E-02	1.198E-01
7.112E-03	6.022E-02	-6.022E-02	1.204E-01
7.178E-03	6.054E-02	-6.054E-02	1.211E-01
7.244E-03	6.087E-02	-6.087E-02	1.217E-01
7.311E-03	6.119E-02	-6.119E-02	1.224E-01
7.379E-03	6.152E-02	-6.152E-02	1.230E-01
7.447E-03	6.185E-02	-6.185E-02	1.237E-01
7.516E-03	6.218E-02	-6.218E-02	1.244E-01
7.586E-03	6.251E-02	-6.251E-02	1.250E-01
7.656E-03	6.284E-02	-6.284E-02	1.257E-01
7.727E-03	6.318E-02	-6.318E-02	1.264E-01
7.798E-03	6.352E-02	-6.352E-02	1.270E-01
7.870E-03	6.386E-02	-6.386E-02	1.277E-01
7.943E-03	6.420E-02	-6.420E-02	1.284E-01
8.017E-03	6.454E-02	-6.454E-02	1.291E-01
8.091E-03	6.488E-02	-6.488E-02	1.298E-01
8.166E-03	6.523E-02	-6.523E-02	1.305E-01
8.241E-03	6.558E-02	-6.558E-02	1.312E-01
8.318E-03	6.593E-02	-6.593E-02	1.319E-01
8.395E-03	6.628E-02	-6.628E-02	1.326E-01
8.472E-03	6.663E-02	-6.663E-02	1.333E-01
8.551E-03	6.698E-02	-6.698E-02	1.340E-01
8.630E-03	6.734E-02	-6.734E-02	1.347E-01
8.710E-03	6.770E-02	-6.770E-02	1.354E-01
8.790E-03	6.806E-02	-6.806E-02	1.361E-01
8.872E-03	6.842E-02	-6.842E-02	1.368E-01
8.954E-03	6.879E-02	-6.879E-02	1.376E-01
9.036E-03	6.915E-02	-6.915E-02	1.383E-01
9.120E-03	6.952E-02	-6.952E-02	1.390E-01
9.204E-03	6.989E-02	-6.989E-02	1.398E-01
9.290E-03	7.026E-02	-7.026E-02	1.405E-01
9.376E-03	7.063E-02	-7.063E-02	1.413E-01
9.462E-03	7.101E-02	-7.101E-02	1.420E-01
9.550E-03	7.139E-02	-7.139E-02	1.428E-01
9.638E-03	7.177E-02	-7.177E-02	1.435E-01
9.727E-03	7.215E-02	-7.215E-02	1.443E-01
9.817E-03	7.253E-02	-7.253E-02	1.451E-01
9.908E-03	7.292E-02	-7.292E-02	1.458E-01
1.000E-02	7.330E-02	-7.330E-02	1.466E-01
1.009E-02	7.369E-02	-7.369E-02	1.474E-01
1.019E-02	7.408E-02	-7.408E-02	1.482E-01
1.028E-02	7.448E-02	-7.448E-02	1.490E-01
1.038E-02	7.487E-02	-7.487E-02	1.497E-01
1.047E-02	7.527E-02	-7.527E-02	1.505E-01
1.057E-02	7.567E-02	-7.567E-02	1.513E-01
1.067E-02	7.607E-02	-7.607E-02	1.521E-01
1.076E-02	7.647E-02	-7.647E-02	1.529E-01
1.086E-02	7.688E-02	-7.688E-02	1.538E-01
1.096E-02	7.728E-02	-7.728E-02	1.546E-01
1.107E-02	7.769E-02	-7.769E-02	1.554E-01
1.117E-02	7.810E-02	-7.810E-02	1.562E-01
1.127E-02	7.852E-02	-7.852E-02	1.570E-01
1.138E-02	7.893E-02	-7.893E-02	1.579E-01
1.148E-02	7.935E-02	-7.935E-02	1.587E-01
1.159E-02	7.977E-02	-7.977E-02	1.595E-01
1.169E-02	8.019E-02	-8.019E-02	1.604E-01
1.180E-02	8.062E-02	-8.062E-02	1.612E-01
1.191E-02	8.104E-02	-8.104E-02	1.621E-01
1.202E-02	8.147E-02	-8.147E-02	1.629E-01
1.213E-02	8.190E-02	-8.190E-02	1.638E-01
1.225E-02	8.233E-02	-8.233E-02	1.647E-01
1.236E-02	8.277E-02	-8.277E-02	1.655E-01
1.247E-02	8.321E-02	-8.321E-02	1.664E-01
1.259E-02	8.365E-02	-8.365E-02	1.673E-01
1.271E-02	8.409E-02	-8.409E-02	1.682E-01
1.282E-02	8.453E-02	-8.453E-02	1.691E-01
1.294E-02	8.498E-02	-8.498E-02	1.700E-01
1.306E-02	8.542E-02	-8.542E-02	1.708E-01
1.318E-02	8.587E-02	-8.587E-02	1.717E-01
1.330E-02	8.633E-02	-8.633E-02	1.727E-01
1.343E-02	8.678E-02	-8.678E-02	1.736E-01
1.355E-02	8.724E-02	-8.724E-02	1.745E-01
1.368E-02	8.770E-02	-8.770E-02	1.754E-01
1.380E-02	8.816E-02	-8.816E-02	1.763E-01
1.393E-02	8.862E-02	-8.862E-02	1.772E-01
1.406E-02	8.909E-02	-8.909E-02	1.782E-01
1.419E-02	8.956E-02	-8.956E-02	1.791E-01
1.432E-02	9.003E-02	-9.003E-02	1.801E-01
1.445E-02	9.050E-02	-9.050E-02	1.810E-01
1.459E-02	9.098E-02	-9.098E-02	1.820E-01
1.472E-02	9.146E-02	-9.146E-02	1.829E-01
1.486E-02	9.194E-02	-9.194E-02	1.839E-01
1.500E-02	9.242E-02	-9.242E-02	1.848E-01
1.514E-02	9.290E-02	-9.290E-02	1.858E-01
1.528E-02	9.339E-02	-9.339E-02	1.868E-01
1.542E-02	9.388E-02	-9.388E-02	1.878E-01
1.556E-02	9.437E-02	-9.437E-02	1.887E-01
1.570E-02	9.487E-02	-9.487E-02	1.897E-01
1.585E-02	9.537E-02	-9.537E-02	1.907E-01
1.600E-02	9.587E-02	-9.587E-02	1.917E-01
1.614E-02	9.637E-02	-9.637E-02	1.927E-01
1.629E-02	9.687E-02	-9.687E-02	1.937E-01
1.644E-02	9.738E-02	-9.738E-02	1.948E-01
1.660E-02	9.789E-02	-9.789E-02	1.958E-01
1.675E-02	9.840E-02	-9.840E-02	1.968E-01
1.690E-02	9.892E-02	-9.892E-02	1.978E-01
1.706E-02	9.943E-02	-9.943E-02	1.989E-01
1.722E-02	9.995E-02	-9.995E-02	1.999E-01
1.738E-02	1.005E-01	-1.005E-01	2.009E-01
1.754E-02	1.010E-01	-1.010E-01	2.020E-01
1.770E-02	1.015E-01	-1.015E-01	2.031E-01
1.786E-02	1.021E-01	-1.021E-01	2.041E-01
1.803E-02	1.026E-01	-1.026E-01	2.052E-01
1.820E-02	1.031E-01	-1.031E-01	2.062E-01
1.837E-02	1.037E-01	-1.037E-01	2.073E-01
1.854E-02	1.042E-01	-1.042E-01	2.084E-01
1.871E-02	1.047E-01	-1.047E-01	2.095E-01
1.888E-02	1.053E-01	-1.053E-01	2.106E-01
1.905E-02	1.058E-01	-1.058E-01	2.117E-01
1.923E-02	1.064E-01	-1.064E-01	2.128E-01
1.941E-02	1.069E-01	-1.069E-01	2.139E-01
1.959E-02	1.075E-01	-1.075E-01	2.150E-01
1.977E-02	1.081E-01	-1.081E-01	2.161E-01
1.995E-02	1.086E-01	-1.086E-01	2.172E-01
2.014E-02	1.092E-01	-1.092E-01	2.184E-01
2.032E-02	1.097E-01	-1.097E-01	2.195E-01
2.051E-02	1.103E-01	-1.103E-01	2.206E-01
2.070E-02	1.109E-01	-1.109E-01	2.218E-01
2.089E-02	1.115E-01	-1.115E-01	2.229E-01
2.109E-02	1.120E-01	-1.120E-01	2.241E-01
2.128E-02	1.126E-01	-1.126E-01	2.252E-01
2.148E-02	1.132E-01	-1.132E-01	2.264E-01
2.168E-02	1.138E-01	-1.138E-01	2.276E-01
2.188E-02	1.144E-01	-1.144E-01	2.287E-01
2.208E-02	1.150E-01	-1.150E-01	2.299E-01
2.228E-02	1.156E-01	-1.156E-01	2.311E-01
2.249E-02	1.161E-01	-1.161E-01	2.323E-01
2.270E-02	1.167E-01	-1.167E-01	2.335E-01
2.291E-02	1.174E-01	-1.174E-01	2.347E-01
2.312E-02	1.180E-01	-1.180E-01	2.359E-01
2.333E-02	1.186E-01	-1.186E-01	2.371E-01
2.355E-02	1.192E-01	-1.192E-01	2.383E-01
2.377E-02	1.198E-01	-1.198E-01	2.396E-01
2.399E-02	1.204E-01	-1.204E-01	2.408E-01
2.421E-02	1.210E-01	-1.210E-01	2.420E-01
2.443E-02	1.216E-01	-1.216E-01	2.433E-01
2.466E-02	1.223E-01	-1.223E-01	2.445E-01
2.489E-02	1.229E-01	-1.229E-01	2.458E-01
2.512E-02	1.235E-01	-1.235E-01	2.470E-01
2.535E-02	1.242E-01	-1.242E-01	2.483E-01
2.559E-02	1.248E-01	-1.248E-01	2.496E-01
2.582E-02	1.254E-01	-1.254E-01	2.509E-01
2.606E-02	1.261E-01	-1.261E-01	2.521E-01
2.630E-02	1.267E-01	-1.267E-01	2.534E-01
2.655E-02	1.274E-01	-1.274E-01	2.547E-01
2.679E-02	1.280E-01	-1.280E-01	2.560E-01
2.704E-02	1.287E-01	-1.287E-01	2.573E-01
2.729E-02	1.293E-01	-1.293E-01	2.586E-01
2.754E-02	1.300E-01	-1.300E-01	2.600E-01
2.780E-02	1.306E-01	-1.306E-01	2.613E-01
2.805E-02	1.313E-01	-1.313E-01	2.626E-01
2.831E-02	1.320E-01	-1.320E-01	2.640E-01
2.858E-02	1.326E-01	-1.326E-01	2.653E-01
2.884E-02	1.333E-01	-1.333E-01	2.666E-01
2.911E-02	1.340E-01	-1.340E-01	2.680E-01
2.938E-02	1.347E-01	-1.347E-01	2.694E-01
2.965E-02	1.354E-01	-1.354E-01	2.707E-01
2.992E-02	1.360E-01	-1.360E-01	2.721E-01
3.020E-02	1.367E-01	-1.367E-01	2.735E-01
3.048E-02	1.374E-01	-1.374E-01	2.748E-01
3.076E-02	1.381E-01	-1.381E-01	2.762E-01
3.105E-02	1.388E-01	-1.388E-01	2.776E-01
3.133E-02	1.395E-01	-1.395E-01	2.790E-01
3.162E-02	1.402E-01	-1.402E-01	2.804E-01
3.192E-02	1.409E-01	-1.409E-01	2.818E-01
3.221E-02	1.416E-01	-1.416E-01	2.833E-01
3.251E-02	1.423E-01	-1.423E-01	2.847E-01
3.281E-02	1.431E-01	-1.431E-01	2.861E-01
3.311E-02	1.438E-01	-1.438E-01	2.876E-01
3.342E-02	1.445E-01	-1.445E-01	2.890E-01
3.373E-02	1.452E-01	-1.452E-01	2.904E-01
3.404E-02	1.460E-01	-1.460E-01	2.919E-01
3.436E-02	1.467E-01	-1.467E-01	2.934E-01
3.467E-02	1.474E-01	-1.474E-01	2.948E-01
3.499E-02	1.482E-01	-1.482E-01	2.963E-01
3.532E-02	1.489E-01	-1.489E-01	2.978E-01
3.565E-02	1.496E-01	-1.496E-01	2.993E-01
3.597E-02	1.504E-01	-1.504E-01	3.008E-01
3.631E-02	1.511E-01	-1.511E-01	3.022E-01
3.664E-02	1.519E-01	-1.519E-01	3.038E-01
3.698E-02	1.526E-01	-1.526E-01	3.053E-01
3.733E-02	1.534E-01	-1.534E-01	3.068E-01
3.767E-02	1.541E-01	-1.541E-01	3.083E-01
3.802E-02	1.549E-01	-1.549E-01	3.098E-01
3.837E-02	1.557E-01	-1.557E-01	3.114E-01
3.873E-02	1.564E-01	-1.564E-01	3.129E-01
3.908E-02	1.572E-01	-1.572E-01	3.144E-01
3.945E-02	1.580E-01	-1.580E-01	3.160E-01
3.981E-02	1.588E-01	-1.588E-01	3.175E-01
4.018E-02	1.596E-01	-1.596E-01	3.191E-01
4.055E-02	1.603E-01	-1.603E-01	3.207E-01
4.093E-02	1.611E-01	-1.611E-01	3.222E-01
4.130E-02	1.619E-01	-1.619E-01	3.238E-01
4.169E-02	1.627E-01	-1.627E-01	3.254E-01
4.207E-02	1.635E-01	-1.635E-01	3.270E-01
4.246E-02	1.643E-01	-1.643E-01	3.286E-01
4.285E-02	1.651E-01	-1.651E-01	3.302E-01
4.325E-02	1.659E-01	-1.659E-01	3.318E-01
4.365E-02	1.667E-01	-1.667E-01	3.334E-01
4.406E-02	1.675E-01	-1.675E-01	3.350E-01
4.446E-02	1.683E-01	-1.683E-01	3.367E-01
4.487E-02	1.691E-01	-1.691E-01	3.383E-01
4.529E-02	1.700E-01	-1.700E-01	3.399E-01
4.571E-02	1.708E-01	-1.708E-01	3.416E-01
4.613E-02	1.716E-01	-1.716E-01	3.432E-01
4.656E-02	1.724E-01	-1.724E-01	3.449E-01
4.699E-02	1.733E-01	-1.733E-01	3.465E-01
4.742E-02	1.741E-01	-1.741E-01	3.482E-01
4.786E-02	1.749E-01	-1.749E-01	3.499E-01
4.831E-02	1.758E-01	-1.758E-01	3.516E-01
4.875E-02	1.766E-01	-1.766E-01	3.532E-01
4.920E-02	1.775E-01	-1.775E-01	3.549E-01
4.966E-02	1.783E-01	-1.783E-01	3.566E-01
5.012E-02	1.792E-01	-1.792E-01	3.583E-01
5.058E-02	1.800E-01	-1.800E-01	3.600E-01
5.105E-02	1.809E-01	-1.809E-01	3.617E-01
5.152E-02	1.817E-01	-1.817E-01	3.635E-01
5.200E-02	1.826E-01	-1.826E-01	3.652E-01
5.248E-02	1.834E-01	-1.834E-01	3.669E-01
5.297E-02	1.843E-01	-1.843E-01	3.686E-01
5.346E-02	1.852E-01	-1.852E-01	3.704E-01
5.395E-02	1.861E-01	-1.861E-01	3.721E-01
5.445E-02	1.869E-01	-1.869E-01	3.739E-01
5.495E-02	1.878E-01	-1.878E-01	3.756E-01
5.546E-02	1.887E-01	-1.887E-01	3.774E-01
5.598E-02	1.896E-01	-1.896E-01	3.791E-01
5.649E-02	1.904E-01	-1.904E-01	3.809E-01
5.702E-02	1.913E-01	-1.913E-01	3.827E-01
5.754E-02	1.922E-01	-1.922E-01	3.844E-01
5.808E-02	1.931E-01	-1.931E-01	3.862E-01
5.861E-02	1.940E-01	-1.940E-01	3.880E-01
5.916E-02	1.949E-01	-1.949E-01	3.898E-01
5.970E-02	1.958E-01	-1.958E-01	3.916E-01
6.026E-02	1.967E-01	-1.967E-01	3.934E-01
6.081E-02	1.976E-01	-1.976E-01	3.952E-01
6.138E-02	1.985E-01	-1.985E-01	3.970E-01
6.194E-02	1.994E-01	-1.994E-01	3.988E-01
6.252E-02	2.003E-01	-2.003E-01	4.006E-01
6.310E-02	2.012E-01	-2.012E-01	4.025E-01
6.368E-02	2.021E-01	-2.021E-01	4.043E-01
6.427E-02	2.031E-01	-2.031E-01	4.061E-01
6.486E-02	2.040E-01	-2.040E-01	4.079E-01
6.546E-02	2.049E-01	-2.049E-01	4.098E-01
6.607E-02	2.058E-01	-2.058E-01	4.116E-01
6.668E-02	2.067E-01	-2.067E-01	4.135E-01
6.730E-02	2.077E-01	-2.077E-01	4.153E-01
6.792E-02	2.086E-01	-2.086E-01	4.172E-01
6.855E-02	2.095E-01	-2.095E-01	4.190E-01
6.918E-02	2.104E-01	-2.104E-01	4.209E-01
6.982E-02	2.114E-01	-2.114E-01	4.227E-01
7.047E-02	2.123E-01	-2.123E-01	4.246E-01
7.112E-02	2.132E-01	-2.132E-01	4.265E-01
7.178E-02	2.142E-01	-2.142E-01	4.284E-01
7.244E-02	2.151E-01	-2.151E-01	4.302E-01
7.311E-02	2.161E-01	-2.161E-01	4.321E-01
7.379E-02	2.170E-01	-2.170E-01	4.340E-01
7.447E-02	2.179E-01	-2.179E-01	4.359E-01
7.516E-02	2.189E-01	-2.189E-01	4.378E-01
7.586E-02	2.198E-01	-2.198E-01	4.396E-01
7.656E-02	2.208E-01	-2.208E-01	4.415E-01
7.727E-02	2.217E-01	-2.217E-01	4.434E-01
7.798E-02	2.227E-01	-2.227E-01	4.453E-01
7.870E-02	2.236E-01	-2.236E-01	4.472E-01
7.943E-02	2.246E-01	-2.246E-01	4.491E-01
8.017E-02	2.255E-01	-2.255E-01	4.510E-01
8.091E-02	2.265E-01	-2.265E-01	4.529E-01
8.166E-02	2.274E-01	-2.274E-01	4.548E-01
8.241E-02	2.284E-01	-2.284E-01	4.567E-01
8.318E-02	2.293E-01	-2.293E-01	4.586E-01
8.395E-02	2.303E-01	-2.303E-01	4.605E-01
8.472E-02	2.312E-01	-2.312E-01	4.625E-01
8.551E-02	2.322E-01	-2.322E-01	4.644E-01
8.630E-02	2.331E-01	-2.331E-01	4.663E-01
8.710E-02	2.341E-01	-2.341E-01	4.682E-01
8.790E-02	2.350E-01	-2.350E-01	4.701E-01
8.872E-02	2.360E-01	-2.360E-01	4.720E-01
8.954E-02	2.370E-01	-2.370E-01	4.739E-01
9.036E-02	2.379E-01	-2.379E-01	4.758E-01
9.120E-02	2.389E-01	-2.389E-01	4.777E-01
9.204E-02	2.398E-01	-2.398E-01	4.796E-01
9.290E-02	2.408E-01	-2.408E-01	4.816E-01
9.376E-02	2.417E-01	-2.417E-01	4.835E-01
9.462E-02	2.427E-01	-2.427E-01	4.854E-01
9.550E-02	2.436E-01	-2.436E-01	4.873E-01
9.638E-02	2.446E-01	-2.446E-01	4.892E-01
9.727E-02	2.455E-01	-2.455E-01	4.911E-01
9.817E-02	2.465E-01	-2.465E-01	4.930E-01
9.908E-02	2.474E-01	-2.474E-01	4.949E-01
1.000E-01	2.484E-01	-2.484E-01	4.968E-01
1.009E-01	2.493E-01	-2.493E-01	4.987E-01
1.019E-01	2.503E-01	-2.503E-01	5.006E-01
1.028E-01	2.512E-01	-2.512E-01	5.024E-01
1.038E-01	2.522E-01	-2.522E-01	5.043E-01
1.047E-01	2.531E-01	-2.531E-01	5.062E-01
1.057E-01	2.540E-01	-2.540E-01	5.081E-01
1.067E-01	2.550E-01	-2.550E-01	5.100E-01
1.076E-01	2.559E-01	-2.559E-01	5.118E-01
1.086E-01	2.569E-01	-2.569E-01	5.137E-01
1.096E-01	2.578E-01	-2.578E-01	5.156E-01
1.107E-01	2.587E-01	-2.587E-01	5.174E-01
1.117E-01	2.596E-01	-2.596E-01	5.193E-01
1.127E-01	2.606E-01	-2.606E-01	5.211E-01
1.138E-01	2.615E-01	-2.615E-01	5.230E-01
1.148E-01	2.624E-01	-2.624E-01	5.248E-01
1.159E-01	2.633E-01	-2.633E-01	5.266E-01
1.169E-01	2.642E-01	-2.642E-01	5.285E-01
1.180E-01	2.651E-01	-2.651E-01	5.303E-01
1.191E-01	2.660E-01	-2.660E-01	5.321E-01
1.202E-01	2.670E-01	-2.670E-01	5.339E-01
1.213E-01	2.678E-01	-2.678E-01	5.357E-01
1.225E-01	2.687E-01	-2.687E-01	5.375E-01
1.236E-01	2.696E-01	-2.696E-01	5.393E-01
1.247E-01	2.705E-01	-2.705E-01	5.410E-01
1.259E-01	2.714E-01	-2.714E-01	5.428E-01
1.271E-01	2.723E-01	-2.723E-01	5.446E-01
1.282E-01	2.732E-01	-2.732E-01	5.463E-01
1.294E-01	2.740E-01	-2.740E-01	5.481E-01
1.306E-01	2.749E-01	-2.749E-01	5.498E-01
1.318E-01	2.757E-01	-2.757E-01	5.515E-01
1.330E-01	2.766E-01	-2.766E-01	5.532E-01
1.343E-01	2.774E-01	-2.774E-01	5.549E-01
1.355E-01	2.783E-01	-2.783E-01	5.566E-01
1.368E-01	2.791E-01	-2.791E-01	5.583E-01
1.380E-01	2.800E-01	-2.800E-01	5.599E-01
1.393E-01	2.808E-01	-2.808E-01	5.616E-01
1.406E-01	2.816E-01	-2.816E-01	5.632E-01
1.419E-01	2.824E-01	-2.824E-01	5.648E-01
1.432E-01	2.832E-01	-2.832E-01	5.664E-01
1.445E-01	2.840E-01	-2.840E-01	5.680E-01
1.459E-01	2.848E-01	-2.848E-01	5.696E-01
1.472E-01	2.856E-01	-2.856E-01	5.712E-01
1.486E-01	2.864E-01	-2.864E-01	5.727E-01
1.500E-01	2.871E-01	-2.871E-01	5.743E-01
1.514E-01	2.879E-01	-2.879E-01	5.758E-01
1.528E-01	2.887E-01	-2.887E-01	5.773E-01
1.542E-01	2.894E-01	-2.894E-01	5.788E-01
1.556E-01	2.901E-01	-2.901E-01	5.803E-01
1.570E-01	2.909E-01	-2.909E-01	5.817E-01
1.585E-01	2.916E-01	-2.916E-01	5.832E-01
1.600E-01	2.923E-01	-2.923E-01	5.846E-01
1.614E-01	2.930E-01	-2.930E-01	5.860E-01
1.629E-01	2.937E-01	-2.937E-01	5.874E-01
1.644E-01	2.944E-01	-2.944E-01	5.888E-01
1.660E-01	2.951E-01	-2.951E-01	5.901E-01
1.675E-01	2.957E-01	-2.957E-01	5.914E-01
1.690E-01	2.964E-01	-2.964E-01	5.927E-01
1.706E-01	2.970E-01	-2.970E-01	5.940E-01
1.722E-01	2.976E-01	-2.976E-01	5.953E-01
1.738E-01	2.983E-01	-2.983E-01	5.965E-01
1.754E-01	2.989E-01	-2.989E-01	5.977E-01
1.770E-01	2.995E-01	-2.995E-01	5.989E-01
1.786E-01	3.000E-01	-3.000E-01	6.001E-01
1.803E-01	3.006E-01	-3.006E-01	6.012E-01
1.820E-01	3.012E-01	-3.012E-01	6.024E-01
1.837E-01	3.017E-01	-3.017E-01	6.035E-01
1.854E-01	3.023E-01	-3.023E-01	6.045E-01
1.871E-01	3.028E-01	-3.028E-01	6.056E-01
1.888E-01	3.033E-01	-3.033E-01	6.066E-01
1.905E-01	3.038E-01	-3.038E-01	6.076E-01
1.923E-01	3.043E-01	-3.043E-01	6.086E-01
1.941E-01	3.047E-01	-3.047E-01	6.095E-01
1.959E-01	3.052E-01	-3.052E-01	6.104E-01
1.977E-01	3.056E-01	-3.056E-01	6.113E-01
1.995E-01	3.061E-01	-3.061E-01	6.121E-01
2.014E-01	3.065E-01	-3.065E-01	6.129E-01
2.032E-01	3.069E-01	-3.069E-01	6.137E-01
2.051E-01	3.072E-01	-3.072E-01	6.145E-01
2.070E-01	3.076E-01	-3.076E-01	6.152E-01
2.089E-01	3.080E-01	-3.080E-01	6.159E-01
2.109E-01	3.083E-01	-3.083E-01	6.166E-01
2.128E-01	3.086E-01	-3.086E-01	6.172E-01
2.148E-01	3.089E-01	-3.089E-01	6.178E-01
2.168E-01	3.092E-01	-3.092E-01	6.183E-01
2.188E-01	3.094E-01	-3.094E-01	6.189E-01
2.208E-01	3.097E-01	-3.097E-01	6.193E-01
2.228E-01	3.099E-01	-3.099E-01	6.198E-01
2.249E-01	3.101E-01	-3.101E-01	6.202E-01
2.270E-01	3.103E-01	-3.103E-01	6.206E-01
2.291E-01	3.105E-01	-3.105E-01	6.209E-01
2.312E-01	3.106E-01	-3.106E-01	6.212E-01
2.333E-01	3.107E-01	-3.107E-01	6.215E-01
2.355E-01	3.108E-01	-3.108E-01	6.217E-01
2.377E-01	3.109E-01	-3.109E-01	6.219E-01
2.399E-01	3.110E-01	-3.110E-01	6.220E-01
2.421E-01	3.111E-01	-3.111E-01	6.221E-01
2.443E-01	3.111E-01	-3.111E-01	6.222E-01
2.466E-01	3.111E-01	-3.111E-01	6.222E-01
2.489E-01	3.111E-01	-3.111E-01	6.221E-01
2.512E-01	3.110E-01	-3.110E-01	6.221E-01
2.535E-01	3.110E-01	-3.110E-01	6.219E-01
2.559E-01	3.109E-01	-3.109E-01	6.218E-01
2.582E-01	3.108E-01	-3.108E-01	6.216E-01
2.606E-01	3.107E-01	-3.107E-01	6.213E-01
2.630E-01	3.105E-01	-3.105E-01	6.210E-01
2.655E-01	3.103E-01	-3.103E-01	6.207E-01
2.679E-01	3.101E-01	-3.101E-01	6.203E-01
2.704E-01	3.099E-01	-3.099E-01	6.198E-01
2.729E-01	3.097E-01	-3.097E-01	6.193E-01
2.754E-01	3.094E-01	-3.094E-01	6.188E-01
2.780E-01	3.091E-01	-3.091E-01	6.182E-01
2.805E-01	3.088E-01	-3.088E-01	6.175E-01
2.831E-01	3.084E-01	-3.084E-01	6.168E-01
2.858E-01	3.080E-01	-3.080E-01	6.160E-01
2.884E-01	3.076E-01	-3.076E-01	6.152E-01
2.911E-01	3.072E-01	-3.072E-01	6.144E-01
2.938E-01	3.067E-01	-3.067E-01	6.135E-01
2.965E-01	3.062E-01	-3.062E-01	6.125E-01
2.992E-01	3.057E-01	-3.057E-01	6.115E-01
3.020E-01	3.052E-01	-3.052E-01	6.104E-01
3.048E-01	3.046E-01	-3.046E-01	6.092E-01
3.076E-01	3.040E-01	-3.040E-01	6.080E-01
3.105E-01	3.034E-01	-3.034E-01	6.068E-01
3.133E-01	3.027E-01	-3.027E-01	6.055E-01
3.162E-01	3.021E-01	-3.021E-01	6.041E-01
3.192E-01	3.013E-01	-3.013E-01	6.027E-01
3.221E-01	3.006E-01	-3.006E-01	6.012E-01
3.251E-01	2.998E-01	-2.998E-01	5.996E-01
3.281E-01	2.990E-01	-2.990E-01	5.980E-01
3.311E-01	2.982E-01	-2.982E-01	5.964E-01
3.342E-01	2.973E-01	-2.973E-01	5.946E-01
3.373E-01	2.964E-01	-2.964E-01	5.928E-01
3.404E-01	2.955E-01	-2.955E-01	5.910E-01
3.436E-01	2.945E-01	-2.945E-01	5.890E-01
3.467E-01	2.935E-01	-2.935E-01	5.870E-01
3.499E-01	2.925E-01	-2.925E-01	5.850E-01
3.532E-01	2.914E-01	-2.914E-01	5.829E-01
3.565E-01	2.903E-01	-2.903E-01	5.807E-01
3.597E-01	2.892E-01	-2.892E-01	5.784E-01
3.631E-01	2.881E-01	-2.881E-01	5.761E-01
3.664E-01	2.869E-01	-2.869E-01	5.737E-01
3.698E-01	2.856E-01	-2.856E-01	5.713E-01
3.733E-01	2.844E-01	-2.844E-01	5.688E-01
3.767E-01	2.831E-01	-2.831E-01	5.662E-01
3.802E-01	2.818E-01	-2.818E-01	5.635E-01
3.837E-01	2.804E-01	-2.804E-01	5.608E-01
3.873E-01	2.790E-01	-2.790E-01	5.580E-01
3.908E-01	2.776E-01	-2.776E-01	5.551E-01
3.945E-01	2.761E-01	-2.761E-01	5.522E-01
3.981E-01	2.746E-01	-2.746E-01	5.492E-01
4.018E-01	2.730E-01	-2.730E-01	5.461E-01
4.055E-01	2.715E-01	-2.715E-01	5.429E-01
4.093E-01	2.698E-01	-2.698E-01	5.397E-01
4.130E-01	2.682E-01	-2.682E-01	5.364E-01
4.169E-01	2.665E-01	-2.665E-01	5.330E-01
4.207E-01	2.648E-01	-2.648E-01	5.296E-01
4.246E-01	2.630E-01	-2.630E-01	5.261E-01
4.285E-01	2.612E-01	-2.612E-01	5.225E-01
4.325E-01	2.594E-01	-2.594E-01	5.188E-01
4.365E-01	2.575E-01	-2.575E-01	5.150E-01
4.406E-01	2.556E-01	-2.556E-01	5.112E-01
4.446E-01	2.537E-01	-2.537E-01	5.073E-01
4.487E-01	2.517E-01	-2.517E-01	5.034E-01
4.529E-01	2.497E-01	-2.497E-01	4.993E-01
4.571E-01	2.476E-01	-2.476E-01	4.952E-01
4.613E-01	2.455E-01	-2.455E-01	4.910E-01
4.656E-01	2.434E-01	-2.434E-01	4.868E-01
4.699E-01	2.412E-01	-2.412E-01	4.824E-01
4.742E-01	2.390E-01	-2.390E-01	4.780E-01
4.786E-01	2.367E-01	-2.367E-01	4.735E-01
4.831E-01	2.345E-01	-2.345E-01	4.689E-01
4.875E-01	2.321E-01	-2.321E-01	4.643E-01
4.920E-01	2.298E-01	-2.298E-01	4.596E-01
4.966E-01	2.274E-01	-2.274E-01	4.548E-01
5.012E-01	2.249E-01	-2.249E-01	4.499E-01
5.058E-01	2.225E-01	-2.225E-01	4.449E-01
5.105E-01	2.200E-01	-2.200E-01	4.399E-01
5.152E-01	2.174E-01	-2.174E-01	4.348E-01
5.200E-01	2.148E-01	-2.148E-01	4.296E-01
5.248E-01	2.122E-01	-2.122E-01	4.244E-01
5.297E-01	2.095E-01	-2.095E-01	4.191E-01
5.346E-01	2.068E-01	-2.068E-01	4.137E-01
5.395E-01	2.041E-01	-2.041E-01	4.082E-01
5.445E-01	2.013E-01	-2.013E-01	4.026E-01
5.495E-01	1.985E-01	-1.985E-01	3.970E-01
5.546E-01	1.957E-01	-1.957E-01	3.913E-01
5.598E-01	1.928E-01	-1.928E-01	3.856E-01
5.649E-01	1.899E-01	-1.899E-01	3.797E-01
5.702E-01	1.869E-01	-1.869E-01	3.738E-01
5.754E-01	1.839E-01	-1.839E-01	3.679E-01
5.808E-01	1.809E-01	-1.809E-01	3.618E-01
5.861E-01	1.779E-01	-1.779E-01	3.557E-01
5.916E-01	1.748E-01	-1.748E-01	3.495E-01
5.970E-01	1.717E-01	-1.717E-01	3.433E-01
6.026E-01	1.685E-01	-1.685E-01	3.370E-01
6.081E-01	1.653E-01	-1.653E-01	3.306E-01
6.138E-01	1.621E-01	-1.621E-01	3.242E-01
6.194E-01	1.589E-01	-1.589E-01	3.177E-01
6.252E-01	1.556E-01	-1.556E-01	3.112E-01
6.310E-01	1.523E-01	-1.523E-01	3.046E-01
6.368E-01	1.490E-01	-1.490E-01	2.979E-01
6.427E-01	1.456E-01	-1.456E-01	2.912E-01
6.486E-01	1.422E-01	-1.422E-01	2.845E-01
6.546E-01	1.388E-01	-1.388E-01	2.776E-01
6.607E-01	1.354E-01	-1.354E-01	2.708E-01
6.668E-01	1.319E-01	-1.319E-01	2.639E-01
6.730E-01	1.285E-01	-1.285E-01	2.570E-01
6.792E-01	1.250E-01	-1.250E-01	2.500E-01
6.855E-01	1.215E-01	-1.215E-01	2.430E-01
6.918E-01	1.180E-01	-1.180E-01	2.359E-01
6.982E-01	1.144E-01	-1.144E-01	2.288E-01
7.047E-01	1.109E-01	-1.109E-01	2.217E-01
7.112E-01	1.073E-01	-1.073E-01	2.146E-01
7.178E-01	1.037E-01	-1.037E-01	2.074E-01
7.244E-01	1.001E-01	-1.001E-01	2.003E-01
7.311E-01	9.655E-02	-9.655E-02	1.931E-01
7.379E-01	9.295E-02	-9.295E-02	1.859E-01
7.447E-01	8.936E-02	-8.936E-02	1.787E-01
7.516E-01	8.577E-02	-8.577E-02	1.715E-01
7.586E-01	8.218E-02	-8.218E-02	1.644E-01
7.656E-01	7.860E-02	-7.860E-02	1.572E-01
7.727E-01	7.503E-02	-7.503E-02	1.501E-01
7.798E-01	7.147E-02	-7.147E-02	1.429E-01
7.870E-01	6.793E-02	-6.793E-02	1.359E-01
7.943E-01	6.441E-02	-6.441E-02	1.288E-01
8.017E-01	6.091E-02	-6.091E-02	1.218E-01
8.091E-01	5.744E-02	-5.744E-02	1.149E-01
8.166E-01	5.399E-02	-5.399E-02	1.080E-01
8.241E-01	5.059E-02	-5.059E-02	1.012E-01
8.318E-01	4.722E-02	-4.722E-02	9.444E-02
8.395E-01	4.390E-02	-4.390E-02	8.779E-02
8.472E-01	4.062E-02	-4.062E-02	8.125E-02
8.551E-01	3.741E-02	-3.741E-02	7.481E-02
8.630E-01	3.425E-02	-3.425E-02	6.850E-02
8.710E-01	3.116E-02	-3.116E-02	6.232E-02
8.790E-01	2.814E-02	-2.814E-02	5.629E-02
8.872E-01	2.521E-02	-2.521E-02	5.042E-02
8.954E-01	2.236E-02	-2.236E-02	4.473E-02
9.036E-01	1.962E-02	-1.962E-02	3.923E-02
9.120E-01	1.697E-02	-1.697E-02	3.395E-02
9.204E-01	1.445E-02	-1.445E-02	2.890E-02
9.290E-01	1.206E-02	-1.206E-02	2.412E-02
9.376E-01	9.806E-03	-9.806E-03	1.961E-02
9.462E-01	7.713E-03	-7.713E-03	1.543E-02
9.550E-01	5.795E-03	-5.795E-03	1.159E-02
9.638E-01	4.075E-03	-4.075E-03	8.150E-03
9.727E-01	2.581E-03	-2.581E-03	5.161E-03
9.817E-01	1.348E-03	-1.348E-03	2.696E-03
9.908E-01	4.417E-04	-4.417E-04	8.834E-04
