Q0 = 0.9 GeV	 Q = 5.2 GeV
x	 x*uv	 x*dv	 x*(uv-dv)
1.000E-04	3.687E-03	-3.687E-03	7.375E-03
1.009E-04	3.709E-03	-3.709E-03	7.418E-03
1.019E-04	3.731E-03	-3.731E-03	7.462E-03
1.028E-04	3.753E-03	-3.753E-03	7.506E-03
1.038E-04	3.775E-03	-3.775E-03	7.550E-03
1.047E-04	3.797E-03	-3.797E-03	7.594E-03
1.057E-04	3.819E-03	-3.819E-03	7.639E-03
1.067E-04	3.842E-03	-3.842E-03	7.684E-03
1.076E-04	3.864E-03	-3.864E-03	7.729E-03
1.086E-04	3.887E-03	-3.887E-03	7.774E-03
1.096E-04	3.910E-03	-3.910E-03	7.820E-03
1.107E-04	3.933E-03	-3.933E-03	7.866E-03
1.117E-04	3.956E-03	-3.956E-03	7.912E-03
1.127E-04	3.980E-03	-3.980E-03	7.959E-03
1.138E-04	4.003E-03	-4.003E-03	8.006E-03
1.148E-04	4.026E-03	-4.026E-03	8.053E-03
1.159E-04	4.050E-03	-4.050E-03	8.100E-03
1.169E-04	4.074E-03	-4.074E-03	8.148E-03
1.180E-04	4.098E-03	-4.098E-03	8.196E-03
1.191E-04	4.122E-03	-4.122E-03	8.244E-03
1.202E-04	4.146E-03	-4.146E-03	8.292E-03
1.213E-04	4.171E-03	-4.171E-03	8.341E-03
1.225E-04	4.195E-03	-4.195E-03	8.390E-03
1.236E-04	4.220E-03	-4.220E-03	8.440E-03
1.247E-04	4.245E-03	-4.245E-03	8.489E-03
1.259E-04	4.270E-03	-4.270E-03	8.539E-03
1.271E-04	4.295E-03	-4.295E-03	8.589E-03
1.282E-04	4.320E-03	-4.320E-03	8.640E-03
1.294E-04	4.345E-03	-4.345E-03	8.690E-03
1.306E-04	4.371E-03	-4.371E-03	8.742E-03
1.318E-04	4.396E-03	-4.396E-03	8.793E-03
1.330E-04	4.422E-03	-4.422E-03	8.845E-03
1.343E-04	4.448E-03	-4.448E-03	8.896E-03
1.355E-04	4.474E-03	-4.474E-03	8.949E-03
1.368E-04	4.501E-03	-4.501E-03	9.001E-03
1.380E-04	4.527E-03	-4.527E-03	9.054E-03
1.393E-04	4.554E-03	-4.554E-03	9.107E-03
1.406E-04	4.580E-03	-4.580E-03	9.161E-03
1.419E-04	4.607E-03	-4.607E-03	9.215E-03
1.432E-04	4.634E-03	-4.634E-03	9.269E-03
1.445E-04	4.662E-03	-4.662E-03	9.323E-03
1.459E-04	4.689E-03	-4.689E-03	9.378E-03
1.472E-04	4.716E-03	-4.716E-03	9.433E-03
1.486E-04	4.744E-03	-4.744E-03	9.488E-03
1.500E-04	4.772E-03	-4.772E-03	9.544E-03
1.514E-04	4.800E-03	-4.800E-03	9.600E-03
1.528E-04	4.828E-03	-4.828E-03	9.656E-03
1.542E-04	4.856E-03	-4.856E-03	9.713E-03
1.556E-04	4.885E-03	-4.885E-03	9.770E-03
1.570E-04	4.914E-03	-4.914E-03	9.827E-03
1.585E-04	4.942E-03	-4.942E-03	9.885E-03
1.600E-04	4.971E-03	-4.971E-03	9.943E-03
1.614E-04	5.001E-03	-5.001E-03	1.000E-02
1.629E-04	5.030E-03	-5.030E-03	1.006E-02
1.644E-04	5.059E-03	-5.059E-03	1.012E-02
1.660E-04	5.089E-03	-5.089E-03	1.018E-02
1.675E-04	5.119E-03	-5.119E-03	1.024E-02
1.690E-04	5.149E-03	-5.149E-03	1.030E-02
1.706E-04	5.179E-03	-5.179E-03	1.036E-02
1.722E-04	5.209E-03	-5.209E-03	1.042E-02
1.738E-04	5.240E-03	-5.240E-03	1.048E-02
1.754E-04	5.271E-03	-5.271E-03	1.054E-02
1.770E-04	5.302E-03	-5.302E-03	1.060E-02
1.786E-04	5.333E-03	-5.333E-03	1.067E-02
1.803E-04	5.364E-03	-5.364E-03	1.073E-02
1.820E-04	5.395E-03	-5.395E-03	1.079E-02
1.837E-04	5.427E-03	-5.427E-03	1.085E-02
1.854E-04	5.459E-03	-5.459E-03	1.092E-02
1.871E-04	5.491E-03	-5.491E-03	1.098E-02
1.888E-04	5.523E-03	-5.523E-03	1.105E-02
1.905E-04	5.555E-03	-5.555E-03	1.111E-02
1.923E-04	5.588E-03	-5.588E-03	1.118E-02
1.941E-04	5.621E-03	-5.621E-03	1.124E-02
1.959E-04	5.653E-03	-5.653E-03	1.131E-02
1.977E-04	5.687E-03	-5.687E-03	1.137E-02
1.995E-04	5.720E-03	-5.720E-03	1.144E-02
2.014E-04	5.753E-03	-5.753E-03	1.151E-02
2.032E-04	5.787E-03	-5.787E-03	1.157E-02
2.051E-04	5.821E-03	-5.821E-03	1.164E-02
2.070E-04	5.855E-03	-5.855E-03	1.171E-02
2.089E-04	5.889E-03	-5.889E-03	1.178E-02
2.109E-04	5.924E-03	-5.924E-03	1.185E-02
2.128E-04	5.958E-03	-5.958E-03	1.192E-02
2.148E-04	5.993E-03	-5.993E-03	1.199E-02
2.168E-04	6.028E-03	-6.028E-03	1.206E-02
2.188E-04	6.064E-03	-6.064E-03	1.213E-02
2.208E-04	6.099E-03	-6.099E-03	1.220E-02
2.228E-04	6.135E-03	-6.135E-03	1.227E-02
2.249E-04	6.171E-03	-6.171E-03	1.234E-02
2.270E-04	6.207E-03	-6.207E-03	1.241E-02
2.291E-04	6.243E-03	-6.243E-03	1.249E-02
2.312E-04	6.280E-03	-6.280E-03	1.256E-02
2.333E-04	6.316E-03	-6.316E-03	1.263E-02
2.355E-04	6.353E-03	-6.353E-03	1.271E-02
2.377E-04	6.390E-03	-6.390E-03	1.278E-02
2.399E-04	6.428E-03	-6.428E-03	1.286E-02
2.421E-04	6.465E-03	-6.465E-03	1.293E-02
2.443E-04	6.503E-03	-6.503E-03	1.301E-02
2.466E-04	6.541E-03	-6.541E-03	1.308E-02
2.489E-04	6.579E-03	-6.579E-03	1.316E-02
2.512E-04	6.618E-03	-6.618E-03	1.324E-02
2.535E-04	6.656E-03	-6.656E-03	1.331E-02
2.559E-04	6.695E-03	-6.695E-03	1.339E-02
2.582E-04	6.734E-03	-6.734E-03	1.347E-02
2.606E-04	6.774E-03	-6.774E-03	1.355E-02
2.630E-04	6.813E-03	-6.813E-03	1.363E-02
2.655E-04	6.853E-03	-6.853E-03	1.371E-02
2.679E-04	6.893E-03	-6.893E-03	1.379E-02
2.704E-04	6.933E-03	-6.933E-03	1.387E-02
2.729E-04	6.974E-03	-6.974E-03	1.395E-02
2.754E-04	7.015E-03	-7.015E-03	1.403E-02
2.780E-04	7.056E-03	-7.056E-03	1.411E-02
2.805E-04	7.097E-03	-7.097E-03	1.419E-02
2.831E-04	7.138E-03	-7.138E-03	1.428E-02
2.858E-04	7.180E-03	-7.180E-03	1.436E-02
2.884E-04	7.222E-03	-7.222E-03	1.444E-02
2.911E-04	7.264E-03	-7.264E-03	1.453E-02
2.938E-04	7.306E-03	-7.306E-03	1.461E-02
2.965E-04	7.349E-03	-7.349E-03	1.470E-02
2.992E-04	7.392E-03	-7.392E-03	1.478E-02
3.020E-04	7.435E-03	-7.435E-03	1.487E-02
3.048E-04	7.479E-03	-7.479E-03	1.496E-02
3.076E-04	7.522E-03	-7.522E-03	1.504E-02
3.105E-04	7.566E-03	-7.566E-03	1.513E-02
3.133E-04	7.610E-03	-7.610E-03	1.522E-02
3.162E-04	7.655E-03	-7.655E-03	1.531E-02
3.192E-04	7.699E-03	-7.699E-03	1.540E-02
3.221E-04	7.744E-03	-7.744E-03	1.549E-02
3.251E-04	7.789E-03	-7.789E-03	1.558E-02
3.281E-04	7.835E-03	-7.835E-03	1.567E-02
3.311E-04	7.880E-03	-7.880E-03	1.576E-02
3.342E-04	7.926E-03	-7.926E-03	1.585E-02
3.373E-04	7.973E-03	-7.973E-03	1.595E-02
3.404E-04	8.019E-03	-8.019E-03	1.604E-02
3.436E-04	8.066E-03	-8.066E-03	1.613E-02
3.467E-04	8.113E-03	-8.113E-03	1.623E-02
3.499E-04	8.160E-03	-8.160E-03	1.632E-02
3.532E-04	8.208E-03	-8.208E-03	1.642E-02
3.565E-04	8.256E-03	-8.256E-03	1.651E-02
3.597E-04	8.304E-03	-8.304E-03	1.661E-02
3.631E-04	8.352E-03	-8.352E-03	1.670E-02
3.664E-04	8.401E-03	-8.401E-03	1.680E-02
3.698E-04	8.450E-03	-8.450E-03	1.690E-02
3.733E-04	8.499E-03	-8.499E-03	1.700E-02
3.767E-04	8.548E-03	-8.548E-03	1.710E-02
3.802E-04	8.598E-03	-8.598E-03	1.720E-02
3.837E-04	8.648E-03	-8.648E-03	1.730E-02
3.873E-04	8.699E-03	-8.699E-03	1.740E-02
3.908E-04	8.749E-03	-8.749E-03	1.750E-02
3.945E-04	8.800E-03	-8.800E-03	1.760E-02
3.981E-04	8.852E-03	-8.852E-03	1.770E-02
4.018E-04	8.903E-03	-8.903E-03	1.781E-02
4.055E-04	8.955E-03	-8.955E-03	1.791E-02
4.093E-04	9.007E-03	-9.007E-03	1.801E-02
4.130E-04	9.059E-03	-9.059E-03	1.812E-02
4.169E-04	9.112E-03	-9.112E-03	1.822E-02
4.207E-04	9.165E-03	-9.165E-03	1.833E-02
4.246E-04	9.219E-03	-9.219E-03	1.844E-02
4.285E-04	9.272E-03	-9.272E-03	1.854E-02
4.325E-04	9.326E-03	-9.326E-03	1.865E-02
4.365E-04	9.380E-03	-9.380E-03	1.876E-02
4.406E-04	9.435E-03	-9.435E-03	1.887E-02
4.446E-04	9.490E-03	-9.490E-03	1.898E-02
4.487E-04	9.545E-03	-9.545E-03	1.909E-02
4.529E-04	9.601E-03	-9.601E-03	1.920E-02
4.571E-04	9.657E-03	-9.657E-03	1.931E-02
4.613E-04	9.713E-03	-9.713E-03	1.943E-02
4.656E-04	9.769E-03	-9.769E-03	1.954E-02
4.699E-04	9.826E-03	-9.826E-03	1.965E-02
4.742E-04	9.883E-03	-9.883E-03	1.977E-02
4.786E-04	9.941E-03	-9.941E-03	1.988E-02
4.831E-04	9.998E-03	-9.998E-03	2.000E-02
4.875E-04	1.006E-02	-1.006E-02	2.011E-02
4.920E-04	1.011E-02	-1.011E-02	2.023E-02
4.966E-04	1.017E-02	-1.017E-02	2.035E-02
5.012E-04	1.023E-02	-1.023E-02	2.047E-02
5.058E-04	1.029E-02	-1.029E-02	2.058E-02
5.105E-04	1.035E-02	-1.035E-02	2.070E-02
5.152E-04	1.041E-02	-1.041E-02	2.082E-02
5.200E-04	1.047E-02	-1.047E-02	2.095E-02
5.248E-04	1.053E-02	-1.053E-02	2.107E-02
5.297E-04	1.059E-02	-1.059E-02	2.119E-02
5.346E-04	1.066E-02	-1.066E-02	2.131E-02
5.395E-04	1.072E-02	-1.072E-02	2.144E-02
5.445E-04	1.078E-02	-1.078E-02	2.156E-02
5.495E-04	1.084E-02	-1.084E-02	2.169E-02
5.546E-04	1.091E-02	-1.091E-02	2.181E-02
5.598E-04	1.097E-02	-1.097E-02	2.194E-02
5.649E-04	1.103E-02	-1.103E-02	2.207E-02
5.702E-04	1.110E-02	-1.110E-02	2.219E-02
5.754E-04	1.116E-02	-1.116E-02	2.232E-02
5.808E-04	1.123E-02	-1.123E-02	2.245E-02
5.861E-04	1.129E-02	-1.129E-02	2.258E-02
5.916E-04	1.136E-02	-1.136E-02	2.271E-02
5.970E-04	1.142E-02	-1.142E-02	2.285E-02
6.026E-04	1.149E-02	-1.149E-02	2.298E-02
6.081E-04	1.156E-02	-1.156E-02	2.311E-02
6.138E-04	1.162E-02	-1.162E-02	2.325E-02
6.194E-04	1.169E-02	-1.169E-02	2.338E-02
6.252E-04	1.176E-02	-1.176E-02	2.352E-02
6.310E-04	1.183E-02	-1.183E-02	2.365E-02
6.368E-04	1.190E-02	-1.190E-02	2.379E-02
6.427E-04	1.196E-02	-1.196E-02	2.393E-02
6.486E-04	1.203E-02	-1.203E-02	2.407E-02
6.546E-04	1.210E-02	-1.210E-02	2.421E-02
6.607E-04	1.217E-02	-1.217E-02	2.435E-02
6.668E-04	1.224E-02	-1.224E-02	2.449E-02
6.730E-04	1.232E-02	-1.232E-02	2.463E-02
6.792E-04	1.239E-02	-1.239E-02	2.477E-02
6.855E-04	1.246E-02	-1.246E-02	2.492E-02
6.918E-04	1.253E-02	-1.253E-02	2.506E-02
6.982E-04	1.260E-02	-1.260E-02	2.521E-02
7.047E-04	1.268E-02	-1.268E-02	2.535E-02
7.112E-04	1.275E-02	-1.275E-02	2.550E-02
7.178E-04	1.282E-02	-1.282E-02	2.565E-02
7.244E-04	1.290E-02	-1.290E-02	2.580E-02
7.311E-04	1.297E-02	-1.297E-02	2.595E-02
7.379E-04	1.305E-02	-1.305E-02	2.610E-02
7.447E-04	1.312E-02	-1.312E-02	2.625E-02
7.516E-04	1.320E-02	-1.320E-02	2.640E-02
7.586E-04	1.328E-02	-1.328E-02	2.655E-02
7.656E-04	1.335E-02	-1.335E-02	2.671E-02
7.727E-04	1.343E-02	-1.343E-02	2.686E-02
7.798E-04	1.351E-02	-1.351E-02	2.702E-02
7.870E-04	1.359E-02	-1.359E-02	2.717E-02
7.943E-04	1.367E-02	-1.367E-02	2.733E-02
8.017E-04	1.374E-02	-1.374E-02	2.749E-02
8.091E-04	1.382E-02	-1.382E-02	2.765E-02
8.166E-04	1.390E-02	-1.390E-02	2.781E-02
8.241E-04	1.398E-02	-1.398E-02	2.797E-02
8.318E-04	1.407E-02	-1.407E-02	2.813E-02
8.395E-04	1.415E-02	-1.415E-02	2.829E-02
8.472E-04	1.423E-02	-1.423E-02	2.846E-02
8.551E-04	1.431E-02	-1.431E-02	2.862E-02
8.630E-04	1.439E-02	-1.439E-02	2.879E-02
8.710E-04	1.448E-02	-1.448E-02	2.896E-02
8.790E-04	1.456E-02	-1.456E-02	2.912E-02
8.872E-04	1.465E-02	-1.465E-02	2.929E-02
8.954E-04	1.473E-02	-1.473E-02	2.946E-02
9.036E-04	1.482E-02	-1.482E-02	2.963E-02
9.120E-04	1.490E-02	-1.490E-02	2.980E-02
9.204E-04	1.499E-02	-1.499E-02	2.997E-02
9.290E-04	1.507E-02	-1.507E-02	3.015E-02
9.376E-04	1.516E-02	-1.516E-02	3.032E-02
9.462E-04	1.525E-02	-1.525E-02	3.050E-02
9.550E-04	1.534E-02	-1.534E-02	3.067E-02
9.638E-04	1.543E-02	-1.543E-02	3.085E-02
9.727E-04	1.552E-02	-1.552E-02	3.103E-02
9.817E-04	1.560E-02	-1.560E-02	3.121E-02
9.908E-04	1.570E-02	-1.570E-02	3.139E-02
1.000E-03	1.579E-02	-1.579E-02	3.157E-02
1.009E-03	1.588E-02	-1.588E-02	3.175E-02
1.019E-03	1.597E-02	-1.597E-02	3.194E-02
1.028E-03	1.606E-02	-1.606E-02	3.212E-02
1.038E-03	1.615E-02	-1.615E-02	3.231E-02
1.047E-03	1.625E-02	-1.625E-02	3.249E-02
1.057E-03	1.634E-02	-1.634E-02	3.268E-02
1.067E-03	1.644E-02	-1.644E-02	3.287E-02
1.076E-03	1.653E-02	-1.653E-02	3.306E-02
1.086E-03	1.663E-02	-1.663E-02	3.325E-02
1.096E-03	1.672E-02	-1.672E-02	3.344E-02
1.107E-03	1.682E-02	-1.682E-02	3.364E-02
1.117E-03	1.692E-02	-1.692E-02	3.383E-02
1.127E-03	1.701E-02	-1.701E-02	3.403E-02
1.138E-03	1.711E-02	-1.711E-02	3.422E-02
1.148E-03	1.721E-02	-1.721E-02	3.442E-02
1.159E-03	1.731E-02	-1.731E-02	3.462E-02
1.169E-03	1.741E-02	-1.741E-02	3.482E-02
1.180E-03	1.751E-02	-1.751E-02	3.502E-02
1.191E-03	1.761E-02	-1.761E-02	3.522E-02
1.202E-03	1.771E-02	-1.771E-02	3.543E-02
1.213E-03	1.782E-02	-1.782E-02	3.563E-02
1.225E-03	1.792E-02	-1.792E-02	3.584E-02
1.236E-03	1.802E-02	-1.802E-02	3.604E-02
1.247E-03	1.813E-02	-1.813E-02	3.625E-02
1.259E-03	1.823E-02	-1.823E-02	3.646E-02
1.271E-03	1.834E-02	-1.834E-02	3.667E-02
1.282E-03	1.844E-02	-1.844E-02	3.688E-02
1.294E-03	1.855E-02	-1.855E-02	3.710E-02
1.306E-03	1.866E-02	-1.866E-02	3.731E-02
1.318E-03	1.876E-02	-1.876E-02	3.753E-02
1.330E-03	1.887E-02	-1.887E-02	3.774E-02
1.343E-03	1.898E-02	-1.898E-02	3.796E-02
1.355E-03	1.909E-02	-1.909E-02	3.818E-02
1.368E-03	1.920E-02	-1.920E-02	3.840E-02
1.380E-03	1.931E-02	-1.931E-02	3.862E-02
1.393E-03	1.942E-02	-1.942E-02	3.884E-02
1.406E-03	1.953E-02	-1.953E-02	3.907E-02
1.419E-03	1.965E-02	-1.965E-02	3.929E-02
1.432E-03	1.976E-02	-1.976E-02	3.952E-02
1.445E-03	1.987E-02	-1.987E-02	3.975E-02
1.459E-03	1.999E-02	-1.999E-02	3.998E-02
1.472E-03	2.010E-02	-2.010E-02	4.021E-02
1.486E-03	2.022E-02	-2.022E-02	4.044E-02
1.500E-03	2.034E-02	-2.034E-02	4.067E-02
1.514E-03	2.045E-02	-2.045E-02	4.091E-02
1.528E-03	2.057E-02	-2.057E-02	4.114E-02
1.542E-03	2.069E-02	-2.069E-02	4.138E-02
1.556E-03	2.081E-02	-2.081E-02	4.162E-02
1.570E-03	2.093E-02	-2.093E-02	4.186E-02
1.585E-03	2.105E-02	-2.105E-02	4.210E-02
1.600E-03	2.117E-02	-2.117E-02	4.234E-02
1.614E-03	2.129E-02	-2.129E-02	4.258E-02
1.629E-03	2.141E-02	-2.141E-02	4.283E-02
1.644E-03	2.154E-02	-2.154E-02	4.308E-02
1.660E-03	2.166E-02	-2.166E-02	4.332E-02
1.675E-03	2.179E-02	-2.179E-02	4.357E-02
1.690E-03	2.191E-02	-2.191E-02	4.382E-02
1.706E-03	2.204E-02	-2.204E-02	4.408E-02
1.722E-03	2.217E-02	-2.217E-02	4.433E-02
1.738E-03	2.229E-02	-2.229E-02	4.459E-02
1.754E-03	2.242E-02	-2.242E-02	4.484E-02
1.770E-03	2.255E-02	-2.255E-02	4.510E-02
1.786E-03	2.268E-02	-2.268E-02	4.536E-02
1.803E-03	2.281E-02	-2.281E-02	4.562E-02
1.820E-03	2.294E-02	-2.294E-02	4.588E-02
1.837E-03	2.307E-02	-2.307E-02	4.615E-02
1.854E-03	2.321E-02	-2.321E-02	4.641E-02
1.871E-03	2.334E-02	-2.334E-02	4.668E-02
1.888E-03	2.347E-02	-2.347E-02	4.695E-02
1.905E-03	2.361E-02	-2.361E-02	4.722E-02
1.923E-03	2.375E-02	-2.375E-02	4.749E-02
1.941E-03	2.388E-02	-2.388E-02	4.776E-02
1.959E-03	2.402E-02	-2.402E-02	4.804E-02
1.977E-03	2.416E-02	-2.416E-02	4.832E-02
1.995E-03	2.430E-02	-2.430E-02	4.859E-02
2.014E-03	2.444E-02	-2.444E-02	4.887E-02
2.032E-03	2.458E-02	-2.458E-02	4.915E-02
2.051E-03	2.472E-02	-2.472E-02	4.944E-02
2.070E-03	2.486E-02	-2.486E-02	4.972E-02
2.089E-03	2.500E-02	-2.500E-02	5.001E-02
2.109E-03	2.515E-02	-2.515E-02	5.029E-02
2.128E-03	2.529E-02	-2.529E-02	5.058E-02
2.148E-03	2.544E-02	-2.544E-02	5.087E-02
2.168E-03	2.558E-02	-2.558E-02	5.117E-02
2.188E-03	2.573E-02	-2.573E-02	5.146E-02
2.208E-03	2.588E-02	-2.588E-02	5.176E-02
2.228E-03	2.603E-02	-2.603E-02	5.205E-02
2.249E-03	2.618E-02	-2.618E-02	5.235E-02
2.270E-03	2.633E-02	-2.633E-02	5.265E-02
2.291E-03	2.648E-02	-2.648E-02	5.296E-02
2.312E-03	2.663E-02	-2.663E-02	5.326E-02
2.333E-03	2.678E-02	-2.678E-02	5.357E-02
2.355E-03	2.694E-02	-2.694E-02	5.387E-02
2.377E-03	2.709E-02	-2.709E-02	5.418E-02
2.399E-03	2.725E-02	-2.725E-02	5.450E-02
2.421E-03	2.740E-02	-2.740E-02	5.481E-02
2.443E-03	2.756E-02	-2.756E-02	5.512E-02
2.466E-03	2.772E-02	-2.772E-02	5.544E-02
2.489E-03	2.788E-02	-2.788E-02	5.576E-02
2.512E-03	2.804E-02	-2.804E-02	5.608E-02
2.535E-03	2.820E-02	-2.820E-02	5.640E-02
2.559E-03	2.836E-02	-2.836E-02	5.672E-02
2.582E-03	2.852E-02	-2.852E-02	5.705E-02
2.606E-03	2.869E-02	-2.869E-02	5.738E-02
2.630E-03	2.885E-02	-2.885E-02	5.771E-02
2.655E-03	2.902E-02	-2.902E-02	5.804E-02
2.679E-03	2.919E-02	-2.919E-02	5.837E-02
2.704E-03	2.935E-02	-2.935E-02	5.871E-02
2.729E-03	2.952E-02	-2.952E-02	5.904E-02
2.754E-03	2.969E-02	-2.969E-02	5.938E-02
2.780E-03	2.986E-02	-2.986E-02	5.972E-02
2.805E-03	3.003E-02	-3.003E-02	6.006E-02
2.831E-03	3.020E-02	-3.020E-02	6.041E-02
2.858E-03	3.038E-02	-3.038E-02	6.076E-02
2.884E-03	3.055E-02	-3.055E-02	6.110E-02
2.911E-03	3.073E-02	-3.073E-02	6.145E-02
2.938E-03	3.090E-02	-3.090E-02	6.181E-02
2.965E-03	3.108E-02	-3.108E-02	6.216E-02
2.992E-03	3.126E-02	-3.126E-02	6.252E-02
3.020E-03	3.144E-02	-3.144E-02	6.288E-02
3.048E-03	3.162E-02	-3.162E-02	6.324E-02
3.076E-03	3.180E-02	-3.180E-02	6.360E-02
3.105E-03	3.198E-02	-3.198E-02	6.396E-02
3.133E-03	3.217E-02	-3.217E-02	6.433E-02
3.162E-03	3.235E-02	-3.235E-02	6.470E-02
3.192E-03	3.254E-02	-3.254E-02	6.507E-02
3.221E-03	3.272E-02	-3.272E-02	6.544E-02
3.251E-03	3.291E-02	-3.291E-02	6.582E-02
3.281E-03	3.310E-02	-3.310E-02	6.620E-02
3.311E-03	3.329E-02	-3.329E-02	6.657E-02
3.342E-03	3.348E-02	-3.348E-02	6.696E-02
3.373E-03	3.367E-02	-3.367E-02	6.734E-02
3.404E-03	3.386E-02	-3.386E-02	6.773E-02
3.436E-03	3.406E-02	-3.406E-02	6.811E-02
3.467E-03	3.425E-02	-3.425E-02	6.850E-02
3.499E-03	3.445E-02	-3.445E-02	6.890E-02
3.532E-03	3.465E-02	-3.465E-02	6.929E-02
3.565E-03	3.484E-02	-3.484E-02	6.969E-02
3.597E-03	3.504E-02	-3.504E-02	7.009E-02
3.631E-03	3.524E-02	-3.524E-02	7.049E-02
3.664E-03	3.545E-02	-3.545E-02	7.089E-02
3.698E-03	3.565E-02	-3.565E-02	7.130E-02
3.733E-03	3.585E-02	-3.585E-02	7.171E-02
3.767E-03	3.606E-02	-3.606E-02	7.212E-02
3.802E-03	3.626E-02	-3.626E-02	7.253E-02
3.837E-03	3.647E-02	-3.647E-02	7.294E-02
3.873E-03	3.668E-02	-3.668E-02	7.336E-02
3.908E-03	3.689E-02	-3.689E-02	7.378E-02
3.945E-03	3.710E-02	-3.710E-02	7.420E-02
3.981E-03	3.731E-02	-3.731E-02	7.463E-02
4.018E-03	3.753E-02	-3.753E-02	7.505E-02
4.055E-03	3.774E-02	-3.774E-02	7.548E-02
4.093E-03	3.796E-02	-3.796E-02	7.592E-02
4.130E-03	3.817E-02	-3.817E-02	7.635E-02
4.169E-03	3.839E-02	-3.839E-02	7.679E-02
4.207E-03	3.861E-02	-3.861E-02	7.723E-02
4.246E-03	3.883E-02	-3.883E-02	7.767E-02
4.285E-03	3.906E-02	-3.906E-02	7.811E-02
4.325E-03	3.928E-02	-3.928E-02	7.856E-02
4.365E-03	3.950E-02	-3.950E-02	7.901E-02
4.406E-03	3.973E-02	-3.973E-02	7.946E-02
4.446E-03	3.996E-02	-3.996E-02	7.991E-02
4.487E-03	4.018E-02	-4.018E-02	8.037E-02
4.529E-03	4.041E-02	-4.041E-02	8.083E-02
4.571E-03	4.065E-02	-4.065E-02	8.129E-02
4.613E-03	4.088E-02	-4.088E-02	8.176E-02
4.656E-03	4.111E-02	-4.111E-02	8.222E-02
4.699E-03	4.135E-02	-4.135E-02	8.269E-02
4.742E-03	4.158E-02	-4.158E-02	8.317E-02
4.786E-03	4.182E-02	-4.182E-02	8.364E-02
4.831E-03	4.206E-02	-4.206E-02	8.412E-02
4.875E-03	4.230E-02	-4.230E-02	8.460E-02
4.920E-03	4.254E-02	-4.254E-02	8.508E-02
4.966E-03	4.278E-02	-4.278E-02	8.557E-02
5.012E-03	4.303E-02	-4.303E-02	8.606E-02
5.058E-03	4.327E-02	-4.327E-02	8.655E-02
5.105E-03	4.352E-02	-4.352E-02	8.704E-02
5.152E-03	4.377E-02	-4.377E-02	8.754E-02
5.200E-03	4.402E-02	-4.402E-02	8.804E-02
5.248E-03	4.427E-02	-4.427E-02	8.854E-02
5.297E-03	4.452E-02	-4.452E-02	8.905E-02
5.346E-03	4.478E-02	-4.478E-02	8.955E-02
5.395E-03	4.503E-02	-4.503E-02	9.007E-02
5.445E-03	4.529E-02	-4.529E-02	9.058E-02
5.495E-03	4.555E-02	-4.555E-02	9.110E-02
5.546E-03	4.581E-02	-4.581E-02	9.162E-02
5.598E-03	4.607E-02	-4.607E-02	9.214E-02
5.649E-03	4.633E-02	-4.633E-02	9.266E-02
5.702E-03	4.660E-02	-4.660E-02	9.319E-02
5.754E-03	4.686E-02	-4.686E-02	9.372E-02
5.808E-03	4.713E-02	-4.713E-02	9.426E-02
5.861E-03	4.740E-02	-4.740E-02	9.480E-02
5.916E-03	4.767E-02	-4.767E-02	9.534E-02
5.970E-03	4.794E-02	-4.794E-02	9.588E-02
6.026E-03	4.821E-02	-4.821E-02	9.643E-02
6.081E-03	4.849E-02	-4.849E-02	9.698E-02
6.138E-03	4.877E-02	-4.877E-02	9.753E-02
6.194E-03	4.904E-02	-4.904E-02	9.809E-02
6.252E-03	4.932E-02	-4.932E-02	9.865E-02
6.310E-03	4.960E-02	-4.960E-02	9.921E-02
6.368E-03	4.989E-02	-4.989E-02	9.977E-02
6.427E-03	5.017E-02	-5.017E-02	1.003E-01
6.486E-03	5.046E-02	-5.046E-02	1.009E-01
6.546E-03	5.074E-02	-5.074E-02	1.015E-01
6.607E-03	5.103E-02	-5.103E-02	1.021E-01
6.668E-03	5.132E-02	-5.132E-02	1.026E-01
6.730E-03	5.162E-02	-5.162E-02	1.032E-01
6.792E-03	5.191E-02	-5.191E-02	1.038E-01
6.855E-03	5.221E-02	-5.221E-02	1.044E-01
6.918E-03	5.250E-02	-5.250E-02	1.050E-01
6.982E-03	5.280E-02	-5.280E-02	1.056E-01
7.047E-03	5.310E-02	-5.310E-02	1.062E-01
7.112E-03	5.340E-02	-5.340E-02	1.068E-01
7.178E-03	5.371E-02	-5.371E-02	1.074E-01
7.244E-03	5.401E-02	-5.401E-02	1.080E-01
7.311E-03	5.432E-02	-5.432E-02	1.086E-01
7.379E-03	5.463E-02	-5.463E-02	1.093E-01
7.447E-03	5.494E-02	-5.494E-02	1.099E-01
7.516E-03	5.525E-02	-5.525E-02	1.105E-01
7.586E-03	5.557E-02	-5.557E-02	1.111E-01
7.656E-03	5.588E-02	-5.588E-02	1.118E-01
7.727E-03	5.620E-02	-5.620E-02	1.124E-01
7.798E-03	5.652E-02	-5.652E-02	1.130E-01
7.870E-03	5.684E-02	-5.684E-02	1.137E-01
7.943E-03	5.717E-02	-5.717E-02	1.143E-01
8.017E-03	5.749E-02	-5.749E-02	1.150E-01
8.091E-03	5.782E-02	-5.782E-02	1.156E-01
8.166E-03	5.815E-02	-5.815E-02	1.163E-01
8.241E-03	5.848E-02	-5.848E-02	1.170E-01
8.318E-03	5.881E-02	-5.881E-02	1.176E-01
8.395E-03	5.914E-02	-5.914E-02	1.183E-01
8.472E-03	5.948E-02	-5.948E-02	1.190E-01
8.551E-03	5.982E-02	-5.982E-02	1.196E-01
8.630E-03	6.016E-02	-6.016E-02	1.203E-01
8.710E-03	6.050E-02	-6.050E-02	1.210E-01
8.790E-03	6.084E-02	-6.084E-02	1.217E-01
8.872E-03	6.119E-02	-6.119E-02	1.224E-01
8.954E-03	6.153E-02	-6.153E-02	1.231E-01
9.036E-03	6.188E-02	-6.188E-02	1.238E-01
9.120E-03	6.223E-02	-6.223E-02	1.245E-01
9.204E-03	6.259E-02	-6.259E-02	1.252E-01
9.290E-03	6.294E-02	-6.294E-02	1.259E-01
9.376E-03	6.330E-02	-6.330E-02	1.266E-01
9.462E-03	6.366E-02	-6.366E-02	1.273E-01
9.550E-03	6.402E-02	-6.402E-02	1.280E-01
9.638E-03	6.438E-02	-6.438E-02	1.288E-01
9.727E-03	6.475E-02	-6.475E-02	1.295E-01
9.817E-03	6.512E-02	-6.512E-02	1.302E-01
9.908E-03	6.548E-02	-6.548E-02	1.310E-01
1.000E-02	6.586E-02	-6.586E-02	1.317E-01
1.009E-02	6.623E-02	-6.623E-02	1.325E-01
1.019E-02	6.660E-02	-6.660E-02	1.332E-01
1.028E-02	6.698E-02	-6.698E-02	1.340E-01
1.038E-02	6.736E-02	-6.736E-02	1.347E-01
1.047E-02	6.774E-02	-6.774E-02	1.355E-01
1.057E-02	6.813E-02	-6.813E-02	1.363E-01
1.067E-02	6.851E-02	-6.851E-02	1.370E-01
1.076E-02	6.890E-02	-6.890E-02	1.378E-01
1.086E-02	6.929E-02	-6.929E-02	1.386E-01
1.096E-02	6.968E-02	-6.968E-02	1.394E-01
1.107E-02	7.008E-02	-7.008E-02	1.402E-01
1.117E-02	7.047E-02	-7.047E-02	1.409E-01
1.127E-02	7.087E-02	-7.087E-02	1.417E-01
1.138E-02	7.127E-02	-7.127E-02	1.425E-01
1.148E-02	7.168E-02	-7.168E-02	1.434E-01
1.159E-02	7.208E-02	-7.208E-02	1.442E-01
1.169E-02	7.249E-02	-7.249E-02	1.450E-01
1.180E-02	7.290E-02	-7.290E-02	1.458E-01
1.191E-02	7.331E-02	-7.331E-02	1.466E-01
1.202E-02	7.373E-02	-7.373E-02	1.475E-01
1.213E-02	7.414E-02	-7.414E-02	1.483E-01
1.225E-02	7.456E-02	-7.456E-02	1.491E-01
1.236E-02	7.498E-02	-7.498E-02	1.500E-01
1.247E-02	7.541E-02	-7.541E-02	1.508E-01
1.259E-02	7.583E-02	-7.583E-02	1.517E-01
1.271E-02	7.626E-02	-7.626E-02	1.525E-01
1.282E-02	7.669E-02	-7.669E-02	1.534E-01
1.294E-02	7.712E-02	-7.712E-02	1.542E-01
1.306E-02	7.756E-02	-7.756E-02	1.551E-01
1.318E-02	7.800E-02	-7.800E-02	1.560E-01
1.330E-02	7.844E-02	-7.844E-02	1.569E-01
1.343E-02	7.888E-02	-7.888E-02	1.578E-01
1.355E-02	7.932E-02	-7.932E-02	1.586E-01
1.368E-02	7.977E-02	-7.977E-02	1.595E-01
1.380E-02	8.022E-02	-8.022E-02	1.604E-01
1.393E-02	8.067E-02	-8.067E-02	1.613E-01
1.406E-02	8.113E-02	-8.113E-02	1.623E-01
1.419E-02	8.158E-02	-8.158E-02	1.632E-01
1.432E-02	8.204E-02	-8.204E-02	1.641E-01
1.445E-02	8.251E-02	-8.251E-02	1.650E-01
1.459E-02	8.297E-02	-8.297E-02	1.659E-01
1.472E-02	8.344E-02	-8.344E-02	1.669E-01
1.486E-02	8.391E-02	-8.391E-02	1.678E-01
1.500E-02	8.438E-02	-8.438E-02	1.688E-01
1.514E-02	8.485E-02	-8.485E-02	1.697E-01
1.528E-02	8.533E-02	-8.533E-02	1.707E-01
1.542E-02	8.581E-02	-8.581E-02	1.716E-01
1.556E-02	8.629E-02	-8.629E-02	1.726E-01
1.570E-02	8.678E-02	-8.678E-02	1.736E-01
1.585E-02	8.727E-02	-8.727E-02	1.745E-01
1.600E-02	8.776E-02	-8.776E-02	1.755E-01
1.614E-02	8.825E-02	-8.825E-02	1.765E-01
1.629E-02	8.874E-02	-8.874E-02	1.775E-01
1.644E-02	8.924E-02	-8.924E-02	1.785E-01
1.660E-02	8.974E-02	-8.974E-02	1.795E-01
1.675E-02	9.025E-02	-9.025E-02	1.805E-01
1.690E-02	9.075E-02	-9.075E-02	1.815E-01
1.706E-02	9.126E-02	-9.126E-02	1.825E-01
1.722E-02	9.177E-02	-9.177E-02	1.835E-01
1.738E-02	9.229E-02	-9.229E-02	1.846E-01
1.754E-02	9.281E-02	-9.281E-02	1.856E-01
1.770E-02	9.333E-02	-9.333E-02	1.867E-01
1.786E-02	9.385E-02	-9.385E-02	1.877E-01
1.803E-02	9.438E-02	-9.438E-02	1.888E-01
1.820E-02	9.490E-02	-9.490E-02	1.898E-01
1.837E-02	9.543E-02	-9.543E-02	1.909E-01
1.854E-02	9.597E-02	-9.597E-02	1.919E-01
1.871E-02	9.651E-02	-9.651E-02	1.930E-01
1.888E-02	9.705E-02	-9.705E-02	1.941E-01
1.905E-02	9.759E-02	-9.759E-02	1.952E-01
1.923E-02	9.813E-02	-9.813E-02	1.963E-01
1.941E-02	9.868E-02	-9.868E-02	1.974E-01
1.959E-02	9.923E-02	-9.923E-02	1.985E-01
1.977E-02	9.979E-02	-9.979E-02	1.996E-01
1.995E-02	1.003E-01	-1.003E-01	2.007E-01
2.014E-02	1.009E-01	-1.009E-01	2.018E-01
2.032E-02	1.015E-01	-1.015E-01	2.029E-01
2.051E-02	1.020E-01	-1.020E-01	2.041E-01
2.070E-02	1.026E-01	-1.026E-01	2.052E-01
2.089E-02	1.032E-01	-1.032E-01	2.063E-01
2.109E-02	1.037E-01	-1.037E-01	2.075E-01
2.128E-02	1.043E-01	-1.043E-01	2.087E-01
2.148E-02	1.049E-01	-1.049E-01	2.098E-01
2.168E-02	1.055E-01	-1.055E-01	2.110E-01
2.188E-02	1.061E-01	-1.061E-01	2.122E-01
2.208E-02	1.067E-01	-1.067E-01	2.133E-01
2.228E-02	1.073E-01	-1.073E-01	2.145E-01
2.249E-02	1.079E-01	-1.079E-01	2.157E-01
2.270E-02	1.085E-01	-1.085E-01	2.169E-01
2.291E-02	1.091E-01	-1.091E-01	2.181E-01
2.312E-02	1.097E-01	-1.097E-01	2.193E-01
2.333E-02	1.103E-01	-1.103E-01	2.206E-01
2.355E-02	1.109E-01	-1.109E-01	2.218E-01
2.377E-02	1.115E-01	-1.115E-01	2.230E-01
2.399E-02	1.121E-01	-1.121E-01	2.242E-01
2.421E-02	1.127E-01	-1.127E-01	2.255E-01
2.443E-02	1.134E-01	-1.134E-01	2.267E-01
2.466E-02	1.140E-01	-1.140E-01	2.280E-01
2.489E-02	1.146E-01	-1.146E-01	2.293E-01
2.512E-02	1.153E-01	-1.153E-01	2.305E-01
2.535E-02	1.159E-01	-1.159E-01	2.318E-01
2.559E-02	1.165E-01	-1.165E-01	2.331E-01
2.582E-02	1.172E-01	-1.172E-01	2.344E-01
2.606E-02	1.178E-01	-1.178E-01	2.357E-01
2.630E-02	1.185E-01	-1.185E-01	2.370E-01
2.655E-02	1.191E-01	-1.191E-01	2.383E-01
2.679E-02	1.198E-01	-1.198E-01	2.396E-01
2.704E-02	1.205E-01	-1.205E-01	2.409E-01
2.729E-02	1.211E-01	-1.211E-01	2.422E-01
2.754E-02	1.218E-01	-1.218E-01	2.436E-01
2.780E-02	1.225E-01	-1.225E-01	2.449E-01
2.805E-02	1.231E-01	-1.231E-01	2.463E-01
2.831E-02	1.238E-01	-1.238E-01	2.476E-01
2.858E-02	1.245E-01	-1.245E-01	2.490E-01
2.884E-02	1.252E-01	-1.252E-01	2.503E-01
2.911E-02	1.259E-01	-1.259E-01	2.517E-01
2.938E-02	1.265E-01	-1.265E-01	2.531E-01
2.965E-02	1.272E-01	-1.272E-01	2.545E-01
2.992E-02	1.279E-01	-1.279E-01	2.559E-01
3.020E-02	1.286E-01	-1.286E-01	2.573E-01
3.048E-02	1.293E-01	-1.293E-01	2.587E-01
3.076E-02	1.300E-01	-1.300E-01	2.601E-01
3.105E-02	1.308E-01	-1.308E-01	2.615E-01
3.133E-02	1.315E-01	-1.315E-01	2.630E-01
3.162E-02	1.322E-01	-1.322E-01	2.644E-01
3.192E-02	1.329E-01	-1.329E-01	2.658E-01
3.221E-02	1.336E-01	-1.336E-01	2.673E-01
3.251E-02	1.344E-01	-1.344E-01	2.687E-01
3.281E-02	1.351E-01	-1.351E-01	2.702E-01
3.311E-02	1.358E-01	-1.358E-01	2.717E-01
3.342E-02	1.366E-01	-1.366E-01	2.732E-01
3.373E-02	1.373E-01	-1.373E-01	2.746E-01
3.404E-02	1.381E-01	-1.381E-01	2.761E-01
3.436E-02	1.388E-01	-1.388E-01	2.776E-01
3.467E-02	1.396E-01	-1.396E-01	2.791E-01
3.499E-02	1.403E-01	-1.403E-01	2.807E-01
3.532E-02	1.411E-01	-1.411E-01	2.822E-01
3.565E-02	1.418E-01	-1.418E-01	2.837E-01
3.597E-02	1.426E-01	-1.426E-01	2.852E-01
3.631E-02	1.434E-01	-1.434E-01	2.868E-01
3.664E-02	1.442E-01	-1.442E-01	2.883E-01
3.698E-02	1.449E-01	-1.449E-01	2.899E-01
3.733E-02	1.457E-01	-1.457E-01	2.914E-01
3.767E-02	1.465E-01	-1.465E-01	2.930E-01
3.802E-02	1.473E-01	-1.473E-01	2.946E-01
3.837E-02	1.481E-01	-1.481E-01	2.962E-01
3.873E-02	1.489E-01	-1.489E-01	2.978E-01
3.908E-02	1.497E-01	-1.497E-01	2.994E-01
3.945E-02	1.505E-01	-1.505E-01	3.010E-01
3.981E-02	1.513E-01	-1.513E-01	3.026E-01
4.018E-02	1.521E-01	-1.521E-01	3.042E-01
4.055E-02	1.529E-01	-1.529E-01	3.058E-01
4.093E-02	1.537E-01	-1.537E-01	3.075E-01
4.130E-02	1.546E-01	-1.546E-01	3.091E-01
4.169E-02	1.554E-01	-1.554E-01	3.108E-01
4.207E-02	1.562E-01	-1.562E-01	3.124E-01
4.246E-02	1.571E-01	-1.571E-01	3.141E-01
4.285E-02	1.579E-01	-1.579E-01	3.158E-01
4.325E-02	1.587E-01	-1.587E-01	3.175E-01
4.365E-02	1.596E-01	-1.596E-01	3.191E-01
4.406E-02	1.604E-01	-1.604E-01	3.208E-01
4.446E-02	1.613E-01	-1.613E-01	3.225E-01
4.487E-02	1.621E-01	-1.621E-01	3.242E-01
4.529E-02	1.630E-01	-1.630E-01	3.260E-01
4.571E-02	1.638E-01	-1.638E-01	3.277E-01
4.613E-02	1.647E-01	-1.647E-01	3.294E-01
4.656E-02	1.656E-01	-1.656E-01	3.312E-01
4.699E-02	1.664E-01	-1.664E-01	3.329E-01
4.742E-02	1.673E-01	-1.673E-01	3.347E-01
4.786E-02	1.682E-01	-1.682E-01	3.364E-01
4.831E-02	1.691E-01	-1.691E-01	3.382E-01
4.875E-02	1.700E-01	-1.700E-01	3.400E-01
4.920E-02	1.709E-01	-1.709E-01	3.417E-01
4.966E-02	1.718E-01	-1.718E-01	3.435E-01
5.012E-02	1.727E-01	-1.727E-01	3.453E-01
5.058E-02	1.736E-01	-1.736E-01	3.471E-01
5.105E-02	1.745E-01	-1.745E-01	3.489E-01
5.152E-02	1.754E-01	-1.754E-01	3.507E-01
5.200E-02	1.763E-01	-1.763E-01	3.526E-01
5.248E-02	1.772E-01	-1.772E-01	3.544E-01
5.297E-02	1.781E-01	-1.781E-01	3.562E-01
5.346E-02	1.790E-01	-1.790E-01	3.581E-01
5.395E-02	1.800E-01	-1.800E-01	3.599E-01
5.445E-02	1.809E-01	-1.809E-01	3.618E-01
5.495E-02	1.818E-01	-1.818E-01	3.637E-01
5.546E-02	1.828E-01	-1.828E-01	3.655E-01
5.598E-02	1.837E-01	-1.837E-01	3.674E-01
5.649E-02	1.846E-01	-1.846E-01	3.693E-01
5.702E-02	1.856E-01	-1.856E-01	3.712E-01
5.754E-02	1.865E-01	-1.865E-01	3.731E-01
5.808E-02	1.875E-01	-1.875E-01	3.750E-01
5.861E-02	1.884E-01	-1.884E-01	3.769E-01
5.916E-02	1.894E-01	-1.894E-01	3.788E-01
5.970E-02	1.904E-01	-1.904E-01	3.807E-01
6.026E-02	1.913E-01	-1.913E-01	3.827E-01
6.081E-02	1.923E-01	-1.923E-01	3.846E-01
6.138E-02	1.933E-01	-1.933E-01	3.866E-01
6.194E-02	1.943E-01	-1.943E-01	3.885E-01
6.252E-02	1.952E-01	-1.952E-01	3.905E-01
6.310E-02	1.962E-01	-1.962E-01	3.924E-01
6.368E-02	1.972E-01	-1.972E-01	3.944E-01
6.427E-02	1.982E-01	-1.982E-01	3.964E-01
6.486E-02	1.992E-01	-1.992E-01	3.984E-01
6.546E-02	2.002E-01	-2.002E-01	4.003E-01
6.607E-02	2.012E-01	-2.012E-01	4.023E-01
6.668E-02	2.022E-01	-2.022E-01	4.043E-01
6.730E-02	2.032E-01	-2.032E-01	4.063E-01
6.792E-02	2.042E-01	-2.042E-01	4.084E-01
6.855E-02	2.052E-01	-2.052E-01	4.104E-01
6.918E-02	2.062E-01	-2.062E-01	4.124E-01
6.982E-02	2.072E-01	-2.072E-01	4.144E-01
7.047E-02	2.082E-01	-2.082E-01	4.165E-01
7.112E-02	2.093E-01	-2.093E-01	4.185E-01
7.178E-02	2.103E-01	-2.103E-01	4.206E-01
7.244E-02	2.113E-01	-2.113E-01	4.226E-01
7.311E-02	2.123E-01	-2.123E-01	4.247E-01
7.379E-02	2.134E-01	-2.134E-01	4.267E-01
7.447E-02	2.144E-01	-2.144E-01	4.288E-01
7.516E-02	2.154E-01	-2.154E-01	4.309E-01
7.586E-02	2.165E-01	-2.165E-01	4.329E-01
7.656E-02	2.175E-01	-2.175E-01	4.350E-01
7.727E-02	2.185E-01	-2.185E-01	4.371E-01
7.798E-02	2.196E-01	-2.196E-01	4.392E-01
7.870E-02	2.206E-01	-2.206E-01	4.413E-01
7.943E-02	2.217E-01	-2.217E-01	4.434E-01
8.017E-02	2.227E-01	-2.227E-01	4.455E-01
8.091E-02	2.238E-01	-2.238E-01	4.476E-01
8.166E-02	2.248E-01	-2.248E-01	4.497E-01
8.241E-02	2.259E-01	-2.259E-01	4.518E-01
8.318E-02	2.270E-01	-2.270E-01	4.539E-01
8.395E-02	2.280E-01	-2.280E-01	4.560E-01
8.472E-02	2.291E-01	-2.291E-01	4.582E-01
8.551E-02	2.301E-01	-2.301E-01	4.603E-01
8.630E-02	2.312E-01	-2.312E-01	4.624E-01
8.710E-02	2.323E-01	-2.323E-01	4.646E-01
8.790E-02	2.333E-01	-2.333E-01	4.667E-01
8.872E-02	2.344E-01	-2.344E-01	4.688E-01
8.954E-02	2.355E-01	-2.355E-01	4.710E-01
9.036E-02	2.366E-01	-2.366E-01	4.731E-01
9.120E-02	2.376E-01	-2.376E-01	4.753E-01
9.204E-02	2.387E-01	-2.387E-01	4.774E-01
9.290E-02	2.398E-01	-2.398E-01	4.796E-01
9.376E-02	2.409E-01	-2.409E-01	4.817E-01
9.462E-02	2.419E-01	-2.419E-01	4.839E-01
9.550E-02	2.430E-01	-2.430E-01	4.860E-01
9.638E-02	2.441E-01	-2.441E-01	4.882E-01
9.727E-02	2.452E-01	-2.452E-01	4.903E-01
9.817E-02	2.462E-01	-2.462E-01	4.925E-01
9.908E-02	2.473E-01	-2.473E-01	4.946E-01
1.000E-01	2.484E-01	-2.484E-01	4.968E-01
1.009E-01	2.495E-01	-2.495E-01	4.990E-01
1.019E-01	2.506E-01	-2.506E-01	5.011E-01
1.028E-01	2.516E-01	-2.516E-01	5.033E-01
1.038E-01	2.527E-01	-2.527E-01	5.054E-01
1.047E-01	2.538E-01	-2.538E-01	5.076E-01
1.057E-01	2.549E-01	-2.549E-01	5.098E-01
1.067E-01	2.560E-01	-2.560E-01	5.119E-01
1.076E-01	2.570E-01	-2.570E-01	5.141E-01
1.086E-01	2.581E-01	-2.581E-01	5.162E-01
1.096E-01	2.592E-01	-2.592E-01	5.184E-01
1.107E-01	2.603E-01	-2.603E-01	5.205E-01
1.117E-01	2.613E-01	-2.613E-01	5.227E-01
1.127E-01	2.624E-01	-2.624E-01	5.248E-01
1.138E-01	2.635E-01	-2.635E-01	5.269E-01
1.148E-01	2.645E-01	-2.645E-01	5.291E-01
1.159E-01	2.656E-01	-2.656E-01	5.312E-01
1.169E-01	2.667E-01	-2.667E-01	5.334E-01
1.180E-01	2.677E-01	-2.677E-01	5.355E-01
1.191E-01	2.688E-01	-2.688E-01	5.376E-01
1.202E-01	2.699E-01	-2.699E-01	5.397E-01
1.213E-01	2.709E-01	-2.709E-01	5.418E-01
1.225E-01	2.720E-01	-2.720E-01	5.439E-01
1.236E-01	2.730E-01	-2.730E-01	5.461E-01
1.247E-01	2.741E-01	-2.741E-01	5.482E-01
1.259E-01	2.751E-01	-2.751E-01	5.502E-01
1.271E-01	2.762E-01	-2.762E-01	5.523E-01
1.282E-01	2.772E-01	-2.772E-01	5.544E-01
1.294E-01	2.782E-01	-2.782E-01	5.565E-01
1.306E-01	2.793E-01	-2.793E-01	5.585E-01
1.318E-01	2.803E-01	-2.803E-01	5.606E-01
1.330E-01	2.813E-01	-2.813E-01	5.627E-01
1.343E-01	2.823E-01	-2.823E-01	5.647E-01
1.355E-01	2.834E-01	-2.834E-01	5.667E-01
1.368E-01	2.844E-01	-2.844E-01	5.688E-01
1.380E-01	2.854E-01	-2.854E-01	5.708E-01
1.393E-01	2.864E-01	-2.864E-01	5.728E-01
1.406E-01	2.874E-01	-2.874E-01	5.748E-01
1.419E-01	2.884E-01	-2.884E-01	5.767E-01
1.432E-01	2.894E-01	-2.894E-01	5.787E-01
1.445E-01	2.903E-01	-2.903E-01	5.807E-01
1.459E-01	2.913E-01	-2.913E-01	5.826E-01
1.472E-01	2.923E-01	-2.923E-01	5.846E-01
1.486E-01	2.932E-01	-2.932E-01	5.865E-01
1.500E-01	2.942E-01	-2.942E-01	5.884E-01
1.514E-01	2.951E-01	-2.951E-01	5.903E-01
1.528E-01	2.961E-01	-2.961E-01	5.922E-01
1.542E-01	2.970E-01	-2.970E-01	5.940E-01
1.556E-01	2.980E-01	-2.980E-01	5.959E-01
1.570E-01	2.989E-01	-2.989E-01	5.977E-01
1.585E-01	2.998E-01	-2.998E-01	5.996E-01
1.600E-01	3.007E-01	-3.007E-01	6.014E-01
1.614E-01	3.016E-01	-3.016E-01	6.032E-01
1.629E-01	3.025E-01	-3.025E-01	6.049E-01
1.644E-01	3.033E-01	-3.033E-01	6.067E-01
1.660E-01	3.042E-01	-3.042E-01	6.084E-01
1.675E-01	3.051E-01	-3.051E-01	6.101E-01
1.690E-01	3.059E-01	-3.059E-01	6.118E-01
1.706E-01	3.068E-01	-3.068E-01	6.135E-01
1.722E-01	3.076E-01	-3.076E-01	6.152E-01
1.738E-01	3.084E-01	-3.084E-01	6.168E-01
1.754E-01	3.092E-01	-3.092E-01	6.184E-01
1.770E-01	3.100E-01	-3.100E-01	6.200E-01
1.786E-01	3.108E-01	-3.108E-01	6.216E-01
1.803E-01	3.116E-01	-3.116E-01	6.232E-01
1.820E-01	3.123E-01	-3.123E-01	6.247E-01
1.837E-01	3.131E-01	-3.131E-01	6.262E-01
1.854E-01	3.138E-01	-3.138E-01	6.277E-01
1.871E-01	3.146E-01	-3.146E-01	6.291E-01
1.888E-01	3.153E-01	-3.153E-01	6.305E-01
1.905E-01	3.160E-01	-3.160E-01	6.319E-01
1.923E-01	3.167E-01	-3.167E-01	6.333E-01
1.941E-01	3.173E-01	-3.173E-01	6.347E-01
1.959E-01	3.180E-01	-3.180E-01	6.360E-01
1.977E-01	3.186E-01	-3.186E-01	6.373E-01
1.995E-01	3.193E-01	-3.193E-01	6.385E-01
2.014E-01	3.199E-01	-3.199E-01	6.398E-01
2.032E-01	3.205E-01	-3.205E-01	6.410E-01
2.051E-01	3.211E-01	-3.211E-01	6.421E-01
2.070E-01	3.216E-01	-3.216E-01	6.433E-01
2.089E-01	3.222E-01	-3.222E-01	6.444E-01
2.109E-01	3.227E-01	-3.227E-01	6.455E-01
2.128E-01	3.232E-01	-3.232E-01	6.465E-01
2.148E-01	3.237E-01	-3.237E-01	6.475E-01
2.168E-01	3.242E-01	-3.242E-01	6.485E-01
2.188E-01	3.247E-01	-3.247E-01	6.494E-01
2.208E-01	3.251E-01	-3.251E-01	6.503E-01
2.228E-01	3.256E-01	-3.256E-01	6.512E-01
2.249E-01	3.260E-01	-3.260E-01	6.520E-01
2.270E-01	3.264E-01	-3.264E-01	6.528E-01
2.291E-01	3.267E-01	-3.267E-01	6.535E-01
2.312E-01	3.271E-01	-3.271E-01	6.542E-01
2.333E-01	3.274E-01	-3.274E-01	6.549E-01
2.355E-01	3.277E-01	-3.277E-01	6.555E-01
2.377E-01	3.280E-01	-3.280E-01	6.561E-01
2.399E-01	3.283E-01	-3.283E-01	6.566E-01
2.421E-01	3.286E-01	-3.286E-01	6.571E-01
2.443E-01	3.288E-01	-3.288E-01	6.576E-01
2.466E-01	3.290E-01	-3.290E-01	6.580E-01
2.489E-01	3.292E-01	-3.292E-01	6.583E-01
2.512E-01	3.293E-01	-3.293E-01	6.586E-01
2.535E-01	3.294E-01	-3.294E-01	6.589E-01
2.559E-01	3.296E-01	-3.296E-01	6.591E-01
2.582E-01	3.296E-01	-3.296E-01	6.593E-01
2.606E-01	3.297E-01	-3.297E-01	6.594E-01
2.630E-01	3.297E-01	-3.297E-01	6.595E-01
2.655E-01	3.298E-01	-3.298E-01	6.595E-01
2.679E-01	3.297E-01	-3.297E-01	6.595E-01
2.704E-01	3.297E-01	-3.297E-01	6.594E-01
2.729E-01	3.296E-01	-3.296E-01	6.593E-01
2.754E-01	3.295E-01	-3.295E-01	6.591E-01
2.780E-01	3.294E-01	-3.294E-01	6.588E-01
2.805E-01	3.293E-01	-3.293E-01	6.585E-01
2.831E-01	3.291E-01	-3.291E-01	6.582E-01
2.858E-01	3.289E-01	-3.289E-01	6.578E-01
2.884E-01	3.287E-01	-3.287E-01	6.573E-01
2.911E-01	3.284E-01	-3.284E-01	6.568E-01
2.938E-01	3.281E-01	-3.281E-01	6.562E-01
2.965E-01	3.278E-01	-3.278E-01	6.556E-01
2.992E-01	3.274E-01	-3.274E-01	6.549E-01
3.020E-01	3.271E-01	-3.271E-01	6.541E-01
3.048E-01	3.266E-01	-3.266E-01	6.533E-01
3.076E-01	3.262E-01	-3.262E-01	6.524E-01
3.105E-01	3.257E-01	-3.257E-01	6.514E-01
3.133E-01	3.252E-01	-3.252E-01	6.504E-01
3.162E-01	3.247E-01	-3.247E-01	6.494E-01
3.192E-01	3.241E-01	-3.241E-01	6.482E-01
3.221E-01	3.235E-01	-3.235E-01	6.470E-01
3.251E-01	3.229E-01	-3.229E-01	6.457E-01
3.281E-01	3.222E-01	-3.222E-01	6.444E-01
3.311E-01	3.215E-01	-3.215E-01	6.430E-01
3.342E-01	3.208E-01	-3.208E-01	6.415E-01
3.373E-01	3.200E-01	-3.200E-01	6.400E-01
3.404E-01	3.192E-01	-3.192E-01	6.384E-01
3.436E-01	3.183E-01	-3.183E-01	6.367E-01
3.467E-01	3.175E-01	-3.175E-01	6.349E-01
3.499E-01	3.165E-01	-3.165E-01	6.331E-01
3.532E-01	3.156E-01	-3.156E-01	6.312E-01
3.565E-01	3.146E-01	-3.146E-01	6.292E-01
3.597E-01	3.136E-01	-3.136E-01	6.272E-01
3.631E-01	3.125E-01	-3.125E-01	6.250E-01
3.664E-01	3.114E-01	-3.114E-01	6.228E-01
3.698E-01	3.103E-01	-3.103E-01	6.206E-01
3.733E-01	3.091E-01	-3.091E-01	6.182E-01
3.767E-01	3.079E-01	-3.079E-01	6.158E-01
3.802E-01	3.066E-01	-3.066E-01	6.133E-01
3.837E-01	3.054E-01	-3.054E-01	6.107E-01
3.873E-01	3.040E-01	-3.040E-01	6.080E-01
3.908E-01	3.027E-01	-3.027E-01	6.053E-01
3.945E-01	3.012E-01	-3.012E-01	6.025E-01
3.981E-01	2.998E-01	-2.998E-01	5.996E-01
4.018E-01	2.983E-01	-2.983E-01	5.966E-01
4.055E-01	2.968E-01	-2.968E-01	5.935E-01
4.093E-01	2.952E-01	-2.952E-01	5.904E-01
4.130E-01	2.936E-01	-2.936E-01	5.872E-01
4.169E-01	2.919E-01	-2.919E-01	5.839E-01
4.207E-01	2.902E-01	-2.902E-01	5.805E-01
4.246E-01	2.885E-01	-2.885E-01	5.770E-01
4.285E-01	2.867E-01	-2.867E-01	5.734E-01
4.325E-01	2.849E-01	-2.849E-01	5.698E-01
4.365E-01	2.830E-01	-2.830E-01	5.661E-01
4.406E-01	2.811E-01	-2.811E-01	5.623E-01
4.446E-01	2.792E-01	-2.792E-01	5.584E-01
4.487E-01	2.772E-01	-2.772E-01	5.544E-01
4.529E-01	2.752E-01	-2.752E-01	5.503E-01
4.571E-01	2.731E-01	-2.731E-01	5.461E-01
4.613E-01	2.709E-01	-2.709E-01	5.419E-01
4.656E-01	2.688E-01	-2.688E-01	5.376E-01
4.699E-01	2.666E-01	-2.666E-01	5.331E-01
4.742E-01	2.643E-01	-2.643E-01	5.286E-01
4.786E-01	2.620E-01	-2.620E-01	5.240E-01
4.831E-01	2.597E-01	-2.597E-01	5.194E-01
4.875E-01	2.573E-01	-2.573E-01	5.146E-01
4.920E-01	2.549E-01	-2.549E-01	5.097E-01
4.966E-01	2.524E-01	-2.524E-01	5.048E-01
5.012E-01	2.499E-01	-2.499E-01	4.997E-01
5.058E-01	2.473E-01	-2.473E-01	4.946E-01
5.105E-01	2.447E-01	-2.447E-01	4.894E-01
5.152E-01	2.420E-01	-2.420E-01	4.841E-01
5.200E-01	2.394E-01	-2.394E-01	4.787E-01
5.248E-01	2.366E-01	-2.366E-01	4.732E-01
5.297E-01	2.338E-01	-2.338E-01	4.677E-01
5.346E-01	2.310E-01	-2.310E-01	4.620E-01
5.395E-01	2.281E-01	-2.281E-01	4.563E-01
5.445E-01	2.252E-01	-2.252E-01	4.504E-01
5.495E-01	2.223E-01	-2.223E-01	4.445E-01
5.546E-01	2.193E-01	-2.193E-01	4.385E-01
5.598E-01	2.162E-01	-2.162E-01	4.324E-01
5.649E-01	2.131E-01	-2.131E-01	4.262E-01
5.702E-01	2.100E-01	-2.100E-01	4.200E-01
5.754E-01	2.068E-01	-2.068E-01	4.136E-01
5.808E-01	2.036E-01	-2.036E-01	4.072E-01
5.861E-01	2.003E-01	-2.003E-01	4.007E-01
5.916E-01	1.971E-01	-1.971E-01	3.941E-01
5.970E-01	1.937E-01	-1.937E-01	3.874E-01
6.026E-01	1.903E-01	-1.903E-01	3.807E-01
6.081E-01	1.869E-01	-1.869E-01	3.738E-01
6.138E-01	1.835E-01	-1.835E-01	3.669E-01
6.194E-01	1.800E-01	-1.800E-01	3.599E-01
6.252E-01	1.764E-01	-1.764E-01	3.529E-01
6.310E-01	1.729E-01	-1.729E-01	3.458E-01
6.368E-01	1.693E-01	-1.693E-01	3.385E-01
6.427E-01	1.656E-01	-1.656E-01	3.313E-01
6.486E-01	1.620E-01	-1.620E-01	3.239E-01
6.546E-01	1.583E-01	-1.583E-01	3.165E-01
6.607E-01	1.545E-01	-1.545E-01	3.090E-01
6.668E-01	1.508E-01	-1.508E-01	3.015E-01
6.730E-01	1.470E-01	-1.470E-01	2.939E-01
6.792E-01	1.431E-01	-1.431E-01	2.863E-01
6.855E-01	1.393E-01	-1.393E-01	2.786E-01
6.918E-01	1.354E-01	-1.354E-01	2.708E-01
6.982E-01	1.315E-01	-1.315E-01	2.630E-01
7.047E-01	1.276E-01	-1.276E-01	2.552E-01
7.112E-01	1.237E-01	-1.237E-01	2.473E-01
7.178E-01	1.197E-01	-1.197E-01	2.394E-01
7.244E-01	1.157E-01	-1.157E-01	2.314E-01
7.311E-01	1.117E-01	-1.117E-01	2.235E-01
7.379E-01	1.077E-01	-1.077E-01	2.155E-01
7.447E-01	1.037E-01	-1.037E-01	2.074E-01
7.516E-01	9.971E-02	-9.971E-02	1.994E-01
7.586E-01	9.569E-02	-9.569E-02	1.914E-01
7.656E-01	9.167E-02	-9.167E-02	1.833E-01
7.727E-01	8.766E-02	-8.766E-02	1.753E-01
7.798E-01	8.365E-02	-8.365E-02	1.673E-01
7.870E-01	7.965E-02	-7.965E-02	1.593E-01
7.943E-01	7.566E-02	-7.566E-02	1.513E-01
8.017E-01	7.169E-02	-7.169E-02	1.434E-01
8.091E-01	6.774E-02	-6.774E-02	1.355E-01
8.166E-01	6.381E-02	-6.381E-02	1.276E-01
8.241E-01	5.992E-02	-5.992E-02	1.198E-01
8.318E-01	5.606E-02	-5.606E-02	1.121E-01
8.395E-01	5.224E-02	-5.224E-02	1.045E-01
8.472E-01	4.847E-02	-4.847E-02	9.695E-02
8.551E-01	4.475E-02	-4.475E-02	8.951E-02
8.630E-01	4.110E-02	-4.110E-02	8.219E-02
8.710E-01	3.750E-02	-3.750E-02	7.501E-02
8.790E-01	3.398E-02	-3.398E-02	6.797E-02
8.872E-01	3.055E-02	-3.055E-02	6.109E-02
8.954E-01	2.720E-02	-2.720E-02	5.440E-02
9.036E-01	2.396E-02	-2.396E-02	4.792E-02
9.120E-01	2.083E-02	-2.083E-02	4.165E-02
9.204E-01	1.782E-02	-1.782E-02	3.564E-02
9.290E-01	1.495E-02	-1.495E-02	2.990E-02
9.376E-01	1.224E-02	-1.224E-02	2.448E-02
9.462E-01	9.697E-03	-9.697E-03	1.939E-02
9.550E-01	7.350E-03	-7.350E-03	1.470E-02
9.638E-01	5.224E-03	-5.224E-03	1.045E-02
9.727E-01	3.354E-03	-3.354E-03	6.708E-03
9.817E-01	1.787E-03	-1.787E-03	3.573E-03
9.908E-01	6.067E-04	-6.067E-04	1.213E-03
