Q0 = 1.5 GeV	 Q = 5.2 GeV
x	 x*uv	 x*dv	 x*(uv-dv)
5.000E-04	1.164E-03	-1.164E-03	2.329E-03
1.500E-03	2.944E-03	-2.944E-03	5.889E-03
2.500E-03	4.611E-03	-4.611E-03	9.221E-03
3.500E-03	6.242E-03	-6.242E-03	1.248E-02
4.500E-03	7.859E-03	-7.859E-03	1.572E-02
5.500E-03	9.473E-03	-9.473E-03	1.895E-02
6.500E-03	1.109E-02	-1.109E-02	2.218E-02
7.500E-03	1.271E-02	-1.271E-02	2.541E-02
8.500E-03	1.433E-02	-1.433E-02	2.866E-02
9.500E-03	1.596E-02	-1.596E-02	3.192E-02
1.050E-02	1.759E-02	-1.759E-02	3.519E-02
1.150E-02	1.924E-02	-1.924E-02	3.847E-02
1.250E-02	2.089E-02	-2.089E-02	4.177E-02
1.350E-02	2.254E-02	-2.254E-02	4.508E-02
1.450E-02	2.420E-02	-2.420E-02	4.841E-02
1.550E-02	2.587E-02	-2.587E-02	5.175E-02
1.650E-02	2.755E-02	-2.755E-02	5.510E-02
1.750E-02	2.923E-02	-2.923E-02	5.846E-02
1.850E-02	3.092E-02	-3.092E-02	6.184E-02
1.950E-02	3.261E-02	-3.261E-02	6.523E-02
2.050E-02	3.431E-02	-3.431E-02	6.863E-02
2.150E-02	3.602E-02	-3.602E-02	7.204E-02
2.250E-02	3.773E-02	-3.773E-02	7.546E-02
2.350E-02	3.944E-02	-3.944E-02	7.889E-02
2.450E-02	4.117E-02	-4.117E-02	8.233E-02
2.550E-02	4.289E-02	-4.289E-02	8.578E-02
2.650E-02	4.462E-02	-4.462E-02	8.924E-02
2.750E-02	4.636E-02	-4.636E-02	9.271E-02
2.850E-02	4.810E-02	-4.810E-02	9.619E-02
2.950E-02	4.984E-02	-4.984E-02	9.968E-02
3.050E-02	5.159E-02	-5.159E-02	1.032E-01
3.150E-02	5.334E-02	-5.334E-02	1.067E-01
3.250E-02	5.509E-02	-5.509E-02	1.102E-01
3.350E-02	5.685E-02	-5.685E-02	1.137E-01
3.450E-02	5.861E-02	-5.861E-02	1.172E-01
3.550E-02	6.037E-02	-6.037E-02	1.207E-01
3.650E-02	6.214E-02	-6.214E-02	1.243E-01
3.750E-02	6.391E-02	-6.391E-02	1.278E-01
3.850E-02	6.568E-02	-6.568E-02	1.314E-01
3.950E-02	6.746E-02	-6.746E-02	1.349E-01
4.050E-02	6.924E-02	-6.924E-02	1.385E-01
4.150E-02	7.102E-02	-7.102E-02	1.420E-01
4.250E-02	7.280E-02	-7.280E-02	1.456E-01
4.350E-02	7.458E-02	-7.458E-02	1.492E-01
4.450E-02	7.637E-02	-7.637E-02	1.527E-01
4.550E-02	7.816E-02	-7.816E-02	1.563E-01
4.650E-02	7.994E-02	-7.994E-02	1.599E-01
4.750E-02	8.174E-02	-8.174E-02	1.635E-01
4.850E-02	8.353E-02	-8.353E-02	1.671E-01
4.950E-02	8.532E-02	-8.532E-02	1.706E-01
5.050E-02	8.712E-02	-8.712E-02	1.742E-01
5.150E-02	8.891E-02	-8.891E-02	1.778E-01
5.250E-02	9.071E-02	-9.071E-02	1.814E-01
5.350E-02	9.251E-02	-9.251E-02	1.850E-01
5.450E-02	9.431E-02	-9.431E-02	1.886E-01
5.550E-02	9.611E-02	-9.611E-02	1.922E-01
5.650E-02	9.791E-02	-9.791E-02	1.958E-01
5.750E-02	9.971E-02	-9.971E-02	1.994E-01
5.850E-02	1.015E-01	-1.015E-01	2.030E-01
5.950E-02	1.033E-01	-1.033E-01	2.066E-01
6.050E-02	1.051E-01	-1.051E-01	2.102E-01
6.150E-02	1.069E-01	-1.069E-01	2.138E-01
6.250E-02	1.087E-01	-1.087E-01	2.174E-01
6.350E-02	1.105E-01	-1.105E-01	2.210E-01
6.450E-02	1.123E-01	-1.123E-01	2.247E-01
6.550E-02	1.141E-01	-1.141E-01	2.283E-01
6.650E-02	1.159E-01	-1.159E-01	2.319E-01
6.750E-02	1.177E-01	-1.177E-01	2.355E-01
6.850E-02	1.195E-01	-1.195E-01	2.391E-01
6.950E-02	1.213E-01	-1.213E-01	2.427E-01
7.050E-02	1.231E-01	-1.231E-01	2.463E-01
7.150E-02	1.249E-01	-1.249E-01	2.499E-01
7.250E-02	1.267E-01	-1.267E-01	2.535E-01
7.350E-02	1.285E-01	-1.285E-01	2.571E-01
7.450E-02	1.303E-01	-1.303E-01	2.607E-01
7.550E-02	1.321E-01	-1.321E-01	2.643E-01
7.650E-02	1.339E-01	-1.339E-01	2.679E-01
7.750E-02	1.357E-01	-1.357E-01	2.715E-01
7.850E-02	1.375E-01	-1.375E-01	2.750E-01
7.950E-02	1.393E-01	-1.393E-01	2.786E-01
8.050E-02	1.411E-01	-1.411E-01	2.822E-01
8.150E-02	1.429E-01	-1.429E-01	2.858E-01
8.250E-02	1.447E-01	-1.447E-01	2.894E-01
8.350E-02	1.465E-01	-1.465E-01	2.930E-01
8.450E-02	1.483E-01	-1.483E-01	2.965E-01
8.550E-02	1.501E-01	-1.501E-01	3.001E-01
8.650E-02	1.518E-01	-1.518E-01	3.037E-01
8.750E-02	1.536E-01	-1.536E-01	3.072E-01
8.850E-02	1.554E-01	-1.554E-01	3.108E-01
8.950E-02	1.572E-01	-1.572E-01	3.144E-01
9.050E-02	1.590E-01	-1.590E-01	3.179E-01
9.150E-02	1.607E-01	-1.607E-01	3.215E-01
9.250E-02	1.625E-01	-1.625E-01	3.250E-01
9.350E-02	1.643E-01	-1.643E-01	3.286E-01
9.450E-02	1.661E-01	-1.661E-01	3.321E-01
9.550E-02	1.678E-01	-1.678E-01	3.357E-01
9.650E-02	1.696E-01	-1.696E-01	3.392E-01
9.750E-02	1.714E-01	-1.714E-01	3.427E-01
9.850E-02	1.731E-01	-1.731E-01	3.463E-01
9.950E-02	1.749E-01	-1.749E-01	3.498E-01
1.005E-01	1.767E-01	-1.767E-01	3.533E-01
1.015E-01	1.784E-01	-1.784E-01	3.568E-01
1.025E-01	1.802E-01	-1.802E-01	3.603E-01
1.035E-01	1.819E-01	-1.819E-01	3.638E-01
1.045E-01	1.837E-01	-1.837E-01	3.673E-01
1.055E-01	1.854E-01	-1.854E-01	3.708E-01
1.065E-01	1.872E-01	-1.872E-01	3.743E-01
1.075E-01	1.889E-01	-1.889E-01	3.778E-01
1.085E-01	1.907E-01	-1.907E-01	3.813E-01
1.095E-01	1.924E-01	-1.924E-01	3.848E-01
1.105E-01	1.941E-01	-1.941E-01	3.883E-01
1.115E-01	1.959E-01	-1.959E-01	3.917E-01
1.125E-01	1.976E-01	-1.976E-01	3.952E-01
1.135E-01	1.993E-01	-1.993E-01	3.986E-01
1.145E-01	2.010E-01	-2.010E-01	4.021E-01
1.155E-01	2.028E-01	-2.028E-01	4.055E-01
1.165E-01	2.045E-01	-2.045E-01	4.090E-01
1.175E-01	2.062E-01	-2.062E-01	4.124E-01
1.185E-01	2.079E-01	-2.079E-01	4.159E-01
1.195E-01	2.096E-01	-2.096E-01	4.193E-01
1.205E-01	2.113E-01	-2.113E-01	4.227E-01
1.215E-01	2.131E-01	-2.131E-01	4.261E-01
1.225E-01	2.148E-01	-2.148E-01	4.295E-01
1.235E-01	2.165E-01	-2.165E-01	4.329E-01
1.245E-01	2.182E-01	-2.182E-01	4.363E-01
1.255E-01	2.198E-01	-2.198E-01	4.397E-01
1.265E-01	2.215E-01	-2.215E-01	4.431E-01
1.275E-01	2.232E-01	-2.232E-01	4.465E-01
1.285E-01	2.249E-01	-2.249E-01	4.498E-01
1.295E-01	2.266E-01	-2.266E-01	4.532E-01
1.305E-01	2.283E-01	-2.283E-01	4.566E-01
1.315E-01	2.300E-01	-2.300E-01	4.599E-01
1.325E-01	2.316E-01	-2.316E-01	4.633E-01
1.335E-01	2.333E-01	-2.333E-01	4.666E-01
1.345E-01	2.350E-01	-2.350E-01	4.699E-01
1.355E-01	2.366E-01	-2.366E-01	4.733E-01
1.365E-01	2.383E-01	-2.383E-01	4.766E-01
1.375E-01	2.399E-01	-2.399E-01	4.799E-01
1.385E-01	2.416E-01	-2.416E-01	4.832E-01
1.395E-01	2.432E-01	-2.432E-01	4.865E-01
1.405E-01	2.449E-01	-2.449E-01	4.898E-01
1.415E-01	2.465E-01	-2.465E-01	4.931E-01
1.425E-01	2.482E-01	-2.482E-01	4.963E-01
1.435E-01	2.498E-01	-2.498E-01	4.996E-01
1.445E-01	2.514E-01	-2.514E-01	5.029E-01
1.455E-01	2.531E-01	-2.531E-01	5.061E-01
1.465E-01	2.547E-01	-2.547E-01	5.094E-01
1.475E-01	2.563E-01	-2.563E-01	5.126E-01
1.485E-01	2.579E-01	-2.579E-01	5.159E-01
1.495E-01	2.595E-01	-2.595E-01	5.191E-01
1.505E-01	2.612E-01	-2.612E-01	5.223E-01
1.515E-01	2.628E-01	-2.628E-01	5.255E-01
1.525E-01	2.644E-01	-2.644E-01	5.287E-01
1.535E-01	2.660E-01	-2.660E-01	5.319E-01
1.545E-01	2.676E-01	-2.676E-01	5.351E-01
1.555E-01	2.691E-01	-2.691E-01	5.383E-01
1.565E-01	2.707E-01	-2.707E-01	5.415E-01
1.575E-01	2.723E-01	-2.723E-01	5.446E-01
1.585E-01	2.739E-01	-2.739E-01	5.478E-01
1.595E-01	2.755E-01	-2.755E-01	5.509E-01
1.605E-01	2.770E-01	-2.770E-01	5.541E-01
1.615E-01	2.786E-01	-2.786E-01	5.572E-01
1.625E-01	2.802E-01	-2.802E-01	5.604E-01
1.635E-01	2.817E-01	-2.817E-01	5.635E-01
1.645E-01	2.833E-01	-2.833E-01	5.666E-01
1.655E-01	2.848E-01	-2.848E-01	5.697E-01
1.665E-01	2.864E-01	-2.864E-01	5.728E-01
1.675E-01	2.879E-01	-2.879E-01	5.759E-01
1.685E-01	2.895E-01	-2.895E-01	5.790E-01
1.695E-01	2.910E-01	-2.910E-01	5.820E-01
1.705E-01	2.925E-01	-2.925E-01	5.851E-01
1.715E-01	2.941E-01	-2.941E-01	5.881E-01
1.725E-01	2.956E-01	-2.956E-01	5.912E-01
1.735E-01	2.971E-01	-2.971E-01	5.942E-01
1.745E-01	2.986E-01	-2.986E-01	5.973E-01
1.755E-01	3.001E-01	-3.001E-01	6.003E-01
1.765E-01	3.016E-01	-3.016E-01	6.033E-01
1.775E-01	3.031E-01	-3.031E-01	6.063E-01
1.785E-01	3.046E-01	-3.046E-01	6.093E-01
1.795E-01	3.061E-01	-3.061E-01	6.123E-01
1.805E-01	3.076E-01	-3.076E-01	6.153E-01
1.815E-01	3.091E-01	-3.091E-01	6.182E-01
1.825E-01	3.106E-01	-3.106E-01	6.212E-01
1.835E-01	3.121E-01	-3.121E-01	6.242E-01
1.845E-01	3.135E-01	-3.135E-01	6.271E-01
1.855E-01	3.150E-01	-3.150E-01	6.300E-01
1.865E-01	3.165E-01	-3.165E-01	6.330E-01
1.875E-01	3.179E-01	-3.179E-01	6.359E-01
1.885E-01	3.194E-01	-3.194E-01	6.388E-01
1.895E-01	3.208E-01	-3.208E-01	6.417E-01
1.905E-01	3.223E-01	-3.223E-01	6.446E-01
1.915E-01	3.237E-01	-3.237E-01	6.475E-01
1.925E-01	3.252E-01	-3.252E-01	6.503E-01
1.935E-01	3.266E-01	-3.266E-01	6.532E-01
1.945E-01	3.280E-01	-3.280E-01	6.561E-01
1.955E-01	3.295E-01	-3.295E-01	6.589E-01
1.965E-01	3.309E-01	-3.309E-01	6.618E-01
1.975E-01	3.323E-01	-3.323E-01	6.646E-01
1.985E-01	3.337E-01	-3.337E-01	6.674E-01
1.995E-01	3.351E-01	-3.351E-01	6.702E-01
2.005E-01	3.365E-01	-3.365E-01	6.730E-01
2.015E-01	3.379E-01	-3.379E-01	6.758E-01
2.025E-01	3.393E-01	-3.393E-01	6.786E-01
2.035E-01	3.407E-01	-3.407E-01	6.814E-01
2.045E-01	3.421E-01	-3.421E-01	6.841E-01
2.055E-01	3.434E-01	-3.434E-01	6.869E-01
2.065E-01	3.448E-01	-3.448E-01	6.896E-01
2.075E-01	3.462E-01	-3.462E-01	6.924E-01
2.085E-01	3.476E-01	-3.476E-01	6.951E-01
2.095E-01	3.489E-01	-3.489E-01	6.978E-01
2.105E-01	3.503E-01	-3.503E-01	7.005E-01
2.115E-01	3.516E-01	-3.516E-01	7.032E-01
2.125E-01	3.530E-01	-3.530E-01	7.059E-01
2.135E-01	3.543E-01	-3.543E-01	7.086E-01
2.145E-01	3.556E-01	-3.556E-01	7.113E-01
2.155E-01	3.570E-01	-3.570E-01	7.140E-01
2.165E-01	3.583E-01	-3.583E-01	7.166E-01
2.175E-01	3.596E-01	-3.596E-01	7.193E-01
2.185E-01	3.609E-01	-3.609E-01	7.219E-01
2.195E-01	3.623E-01	-3.623E-01	7.245E-01
2.205E-01	3.636E-01	-3.636E-01	7.271E-01
2.215E-01	3.649E-01	-3.649E-01	7.297E-01
2.225E-01	3.662E-01	-3.662E-01	7.323E-01
2.235E-01	3.675E-01	-3.675E-01	7.349E-01
2.245E-01	3.688E-01	-3.688E-01	7.375E-01
2.255E-01	3.700E-01	-3.700E-01	7.401E-01
2.265E-01	3.713E-01	-3.713E-01	7.426E-01
2.275E-01	3.726E-01	-3.726E-01	7.452E-01
2.285E-01	3.739E-01	-3.739E-01	7.477E-01
2.295E-01	3.751E-01	-3.751E-01	7.502E-01
2.305E-01	3.764E-01	-3.764E-01	7.528E-01
2.315E-01	3.776E-01	-3.776E-01	7.553E-01
2.325E-01	3.789E-01	-3.789E-01	7.578E-01
2.335E-01	3.801E-01	-3.801E-01	7.603E-01
2.345E-01	3.814E-01	-3.814E-01	7.627E-01
2.355E-01	3.826E-01	-3.826E-01	7.652E-01
2.365E-01	3.838E-01	-3.838E-01	7.677E-01
2.375E-01	3.851E-01	-3.851E-01	7.701E-01
2.385E-01	3.863E-01	-3.863E-01	7.726E-01
2.395E-01	3.875E-01	-3.875E-01	7.750E-01
2.405E-01	3.887E-01	-3.887E-01	7.774E-01
2.415E-01	3.899E-01	-3.899E-01	7.798E-01
2.425E-01	3.911E-01	-3.911E-01	7.822E-01
2.435E-01	3.923E-01	-3.923E-01	7.846E-01
2.445E-01	3.935E-01	-3.935E-01	7.870E-01
2.455E-01	3.947E-01	-3.947E-01	7.894E-01
2.465E-01	3.959E-01	-3.959E-01	7.917E-01
2.475E-01	3.970E-01	-3.970E-01	7.941E-01
2.485E-01	3.982E-01	-3.982E-01	7.964E-01
2.495E-01	3.994E-01	-3.994E-01	7.988E-01
2.505E-01	4.005E-01	-4.005E-01	8.011E-01
2.515E-01	4.017E-01	-4.017E-01	8.034E-01
2.525E-01	4.029E-01	-4.029E-01	8.057E-01
2.535E-01	4.040E-01	-4.040E-01	8.080E-01
2.545E-01	4.051E-01	-4.051E-01	8.103E-01
2.555E-01	4.063E-01	-4.063E-01	8.125E-01
2.565E-01	4.074E-01	-4.074E-01	8.148E-01
2.575E-01	4.085E-01	-4.085E-01	8.171E-01
2.585E-01	4.096E-01	-4.096E-01	8.193E-01
2.595E-01	4.108E-01	-4.108E-01	8.215E-01
2.605E-01	4.119E-01	-4.119E-01	8.237E-01
2.615E-01	4.130E-01	-4.130E-01	8.260E-01
2.625E-01	4.141E-01	-4.141E-01	8.282E-01
2.635E-01	4.152E-01	-4.152E-01	8.303E-01
2.645E-01	4.163E-01	-4.163E-01	8.325E-01
2.655E-01	4.173E-01	-4.173E-01	8.347E-01
2.665E-01	4.184E-01	-4.184E-01	8.369E-01
2.675E-01	4.195E-01	-4.195E-01	8.390E-01
2.685E-01	4.206E-01	-4.206E-01	8.411E-01
2.695E-01	4.216E-01	-4.216E-01	8.433E-01
2.705E-01	4.227E-01	-4.227E-01	8.454E-01
2.715E-01	4.237E-01	-4.237E-01	8.475E-01
2.725E-01	4.248E-01	-4.248E-01	8.496E-01
2.735E-01	4.258E-01	-4.258E-01	8.517E-01
2.745E-01	4.269E-01	-4.269E-01	8.538E-01
2.755E-01	4.279E-01	-4.279E-01	8.558E-01
2.765E-01	4.289E-01	-4.289E-01	8.579E-01
2.775E-01	4.300E-01	-4.300E-01	8.599E-01
2.785E-01	4.310E-01	-4.310E-01	8.620E-01
2.795E-01	4.320E-01	-4.320E-01	8.640E-01
2.805E-01	4.330E-01	-4.330E-01	8.660E-01
2.815E-01	4.340E-01	-4.340E-01	8.680E-01
2.825E-01	4.350E-01	-4.350E-01	8.700E-01
2.835E-01	4.360E-01	-4.360E-01	8.720E-01
2.845E-01	4.370E-01	-4.370E-01	8.739E-01
2.855E-01	4.380E-01	-4.380E-01	8.759E-01
2.865E-01	4.389E-01	-4.389E-01	8.779E-01
2.875E-01	4.399E-01	-4.399E-01	8.798E-01
2.885E-01	4.409E-01	-4.409E-01	8.817E-01
2.895E-01	4.418E-01	-4.418E-01	8.837E-01
2.905E-01	4.428E-01	-4.428E-01	8.856E-01
2.915E-01	4.437E-01	-4.437E-01	8.875E-01
2.925E-01	4.447E-01	-4.447E-01	8.893E-01
2.935E-01	4.456E-01	-4.456E-01	8.912E-01
2.945E-01	4.465E-01	-4.465E-01	8.931E-01
2.955E-01	4.475E-01	-4.475E-01	8.950E-01
2.965E-01	4.484E-01	-4.484E-01	8.968E-01
2.975E-01	4.493E-01	-4.493E-01	8.986E-01
2.985E-01	4.502E-01	-4.502E-01	9.005E-01
2.995E-01	4.511E-01	-4.511E-01	9.023E-01
3.005E-01	4.520E-01	-4.520E-01	9.041E-01
3.015E-01	4.529E-01	-4.529E-01	9.059E-01
3.025E-01	4.538E-01	-4.538E-01	9.077E-01
3.035E-01	4.547E-01	-4.547E-01	9.094E-01
3.045E-01	4.556E-01	-4.556E-01	9.112E-01
3.055E-01	4.565E-01	-4.565E-01	9.129E-01
3.065E-01	4.573E-01	-4.573E-01	9.147E-01
3.075E-01	4.582E-01	-4.582E-01	9.164E-01
3.085E-01	4.591E-01	-4.591E-01	9.181E-01
3.095E-01	4.599E-01	-4.599E-01	9.198E-01
3.105E-01	4.608E-01	-4.608E-01	9.215E-01
3.115E-01	4.616E-01	-4.616E-01	9.232E-01
3.125E-01	4.625E-01	-4.625E-01	9.249E-01
3.135E-01	4.633E-01	-4.633E-01	9.266E-01
3.145E-01	4.641E-01	-4.641E-01	9.282E-01
3.155E-01	4.649E-01	-4.649E-01	9.299E-01
3.165E-01	4.658E-01	-4.658E-01	9.315E-01
3.175E-01	4.666E-01	-4.666E-01	9.331E-01
3.185E-01	4.674E-01	-4.674E-01	9.348E-01
3.195E-01	4.682E-01	-4.682E-01	9.364E-01
3.205E-01	4.690E-01	-4.690E-01	9.379E-01
3.215E-01	4.698E-01	-4.698E-01	9.395E-01
3.225E-01	4.705E-01	-4.705E-01	9.411E-01
3.235E-01	4.713E-01	-4.713E-01	9.427E-01
3.245E-01	4.721E-01	-4.721E-01	9.442E-01
3.255E-01	4.729E-01	-4.729E-01	9.457E-01
3.265E-01	4.736E-01	-4.736E-01	9.473E-01
3.275E-01	4.744E-01	-4.744E-01	9.488E-01
3.285E-01	4.752E-01	-4.752E-01	9.503E-01
3.295E-01	4.759E-01	-4.759E-01	9.518E-01
3.305E-01	4.766E-01	-4.766E-01	9.533E-01
3.315E-01	4.774E-01	-4.774E-01	9.548E-01
3.325E-01	4.781E-01	-4.781E-01	9.562E-01
3.335E-01	4.788E-01	-4.788E-01	9.577E-01
3.345E-01	4.796E-01	-4.796E-01	9.591E-01
3.355E-01	4.803E-01	-4.803E-01	9.605E-01
3.365E-01	4.810E-01	-4.810E-01	9.620E-01
3.375E-01	4.817E-01	-4.817E-01	9.634E-01
3.385E-01	4.824E-01	-4.824E-01	9.648E-01
3.395E-01	4.831E-01	-4.831E-01	9.662E-01
3.405E-01	4.838E-01	-4.838E-01	9.675E-01
3.415E-01	4.845E-01	-4.845E-01	9.689E-01
3.425E-01	4.851E-01	-4.851E-01	9.703E-01
3.435E-01	4.858E-01	-4.858E-01	9.716E-01
3.445E-01	4.865E-01	-4.865E-01	9.730E-01
3.455E-01	4.871E-01	-4.871E-01	9.743E-01
3.465E-01	4.878E-01	-4.878E-01	9.756E-01
3.475E-01	4.884E-01	-4.884E-01	9.769E-01
3.485E-01	4.891E-01	-4.891E-01	9.782E-01
3.495E-01	4.897E-01	-4.897E-01	9.795E-01
3.505E-01	4.904E-01	-4.904E-01	9.807E-01
3.515E-01	4.910E-01	-4.910E-01	9.820E-01
3.525E-01	4.916E-01	-4.916E-01	9.833E-01
3.535E-01	4.922E-01	-4.922E-01	9.845E-01
3.545E-01	4.929E-01	-4.929E-01	9.857E-01
3.555E-01	4.935E-01	-4.935E-01	9.869E-01
3.565E-01	4.941E-01	-4.941E-01	9.881E-01
3.575E-01	4.947E-01	-4.947E-01	9.893E-01
3.585E-01	4.953E-01	-4.953E-01	9.905E-01
3.595E-01	4.958E-01	-4.958E-01	9.917E-01
3.605E-01	4.964E-01	-4.964E-01	9.929E-01
3.615E-01	4.970E-01	-4.970E-01	9.940E-01
3.625E-01	4.976E-01	-4.976E-01	9.952E-01
3.635E-01	4.981E-01	-4.981E-01	9.963E-01
3.645E-01	4.987E-01	-4.987E-01	9.974E-01
3.655E-01	4.993E-01	-4.993E-01	9.985E-01
3.665E-01	4.998E-01	-4.998E-01	9.996E-01
3.675E-01	5.004E-01	-5.004E-01	1.001E+00
3.685E-01	5.009E-01	-5.009E-01	1.002E+00
3.695E-01	5.014E-01	-5.014E-01	1.003E+00
3.705E-01	5.020E-01	-5.020E-01	1.004E+00
3.715E-01	5.025E-01	-5.025E-01	1.005E+00
3.725E-01	5.030E-01	-5.030E-01	1.006E+00
3.735E-01	5.035E-01	-5.035E-01	1.007E+00
3.745E-01	5.040E-01	-5.040E-01	1.008E+00
3.755E-01	5.045E-01	-5.045E-01	1.009E+00
3.765E-01	5.050E-01	-5.050E-01	1.010E+00
3.775E-01	5.055E-01	-5.055E-01	1.011E+00
3.785E-01	5.060E-01	-5.060E-01	1.012E+00
3.795E-01	5.065E-01	-5.065E-01	1.013E+00
3.805E-01	5.069E-01	-5.069E-01	1.014E+00
3.815E-01	5.074E-01	-5.074E-01	1.015E+00
3.825E-01	5.079E-01	-5.079E-01	1.016E+00
3.835E-01	5.083E-01	-5.083E-01	1.017E+00
3.845E-01	5.088E-01	-5.088E-01	1.018E+00
3.855E-01	5.092E-01	-5.092E-01	1.018E+00
3.865E-01	5.097E-01	-5.097E-01	1.019E+00
3.875E-01	5.101E-01	-5.101E-01	1.020E+00
3.885E-01	5.105E-01	-5.105E-01	1.021E+00
3.895E-01	5.110E-01	-5.110E-01	1.022E+00
3.905E-01	5.114E-01	-5.114E-01	1.023E+00
3.915E-01	5.118E-01	-5.118E-01	1.024E+00
3.925E-01	5.122E-01	-5.122E-01	1.024E+00
3.935E-01	5.126E-01	-5.126E-01	1.025E+00
3.945E-01	5.130E-01	-5.130E-01	1.026E+00
3.955E-01	5.134E-01	-5.134E-01	1.027E+00
3.965E-01	5.138E-01	-5.138E-01	1.028E+00
3.975E-01	5.142E-01	-5.142E-01	1.028E+00
3.985E-01	5.146E-01	-5.146E-01	1.029E+00
3.995E-01	5.149E-01	-5.149E-01	1.030E+00
4.005E-01	5.153E-01	-5.153E-01	1.031E+00
4.015E-01	5.157E-01	-5.157E-01	1.031E+00
4.025E-01	5.160E-01	-5.160E-01	1.032E+00
4.035E-01	5.164E-01	-5.164E-01	1.033E+00
4.045E-01	5.167E-01	-5.167E-01	1.033E+00
4.055E-01	5.170E-01	-5.170E-01	1.034E+00
4.065E-01	5.174E-01	-5.174E-01	1.035E+00
4.075E-01	5.177E-01	-5.177E-01	1.035E+00
4.085E-01	5.180E-01	-5.180E-01	1.036E+00
4.095E-01	5.183E-01	-5.183E-01	1.037E+00
4.105E-01	5.187E-01	-5.187E-01	1.037E+00
4.115E-01	5.190E-01	-5.190E-01	1.038E+00
4.125E-01	5.193E-01	-5.193E-01	1.039E+00
4.135E-01	5.196E-01	-5.196E-01	1.039E+00
4.145E-01	5.199E-01	-5.199E-01	1.040E+00
4.155E-01	5.201E-01	-5.201E-01	1.040E+00
4.165E-01	5.204E-01	-5.204E-01	1.041E+00
4.175E-01	5.207E-01	-5.207E-01	1.041E+00
4.185E-01	5.210E-01	-5.210E-01	1.042E+00
4.195E-01	5.212E-01	-5.212E-01	1.042E+00
4.205E-01	5.215E-01	-5.215E-01	1.043E+00
4.215E-01	5.218E-01	-5.218E-01	1.044E+00
4.225E-01	5.220E-01	-5.220E-01	1.044E+00
4.235E-01	5.222E-01	-5.222E-01	1.044E+00
4.245E-01	5.225E-01	-5.225E-01	1.045E+00
4.255E-01	5.227E-01	-5.227E-01	1.045E+00
4.265E-01	5.229E-01	-5.229E-01	1.046E+00
4.275E-01	5.232E-01	-5.232E-01	1.046E+00
4.285E-01	5.234E-01	-5.234E-01	1.047E+00
4.295E-01	5.236E-01	-5.236E-01	1.047E+00
4.305E-01	5.238E-01	-5.238E-01	1.048E+00
4.315E-01	5.240E-01	-5.240E-01	1.048E+00
4.325E-01	5.242E-01	-5.242E-01	1.048E+00
4.335E-01	5.244E-01	-5.244E-01	1.049E+00
4.345E-01	5.246E-01	-5.246E-01	1.049E+00
4.355E-01	5.248E-01	-5.248E-01	1.050E+00
4.365E-01	5.249E-01	-5.249E-01	1.050E+00
4.375E-01	5.251E-01	-5.251E-01	1.050E+00
4.385E-01	5.253E-01	-5.253E-01	1.051E+00
4.395E-01	5.254E-01	-5.254E-01	1.051E+00
4.405E-01	5.256E-01	-5.256E-01	1.051E+00
4.415E-01	5.257E-01	-5.257E-01	1.051E+00
4.425E-01	5.259E-01	-5.259E-01	1.052E+00
4.435E-01	5.260E-01	-5.260E-01	1.052E+00
4.445E-01	5.261E-01	-5.261E-01	1.052E+00
4.455E-01	5.263E-01	-5.263E-01	1.053E+00
4.465E-01	5.264E-01	-5.264E-01	1.053E+00
4.475E-01	5.265E-01	-5.265E-01	1.053E+00
4.485E-01	5.266E-01	-5.266E-01	1.053E+00
4.495E-01	5.267E-01	-5.267E-01	1.053E+00
4.505E-01	5.268E-01	-5.268E-01	1.054E+00
4.515E-01	5.269E-01	-5.269E-01	1.054E+00
4.525E-01	5.270E-01	-5.270E-01	1.054E+00
4.535E-01	5.271E-01	-5.271E-01	1.054E+00
4.545E-01	5.272E-01	-5.272E-01	1.054E+00
4.555E-01	5.272E-01	-5.272E-01	1.054E+00
4.565E-01	5.273E-01	-5.273E-01	1.055E+00
4.575E-01	5.274E-01	-5.274E-01	1.055E+00
4.585E-01	5.274E-01	-5.274E-01	1.055E+00
4.595E-01	5.275E-01	-5.275E-01	1.055E+00
4.605E-01	5.275E-01	-5.275E-01	1.055E+00
4.615E-01	5.276E-01	-5.276E-01	1.055E+00
4.625E-01	5.276E-01	-5.276E-01	1.055E+00
4.635E-01	5.277E-01	-5.277E-01	1.055E+00
4.645E-01	5.277E-01	-5.277E-01	1.055E+00
4.655E-01	5.277E-01	-5.277E-01	1.055E+00
4.665E-01	5.277E-01	-5.277E-01	1.055E+00
4.675E-01	5.277E-01	-5.277E-01	1.055E+00
4.685E-01	5.277E-01	-5.277E-01	1.055E+00
4.695E-01	5.277E-01	-5.277E-01	1.055E+00
4.705E-01	5.277E-01	-5.277E-01	1.055E+00
4.715E-01	5.277E-01	-5.277E-01	1.055E+00
4.725E-01	5.277E-01	-5.277E-01	1.055E+00
4.735E-01	5.277E-01	-5.277E-01	1.055E+00
4.745E-01	5.277E-01	-5.277E-01	1.055E+00
4.755E-01	5.276E-01	-5.276E-01	1.055E+00
4.765E-01	5.276E-01	-5.276E-01	1.055E+00
4.775E-01	5.276E-01	-5.276E-01	1.055E+00
4.785E-01	5.275E-01	-5.275E-01	1.055E+00
4.795E-01	5.275E-01	-5.275E-01	1.055E+00
4.805E-01	5.274E-01	-5.274E-01	1.055E+00
4.815E-01	5.273E-01	-5.273E-01	1.055E+00
4.825E-01	5.273E-01	-5.273E-01	1.055E+00
4.835E-01	5.272E-01	-5.272E-01	1.054E+00
4.845E-01	5.271E-01	-5.271E-01	1.054E+00
4.855E-01	5.270E-01	-5.270E-01	1.054E+00
4.865E-01	5.270E-01	-5.270E-01	1.054E+00
4.875E-01	5.269E-01	-5.269E-01	1.054E+00
4.885E-01	5.268E-01	-5.268E-01	1.054E+00
4.895E-01	5.267E-01	-5.267E-01	1.053E+00
4.905E-01	5.266E-01	-5.266E-01	1.053E+00
4.915E-01	5.264E-01	-5.264E-01	1.053E+00
4.925E-01	5.263E-01	-5.263E-01	1.053E+00
4.935E-01	5.262E-01	-5.262E-01	1.052E+00
4.945E-01	5.261E-01	-5.261E-01	1.052E+00
4.955E-01	5.259E-01	-5.259E-01	1.052E+00
4.965E-01	5.258E-01	-5.258E-01	1.052E+00
4.975E-01	5.257E-01	-5.257E-01	1.051E+00
4.985E-01	5.255E-01	-5.255E-01	1.051E+00
4.995E-01	5.254E-01	-5.254E-01	1.051E+00
5.005E-01	5.252E-01	-5.252E-01	1.050E+00
5.015E-01	5.250E-01	-5.250E-01	1.050E+00
5.025E-01	5.249E-01	-5.249E-01	1.050E+00
5.035E-01	5.247E-01	-5.247E-01	1.049E+00
5.045E-01	5.245E-01	-5.245E-01	1.049E+00
5.055E-01	5.243E-01	-5.243E-01	1.049E+00
5.065E-01	5.241E-01	-5.241E-01	1.048E+00
5.075E-01	5.239E-01	-5.239E-01	1.048E+00
5.085E-01	5.237E-01	-5.237E-01	1.047E+00
5.095E-01	5.235E-01	-5.235E-01	1.047E+00
5.105E-01	5.233E-01	-5.233E-01	1.047E+00
5.115E-01	5.231E-01	-5.231E-01	1.046E+00
5.125E-01	5.229E-01	-5.229E-01	1.046E+00
5.135E-01	5.227E-01	-5.227E-01	1.045E+00
5.145E-01	5.224E-01	-5.224E-01	1.045E+00
5.155E-01	5.222E-01	-5.222E-01	1.044E+00
5.165E-01	5.220E-01	-5.220E-01	1.044E+00
5.175E-01	5.217E-01	-5.217E-01	1.043E+00
5.185E-01	5.215E-01	-5.215E-01	1.043E+00
5.195E-01	5.212E-01	-5.212E-01	1.042E+00
5.205E-01	5.209E-01	-5.209E-01	1.042E+00
5.215E-01	5.207E-01	-5.207E-01	1.041E+00
5.225E-01	5.204E-01	-5.204E-01	1.041E+00
5.235E-01	5.201E-01	-5.201E-01	1.040E+00
5.245E-01	5.198E-01	-5.198E-01	1.040E+00
5.255E-01	5.196E-01	-5.196E-01	1.039E+00
5.265E-01	5.193E-01	-5.193E-01	1.039E+00
5.275E-01	5.190E-01	-5.190E-01	1.038E+00
5.285E-01	5.187E-01	-5.187E-01	1.037E+00
5.295E-01	5.184E-01	-5.184E-01	1.037E+00
5.305E-01	5.181E-01	-5.181E-01	1.036E+00
5.315E-01	5.177E-01	-5.177E-01	1.035E+00
5.325E-01	5.174E-01	-5.174E-01	1.035E+00
5.335E-01	5.171E-01	-5.171E-01	1.034E+00
5.345E-01	5.168E-01	-5.168E-01	1.034E+00
5.355E-01	5.164E-01	-5.164E-01	1.033E+00
5.365E-01	5.161E-01	-5.161E-01	1.032E+00
5.375E-01	5.157E-01	-5.157E-01	1.031E+00
5.385E-01	5.154E-01	-5.154E-01	1.031E+00
5.395E-01	5.150E-01	-5.150E-01	1.030E+00
5.405E-01	5.147E-01	-5.147E-01	1.029E+00
5.415E-01	5.143E-01	-5.143E-01	1.029E+00
5.425E-01	5.139E-01	-5.139E-01	1.028E+00
5.435E-01	5.136E-01	-5.136E-01	1.027E+00
5.445E-01	5.132E-01	-5.132E-01	1.026E+00
5.455E-01	5.128E-01	-5.128E-01	1.026E+00
5.465E-01	5.124E-01	-5.124E-01	1.025E+00
5.475E-01	5.120E-01	-5.120E-01	1.024E+00
5.485E-01	5.116E-01	-5.116E-01	1.023E+00
5.495E-01	5.112E-01	-5.112E-01	1.022E+00
5.505E-01	5.108E-01	-5.108E-01	1.022E+00
5.515E-01	5.104E-01	-5.104E-01	1.021E+00
5.525E-01	5.100E-01	-5.100E-01	1.020E+00
5.535E-01	5.095E-01	-5.095E-01	1.019E+00
5.545E-01	5.091E-01	-5.091E-01	1.018E+00
5.555E-01	5.087E-01	-5.087E-01	1.017E+00
5.565E-01	5.082E-01	-5.082E-01	1.016E+00
5.575E-01	5.078E-01	-5.078E-01	1.016E+00
5.585E-01	5.073E-01	-5.073E-01	1.015E+00
5.595E-01	5.069E-01	-5.069E-01	1.014E+00
5.605E-01	5.064E-01	-5.064E-01	1.013E+00
5.615E-01	5.060E-01	-5.060E-01	1.012E+00
5.625E-01	5.055E-01	-5.055E-01	1.011E+00
5.635E-01	5.050E-01	-5.050E-01	1.010E+00
5.645E-01	5.046E-01	-5.046E-01	1.009E+00
5.655E-01	5.041E-01	-5.041E-01	1.008E+00
5.665E-01	5.036E-01	-5.036E-01	1.007E+00
5.675E-01	5.031E-01	-5.031E-01	1.006E+00
5.685E-01	5.026E-01	-5.026E-01	1.005E+00
5.695E-01	5.021E-01	-5.021E-01	1.004E+00
5.705E-01	5.016E-01	-5.016E-01	1.003E+00
5.715E-01	5.011E-01	-5.011E-01	1.002E+00
5.725E-01	5.006E-01	-5.006E-01	1.001E+00
5.735E-01	5.000E-01	-5.000E-01	1.000E+00
5.745E-01	4.995E-01	-4.995E-01	9.990E-01
5.755E-01	4.990E-01	-4.990E-01	9.980E-01
5.765E-01	4.984E-01	-4.984E-01	9.969E-01
5.775E-01	4.979E-01	-4.979E-01	9.958E-01
5.785E-01	4.974E-01	-4.974E-01	9.947E-01
5.795E-01	4.968E-01	-4.968E-01	9.936E-01
5.805E-01	4.963E-01	-4.963E-01	9.925E-01
5.815E-01	4.957E-01	-4.957E-01	9.914E-01
5.825E-01	4.951E-01	-4.951E-01	9.903E-01
5.835E-01	4.946E-01	-4.946E-01	9.891E-01
5.845E-01	4.940E-01	-4.940E-01	9.880E-01
5.855E-01	4.934E-01	-4.934E-01	9.868E-01
5.865E-01	4.928E-01	-4.928E-01	9.857E-01
5.875E-01	4.922E-01	-4.922E-01	9.845E-01
5.885E-01	4.917E-01	-4.917E-01	9.833E-01
5.895E-01	4.911E-01	-4.911E-01	9.821E-01
5.905E-01	4.905E-01	-4.905E-01	9.809E-01
5.915E-01	4.898E-01	-4.898E-01	9.797E-01
5.925E-01	4.892E-01	-4.892E-01	9.785E-01
5.935E-01	4.886E-01	-4.886E-01	9.772E-01
5.945E-01	4.880E-01	-4.880E-01	9.760E-01
5.955E-01	4.874E-01	-4.874E-01	9.748E-01
5.965E-01	4.867E-01	-4.867E-01	9.735E-01
5.975E-01	4.861E-01	-4.861E-01	9.722E-01
5.985E-01	4.855E-01	-4.855E-01	9.710E-01
5.995E-01	4.848E-01	-4.848E-01	9.697E-01
6.005E-01	4.842E-01	-4.842E-01	9.684E-01
6.015E-01	4.835E-01	-4.835E-01	9.671E-01
6.025E-01	4.829E-01	-4.829E-01	9.658E-01
6.035E-01	4.822E-01	-4.822E-01	9.644E-01
6.045E-01	4.816E-01	-4.816E-01	9.631E-01
6.055E-01	4.809E-01	-4.809E-01	9.618E-01
6.065E-01	4.802E-01	-4.802E-01	9.604E-01
6.075E-01	4.795E-01	-4.795E-01	9.591E-01
6.085E-01	4.788E-01	-4.788E-01	9.577E-01
6.095E-01	4.782E-01	-4.782E-01	9.563E-01
6.105E-01	4.775E-01	-4.775E-01	9.549E-01
6.115E-01	4.768E-01	-4.768E-01	9.535E-01
6.125E-01	4.761E-01	-4.761E-01	9.521E-01
6.135E-01	4.754E-01	-4.754E-01	9.507E-01
6.145E-01	4.746E-01	-4.746E-01	9.493E-01
6.155E-01	4.739E-01	-4.739E-01	9.478E-01
6.165E-01	4.732E-01	-4.732E-01	9.464E-01
6.175E-01	4.725E-01	-4.725E-01	9.450E-01
6.185E-01	4.717E-01	-4.717E-01	9.435E-01
6.195E-01	4.710E-01	-4.710E-01	9.420E-01
6.205E-01	4.703E-01	-4.703E-01	9.405E-01
6.215E-01	4.695E-01	-4.695E-01	9.391E-01
6.225E-01	4.688E-01	-4.688E-01	9.376E-01
6.235E-01	4.680E-01	-4.680E-01	9.361E-01
6.245E-01	4.673E-01	-4.673E-01	9.345E-01
6.255E-01	4.665E-01	-4.665E-01	9.330E-01
6.265E-01	4.657E-01	-4.657E-01	9.315E-01
6.275E-01	4.650E-01	-4.650E-01	9.300E-01
6.285E-01	4.642E-01	-4.642E-01	9.284E-01
6.295E-01	4.634E-01	-4.634E-01	9.268E-01
6.305E-01	4.626E-01	-4.626E-01	9.253E-01
6.315E-01	4.619E-01	-4.619E-01	9.237E-01
6.325E-01	4.611E-01	-4.611E-01	9.221E-01
6.335E-01	4.603E-01	-4.603E-01	9.205E-01
6.345E-01	4.595E-01	-4.595E-01	9.189E-01
6.355E-01	4.587E-01	-4.587E-01	9.173E-01
6.365E-01	4.578E-01	-4.578E-01	9.157E-01
6.375E-01	4.570E-01	-4.570E-01	9.141E-01
6.385E-01	4.562E-01	-4.562E-01	9.124E-01
6.395E-01	4.554E-01	-4.554E-01	9.108E-01
6.405E-01	4.546E-01	-4.546E-01	9.091E-01
6.415E-01	4.537E-01	-4.537E-01	9.075E-01
6.425E-01	4.529E-01	-4.529E-01	9.058E-01
6.435E-01	4.521E-01	-4.521E-01	9.041E-01
6.445E-01	4.512E-01	-4.512E-01	9.024E-01
6.455E-01	4.504E-01	-4.504E-01	9.007E-01
6.465E-01	4.495E-01	-4.495E-01	8.990E-01
6.475E-01	4.487E-01	-4.487E-01	8.973E-01
6.485E-01	4.478E-01	-4.478E-01	8.956E-01
6.495E-01	4.469E-01	-4.469E-01	8.939E-01
6.505E-01	4.461E-01	-4.461E-01	8.921E-01
6.515E-01	4.452E-01	-4.452E-01	8.904E-01
6.525E-01	4.443E-01	-4.443E-01	8.886E-01
6.535E-01	4.434E-01	-4.434E-01	8.868E-01
6.545E-01	4.425E-01	-4.425E-01	8.851E-01
6.555E-01	4.416E-01	-4.416E-01	8.833E-01
6.565E-01	4.408E-01	-4.408E-01	8.815E-01
6.575E-01	4.399E-01	-4.399E-01	8.797E-01
6.585E-01	4.389E-01	-4.389E-01	8.779E-01
6.595E-01	4.380E-01	-4.380E-01	8.761E-01
6.605E-01	4.371E-01	-4.371E-01	8.743E-01
6.615E-01	4.362E-01	-4.362E-01	8.724E-01
6.625E-01	4.353E-01	-4.353E-01	8.706E-01
6.635E-01	4.344E-01	-4.344E-01	8.687E-01
6.645E-01	4.334E-01	-4.334E-01	8.669E-01
6.655E-01	4.325E-01	-4.325E-01	8.650E-01
6.665E-01	4.316E-01	-4.316E-01	8.631E-01
6.675E-01	4.306E-01	-4.306E-01	8.613E-01
6.685E-01	4.297E-01	-4.297E-01	8.594E-01
6.695E-01	4.287E-01	-4.287E-01	8.575E-01
6.705E-01	4.278E-01	-4.278E-01	8.556E-01
6.715E-01	4.268E-01	-4.268E-01	8.536E-01
6.725E-01	4.259E-01	-4.259E-01	8.517E-01
6.735E-01	4.249E-01	-4.249E-01	8.498E-01
6.745E-01	4.239E-01	-4.239E-01	8.478E-01
6.755E-01	4.229E-01	-4.229E-01	8.459E-01
6.765E-01	4.220E-01	-4.220E-01	8.439E-01
6.775E-01	4.210E-01	-4.210E-01	8.420E-01
6.785E-01	4.200E-01	-4.200E-01	8.400E-01
6.795E-01	4.190E-01	-4.190E-01	8.380E-01
6.805E-01	4.180E-01	-4.180E-01	8.360E-01
6.815E-01	4.170E-01	-4.170E-01	8.340E-01
6.825E-01	4.160E-01	-4.160E-01	8.320E-01
6.835E-01	4.150E-01	-4.150E-01	8.300E-01
6.845E-01	4.140E-01	-4.140E-01	8.280E-01
6.855E-01	4.130E-01	-4.130E-01	8.260E-01
6.865E-01	4.120E-01	-4.120E-01	8.239E-01
6.875E-01	4.109E-01	-4.109E-01	8.219E-01
6.885E-01	4.099E-01	-4.099E-01	8.198E-01
6.895E-01	4.089E-01	-4.089E-01	8.178E-01
6.905E-01	4.079E-01	-4.079E-01	8.157E-01
6.915E-01	4.068E-01	-4.068E-01	8.136E-01
6.925E-01	4.058E-01	-4.058E-01	8.116E-01
6.935E-01	4.047E-01	-4.047E-01	8.095E-01
6.945E-01	4.037E-01	-4.037E-01	8.074E-01
6.955E-01	4.026E-01	-4.026E-01	8.053E-01
6.965E-01	4.016E-01	-4.016E-01	8.032E-01
6.975E-01	4.005E-01	-4.005E-01	8.010E-01
6.985E-01	3.994E-01	-3.994E-01	7.989E-01
6.995E-01	3.984E-01	-3.984E-01	7.968E-01
7.005E-01	3.973E-01	-3.973E-01	7.946E-01
7.015E-01	3.962E-01	-3.962E-01	7.925E-01
7.025E-01	3.952E-01	-3.952E-01	7.903E-01
7.035E-01	3.941E-01	-3.941E-01	7.881E-01
7.045E-01	3.930E-01	-3.930E-01	7.860E-01
7.055E-01	3.919E-01	-3.919E-01	7.838E-01
7.065E-01	3.908E-01	-3.908E-01	7.816E-01
7.075E-01	3.897E-01	-3.897E-01	7.794E-01
7.085E-01	3.886E-01	-3.886E-01	7.772E-01
7.095E-01	3.875E-01	-3.875E-01	7.750E-01
7.105E-01	3.864E-01	-3.864E-01	7.728E-01
7.115E-01	3.853E-01	-3.853E-01	7.705E-01
7.125E-01	3.841E-01	-3.841E-01	7.683E-01
7.135E-01	3.830E-01	-3.830E-01	7.661E-01
7.145E-01	3.819E-01	-3.819E-01	7.638E-01
7.155E-01	3.808E-01	-3.808E-01	7.615E-01
7.165E-01	3.796E-01	-3.796E-01	7.593E-01
7.175E-01	3.785E-01	-3.785E-01	7.570E-01
7.185E-01	3.774E-01	-3.774E-01	7.547E-01
7.195E-01	3.762E-01	-3.762E-01	7.525E-01
7.205E-01	3.751E-01	-3.751E-01	7.502E-01
7.215E-01	3.739E-01	-3.739E-01	7.479E-01
7.225E-01	3.728E-01	-3.728E-01	7.456E-01
7.235E-01	3.716E-01	-3.716E-01	7.432E-01
7.245E-01	3.705E-01	-3.705E-01	7.409E-01
7.255E-01	3.693E-01	-3.693E-01	7.386E-01
7.265E-01	3.681E-01	-3.681E-01	7.363E-01
7.275E-01	3.670E-01	-3.670E-01	7.339E-01
7.285E-01	3.658E-01	-3.658E-01	7.316E-01
7.295E-01	3.646E-01	-3.646E-01	7.292E-01
7.305E-01	3.634E-01	-3.634E-01	7.268E-01
7.315E-01	3.622E-01	-3.622E-01	7.245E-01
7.325E-01	3.610E-01	-3.610E-01	7.221E-01
7.335E-01	3.599E-01	-3.599E-01	7.197E-01
7.345E-01	3.587E-01	-3.587E-01	7.173E-01
7.355E-01	3.575E-01	-3.575E-01	7.149E-01
7.365E-01	3.563E-01	-3.563E-01	7.125E-01
7.375E-01	3.551E-01	-3.551E-01	7.101E-01
7.385E-01	3.538E-01	-3.538E-01	7.077E-01
7.395E-01	3.526E-01	-3.526E-01	7.053E-01
7.405E-01	3.514E-01	-3.514E-01	7.028E-01
7.415E-01	3.502E-01	-3.502E-01	7.004E-01
7.425E-01	3.490E-01	-3.490E-01	6.979E-01
7.435E-01	3.477E-01	-3.477E-01	6.955E-01
7.445E-01	3.465E-01	-3.465E-01	6.930E-01
7.455E-01	3.453E-01	-3.453E-01	6.906E-01
7.465E-01	3.441E-01	-3.441E-01	6.881E-01
7.475E-01	3.428E-01	-3.428E-01	6.856E-01
7.485E-01	3.416E-01	-3.416E-01	6.831E-01
7.495E-01	3.403E-01	-3.403E-01	6.806E-01
7.505E-01	3.391E-01	-3.391E-01	6.782E-01
7.515E-01	3.378E-01	-3.378E-01	6.756E-01
7.525E-01	3.366E-01	-3.366E-01	6.731E-01
7.535E-01	3.353E-01	-3.353E-01	6.706E-01
7.545E-01	3.340E-01	-3.340E-01	6.681E-01
7.555E-01	3.328E-01	-3.328E-01	6.656E-01
7.565E-01	3.315E-01	-3.315E-01	6.630E-01
7.575E-01	3.302E-01	-3.302E-01	6.605E-01
7.585E-01	3.290E-01	-3.290E-01	6.579E-01
7.595E-01	3.277E-01	-3.277E-01	6.554E-01
7.605E-01	3.264E-01	-3.264E-01	6.528E-01
7.615E-01	3.251E-01	-3.251E-01	6.503E-01
7.625E-01	3.238E-01	-3.238E-01	6.477E-01
7.635E-01	3.226E-01	-3.226E-01	6.451E-01
7.645E-01	3.213E-01	-3.213E-01	6.425E-01
7.655E-01	3.200E-01	-3.200E-01	6.399E-01
7.665E-01	3.187E-01	-3.187E-01	6.373E-01
7.675E-01	3.174E-01	-3.174E-01	6.347E-01
7.685E-01	3.161E-01	-3.161E-01	6.321E-01
7.695E-01	3.148E-01	-3.148E-01	6.295E-01
7.705E-01	3.134E-01	-3.134E-01	6.269E-01
7.715E-01	3.121E-01	-3.121E-01	6.243E-01
7.725E-01	3.108E-01	-3.108E-01	6.216E-01
7.735E-01	3.095E-01	-3.095E-01	6.190E-01
7.745E-01	3.082E-01	-3.082E-01	6.164E-01
7.755E-01	3.069E-01	-3.069E-01	6.137E-01
7.765E-01	3.055E-01	-3.055E-01	6.110E-01
7.775E-01	3.042E-01	-3.042E-01	6.084E-01
7.785E-01	3.029E-01	-3.029E-01	6.057E-01
7.795E-01	3.015E-01	-3.015E-01	6.030E-01
7.805E-01	3.002E-01	-3.002E-01	6.004E-01
7.815E-01	2.988E-01	-2.988E-01	5.977E-01
7.825E-01	2.975E-01	-2.975E-01	5.950E-01
7.835E-01	2.962E-01	-2.962E-01	5.923E-01
7.845E-01	2.948E-01	-2.948E-01	5.896E-01
7.855E-01	2.935E-01	-2.935E-01	5.869E-01
7.865E-01	2.921E-01	-2.921E-01	5.842E-01
7.875E-01	2.907E-01	-2.907E-01	5.815E-01
7.885E-01	2.894E-01	-2.894E-01	5.788E-01
7.895E-01	2.880E-01	-2.880E-01	5.760E-01
7.905E-01	2.866E-01	-2.866E-01	5.733E-01
7.915E-01	2.853E-01	-2.853E-01	5.706E-01
7.925E-01	2.839E-01	-2.839E-01	5.678E-01
7.935E-01	2.825E-01	-2.825E-01	5.651E-01
7.945E-01	2.812E-01	-2.812E-01	5.623E-01
7.955E-01	2.798E-01	-2.798E-01	5.596E-01
7.965E-01	2.784E-01	-2.784E-01	5.568E-01
7.975E-01	2.770E-01	-2.770E-01	5.540E-01
7.985E-01	2.756E-01	-2.756E-01	5.513E-01
7.995E-01	2.742E-01	-2.742E-01	5.485E-01
8.005E-01	2.729E-01	-2.729E-01	5.457E-01
8.015E-01	2.715E-01	-2.715E-01	5.429E-01
8.025E-01	2.701E-01	-2.701E-01	5.401E-01
8.035E-01	2.687E-01	-2.687E-01	5.373E-01
8.045E-01	2.673E-01	-2.673E-01	5.345E-01
8.055E-01	2.659E-01	-2.659E-01	5.317E-01
8.065E-01	2.645E-01	-2.645E-01	5.289E-01
8.075E-01	2.631E-01	-2.631E-01	5.261E-01
8.085E-01	2.616E-01	-2.616E-01	5.233E-01
8.095E-01	2.602E-01	-2.602E-01	5.205E-01
8.105E-01	2.588E-01	-2.588E-01	5.176E-01
8.115E-01	2.574E-01	-2.574E-01	5.148E-01
8.125E-01	2.560E-01	-2.560E-01	5.120E-01
8.135E-01	2.546E-01	-2.546E-01	5.091E-01
8.145E-01	2.531E-01	-2.531E-01	5.063E-01
8.155E-01	2.517E-01	-2.517E-01	5.034E-01
8.165E-01	2.503E-01	-2.503E-01	5.006E-01
8.175E-01	2.489E-01	-2.489E-01	4.977E-01
8.185E-01	2.474E-01	-2.474E-01	4.949E-01
8.195E-01	2.460E-01	-2.460E-01	4.920E-01
8.205E-01	2.446E-01	-2.446E-01	4.891E-01
8.215E-01	2.431E-01	-2.431E-01	4.863E-01
8.225E-01	2.417E-01	-2.417E-01	4.834E-01
8.235E-01	2.403E-01	-2.403E-01	4.805E-01
8.245E-01	2.388E-01	-2.388E-01	4.776E-01
8.255E-01	2.374E-01	-2.374E-01	4.747E-01
8.265E-01	2.359E-01	-2.359E-01	4.718E-01
8.275E-01	2.345E-01	-2.345E-01	4.689E-01
8.285E-01	2.330E-01	-2.330E-01	4.660E-01
8.295E-01	2.316E-01	-2.316E-01	4.631E-01
8.305E-01	2.301E-01	-2.301E-01	4.602E-01
8.315E-01	2.287E-01	-2.287E-01	4.573E-01
8.325E-01	2.272E-01	-2.272E-01	4.544E-01
8.335E-01	2.257E-01	-2.257E-01	4.515E-01
8.345E-01	2.243E-01	-2.243E-01	4.486E-01
8.355E-01	2.228E-01	-2.228E-01	4.457E-01
8.365E-01	2.214E-01	-2.214E-01	4.427E-01
8.375E-01	2.199E-01	-2.199E-01	4.398E-01
8.385E-01	2.184E-01	-2.184E-01	4.369E-01
8.395E-01	2.170E-01	-2.170E-01	4.339E-01
8.405E-01	2.155E-01	-2.155E-01	4.310E-01
8.415E-01	2.140E-01	-2.140E-01	4.280E-01
8.425E-01	2.125E-01	-2.125E-01	4.251E-01
8.435E-01	2.111E-01	-2.111E-01	4.221E-01
8.445E-01	2.096E-01	-2.096E-01	4.192E-01
8.455E-01	2.081E-01	-2.081E-01	4.162E-01
8.465E-01	2.066E-01	-2.066E-01	4.133E-01
8.475E-01	2.052E-01	-2.052E-01	4.103E-01
8.485E-01	2.037E-01	-2.037E-01	4.074E-01
8.495E-01	2.022E-01	-2.022E-01	4.044E-01
8.505E-01	2.007E-01	-2.007E-01	4.014E-01
8.515E-01	1.992E-01	-1.992E-01	3.985E-01
8.525E-01	1.977E-01	-1.977E-01	3.955E-01
8.535E-01	1.963E-01	-1.963E-01	3.925E-01
8.545E-01	1.948E-01	-1.948E-01	3.896E-01
8.555E-01	1.933E-01	-1.933E-01	3.866E-01
8.565E-01	1.918E-01	-1.918E-01	3.836E-01
8.575E-01	1.903E-01	-1.903E-01	3.806E-01
8.585E-01	1.888E-01	-1.888E-01	3.776E-01
8.595E-01	1.873E-01	-1.873E-01	3.746E-01
8.605E-01	1.858E-01	-1.858E-01	3.717E-01
8.615E-01	1.843E-01	-1.843E-01	3.687E-01
8.625E-01	1.828E-01	-1.828E-01	3.657E-01
8.635E-01	1.813E-01	-1.813E-01	3.627E-01
8.645E-01	1.798E-01	-1.798E-01	3.597E-01
8.655E-01	1.783E-01	-1.783E-01	3.567E-01
8.665E-01	1.768E-01	-1.768E-01	3.537E-01
8.675E-01	1.753E-01	-1.753E-01	3.507E-01
8.685E-01	1.739E-01	-1.739E-01	3.477E-01
8.695E-01	1.723E-01	-1.723E-01	3.447E-01
8.705E-01	1.708E-01	-1.708E-01	3.417E-01
8.715E-01	1.693E-01	-1.693E-01	3.387E-01
8.725E-01	1.678E-01	-1.678E-01	3.357E-01
8.735E-01	1.663E-01	-1.663E-01	3.327E-01
8.745E-01	1.648E-01	-1.648E-01	3.297E-01
8.755E-01	1.633E-01	-1.633E-01	3.267E-01
8.765E-01	1.618E-01	-1.618E-01	3.237E-01
8.775E-01	1.603E-01	-1.603E-01	3.207E-01
8.785E-01	1.588E-01	-1.588E-01	3.177E-01
8.795E-01	1.573E-01	-1.573E-01	3.146E-01
8.805E-01	1.558E-01	-1.558E-01	3.116E-01
8.815E-01	1.543E-01	-1.543E-01	3.086E-01
8.825E-01	1.528E-01	-1.528E-01	3.056E-01
8.835E-01	1.513E-01	-1.513E-01	3.026E-01
8.845E-01	1.498E-01	-1.498E-01	2.996E-01
8.855E-01	1.483E-01	-1.483E-01	2.966E-01
8.865E-01	1.468E-01	-1.468E-01	2.936E-01
8.875E-01	1.453E-01	-1.453E-01	2.906E-01
8.885E-01	1.438E-01	-1.438E-01	2.876E-01
8.895E-01	1.423E-01	-1.423E-01	2.846E-01
8.905E-01	1.408E-01	-1.408E-01	2.816E-01
8.915E-01	1.393E-01	-1.393E-01	2.785E-01
8.925E-01	1.378E-01	-1.378E-01	2.755E-01
8.935E-01	1.363E-01	-1.363E-01	2.725E-01
8.945E-01	1.348E-01	-1.348E-01	2.695E-01
8.955E-01	1.333E-01	-1.333E-01	2.665E-01
8.965E-01	1.318E-01	-1.318E-01	2.635E-01
8.975E-01	1.303E-01	-1.303E-01	2.605E-01
8.985E-01	1.288E-01	-1.288E-01	2.575E-01
8.995E-01	1.273E-01	-1.273E-01	2.545E-01
9.005E-01	1.258E-01	-1.258E-01	2.515E-01
9.015E-01	1.243E-01	-1.243E-01	2.485E-01
9.025E-01	1.228E-01	-1.228E-01	2.456E-01
9.035E-01	1.213E-01	-1.213E-01	2.426E-01
9.045E-01	1.198E-01	-1.198E-01	2.396E-01
9.055E-01	1.183E-01	-1.183E-01	2.366E-01
9.065E-01	1.168E-01	-1.168E-01	2.336E-01
9.075E-01	1.153E-01	-1.153E-01	2.306E-01
9.085E-01	1.138E-01	-1.138E-01	2.276E-01
9.095E-01	1.123E-01	-1.123E-01	2.247E-01
9.105E-01	1.108E-01	-1.108E-01	2.217E-01
9.115E-01	1.094E-01	-1.094E-01	2.187E-01
9.125E-01	1.079E-01	-1.079E-01	2.158E-01
9.135E-01	1.064E-01	-1.064E-01	2.128E-01
9.145E-01	1.049E-01	-1.049E-01	2.098E-01
9.155E-01	1.034E-01	-1.034E-01	2.069E-01
9.165E-01	1.020E-01	-1.020E-01	2.039E-01
9.175E-01	1.005E-01	-1.005E-01	2.010E-01
9.185E-01	9.901E-02	-9.901E-02	1.980E-01
9.195E-01	9.754E-02	-9.754E-02	1.951E-01
9.205E-01	9.607E-02	-9.607E-02	1.921E-01
9.215E-01	9.461E-02	-9.461E-02	1.892E-01
9.225E-01	9.314E-02	-9.314E-02	1.863E-01
9.235E-01	9.168E-02	-9.168E-02	1.834E-01
9.245E-01	9.022E-02	-9.022E-02	1.804E-01
9.255E-01	8.876E-02	-8.876E-02	1.775E-01
9.265E-01	8.731E-02	-8.731E-02	1.746E-01
9.275E-01	8.586E-02	-8.586E-02	1.717E-01
9.285E-01	8.441E-02	-8.441E-02	1.688E-01
9.295E-01	8.296E-02	-8.296E-02	1.659E-01
9.305E-01	8.152E-02	-8.152E-02	1.630E-01
9.315E-01	8.008E-02	-8.008E-02	1.602E-01
9.325E-01	7.864E-02	-7.864E-02	1.573E-01
9.335E-01	7.721E-02	-7.721E-02	1.544E-01
9.345E-01	7.577E-02	-7.577E-02	1.515E-01
9.355E-01	7.435E-02	-7.435E-02	1.487E-01
9.365E-01	7.292E-02	-7.292E-02	1.458E-01
9.375E-01	7.150E-02	-7.150E-02	1.430E-01
9.385E-01	7.009E-02	-7.009E-02	1.402E-01
9.395E-01	6.868E-02	-6.868E-02	1.374E-01
9.405E-01	6.727E-02	-6.727E-02	1.345E-01
9.415E-01	6.586E-02	-6.586E-02	1.317E-01
9.425E-01	6.446E-02	-6.446E-02	1.289E-01
9.435E-01	6.307E-02	-6.307E-02	1.261E-01
9.445E-01	6.168E-02	-6.168E-02	1.234E-01
9.455E-01	6.029E-02	-6.029E-02	1.206E-01
9.465E-01	5.891E-02	-5.891E-02	1.178E-01
9.475E-01	5.753E-02	-5.753E-02	1.151E-01
9.485E-01	5.616E-02	-5.616E-02	1.123E-01
9.495E-01	5.480E-02	-5.480E-02	1.096E-01
9.505E-01	5.344E-02	-5.344E-02	1.069E-01
9.515E-01	5.208E-02	-5.208E-02	1.042E-01
9.525E-01	5.073E-02	-5.073E-02	1.015E-01
9.535E-01	4.939E-02	-4.939E-02	9.878E-02
9.545E-01	4.805E-02	-4.805E-02	9.610E-02
9.555E-01	4.672E-02	-4.672E-02	9.344E-02
9.565E-01	4.539E-02	-4.539E-02	9.079E-02
9.575E-01	4.408E-02	-4.408E-02	8.815E-02
9.585E-01	4.276E-02	-4.276E-02	8.553E-02
9.595E-01	4.146E-02	-4.146E-02	8.292E-02
9.605E-01	4.016E-02	-4.016E-02	8.033E-02
9.615E-01	3.887E-02	-3.887E-02	7.775E-02
9.625E-01	3.759E-02	-3.759E-02	7.518E-02
9.635E-01	3.632E-02	-3.632E-02	7.263E-02
9.645E-01	3.505E-02	-3.505E-02	7.010E-02
9.655E-01	3.379E-02	-3.379E-02	6.759E-02
9.665E-01	3.255E-02	-3.255E-02	6.509E-02
9.675E-01	3.131E-02	-3.131E-02	6.261E-02
9.685E-01	3.008E-02	-3.008E-02	6.015E-02
9.695E-01	2.886E-02	-2.886E-02	5.771E-02
9.705E-01	2.765E-02	-2.765E-02	5.529E-02
9.715E-01	2.645E-02	-2.645E-02	5.289E-02
9.725E-01	2.526E-02	-2.526E-02	5.051E-02
9.735E-01	2.408E-02	-2.408E-02	4.816E-02
9.745E-01	2.291E-02	-2.291E-02	4.583E-02
9.755E-01	2.176E-02	-2.176E-02	4.352E-02
9.765E-01	2.061E-02	-2.061E-02	4.123E-02
9.775E-01	1.948E-02	-1.948E-02	3.897E-02
9.785E-01	1.837E-02	-1.837E-02	3.674E-02
9.795E-01	1.727E-02	-1.727E-02	3.455E-02
9.805E-01	1.619E-02	-1.619E-02	3.237E-02
9.815E-01	1.511E-02	-1.511E-02	3.022E-02
9.825E-01	1.405E-02	-1.405E-02	2.810E-02
9.835E-01	1.302E-02	-1.302E-02	2.603E-02
9.845E-01	1.201E-02	-1.201E-02	2.402E-02
9.855E-01	1.101E-02	-1.101E-02	2.202E-02
9.865E-01	1.001E-02	-1.001E-02	2.002E-02
9.875E-01	9.035E-03	-9.035E-03	1.807E-02
9.885E-01	8.105E-03	-8.105E-03	1.621E-02
9.895E-01	7.222E-03	-7.222E-03	1.444E-02
9.905E-01	6.359E-03	-6.359E-03	1.272E-02
9.915E-01	5.463E-03	-5.463E-03	1.093E-02
9.925E-01	4.576E-03	-4.576E-03	9.152E-03
9.935E-01	3.780E-03	-3.780E-03	7.561E-03
9.945E-01	3.067E-03	-3.067E-03	6.133E-03
9.955E-01	2.412E-03	-2.412E-03	4.824E-03
9.965E-01	1.748E-03	-1.748E-03	3.497E-03
9.975E-01	1.056E-03	-1.056E-03	2.112E-03
9.985E-01	4.041E-04	-4.041E-04	8.083E-04
9.995E-01	-1.983E-06	1.983E-06	-3.966E-06
