Q0 = 0.8 GeV	 Q = 5.2 GeV
x	 x*uv	 x*dv	 x*(uv-dv)
1.000E-04	7.345E-03	-7.345E-03	1.469E-02
1.009E-04	7.379E-03	-7.379E-03	1.476E-02
1.019E-04	7.412E-03	-7.412E-03	1.482E-02
1.028E-04	7.446E-03	-7.446E-03	1.489E-02
1.038E-04	7.480E-03	-7.480E-03	1.496E-02
1.047E-04	7.514E-03	-7.514E-03	1.503E-02
1.057E-04	7.548E-03	-7.548E-03	1.510E-02
1.067E-04	7.582E-03	-7.582E-03	1.516E-02
1.076E-04	7.617E-03	-7.617E-03	1.523E-02
1.086E-04	7.652E-03	-7.652E-03	1.530E-02
1.096E-04	7.686E-03	-7.686E-03	1.537E-02
1.107E-04	7.721E-03	-7.721E-03	1.544E-02
1.117E-04	7.757E-03	-7.757E-03	1.551E-02
1.127E-04	7.792E-03	-7.792E-03	1.558E-02
1.138E-04	7.827E-03	-7.827E-03	1.565E-02
1.148E-04	7.863E-03	-7.863E-03	1.573E-02
1.159E-04	7.899E-03	-7.899E-03	1.580E-02
1.169E-04	7.935E-03	-7.935E-03	1.587E-02
1.180E-04	7.971E-03	-7.971E-03	1.594E-02
1.191E-04	8.007E-03	-8.007E-03	1.601E-02
1.202E-04	8.043E-03	-8.043E-03	1.609E-02
1.213E-04	8.080E-03	-8.080E-03	1.616E-02
1.225E-04	8.117E-03	-8.117E-03	1.623E-02
1.236E-04	8.154E-03	-8.154E-03	1.631E-02
1.247E-04	8.191E-03	-8.191E-03	1.638E-02
1.259E-04	8.228E-03	-8.228E-03	1.646E-02
1.271E-04	8.265E-03	-8.265E-03	1.653E-02
1.282E-04	8.303E-03	-8.303E-03	1.661E-02
1.294E-04	8.341E-03	-8.341E-03	1.668E-02
1.306E-04	8.379E-03	-8.379E-03	1.676E-02
1.318E-04	8.417E-03	-8.417E-03	1.683E-02
1.330E-04	8.455E-03	-8.455E-03	1.691E-02
1.343E-04	8.494E-03	-8.494E-03	1.699E-02
1.355E-04	8.532E-03	-8.532E-03	1.706E-02
1.368E-04	8.571E-03	-8.571E-03	1.714E-02
1.380E-04	8.610E-03	-8.610E-03	1.722E-02
1.393E-04	8.649E-03	-8.649E-03	1.730E-02
1.406E-04	8.689E-03	-8.689E-03	1.738E-02
1.419E-04	8.728E-03	-8.728E-03	1.746E-02
1.432E-04	8.768E-03	-8.768E-03	1.754E-02
1.445E-04	8.808E-03	-8.808E-03	1.762E-02
1.459E-04	8.848E-03	-8.848E-03	1.770E-02
1.472E-04	8.888E-03	-8.888E-03	1.778E-02
1.486E-04	8.928E-03	-8.928E-03	1.786E-02
1.500E-04	8.969E-03	-8.969E-03	1.794E-02
1.514E-04	9.010E-03	-9.010E-03	1.802E-02
1.528E-04	9.051E-03	-9.051E-03	1.810E-02
1.542E-04	9.092E-03	-9.092E-03	1.818E-02
1.556E-04	9.133E-03	-9.133E-03	1.827E-02
1.570E-04	9.175E-03	-9.175E-03	1.835E-02
1.585E-04	9.216E-03	-9.216E-03	1.843E-02
1.600E-04	9.258E-03	-9.258E-03	1.852E-02
1.614E-04	9.300E-03	-9.300E-03	1.860E-02
1.629E-04	9.343E-03	-9.343E-03	1.869E-02
1.644E-04	9.385E-03	-9.385E-03	1.877E-02
1.660E-04	9.428E-03	-9.428E-03	1.886E-02
1.675E-04	9.471E-03	-9.471E-03	1.894E-02
1.690E-04	9.514E-03	-9.514E-03	1.903E-02
1.706E-04	9.557E-03	-9.557E-03	1.911E-02
1.722E-04	9.600E-03	-9.600E-03	1.920E-02
1.738E-04	9.644E-03	-9.644E-03	1.929E-02
1.754E-04	9.688E-03	-9.688E-03	1.938E-02
1.770E-04	9.732E-03	-9.732E-03	1.946E-02
1.786E-04	9.776E-03	-9.776E-03	1.955E-02
1.803E-04	9.820E-03	-9.820E-03	1.964E-02
1.820E-04	9.865E-03	-9.865E-03	1.973E-02
1.837E-04	9.910E-03	-9.910E-03	1.982E-02
1.854E-04	9.955E-03	-9.955E-03	1.991E-02
1.871E-04	1.000E-02	-1.000E-02	2.000E-02
1.888E-04	1.005E-02	-1.005E-02	2.009E-02
1.905E-04	1.009E-02	-1.009E-02	2.018E-02
1.923E-04	1.014E-02	-1.014E-02	2.027E-02
1.941E-04	1.018E-02	-1.018E-02	2.037E-02
1.959E-04	1.023E-02	-1.023E-02	2.046E-02
1.977E-04	1.028E-02	-1.028E-02	2.055E-02
1.995E-04	1.032E-02	-1.032E-02	2.065E-02
2.014E-04	1.037E-02	-1.037E-02	2.074E-02
2.032E-04	1.042E-02	-1.042E-02	2.083E-02
2.051E-04	1.046E-02	-1.046E-02	2.093E-02
2.070E-04	1.051E-02	-1.051E-02	2.102E-02
2.089E-04	1.056E-02	-1.056E-02	2.112E-02
2.109E-04	1.061E-02	-1.061E-02	2.121E-02
2.128E-04	1.066E-02	-1.066E-02	2.131E-02
2.148E-04	1.070E-02	-1.070E-02	2.141E-02
2.168E-04	1.075E-02	-1.075E-02	2.150E-02
2.188E-04	1.080E-02	-1.080E-02	2.160E-02
2.208E-04	1.085E-02	-1.085E-02	2.170E-02
2.228E-04	1.090E-02	-1.090E-02	2.180E-02
2.249E-04	1.095E-02	-1.095E-02	2.190E-02
2.270E-04	1.100E-02	-1.100E-02	2.200E-02
2.291E-04	1.105E-02	-1.105E-02	2.210E-02
2.312E-04	1.110E-02	-1.110E-02	2.220E-02
2.333E-04	1.115E-02	-1.115E-02	2.230E-02
2.355E-04	1.120E-02	-1.120E-02	2.240E-02
2.377E-04	1.125E-02	-1.125E-02	2.250E-02
2.399E-04	1.130E-02	-1.130E-02	2.260E-02
2.421E-04	1.135E-02	-1.135E-02	2.271E-02
2.443E-04	1.140E-02	-1.140E-02	2.281E-02
2.466E-04	1.146E-02	-1.146E-02	2.291E-02
2.489E-04	1.151E-02	-1.151E-02	2.302E-02
2.512E-04	1.156E-02	-1.156E-02	2.312E-02
2.535E-04	1.161E-02	-1.161E-02	2.323E-02
2.559E-04	1.167E-02	-1.167E-02	2.333E-02
2.582E-04	1.172E-02	-1.172E-02	2.344E-02
2.606E-04	1.177E-02	-1.177E-02	2.354E-02
2.630E-04	1.183E-02	-1.183E-02	2.365E-02
2.655E-04	1.188E-02	-1.188E-02	2.376E-02
2.679E-04	1.193E-02	-1.193E-02	2.387E-02
2.704E-04	1.199E-02	-1.199E-02	2.398E-02
2.729E-04	1.204E-02	-1.204E-02	2.408E-02
2.754E-04	1.210E-02	-1.210E-02	2.419E-02
2.780E-04	1.215E-02	-1.215E-02	2.430E-02
2.805E-04	1.221E-02	-1.221E-02	2.441E-02
2.831E-04	1.226E-02	-1.226E-02	2.452E-02
2.858E-04	1.232E-02	-1.232E-02	2.464E-02
2.884E-04	1.237E-02	-1.237E-02	2.475E-02
2.911E-04	1.243E-02	-1.243E-02	2.486E-02
2.938E-04	1.249E-02	-1.249E-02	2.497E-02
2.965E-04	1.254E-02	-1.254E-02	2.509E-02
2.992E-04	1.260E-02	-1.260E-02	2.520E-02
3.020E-04	1.266E-02	-1.266E-02	2.531E-02
3.048E-04	1.271E-02	-1.271E-02	2.543E-02
3.076E-04	1.277E-02	-1.277E-02	2.555E-02
3.105E-04	1.283E-02	-1.283E-02	2.566E-02
3.133E-04	1.289E-02	-1.289E-02	2.578E-02
3.162E-04	1.295E-02	-1.295E-02	2.589E-02
3.192E-04	1.301E-02	-1.301E-02	2.601E-02
3.221E-04	1.307E-02	-1.307E-02	2.613E-02
3.251E-04	1.312E-02	-1.312E-02	2.625E-02
3.281E-04	1.318E-02	-1.318E-02	2.637E-02
3.311E-04	1.324E-02	-1.324E-02	2.649E-02
3.342E-04	1.330E-02	-1.330E-02	2.661E-02
3.373E-04	1.336E-02	-1.336E-02	2.673E-02
3.404E-04	1.342E-02	-1.342E-02	2.685E-02
3.436E-04	1.349E-02	-1.349E-02	2.697E-02
3.467E-04	1.355E-02	-1.355E-02	2.709E-02
3.499E-04	1.361E-02	-1.361E-02	2.722E-02
3.532E-04	1.367E-02	-1.367E-02	2.734E-02
3.565E-04	1.373E-02	-1.373E-02	2.746E-02
3.597E-04	1.379E-02	-1.379E-02	2.759E-02
3.631E-04	1.386E-02	-1.386E-02	2.771E-02
3.664E-04	1.392E-02	-1.392E-02	2.784E-02
3.698E-04	1.398E-02	-1.398E-02	2.797E-02
3.733E-04	1.405E-02	-1.405E-02	2.809E-02
3.767E-04	1.411E-02	-1.411E-02	2.822E-02
3.802E-04	1.417E-02	-1.417E-02	2.835E-02
3.837E-04	1.424E-02	-1.424E-02	2.848E-02
3.873E-04	1.430E-02	-1.430E-02	2.861E-02
3.908E-04	1.437E-02	-1.437E-02	2.874E-02
3.945E-04	1.443E-02	-1.443E-02	2.887E-02
3.981E-04	1.450E-02	-1.450E-02	2.900E-02
4.018E-04	1.456E-02	-1.456E-02	2.913E-02
4.055E-04	1.463E-02	-1.463E-02	2.926E-02
4.093E-04	1.470E-02	-1.470E-02	2.939E-02
4.130E-04	1.476E-02	-1.476E-02	2.953E-02
4.169E-04	1.483E-02	-1.483E-02	2.966E-02
4.207E-04	1.490E-02	-1.490E-02	2.980E-02
4.246E-04	1.497E-02	-1.497E-02	2.993E-02
4.285E-04	1.503E-02	-1.503E-02	3.007E-02
4.325E-04	1.510E-02	-1.510E-02	3.020E-02
4.365E-04	1.517E-02	-1.517E-02	3.034E-02
4.406E-04	1.524E-02	-1.524E-02	3.048E-02
4.446E-04	1.531E-02	-1.531E-02	3.062E-02
4.487E-04	1.538E-02	-1.538E-02	3.076E-02
4.529E-04	1.545E-02	-1.545E-02	3.090E-02
4.571E-04	1.552E-02	-1.552E-02	3.104E-02
4.613E-04	1.559E-02	-1.559E-02	3.118E-02
4.656E-04	1.566E-02	-1.566E-02	3.132E-02
4.699E-04	1.573E-02	-1.573E-02	3.146E-02
4.742E-04	1.580E-02	-1.580E-02	3.160E-02
4.786E-04	1.587E-02	-1.587E-02	3.175E-02
4.831E-04	1.594E-02	-1.594E-02	3.189E-02
4.875E-04	1.602E-02	-1.602E-02	3.203E-02
4.920E-04	1.609E-02	-1.609E-02	3.218E-02
4.966E-04	1.616E-02	-1.616E-02	3.233E-02
5.012E-04	1.624E-02	-1.624E-02	3.247E-02
5.058E-04	1.631E-02	-1.631E-02	3.262E-02
5.105E-04	1.638E-02	-1.638E-02	3.277E-02
5.152E-04	1.646E-02	-1.646E-02	3.292E-02
5.200E-04	1.653E-02	-1.653E-02	3.307E-02
5.248E-04	1.661E-02	-1.661E-02	3.322E-02
5.297E-04	1.668E-02	-1.668E-02	3.337E-02
5.346E-04	1.676E-02	-1.676E-02	3.352E-02
5.395E-04	1.683E-02	-1.683E-02	3.367E-02
5.445E-04	1.691E-02	-1.691E-02	3.382E-02
5.495E-04	1.699E-02	-1.699E-02	3.398E-02
5.546E-04	1.706E-02	-1.706E-02	3.413E-02
5.598E-04	1.714E-02	-1.714E-02	3.428E-02
5.649E-04	1.722E-02	-1.722E-02	3.444E-02
5.702E-04	1.730E-02	-1.730E-02	3.460E-02
5.754E-04	1.738E-02	-1.738E-02	3.475E-02
5.808E-04	1.746E-02	-1.746E-02	3.491E-02
5.861E-04	1.753E-02	-1.753E-02	3.507E-02
5.916E-04	1.761E-02	-1.761E-02	3.523E-02
5.970E-04	1.769E-02	-1.769E-02	3.539E-02
6.026E-04	1.777E-02	-1.777E-02	3.555E-02
6.081E-04	1.785E-02	-1.785E-02	3.571E-02
6.138E-04	1.794E-02	-1.794E-02	3.587E-02
6.194E-04	1.802E-02	-1.802E-02	3.603E-02
6.252E-04	1.810E-02	-1.810E-02	3.620E-02
6.310E-04	1.818E-02	-1.818E-02	3.636E-02
6.368E-04	1.826E-02	-1.826E-02	3.653E-02
6.427E-04	1.835E-02	-1.835E-02	3.669E-02
6.486E-04	1.843E-02	-1.843E-02	3.686E-02
6.546E-04	1.851E-02	-1.851E-02	3.703E-02
6.607E-04	1.860E-02	-1.860E-02	3.719E-02
6.668E-04	1.868E-02	-1.868E-02	3.736E-02
6.730E-04	1.877E-02	-1.877E-02	3.753E-02
6.792E-04	1.885E-02	-1.885E-02	3.770E-02
6.855E-04	1.894E-02	-1.894E-02	3.787E-02
6.918E-04	1.902E-02	-1.902E-02	3.804E-02
6.982E-04	1.911E-02	-1.911E-02	3.822E-02
7.047E-04	1.920E-02	-1.920E-02	3.839E-02
7.112E-04	1.928E-02	-1.928E-02	3.856E-02
7.178E-04	1.937E-02	-1.937E-02	3.874E-02
7.244E-04	1.946E-02	-1.946E-02	3.891E-02
7.311E-04	1.955E-02	-1.955E-02	3.909E-02
7.379E-04	1.963E-02	-1.963E-02	3.927E-02
7.447E-04	1.972E-02	-1.972E-02	3.945E-02
7.516E-04	1.981E-02	-1.981E-02	3.963E-02
7.586E-04	1.990E-02	-1.990E-02	3.981E-02
7.656E-04	1.999E-02	-1.999E-02	3.999E-02
7.727E-04	2.008E-02	-2.008E-02	4.017E-02
7.798E-04	2.017E-02	-2.017E-02	4.035E-02
7.870E-04	2.027E-02	-2.027E-02	4.053E-02
7.943E-04	2.036E-02	-2.036E-02	4.072E-02
8.017E-04	2.045E-02	-2.045E-02	4.090E-02
8.091E-04	2.054E-02	-2.054E-02	4.109E-02
8.166E-04	2.064E-02	-2.064E-02	4.127E-02
8.241E-04	2.073E-02	-2.073E-02	4.146E-02
8.318E-04	2.082E-02	-2.082E-02	4.165E-02
8.395E-04	2.092E-02	-2.092E-02	4.184E-02
8.472E-04	2.101E-02	-2.101E-02	4.203E-02
8.551E-04	2.111E-02	-2.111E-02	4.222E-02
8.630E-04	2.120E-02	-2.120E-02	4.241E-02
8.710E-04	2.130E-02	-2.130E-02	4.260E-02
8.790E-04	2.140E-02	-2.140E-02	4.279E-02
8.872E-04	2.149E-02	-2.149E-02	4.299E-02
8.954E-04	2.159E-02	-2.159E-02	4.318E-02
9.036E-04	2.169E-02	-2.169E-02	4.338E-02
9.120E-04	2.179E-02	-2.179E-02	4.358E-02
9.204E-04	2.189E-02	-2.189E-02	4.377E-02
9.290E-04	2.199E-02	-2.199E-02	4.397E-02
9.376E-04	2.209E-02	-2.209E-02	4.417E-02
9.462E-04	2.219E-02	-2.219E-02	4.437E-02
9.550E-04	2.229E-02	-2.229E-02	4.457E-02
9.638E-04	2.239E-02	-2.239E-02	4.478E-02
9.727E-04	2.249E-02	-2.249E-02	4.498E-02
9.817E-04	2.259E-02	-2.259E-02	4.518E-02
9.908E-04	2.269E-02	-2.269E-02	4.539E-02
1.000E-03	2.280E-02	-2.280E-02	4.559E-02
1.009E-03	2.290E-02	-2.290E-02	4.580E-02
1.019E-03	2.300E-02	-2.300E-02	4.601E-02
1.028E-03	2.311E-02	-2.311E-02	4.622E-02
1.038E-03	2.321E-02	-2.321E-02	4.643E-02
1.047E-03	2.332E-02	-2.332E-02	4.664E-02
1.057E-03	2.342E-02	-2.342E-02	4.685E-02
1.067E-03	2.353E-02	-2.353E-02	4.706E-02
1.076E-03	2.364E-02	-2.364E-02	4.727E-02
1.086E-03	2.374E-02	-2.374E-02	4.749E-02
1.096E-03	2.385E-02	-2.385E-02	4.770E-02
1.107E-03	2.396E-02	-2.396E-02	4.792E-02
1.117E-03	2.407E-02	-2.407E-02	4.814E-02
1.127E-03	2.418E-02	-2.418E-02	4.836E-02
1.138E-03	2.429E-02	-2.429E-02	4.858E-02
1.148E-03	2.440E-02	-2.440E-02	4.880E-02
1.159E-03	2.451E-02	-2.451E-02	4.902E-02
1.169E-03	2.462E-02	-2.462E-02	4.924E-02
1.180E-03	2.473E-02	-2.473E-02	4.946E-02
1.191E-03	2.484E-02	-2.484E-02	4.969E-02
1.202E-03	2.496E-02	-2.496E-02	4.991E-02
1.213E-03	2.507E-02	-2.507E-02	5.014E-02
1.225E-03	2.518E-02	-2.518E-02	5.037E-02
1.236E-03	2.530E-02	-2.530E-02	5.060E-02
1.247E-03	2.541E-02	-2.541E-02	5.082E-02
1.259E-03	2.553E-02	-2.553E-02	5.106E-02
1.271E-03	2.564E-02	-2.564E-02	5.129E-02
1.282E-03	2.576E-02	-2.576E-02	5.152E-02
1.294E-03	2.588E-02	-2.588E-02	5.175E-02
1.306E-03	2.599E-02	-2.599E-02	5.199E-02
1.318E-03	2.611E-02	-2.611E-02	5.222E-02
1.330E-03	2.623E-02	-2.623E-02	5.246E-02
1.343E-03	2.635E-02	-2.635E-02	5.270E-02
1.355E-03	2.647E-02	-2.647E-02	5.294E-02
1.368E-03	2.659E-02	-2.659E-02	5.318E-02
1.380E-03	2.671E-02	-2.671E-02	5.342E-02
1.393E-03	2.683E-02	-2.683E-02	5.366E-02
1.406E-03	2.695E-02	-2.695E-02	5.391E-02
1.419E-03	2.708E-02	-2.708E-02	5.415E-02
1.432E-03	2.720E-02	-2.720E-02	5.440E-02
1.445E-03	2.732E-02	-2.732E-02	5.464E-02
1.459E-03	2.745E-02	-2.745E-02	5.489E-02
1.472E-03	2.757E-02	-2.757E-02	5.514E-02
1.486E-03	2.770E-02	-2.770E-02	5.539E-02
1.500E-03	2.782E-02	-2.782E-02	5.564E-02
1.514E-03	2.795E-02	-2.795E-02	5.590E-02
1.528E-03	2.807E-02	-2.807E-02	5.615E-02
1.542E-03	2.820E-02	-2.820E-02	5.640E-02
1.556E-03	2.833E-02	-2.833E-02	5.666E-02
1.570E-03	2.846E-02	-2.846E-02	5.692E-02
1.585E-03	2.859E-02	-2.859E-02	5.718E-02
1.600E-03	2.872E-02	-2.872E-02	5.744E-02
1.614E-03	2.885E-02	-2.885E-02	5.770E-02
1.629E-03	2.898E-02	-2.898E-02	5.796E-02
1.644E-03	2.911E-02	-2.911E-02	5.822E-02
1.660E-03	2.924E-02	-2.924E-02	5.849E-02
1.675E-03	2.938E-02	-2.938E-02	5.875E-02
1.690E-03	2.951E-02	-2.951E-02	5.902E-02
1.706E-03	2.964E-02	-2.964E-02	5.929E-02
1.722E-03	2.978E-02	-2.978E-02	5.956E-02
1.738E-03	2.991E-02	-2.991E-02	5.983E-02
1.754E-03	3.005E-02	-3.005E-02	6.010E-02
1.770E-03	3.019E-02	-3.019E-02	6.037E-02
1.786E-03	3.032E-02	-3.032E-02	6.065E-02
1.803E-03	3.046E-02	-3.046E-02	6.092E-02
1.820E-03	3.060E-02	-3.060E-02	6.120E-02
1.837E-03	3.074E-02	-3.074E-02	6.148E-02
1.854E-03	3.088E-02	-3.088E-02	6.176E-02
1.871E-03	3.102E-02	-3.102E-02	6.204E-02
1.888E-03	3.116E-02	-3.116E-02	6.232E-02
1.905E-03	3.130E-02	-3.130E-02	6.260E-02
1.923E-03	3.144E-02	-3.144E-02	6.289E-02
1.941E-03	3.159E-02	-3.159E-02	6.317E-02
1.959E-03	3.173E-02	-3.173E-02	6.346E-02
1.977E-03	3.187E-02	-3.187E-02	6.375E-02
1.995E-03	3.202E-02	-3.202E-02	6.404E-02
2.014E-03	3.216E-02	-3.216E-02	6.433E-02
2.032E-03	3.231E-02	-3.231E-02	6.462E-02
2.051E-03	3.246E-02	-3.246E-02	6.491E-02
2.070E-03	3.260E-02	-3.260E-02	6.521E-02
2.089E-03	3.275E-02	-3.275E-02	6.550E-02
2.109E-03	3.290E-02	-3.290E-02	6.580E-02
2.128E-03	3.305E-02	-3.305E-02	6.610E-02
2.148E-03	3.320E-02	-3.320E-02	6.640E-02
2.168E-03	3.335E-02	-3.335E-02	6.670E-02
2.188E-03	3.350E-02	-3.350E-02	6.701E-02
2.208E-03	3.366E-02	-3.366E-02	6.731E-02
2.228E-03	3.381E-02	-3.381E-02	6.762E-02
2.249E-03	3.396E-02	-3.396E-02	6.793E-02
2.270E-03	3.412E-02	-3.412E-02	6.823E-02
2.291E-03	3.427E-02	-3.427E-02	6.855E-02
2.312E-03	3.443E-02	-3.443E-02	6.886E-02
2.333E-03	3.459E-02	-3.459E-02	6.917E-02
2.355E-03	3.474E-02	-3.474E-02	6.948E-02
2.377E-03	3.490E-02	-3.490E-02	6.980E-02
2.399E-03	3.506E-02	-3.506E-02	7.012E-02
2.421E-03	3.522E-02	-3.522E-02	7.044E-02
2.443E-03	3.538E-02	-3.538E-02	7.076E-02
2.466E-03	3.554E-02	-3.554E-02	7.108E-02
2.489E-03	3.570E-02	-3.570E-02	7.140E-02
2.512E-03	3.586E-02	-3.586E-02	7.173E-02
2.535E-03	3.603E-02	-3.603E-02	7.205E-02
2.559E-03	3.619E-02	-3.619E-02	7.238E-02
2.582E-03	3.636E-02	-3.636E-02	7.271E-02
2.606E-03	3.652E-02	-3.652E-02	7.304E-02
2.630E-03	3.669E-02	-3.669E-02	7.338E-02
2.655E-03	3.685E-02	-3.685E-02	7.371E-02
2.679E-03	3.702E-02	-3.702E-02	7.405E-02
2.704E-03	3.719E-02	-3.719E-02	7.438E-02
2.729E-03	3.736E-02	-3.736E-02	7.472E-02
2.754E-03	3.753E-02	-3.753E-02	7.506E-02
2.780E-03	3.770E-02	-3.770E-02	7.540E-02
2.805E-03	3.787E-02	-3.787E-02	7.575E-02
2.831E-03	3.805E-02	-3.805E-02	7.609E-02
2.858E-03	3.822E-02	-3.822E-02	7.644E-02
2.884E-03	3.839E-02	-3.839E-02	7.679E-02
2.911E-03	3.857E-02	-3.857E-02	7.714E-02
2.938E-03	3.874E-02	-3.874E-02	7.749E-02
2.965E-03	3.892E-02	-3.892E-02	7.784E-02
2.992E-03	3.910E-02	-3.910E-02	7.820E-02
3.020E-03	3.928E-02	-3.928E-02	7.855E-02
3.048E-03	3.946E-02	-3.946E-02	7.891E-02
3.076E-03	3.963E-02	-3.963E-02	7.927E-02
3.105E-03	3.982E-02	-3.982E-02	7.963E-02
3.133E-03	4.000E-02	-4.000E-02	7.999E-02
3.162E-03	4.018E-02	-4.018E-02	8.036E-02
3.192E-03	4.036E-02	-4.036E-02	8.072E-02
3.221E-03	4.055E-02	-4.055E-02	8.109E-02
3.251E-03	4.073E-02	-4.073E-02	8.146E-02
3.281E-03	4.092E-02	-4.092E-02	8.183E-02
3.311E-03	4.110E-02	-4.110E-02	8.221E-02
3.342E-03	4.129E-02	-4.129E-02	8.258E-02
3.373E-03	4.148E-02	-4.148E-02	8.296E-02
3.404E-03	4.167E-02	-4.167E-02	8.334E-02
3.436E-03	4.186E-02	-4.186E-02	8.372E-02
3.467E-03	4.205E-02	-4.205E-02	8.410E-02
3.499E-03	4.224E-02	-4.224E-02	8.448E-02
3.532E-03	4.243E-02	-4.243E-02	8.487E-02
3.565E-03	4.263E-02	-4.263E-02	8.526E-02
3.597E-03	4.282E-02	-4.282E-02	8.565E-02
3.631E-03	4.302E-02	-4.302E-02	8.604E-02
3.664E-03	4.321E-02	-4.321E-02	8.643E-02
3.698E-03	4.341E-02	-4.341E-02	8.682E-02
3.733E-03	4.361E-02	-4.361E-02	8.722E-02
3.767E-03	4.381E-02	-4.381E-02	8.762E-02
3.802E-03	4.401E-02	-4.401E-02	8.802E-02
3.837E-03	4.421E-02	-4.421E-02	8.842E-02
3.873E-03	4.441E-02	-4.441E-02	8.882E-02
3.908E-03	4.461E-02	-4.461E-02	8.923E-02
3.945E-03	4.482E-02	-4.482E-02	8.964E-02
3.981E-03	4.502E-02	-4.502E-02	9.005E-02
4.018E-03	4.523E-02	-4.523E-02	9.046E-02
4.055E-03	4.544E-02	-4.544E-02	9.087E-02
4.093E-03	4.564E-02	-4.564E-02	9.129E-02
4.130E-03	4.585E-02	-4.585E-02	9.170E-02
4.169E-03	4.606E-02	-4.606E-02	9.212E-02
4.207E-03	4.627E-02	-4.627E-02	9.254E-02
4.246E-03	4.648E-02	-4.648E-02	9.297E-02
4.285E-03	4.670E-02	-4.670E-02	9.339E-02
4.325E-03	4.691E-02	-4.691E-02	9.382E-02
4.365E-03	4.712E-02	-4.712E-02	9.425E-02
4.406E-03	4.734E-02	-4.734E-02	9.468E-02
4.446E-03	4.756E-02	-4.756E-02	9.511E-02
4.487E-03	4.777E-02	-4.777E-02	9.555E-02
4.529E-03	4.799E-02	-4.799E-02	9.598E-02
4.571E-03	4.821E-02	-4.821E-02	9.642E-02
4.613E-03	4.843E-02	-4.843E-02	9.686E-02
4.656E-03	4.865E-02	-4.865E-02	9.731E-02
4.699E-03	4.888E-02	-4.888E-02	9.775E-02
4.742E-03	4.910E-02	-4.910E-02	9.820E-02
4.786E-03	4.932E-02	-4.932E-02	9.865E-02
4.831E-03	4.955E-02	-4.955E-02	9.910E-02
4.875E-03	4.978E-02	-4.978E-02	9.956E-02
4.920E-03	5.001E-02	-5.001E-02	1.000E-01
4.966E-03	5.023E-02	-5.023E-02	1.005E-01
5.012E-03	5.046E-02	-5.046E-02	1.009E-01
5.058E-03	5.070E-02	-5.070E-02	1.014E-01
5.105E-03	5.093E-02	-5.093E-02	1.019E-01
5.152E-03	5.116E-02	-5.116E-02	1.023E-01
5.200E-03	5.140E-02	-5.140E-02	1.028E-01
5.248E-03	5.163E-02	-5.163E-02	1.033E-01
5.297E-03	5.187E-02	-5.187E-02	1.037E-01
5.346E-03	5.211E-02	-5.211E-02	1.042E-01
5.395E-03	5.234E-02	-5.234E-02	1.047E-01
5.445E-03	5.258E-02	-5.258E-02	1.052E-01
5.495E-03	5.283E-02	-5.283E-02	1.057E-01
5.546E-03	5.307E-02	-5.307E-02	1.061E-01
5.598E-03	5.331E-02	-5.331E-02	1.066E-01
5.649E-03	5.356E-02	-5.356E-02	1.071E-01
5.702E-03	5.380E-02	-5.380E-02	1.076E-01
5.754E-03	5.405E-02	-5.405E-02	1.081E-01
5.808E-03	5.430E-02	-5.430E-02	1.086E-01
5.861E-03	5.455E-02	-5.455E-02	1.091E-01
5.916E-03	5.480E-02	-5.480E-02	1.096E-01
5.970E-03	5.505E-02	-5.505E-02	1.101E-01
6.026E-03	5.530E-02	-5.530E-02	1.106E-01
6.081E-03	5.555E-02	-5.555E-02	1.111E-01
6.138E-03	5.581E-02	-5.581E-02	1.116E-01
6.194E-03	5.607E-02	-5.607E-02	1.121E-01
6.252E-03	5.632E-02	-5.632E-02	1.126E-01
6.310E-03	5.658E-02	-5.658E-02	1.132E-01
6.368E-03	5.684E-02	-5.684E-02	1.137E-01
6.427E-03	5.710E-02	-5.710E-02	1.142E-01
6.486E-03	5.736E-02	-5.736E-02	1.147E-01
6.546E-03	5.763E-02	-5.763E-02	1.153E-01
6.607E-03	5.789E-02	-5.789E-02	1.158E-01
6.668E-03	5.816E-02	-5.816E-02	1.163E-01
6.730E-03	5.843E-02	-5.843E-02	1.169E-01
6.792E-03	5.870E-02	-5.870E-02	1.174E-01
6.855E-03	5.897E-02	-5.897E-02	1.179E-01
6.918E-03	5.924E-02	-5.924E-02	1.185E-01
6.982E-03	5.951E-02	-5.951E-02	1.190E-01
7.047E-03	5.978E-02	-5.978E-02	1.196E-01
7.112E-03	6.006E-02	-6.006E-02	1.201E-01
7.178E-03	6.033E-02	-6.033E-02	1.207E-01
7.244E-03	6.061E-02	-6.061E-02	1.212E-01
7.311E-03	6.089E-02	-6.089E-02	1.218E-01
7.379E-03	6.117E-02	-6.117E-02	1.223E-01
7.447E-03	6.145E-02	-6.145E-02	1.229E-01
7.516E-03	6.174E-02	-6.174E-02	1.235E-01
7.586E-03	6.202E-02	-6.202E-02	1.240E-01
7.656E-03	6.231E-02	-6.231E-02	1.246E-01
7.727E-03	6.259E-02	-6.259E-02	1.252E-01
7.798E-03	6.288E-02	-6.288E-02	1.258E-01
7.870E-03	6.317E-02	-6.317E-02	1.263E-01
7.943E-03	6.346E-02	-6.346E-02	1.269E-01
8.017E-03	6.376E-02	-6.376E-02	1.275E-01
8.091E-03	6.405E-02	-6.405E-02	1.281E-01
8.166E-03	6.434E-02	-6.434E-02	1.287E-01
8.241E-03	6.464E-02	-6.464E-02	1.293E-01
8.318E-03	6.494E-02	-6.494E-02	1.299E-01
8.395E-03	6.524E-02	-6.524E-02	1.305E-01
8.472E-03	6.554E-02	-6.554E-02	1.311E-01
8.551E-03	6.584E-02	-6.584E-02	1.317E-01
8.630E-03	6.615E-02	-6.615E-02	1.323E-01
8.710E-03	6.645E-02	-6.645E-02	1.329E-01
8.790E-03	6.676E-02	-6.676E-02	1.335E-01
8.872E-03	6.707E-02	-6.707E-02	1.341E-01
8.954E-03	6.738E-02	-6.738E-02	1.348E-01
9.036E-03	6.769E-02	-6.769E-02	1.354E-01
9.120E-03	6.800E-02	-6.800E-02	1.360E-01
9.204E-03	6.831E-02	-6.831E-02	1.366E-01
9.290E-03	6.863E-02	-6.863E-02	1.373E-01
9.376E-03	6.895E-02	-6.895E-02	1.379E-01
9.462E-03	6.927E-02	-6.927E-02	1.385E-01
9.550E-03	6.959E-02	-6.959E-02	1.392E-01
9.638E-03	6.991E-02	-6.991E-02	1.398E-01
9.727E-03	7.023E-02	-7.023E-02	1.405E-01
9.817E-03	7.056E-02	-7.056E-02	1.411E-01
9.908E-03	7.088E-02	-7.088E-02	1.418E-01
1.000E-02	7.121E-02	-7.121E-02	1.424E-01
1.009E-02	7.154E-02	-7.154E-02	1.431E-01
1.019E-02	7.187E-02	-7.187E-02	1.437E-01
1.028E-02	7.220E-02	-7.220E-02	1.444E-01
1.038E-02	7.254E-02	-7.254E-02	1.451E-01
1.047E-02	7.287E-02	-7.287E-02	1.457E-01
1.057E-02	7.321E-02	-7.321E-02	1.464E-01
1.067E-02	7.355E-02	-7.355E-02	1.471E-01
1.076E-02	7.389E-02	-7.389E-02	1.478E-01
1.086E-02	7.423E-02	-7.423E-02	1.485E-01
1.096E-02	7.458E-02	-7.458E-02	1.492E-01
1.107E-02	7.492E-02	-7.492E-02	1.498E-01
1.117E-02	7.527E-02	-7.527E-02	1.505E-01
1.127E-02	7.562E-02	-7.562E-02	1.512E-01
1.138E-02	7.597E-02	-7.597E-02	1.519E-01
1.148E-02	7.632E-02	-7.632E-02	1.526E-01
1.159E-02	7.667E-02	-7.667E-02	1.533E-01
1.169E-02	7.703E-02	-7.703E-02	1.541E-01
1.180E-02	7.739E-02	-7.739E-02	1.548E-01
1.191E-02	7.775E-02	-7.775E-02	1.555E-01
1.202E-02	7.811E-02	-7.811E-02	1.562E-01
1.213E-02	7.847E-02	-7.847E-02	1.569E-01
1.225E-02	7.883E-02	-7.883E-02	1.577E-01
1.236E-02	7.920E-02	-7.920E-02	1.584E-01
1.247E-02	7.957E-02	-7.957E-02	1.591E-01
1.259E-02	7.994E-02	-7.994E-02	1.599E-01
1.271E-02	8.031E-02	-8.031E-02	1.606E-01
1.282E-02	8.068E-02	-8.068E-02	1.614E-01
1.294E-02	8.106E-02	-8.106E-02	1.621E-01
1.306E-02	8.143E-02	-8.143E-02	1.629E-01
1.318E-02	8.181E-02	-8.181E-02	1.636E-01
1.330E-02	8.219E-02	-8.219E-02	1.644E-01
1.343E-02	8.257E-02	-8.257E-02	1.651E-01
1.355E-02	8.296E-02	-8.296E-02	1.659E-01
1.368E-02	8.334E-02	-8.334E-02	1.667E-01
1.380E-02	8.373E-02	-8.373E-02	1.675E-01
1.393E-02	8.412E-02	-8.412E-02	1.682E-01
1.406E-02	8.451E-02	-8.451E-02	1.690E-01
1.419E-02	8.490E-02	-8.490E-02	1.698E-01
1.432E-02	8.530E-02	-8.530E-02	1.706E-01
1.445E-02	8.569E-02	-8.569E-02	1.714E-01
1.459E-02	8.609E-02	-8.609E-02	1.722E-01
1.472E-02	8.649E-02	-8.649E-02	1.730E-01
1.486E-02	8.690E-02	-8.690E-02	1.738E-01
1.500E-02	8.730E-02	-8.730E-02	1.746E-01
1.514E-02	8.771E-02	-8.771E-02	1.754E-01
1.528E-02	8.812E-02	-8.812E-02	1.762E-01
1.542E-02	8.853E-02	-8.853E-02	1.771E-01
1.556E-02	8.894E-02	-8.894E-02	1.779E-01
1.570E-02	8.935E-02	-8.935E-02	1.787E-01
1.585E-02	8.977E-02	-8.977E-02	1.795E-01
1.600E-02	9.019E-02	-9.019E-02	1.804E-01
1.614E-02	9.061E-02	-9.061E-02	1.812E-01
1.629E-02	9.103E-02	-9.103E-02	1.821E-01
1.644E-02	9.146E-02	-9.146E-02	1.829E-01
1.660E-02	9.188E-02	-9.188E-02	1.838E-01
1.675E-02	9.231E-02	-9.231E-02	1.846E-01
1.690E-02	9.274E-02	-9.274E-02	1.855E-01
1.706E-02	9.317E-02	-9.317E-02	1.863E-01
1.722E-02	9.361E-02	-9.361E-02	1.872E-01
1.738E-02	9.404E-02	-9.404E-02	1.881E-01
1.754E-02	9.448E-02	-9.448E-02	1.890E-01
1.770E-02	9.492E-02	-9.492E-02	1.898E-01
1.786E-02	9.537E-02	-9.537E-02	1.907E-01
1.803E-02	9.581E-02	-9.581E-02	1.916E-01
1.820E-02	9.626E-02	-9.626E-02	1.925E-01
1.837E-02	9.671E-02	-9.671E-02	1.934E-01
1.854E-02	9.716E-02	-9.716E-02	1.943E-01
1.871E-02	9.761E-02	-9.761E-02	1.952E-01
1.888E-02	9.807E-02	-9.807E-02	1.961E-01
1.905E-02	9.853E-02	-9.853E-02	1.971E-01
1.923E-02	9.899E-02	-9.899E-02	1.980E-01
1.941E-02	9.945E-02	-9.945E-02	1.989E-01
1.959E-02	9.992E-02	-9.992E-02	1.998E-01
1.977E-02	1.004E-01	-1.004E-01	2.008E-01
1.995E-02	1.009E-01	-1.009E-01	2.017E-01
2.014E-02	1.013E-01	-1.013E-01	2.026E-01
2.032E-02	1.018E-01	-1.018E-01	2.036E-01
2.051E-02	1.023E-01	-1.023E-01	2.045E-01
2.070E-02	1.028E-01	-1.028E-01	2.055E-01
2.089E-02	1.032E-01	-1.032E-01	2.065E-01
2.109E-02	1.037E-01	-1.037E-01	2.074E-01
2.128E-02	1.042E-01	-1.042E-01	2.084E-01
2.148E-02	1.047E-01	-1.047E-01	2.094E-01
2.168E-02	1.052E-01	-1.052E-01	2.103E-01
2.188E-02	1.057E-01	-1.057E-01	2.113E-01
2.208E-02	1.062E-01	-1.062E-01	2.123E-01
2.228E-02	1.067E-01	-1.067E-01	2.133E-01
2.249E-02	1.072E-01	-1.072E-01	2.143E-01
2.270E-02	1.077E-01	-1.077E-01	2.153E-01
2.291E-02	1.082E-01	-1.082E-01	2.163E-01
2.312E-02	1.087E-01	-1.087E-01	2.173E-01
2.333E-02	1.092E-01	-1.092E-01	2.184E-01
2.355E-02	1.097E-01	-1.097E-01	2.194E-01
2.377E-02	1.102E-01	-1.102E-01	2.204E-01
2.399E-02	1.107E-01	-1.107E-01	2.214E-01
2.421E-02	1.112E-01	-1.112E-01	2.225E-01
2.443E-02	1.118E-01	-1.118E-01	2.235E-01
2.466E-02	1.123E-01	-1.123E-01	2.246E-01
2.489E-02	1.128E-01	-1.128E-01	2.256E-01
2.512E-02	1.133E-01	-1.133E-01	2.267E-01
2.535E-02	1.139E-01	-1.139E-01	2.277E-01
2.559E-02	1.144E-01	-1.144E-01	2.288E-01
2.582E-02	1.149E-01	-1.149E-01	2.299E-01
2.606E-02	1.155E-01	-1.155E-01	2.309E-01
2.630E-02	1.160E-01	-1.160E-01	2.320E-01
2.655E-02	1.165E-01	-1.165E-01	2.331E-01
2.679E-02	1.171E-01	-1.171E-01	2.342E-01
2.704E-02	1.176E-01	-1.176E-01	2.353E-01
2.729E-02	1.182E-01	-1.182E-01	2.364E-01
2.754E-02	1.187E-01	-1.187E-01	2.375E-01
2.780E-02	1.193E-01	-1.193E-01	2.386E-01
2.805E-02	1.199E-01	-1.199E-01	2.397E-01
2.831E-02	1.204E-01	-1.204E-01	2.408E-01
2.858E-02	1.210E-01	-1.210E-01	2.420E-01
2.884E-02	1.215E-01	-1.215E-01	2.431E-01
2.911E-02	1.221E-01	-1.221E-01	2.442E-01
2.938E-02	1.227E-01	-1.227E-01	2.454E-01
2.965E-02	1.233E-01	-1.233E-01	2.465E-01
2.992E-02	1.238E-01	-1.238E-01	2.477E-01
3.020E-02	1.244E-01	-1.244E-01	2.488E-01
3.048E-02	1.250E-01	-1.250E-01	2.500E-01
3.076E-02	1.256E-01	-1.256E-01	2.512E-01
3.105E-02	1.262E-01	-1.262E-01	2.523E-01
3.133E-02	1.268E-01	-1.268E-01	2.535E-01
3.162E-02	1.274E-01	-1.274E-01	2.547E-01
3.192E-02	1.279E-01	-1.279E-01	2.559E-01
3.221E-02	1.285E-01	-1.285E-01	2.571E-01
3.251E-02	1.291E-01	-1.291E-01	2.583E-01
3.281E-02	1.297E-01	-1.297E-01	2.595E-01
3.311E-02	1.304E-01	-1.304E-01	2.607E-01
3.342E-02	1.310E-01	-1.310E-01	2.619E-01
3.373E-02	1.316E-01	-1.316E-01	2.632E-01
3.404E-02	1.322E-01	-1.322E-01	2.644E-01
3.436E-02	1.328E-01	-1.328E-01	2.656E-01
3.467E-02	1.334E-01	-1.334E-01	2.669E-01
3.499E-02	1.340E-01	-1.340E-01	2.681E-01
3.532E-02	1.347E-01	-1.347E-01	2.693E-01
3.565E-02	1.353E-01	-1.353E-01	2.706E-01
3.597E-02	1.359E-01	-1.359E-01	2.719E-01
3.631E-02	1.366E-01	-1.366E-01	2.731E-01
3.664E-02	1.372E-01	-1.372E-01	2.744E-01
3.698E-02	1.378E-01	-1.378E-01	2.757E-01
3.733E-02	1.385E-01	-1.385E-01	2.770E-01
3.767E-02	1.391E-01	-1.391E-01	2.783E-01
3.802E-02	1.398E-01	-1.398E-01	2.796E-01
3.837E-02	1.404E-01	-1.404E-01	2.809E-01
3.873E-02	1.411E-01	-1.411E-01	2.822E-01
3.908E-02	1.417E-01	-1.417E-01	2.835E-01
3.945E-02	1.424E-01	-1.424E-01	2.848E-01
3.981E-02	1.431E-01	-1.431E-01	2.861E-01
4.018E-02	1.437E-01	-1.437E-01	2.874E-01
4.055E-02	1.444E-01	-1.444E-01	2.888E-01
4.093E-02	1.451E-01	-1.451E-01	2.901E-01
4.130E-02	1.457E-01	-1.457E-01	2.915E-01
4.169E-02	1.464E-01	-1.464E-01	2.928E-01
4.207E-02	1.471E-01	-1.471E-01	2.942E-01
4.246E-02	1.478E-01	-1.478E-01	2.955E-01
4.285E-02	1.485E-01	-1.485E-01	2.969E-01
4.325E-02	1.491E-01	-1.491E-01	2.983E-01
4.365E-02	1.498E-01	-1.498E-01	2.997E-01
4.406E-02	1.505E-01	-1.505E-01	3.011E-01
4.446E-02	1.512E-01	-1.512E-01	3.025E-01
4.487E-02	1.519E-01	-1.519E-01	3.039E-01
4.529E-02	1.526E-01	-1.526E-01	3.053E-01
4.571E-02	1.533E-01	-1.533E-01	3.067E-01
4.613E-02	1.540E-01	-1.540E-01	3.081E-01
4.656E-02	1.548E-01	-1.548E-01	3.095E-01
4.699E-02	1.555E-01	-1.555E-01	3.109E-01
4.742E-02	1.562E-01	-1.562E-01	3.124E-01
4.786E-02	1.569E-01	-1.569E-01	3.138E-01
4.831E-02	1.576E-01	-1.576E-01	3.153E-01
4.875E-02	1.584E-01	-1.584E-01	3.167E-01
4.920E-02	1.591E-01	-1.591E-01	3.182E-01
4.966E-02	1.598E-01	-1.598E-01	3.196E-01
5.012E-02	1.605E-01	-1.605E-01	3.211E-01
5.058E-02	1.613E-01	-1.613E-01	3.226E-01
5.105E-02	1.620E-01	-1.620E-01	3.241E-01
5.152E-02	1.628E-01	-1.628E-01	3.255E-01
5.200E-02	1.635E-01	-1.635E-01	3.270E-01
5.248E-02	1.643E-01	-1.643E-01	3.285E-01
5.297E-02	1.650E-01	-1.650E-01	3.300E-01
5.346E-02	1.658E-01	-1.658E-01	3.315E-01
5.395E-02	1.665E-01	-1.665E-01	3.331E-01
5.445E-02	1.673E-01	-1.673E-01	3.346E-01
5.495E-02	1.681E-01	-1.681E-01	3.361E-01
5.546E-02	1.688E-01	-1.688E-01	3.376E-01
5.598E-02	1.696E-01	-1.696E-01	3.392E-01
5.649E-02	1.704E-01	-1.704E-01	3.407E-01
5.702E-02	1.711E-01	-1.711E-01	3.423E-01
5.754E-02	1.719E-01	-1.719E-01	3.438E-01
5.808E-02	1.727E-01	-1.727E-01	3.454E-01
5.861E-02	1.735E-01	-1.735E-01	3.469E-01
5.916E-02	1.743E-01	-1.743E-01	3.485E-01
5.970E-02	1.750E-01	-1.750E-01	3.501E-01
6.026E-02	1.758E-01	-1.758E-01	3.517E-01
6.081E-02	1.766E-01	-1.766E-01	3.533E-01
6.138E-02	1.774E-01	-1.774E-01	3.549E-01
6.194E-02	1.782E-01	-1.782E-01	3.565E-01
6.252E-02	1.790E-01	-1.790E-01	3.581E-01
6.310E-02	1.798E-01	-1.798E-01	3.597E-01
6.368E-02	1.806E-01	-1.806E-01	3.613E-01
6.427E-02	1.815E-01	-1.815E-01	3.629E-01
6.486E-02	1.823E-01	-1.823E-01	3.645E-01
6.546E-02	1.831E-01	-1.831E-01	3.662E-01
6.607E-02	1.839E-01	-1.839E-01	3.678E-01
6.668E-02	1.847E-01	-1.847E-01	3.695E-01
6.730E-02	1.856E-01	-1.856E-01	3.711E-01
6.792E-02	1.864E-01	-1.864E-01	3.728E-01
6.855E-02	1.872E-01	-1.872E-01	3.744E-01
6.918E-02	1.880E-01	-1.880E-01	3.761E-01
6.982E-02	1.889E-01	-1.889E-01	3.777E-01
7.047E-02	1.897E-01	-1.897E-01	3.794E-01
7.112E-02	1.906E-01	-1.906E-01	3.811E-01
7.178E-02	1.914E-01	-1.914E-01	3.828E-01
7.244E-02	1.922E-01	-1.922E-01	3.845E-01
7.311E-02	1.931E-01	-1.931E-01	3.862E-01
7.379E-02	1.939E-01	-1.939E-01	3.879E-01
7.447E-02	1.948E-01	-1.948E-01	3.896E-01
7.516E-02	1.956E-01	-1.956E-01	3.913E-01
7.586E-02	1.965E-01	-1.965E-01	3.930E-01
7.656E-02	1.974E-01	-1.974E-01	3.947E-01
7.727E-02	1.982E-01	-1.982E-01	3.964E-01
7.798E-02	1.991E-01	-1.991E-01	3.982E-01
7.870E-02	1.999E-01	-1.999E-01	3.999E-01
7.943E-02	2.008E-01	-2.008E-01	4.016E-01
8.017E-02	2.017E-01	-2.017E-01	4.034E-01
8.091E-02	2.026E-01	-2.026E-01	4.051E-01
8.166E-02	2.034E-01	-2.034E-01	4.069E-01
8.241E-02	2.043E-01	-2.043E-01	4.086E-01
8.318E-02	2.052E-01	-2.052E-01	4.104E-01
8.395E-02	2.061E-01	-2.061E-01	4.121E-01
8.472E-02	2.069E-01	-2.069E-01	4.139E-01
8.551E-02	2.078E-01	-2.078E-01	4.157E-01
8.630E-02	2.087E-01	-2.087E-01	4.174E-01
8.710E-02	2.096E-01	-2.096E-01	4.192E-01
8.790E-02	2.105E-01	-2.105E-01	4.210E-01
8.872E-02	2.114E-01	-2.114E-01	4.228E-01
8.954E-02	2.123E-01	-2.123E-01	4.246E-01
9.036E-02	2.132E-01	-2.132E-01	4.263E-01
9.120E-02	2.141E-01	-2.141E-01	4.281E-01
9.204E-02	2.150E-01	-2.150E-01	4.299E-01
9.290E-02	2.159E-01	-2.159E-01	4.317E-01
9.376E-02	2.168E-01	-2.168E-01	4.335E-01
9.462E-02	2.177E-01	-2.177E-01	4.353E-01
9.550E-02	2.186E-01	-2.186E-01	4.371E-01
9.638E-02	2.195E-01	-2.195E-01	4.390E-01
9.727E-02	2.204E-01	-2.204E-01	4.408E-01
9.817E-02	2.213E-01	-2.213E-01	4.426E-01
9.908E-02	2.222E-01	-2.222E-01	4.444E-01
1.000E-01	2.231E-01	-2.231E-01	4.462E-01
1.009E-01	2.240E-01	-2.240E-01	4.480E-01
1.019E-01	2.249E-01	-2.249E-01	4.499E-01
1.028E-01	2.258E-01	-2.258E-01	4.517E-01
1.038E-01	2.268E-01	-2.268E-01	4.535E-01
1.047E-01	2.277E-01	-2.277E-01	4.553E-01
1.057E-01	2.286E-01	-2.286E-01	4.572E-01
1.067E-01	2.295E-01	-2.295E-01	4.590E-01
1.076E-01	2.304E-01	-2.304E-01	4.608E-01
1.086E-01	2.313E-01	-2.313E-01	4.627E-01
1.096E-01	2.323E-01	-2.323E-01	4.645E-01
1.107E-01	2.332E-01	-2.332E-01	4.663E-01
1.117E-01	2.341E-01	-2.341E-01	4.682E-01
1.127E-01	2.350E-01	-2.350E-01	4.700E-01
1.138E-01	2.359E-01	-2.359E-01	4.719E-01
1.148E-01	2.368E-01	-2.368E-01	4.737E-01
1.159E-01	2.378E-01	-2.378E-01	4.755E-01
1.169E-01	2.387E-01	-2.387E-01	4.774E-01
1.180E-01	2.396E-01	-2.396E-01	4.792E-01
1.191E-01	2.405E-01	-2.405E-01	4.810E-01
1.202E-01	2.414E-01	-2.414E-01	4.829E-01
1.213E-01	2.424E-01	-2.424E-01	4.847E-01
1.225E-01	2.433E-01	-2.433E-01	4.865E-01
1.236E-01	2.442E-01	-2.442E-01	4.884E-01
1.247E-01	2.451E-01	-2.451E-01	4.902E-01
1.259E-01	2.460E-01	-2.460E-01	4.920E-01
1.271E-01	2.469E-01	-2.469E-01	4.938E-01
1.282E-01	2.478E-01	-2.478E-01	4.957E-01
1.294E-01	2.487E-01	-2.487E-01	4.975E-01
1.306E-01	2.497E-01	-2.497E-01	4.993E-01
1.318E-01	2.506E-01	-2.506E-01	5.011E-01
1.330E-01	2.515E-01	-2.515E-01	5.029E-01
1.343E-01	2.524E-01	-2.524E-01	5.048E-01
1.355E-01	2.533E-01	-2.533E-01	5.066E-01
1.368E-01	2.542E-01	-2.542E-01	5.084E-01
1.380E-01	2.551E-01	-2.551E-01	5.102E-01
1.393E-01	2.560E-01	-2.560E-01	5.120E-01
1.406E-01	2.569E-01	-2.569E-01	5.137E-01
1.419E-01	2.578E-01	-2.578E-01	5.155E-01
1.432E-01	2.587E-01	-2.587E-01	5.173E-01
1.445E-01	2.595E-01	-2.595E-01	5.191E-01
1.459E-01	2.604E-01	-2.604E-01	5.209E-01
1.472E-01	2.613E-01	-2.613E-01	5.226E-01
1.486E-01	2.622E-01	-2.622E-01	5.244E-01
1.500E-01	2.631E-01	-2.631E-01	5.261E-01
1.514E-01	2.639E-01	-2.639E-01	5.279E-01
1.528E-01	2.648E-01	-2.648E-01	5.296E-01
1.542E-01	2.657E-01	-2.657E-01	5.314E-01
1.556E-01	2.665E-01	-2.665E-01	5.331E-01
1.570E-01	2.674E-01	-2.674E-01	5.348E-01
1.585E-01	2.683E-01	-2.683E-01	5.365E-01
1.600E-01	2.691E-01	-2.691E-01	5.382E-01
1.614E-01	2.699E-01	-2.699E-01	5.399E-01
1.629E-01	2.708E-01	-2.708E-01	5.416E-01
1.644E-01	2.716E-01	-2.716E-01	5.433E-01
1.660E-01	2.725E-01	-2.725E-01	5.449E-01
1.675E-01	2.733E-01	-2.733E-01	5.466E-01
1.690E-01	2.741E-01	-2.741E-01	5.482E-01
1.706E-01	2.749E-01	-2.749E-01	5.499E-01
1.722E-01	2.757E-01	-2.757E-01	5.515E-01
1.738E-01	2.765E-01	-2.765E-01	5.531E-01
1.754E-01	2.773E-01	-2.773E-01	5.547E-01
1.770E-01	2.781E-01	-2.781E-01	5.563E-01
1.786E-01	2.789E-01	-2.789E-01	5.578E-01
1.803E-01	2.797E-01	-2.797E-01	5.594E-01
1.820E-01	2.805E-01	-2.805E-01	5.610E-01
1.837E-01	2.812E-01	-2.812E-01	5.625E-01
1.854E-01	2.820E-01	-2.820E-01	5.640E-01
1.871E-01	2.828E-01	-2.828E-01	5.655E-01
1.888E-01	2.835E-01	-2.835E-01	5.670E-01
1.905E-01	2.842E-01	-2.842E-01	5.685E-01
1.923E-01	2.850E-01	-2.850E-01	5.699E-01
1.941E-01	2.857E-01	-2.857E-01	5.714E-01
1.959E-01	2.864E-01	-2.864E-01	5.728E-01
1.977E-01	2.871E-01	-2.871E-01	5.742E-01
1.995E-01	2.878E-01	-2.878E-01	5.756E-01
2.014E-01	2.885E-01	-2.885E-01	5.770E-01
2.032E-01	2.892E-01	-2.892E-01	5.784E-01
2.051E-01	2.899E-01	-2.899E-01	5.797E-01
2.070E-01	2.905E-01	-2.905E-01	5.810E-01
2.089E-01	2.912E-01	-2.912E-01	5.823E-01
2.109E-01	2.918E-01	-2.918E-01	5.836E-01
2.128E-01	2.924E-01	-2.924E-01	5.849E-01
2.148E-01	2.930E-01	-2.930E-01	5.861E-01
2.168E-01	2.937E-01	-2.937E-01	5.873E-01
2.188E-01	2.943E-01	-2.943E-01	5.885E-01
2.208E-01	2.948E-01	-2.948E-01	5.897E-01
2.228E-01	2.954E-01	-2.954E-01	5.908E-01
2.249E-01	2.960E-01	-2.960E-01	5.920E-01
2.270E-01	2.965E-01	-2.965E-01	5.931E-01
2.291E-01	2.971E-01	-2.971E-01	5.941E-01
2.312E-01	2.976E-01	-2.976E-01	5.952E-01
2.333E-01	2.981E-01	-2.981E-01	5.962E-01
2.355E-01	2.986E-01	-2.986E-01	5.972E-01
2.377E-01	2.991E-01	-2.991E-01	5.982E-01
2.399E-01	2.996E-01	-2.996E-01	5.991E-01
2.421E-01	3.000E-01	-3.000E-01	6.000E-01
2.443E-01	3.005E-01	-3.005E-01	6.009E-01
2.466E-01	3.009E-01	-3.009E-01	6.018E-01
2.489E-01	3.013E-01	-3.013E-01	6.026E-01
2.512E-01	3.017E-01	-3.017E-01	6.034E-01
2.535E-01	3.021E-01	-3.021E-01	6.042E-01
2.559E-01	3.024E-01	-3.024E-01	6.049E-01
2.582E-01	3.028E-01	-3.028E-01	6.056E-01
2.606E-01	3.031E-01	-3.031E-01	6.063E-01
2.630E-01	3.034E-01	-3.034E-01	6.069E-01
2.655E-01	3.037E-01	-3.037E-01	6.075E-01
2.679E-01	3.040E-01	-3.040E-01	6.081E-01
2.704E-01	3.043E-01	-3.043E-01	6.086E-01
2.729E-01	3.045E-01	-3.045E-01	6.091E-01
2.754E-01	3.048E-01	-3.048E-01	6.095E-01
2.780E-01	3.050E-01	-3.050E-01	6.100E-01
2.805E-01	3.052E-01	-3.052E-01	6.103E-01
2.831E-01	3.053E-01	-3.053E-01	6.107E-01
2.858E-01	3.055E-01	-3.055E-01	6.110E-01
2.884E-01	3.056E-01	-3.056E-01	6.112E-01
2.911E-01	3.057E-01	-3.057E-01	6.115E-01
2.938E-01	3.058E-01	-3.058E-01	6.116E-01
2.965E-01	3.059E-01	-3.059E-01	6.118E-01
2.992E-01	3.059E-01	-3.059E-01	6.119E-01
3.020E-01	3.060E-01	-3.060E-01	6.119E-01
3.048E-01	3.060E-01	-3.060E-01	6.119E-01
3.076E-01	3.059E-01	-3.059E-01	6.119E-01
3.105E-01	3.059E-01	-3.059E-01	6.118E-01
3.133E-01	3.058E-01	-3.058E-01	6.116E-01
3.162E-01	3.057E-01	-3.057E-01	6.115E-01
3.192E-01	3.056E-01	-3.056E-01	6.112E-01
3.221E-01	3.055E-01	-3.055E-01	6.109E-01
3.251E-01	3.053E-01	-3.053E-01	6.106E-01
3.281E-01	3.051E-01	-3.051E-01	6.102E-01
3.311E-01	3.049E-01	-3.049E-01	6.098E-01
3.342E-01	3.046E-01	-3.046E-01	6.093E-01
3.373E-01	3.044E-01	-3.044E-01	6.088E-01
3.404E-01	3.041E-01	-3.041E-01	6.082E-01
3.436E-01	3.037E-01	-3.037E-01	6.075E-01
3.467E-01	3.034E-01	-3.034E-01	6.068E-01
3.499E-01	3.030E-01	-3.030E-01	6.060E-01
3.532E-01	3.026E-01	-3.026E-01	6.052E-01
3.565E-01	3.022E-01	-3.022E-01	6.043E-01
3.597E-01	3.017E-01	-3.017E-01	6.034E-01
3.631E-01	3.012E-01	-3.012E-01	6.024E-01
3.664E-01	3.007E-01	-3.007E-01	6.013E-01
3.698E-01	3.001E-01	-3.001E-01	6.002E-01
3.733E-01	2.995E-01	-2.995E-01	5.990E-01
3.767E-01	2.989E-01	-2.989E-01	5.977E-01
3.802E-01	2.982E-01	-2.982E-01	5.964E-01
3.837E-01	2.975E-01	-2.975E-01	5.950E-01
3.873E-01	2.968E-01	-2.968E-01	5.936E-01
3.908E-01	2.960E-01	-2.960E-01	5.921E-01
3.945E-01	2.952E-01	-2.952E-01	5.905E-01
3.981E-01	2.944E-01	-2.944E-01	5.888E-01
4.018E-01	2.935E-01	-2.935E-01	5.871E-01
4.055E-01	2.926E-01	-2.926E-01	5.853E-01
4.093E-01	2.917E-01	-2.917E-01	5.834E-01
4.130E-01	2.907E-01	-2.907E-01	5.815E-01
4.169E-01	2.897E-01	-2.897E-01	5.794E-01
4.207E-01	2.887E-01	-2.887E-01	5.773E-01
4.246E-01	2.876E-01	-2.876E-01	5.752E-01
4.285E-01	2.865E-01	-2.865E-01	5.729E-01
4.325E-01	2.853E-01	-2.853E-01	5.706E-01
4.365E-01	2.841E-01	-2.841E-01	5.682E-01
4.406E-01	2.828E-01	-2.828E-01	5.657E-01
4.446E-01	2.815E-01	-2.815E-01	5.631E-01
4.487E-01	2.802E-01	-2.802E-01	5.604E-01
4.529E-01	2.789E-01	-2.789E-01	5.577E-01
4.571E-01	2.774E-01	-2.774E-01	5.549E-01
4.613E-01	2.760E-01	-2.760E-01	5.520E-01
4.656E-01	2.745E-01	-2.745E-01	5.490E-01
4.699E-01	2.729E-01	-2.729E-01	5.459E-01
4.742E-01	2.713E-01	-2.713E-01	5.427E-01
4.786E-01	2.697E-01	-2.697E-01	5.394E-01
4.831E-01	2.680E-01	-2.680E-01	5.361E-01
4.875E-01	2.663E-01	-2.663E-01	5.326E-01
4.920E-01	2.645E-01	-2.645E-01	5.291E-01
4.966E-01	2.627E-01	-2.627E-01	5.254E-01
5.012E-01	2.609E-01	-2.609E-01	5.217E-01
5.058E-01	2.589E-01	-2.589E-01	5.179E-01
5.105E-01	2.570E-01	-2.570E-01	5.139E-01
5.152E-01	2.550E-01	-2.550E-01	5.099E-01
5.200E-01	2.529E-01	-2.529E-01	5.058E-01
5.248E-01	2.508E-01	-2.508E-01	5.015E-01
5.297E-01	2.486E-01	-2.486E-01	4.972E-01
5.346E-01	2.464E-01	-2.464E-01	4.928E-01
5.395E-01	2.441E-01	-2.441E-01	4.882E-01
5.445E-01	2.418E-01	-2.418E-01	4.836E-01
5.495E-01	2.394E-01	-2.394E-01	4.788E-01
5.546E-01	2.370E-01	-2.370E-01	4.740E-01
5.598E-01	2.345E-01	-2.345E-01	4.690E-01
5.649E-01	2.320E-01	-2.320E-01	4.639E-01
5.702E-01	2.294E-01	-2.294E-01	4.587E-01
5.754E-01	2.267E-01	-2.267E-01	4.534E-01
5.808E-01	2.240E-01	-2.240E-01	4.480E-01
5.861E-01	2.212E-01	-2.212E-01	4.425E-01
5.916E-01	2.184E-01	-2.184E-01	4.369E-01
5.970E-01	2.155E-01	-2.155E-01	4.311E-01
6.026E-01	2.126E-01	-2.126E-01	4.252E-01
6.081E-01	2.096E-01	-2.096E-01	4.192E-01
6.138E-01	2.066E-01	-2.066E-01	4.131E-01
6.194E-01	2.035E-01	-2.035E-01	4.069E-01
6.252E-01	2.003E-01	-2.003E-01	4.006E-01
6.310E-01	1.971E-01	-1.971E-01	3.941E-01
6.368E-01	1.938E-01	-1.938E-01	3.875E-01
6.427E-01	1.904E-01	-1.904E-01	3.808E-01
6.486E-01	1.870E-01	-1.870E-01	3.740E-01
6.546E-01	1.835E-01	-1.835E-01	3.671E-01
6.607E-01	1.800E-01	-1.800E-01	3.600E-01
6.668E-01	1.764E-01	-1.764E-01	3.528E-01
6.730E-01	1.728E-01	-1.728E-01	3.455E-01
6.792E-01	1.691E-01	-1.691E-01	3.381E-01
6.855E-01	1.653E-01	-1.653E-01	3.306E-01
6.918E-01	1.615E-01	-1.615E-01	3.229E-01
6.982E-01	1.576E-01	-1.576E-01	3.152E-01
7.047E-01	1.536E-01	-1.536E-01	3.073E-01
7.112E-01	1.496E-01	-1.496E-01	2.993E-01
7.178E-01	1.456E-01	-1.456E-01	2.912E-01
7.244E-01	1.415E-01	-1.415E-01	2.829E-01
7.311E-01	1.373E-01	-1.373E-01	2.746E-01
7.379E-01	1.331E-01	-1.331E-01	2.662E-01
7.447E-01	1.288E-01	-1.288E-01	2.576E-01
7.516E-01	1.245E-01	-1.245E-01	2.490E-01
7.586E-01	1.201E-01	-1.201E-01	2.403E-01
7.656E-01	1.157E-01	-1.157E-01	2.315E-01
7.727E-01	1.113E-01	-1.113E-01	2.226E-01
7.798E-01	1.068E-01	-1.068E-01	2.136E-01
7.870E-01	1.023E-01	-1.023E-01	2.045E-01
7.943E-01	9.771E-02	-9.771E-02	1.954E-01
8.017E-01	9.312E-02	-9.312E-02	1.862E-01
8.091E-01	8.851E-02	-8.851E-02	1.770E-01
8.166E-01	8.387E-02	-8.387E-02	1.677E-01
8.241E-01	7.922E-02	-7.922E-02	1.584E-01
8.318E-01	7.456E-02	-7.456E-02	1.491E-01
8.395E-01	6.990E-02	-6.990E-02	1.398E-01
8.472E-01	6.524E-02	-6.524E-02	1.305E-01
8.551E-01	6.060E-02	-6.060E-02	1.212E-01
8.630E-01	5.597E-02	-5.597E-02	1.119E-01
8.710E-01	5.138E-02	-5.138E-02	1.028E-01
8.790E-01	4.683E-02	-4.683E-02	9.367E-02
8.872E-01	4.234E-02	-4.234E-02	8.468E-02
8.954E-01	3.792E-02	-3.792E-02	7.583E-02
9.036E-01	3.358E-02	-3.358E-02	6.716E-02
9.120E-01	2.934E-02	-2.934E-02	5.868E-02
9.204E-01	2.523E-02	-2.523E-02	5.046E-02
9.290E-01	2.126E-02	-2.126E-02	4.252E-02
9.376E-01	1.747E-02	-1.747E-02	3.494E-02
9.462E-01	1.388E-02	-1.388E-02	2.777E-02
9.550E-01	1.054E-02	-1.054E-02	2.108E-02
9.638E-01	7.493E-03	-7.493E-03	1.499E-02
9.727E-01	4.797E-03	-4.797E-03	9.595E-03
9.817E-01	2.534E-03	-2.534E-03	5.067E-03
9.908E-01	8.397E-04	-8.397E-04	1.679E-03
