Q0 = 0.7 GeV	 Q = 5.2 GeV
x	 x*uv	 x*dv	 x*(uv-dv)
5.000E-04	3.936E-03	-3.936E-03	7.872E-03
1.500E-03	8.817E-03	-8.817E-03	1.763E-02
2.500E-03	1.291E-02	-1.291E-02	2.582E-02
3.500E-03	1.665E-02	-1.665E-02	3.330E-02
4.500E-03	2.016E-02	-2.016E-02	4.033E-02
5.500E-03	2.352E-02	-2.352E-02	4.704E-02
6.500E-03	2.676E-02	-2.676E-02	5.351E-02
7.500E-03	2.990E-02	-2.990E-02	5.979E-02
8.500E-03	3.296E-02	-3.296E-02	6.592E-02
9.500E-03	3.595E-02	-3.595E-02	7.190E-02
1.050E-02	3.889E-02	-3.889E-02	7.777E-02
1.150E-02	4.177E-02	-4.177E-02	8.354E-02
1.250E-02	4.461E-02	-4.461E-02	8.921E-02
1.350E-02	4.740E-02	-4.740E-02	9.481E-02
1.450E-02	5.016E-02	-5.016E-02	1.003E-01
1.550E-02	5.288E-02	-5.288E-02	1.058E-01
1.650E-02	5.557E-02	-5.557E-02	1.111E-01
1.750E-02	5.824E-02	-5.824E-02	1.165E-01
1.850E-02	6.087E-02	-6.087E-02	1.217E-01
1.950E-02	6.347E-02	-6.347E-02	1.269E-01
2.050E-02	6.606E-02	-6.606E-02	1.321E-01
2.150E-02	6.861E-02	-6.861E-02	1.372E-01
2.250E-02	7.115E-02	-7.115E-02	1.423E-01
2.350E-02	7.366E-02	-7.366E-02	1.473E-01
2.450E-02	7.615E-02	-7.615E-02	1.523E-01
2.550E-02	7.863E-02	-7.863E-02	1.573E-01
2.650E-02	8.108E-02	-8.108E-02	1.622E-01
2.750E-02	8.352E-02	-8.352E-02	1.670E-01
2.850E-02	8.594E-02	-8.594E-02	1.719E-01
2.950E-02	8.834E-02	-8.834E-02	1.767E-01
3.050E-02	9.072E-02	-9.072E-02	1.814E-01
3.150E-02	9.309E-02	-9.309E-02	1.862E-01
3.250E-02	9.544E-02	-9.544E-02	1.909E-01
3.350E-02	9.778E-02	-9.778E-02	1.956E-01
3.450E-02	1.001E-01	-1.001E-01	2.002E-01
3.550E-02	1.024E-01	-1.024E-01	2.048E-01
3.650E-02	1.047E-01	-1.047E-01	2.094E-01
3.750E-02	1.070E-01	-1.070E-01	2.140E-01
3.850E-02	1.092E-01	-1.092E-01	2.185E-01
3.950E-02	1.115E-01	-1.115E-01	2.230E-01
4.050E-02	1.137E-01	-1.137E-01	2.275E-01
4.150E-02	1.160E-01	-1.160E-01	2.319E-01
4.250E-02	1.182E-01	-1.182E-01	2.363E-01
4.350E-02	1.204E-01	-1.204E-01	2.407E-01
4.450E-02	1.226E-01	-1.226E-01	2.451E-01
4.550E-02	1.247E-01	-1.247E-01	2.495E-01
4.650E-02	1.269E-01	-1.269E-01	2.538E-01
4.750E-02	1.290E-01	-1.290E-01	2.581E-01
4.850E-02	1.312E-01	-1.312E-01	2.624E-01
4.950E-02	1.333E-01	-1.333E-01	2.666E-01
5.050E-02	1.354E-01	-1.354E-01	2.709E-01
5.150E-02	1.375E-01	-1.375E-01	2.751E-01
5.250E-02	1.396E-01	-1.396E-01	2.793E-01
5.350E-02	1.417E-01	-1.417E-01	2.834E-01
5.450E-02	1.438E-01	-1.438E-01	2.876E-01
5.550E-02	1.458E-01	-1.458E-01	2.917E-01
5.650E-02	1.479E-01	-1.479E-01	2.958E-01
5.750E-02	1.499E-01	-1.499E-01	2.999E-01
5.850E-02	1.520E-01	-1.520E-01	3.039E-01
5.950E-02	1.540E-01	-1.540E-01	3.080E-01
6.050E-02	1.560E-01	-1.560E-01	3.120E-01
6.150E-02	1.580E-01	-1.580E-01	3.160E-01
6.250E-02	1.600E-01	-1.600E-01	3.200E-01
6.350E-02	1.620E-01	-1.620E-01	3.239E-01
6.450E-02	1.639E-01	-1.639E-01	3.279E-01
6.550E-02	1.659E-01	-1.659E-01	3.318E-01
6.650E-02	1.678E-01	-1.678E-01	3.357E-01
6.750E-02	1.698E-01	-1.698E-01	3.395E-01
6.850E-02	1.717E-01	-1.717E-01	3.434E-01
6.950E-02	1.736E-01	-1.736E-01	3.472E-01
7.050E-02	1.755E-01	-1.755E-01	3.511E-01
7.150E-02	1.774E-01	-1.774E-01	3.549E-01
7.250E-02	1.793E-01	-1.793E-01	3.586E-01
7.350E-02	1.812E-01	-1.812E-01	3.624E-01
7.450E-02	1.831E-01	-1.831E-01	3.661E-01
7.550E-02	1.849E-01	-1.849E-01	3.699E-01
7.650E-02	1.868E-01	-1.868E-01	3.736E-01
7.750E-02	1.886E-01	-1.886E-01	3.773E-01
7.850E-02	1.905E-01	-1.905E-01	3.809E-01
7.950E-02	1.923E-01	-1.923E-01	3.846E-01
8.050E-02	1.941E-01	-1.941E-01	3.882E-01
8.150E-02	1.959E-01	-1.959E-01	3.918E-01
8.250E-02	1.977E-01	-1.977E-01	3.954E-01
8.350E-02	1.995E-01	-1.995E-01	3.990E-01
8.450E-02	2.013E-01	-2.013E-01	4.025E-01
8.550E-02	2.030E-01	-2.030E-01	4.061E-01
8.650E-02	2.048E-01	-2.048E-01	4.096E-01
8.750E-02	2.066E-01	-2.066E-01	4.131E-01
8.850E-02	2.083E-01	-2.083E-01	4.166E-01
8.950E-02	2.100E-01	-2.100E-01	4.201E-01
9.050E-02	2.118E-01	-2.118E-01	4.235E-01
9.150E-02	2.135E-01	-2.135E-01	4.270E-01
9.250E-02	2.152E-01	-2.152E-01	4.304E-01
9.350E-02	2.169E-01	-2.169E-01	4.338E-01
9.450E-02	2.186E-01	-2.186E-01	4.372E-01
9.550E-02	2.203E-01	-2.203E-01	4.405E-01
9.650E-02	2.219E-01	-2.219E-01	4.439E-01
9.750E-02	2.236E-01	-2.236E-01	4.472E-01
9.850E-02	2.253E-01	-2.253E-01	4.505E-01
9.950E-02	2.269E-01	-2.269E-01	4.538E-01
1.005E-01	2.286E-01	-2.286E-01	4.571E-01
1.015E-01	2.302E-01	-2.302E-01	4.604E-01
1.025E-01	2.318E-01	-2.318E-01	4.636E-01
1.035E-01	2.334E-01	-2.334E-01	4.669E-01
1.045E-01	2.350E-01	-2.350E-01	4.701E-01
1.055E-01	2.366E-01	-2.366E-01	4.733E-01
1.065E-01	2.382E-01	-2.382E-01	4.765E-01
1.075E-01	2.398E-01	-2.398E-01	4.796E-01
1.085E-01	2.414E-01	-2.414E-01	4.828E-01
1.095E-01	2.430E-01	-2.430E-01	4.859E-01
1.105E-01	2.445E-01	-2.445E-01	4.890E-01
1.115E-01	2.461E-01	-2.461E-01	4.921E-01
1.125E-01	2.476E-01	-2.476E-01	4.952E-01
1.135E-01	2.491E-01	-2.491E-01	4.983E-01
1.145E-01	2.507E-01	-2.507E-01	5.013E-01
1.155E-01	2.522E-01	-2.522E-01	5.044E-01
1.165E-01	2.537E-01	-2.537E-01	5.074E-01
1.175E-01	2.552E-01	-2.552E-01	5.104E-01
1.185E-01	2.567E-01	-2.567E-01	5.134E-01
1.195E-01	2.582E-01	-2.582E-01	5.163E-01
1.205E-01	2.596E-01	-2.596E-01	5.193E-01
1.215E-01	2.611E-01	-2.611E-01	5.222E-01
1.225E-01	2.626E-01	-2.626E-01	5.252E-01
1.235E-01	2.640E-01	-2.640E-01	5.281E-01
1.245E-01	2.655E-01	-2.655E-01	5.310E-01
1.255E-01	2.669E-01	-2.669E-01	5.338E-01
1.265E-01	2.684E-01	-2.684E-01	5.367E-01
1.275E-01	2.698E-01	-2.698E-01	5.396E-01
1.285E-01	2.712E-01	-2.712E-01	5.424E-01
1.295E-01	2.726E-01	-2.726E-01	5.452E-01
1.305E-01	2.740E-01	-2.740E-01	5.480E-01
1.315E-01	2.754E-01	-2.754E-01	5.508E-01
1.325E-01	2.768E-01	-2.768E-01	5.536E-01
1.335E-01	2.782E-01	-2.782E-01	5.563E-01
1.345E-01	2.795E-01	-2.795E-01	5.590E-01
1.355E-01	2.809E-01	-2.809E-01	5.618E-01
1.365E-01	2.822E-01	-2.822E-01	5.645E-01
1.375E-01	2.836E-01	-2.836E-01	5.672E-01
1.385E-01	2.849E-01	-2.849E-01	5.698E-01
1.395E-01	2.863E-01	-2.863E-01	5.725E-01
1.405E-01	2.876E-01	-2.876E-01	5.752E-01
1.415E-01	2.889E-01	-2.889E-01	5.778E-01
1.425E-01	2.902E-01	-2.902E-01	5.804E-01
1.435E-01	2.915E-01	-2.915E-01	5.830E-01
1.445E-01	2.928E-01	-2.928E-01	5.856E-01
1.455E-01	2.941E-01	-2.941E-01	5.882E-01
1.465E-01	2.954E-01	-2.954E-01	5.907E-01
1.475E-01	2.966E-01	-2.966E-01	5.933E-01
1.485E-01	2.979E-01	-2.979E-01	5.958E-01
1.495E-01	2.991E-01	-2.991E-01	5.983E-01
1.505E-01	3.004E-01	-3.004E-01	6.008E-01
1.515E-01	3.016E-01	-3.016E-01	6.033E-01
1.525E-01	3.029E-01	-3.029E-01	6.057E-01
1.535E-01	3.041E-01	-3.041E-01	6.082E-01
1.545E-01	3.053E-01	-3.053E-01	6.106E-01
1.555E-01	3.065E-01	-3.065E-01	6.131E-01
1.565E-01	3.077E-01	-3.077E-01	6.155E-01
1.575E-01	3.089E-01	-3.089E-01	6.179E-01
1.585E-01	3.101E-01	-3.101E-01	6.202E-01
1.595E-01	3.113E-01	-3.113E-01	6.226E-01
1.605E-01	3.125E-01	-3.125E-01	6.250E-01
1.615E-01	3.137E-01	-3.137E-01	6.273E-01
1.625E-01	3.148E-01	-3.148E-01	6.296E-01
1.635E-01	3.160E-01	-3.160E-01	6.319E-01
1.645E-01	3.171E-01	-3.171E-01	6.342E-01
1.655E-01	3.183E-01	-3.183E-01	6.365E-01
1.665E-01	3.194E-01	-3.194E-01	6.388E-01
1.675E-01	3.205E-01	-3.205E-01	6.410E-01
1.685E-01	3.216E-01	-3.216E-01	6.433E-01
1.695E-01	3.227E-01	-3.227E-01	6.455E-01
1.705E-01	3.238E-01	-3.238E-01	6.477E-01
1.715E-01	3.249E-01	-3.249E-01	6.499E-01
1.725E-01	3.260E-01	-3.260E-01	6.521E-01
1.735E-01	3.271E-01	-3.271E-01	6.542E-01
1.745E-01	3.282E-01	-3.282E-01	6.564E-01
1.755E-01	3.293E-01	-3.293E-01	6.585E-01
1.765E-01	3.303E-01	-3.303E-01	6.606E-01
1.775E-01	3.314E-01	-3.314E-01	6.627E-01
1.785E-01	3.324E-01	-3.324E-01	6.648E-01
1.795E-01	3.335E-01	-3.335E-01	6.669E-01
1.805E-01	3.345E-01	-3.345E-01	6.690E-01
1.815E-01	3.355E-01	-3.355E-01	6.710E-01
1.825E-01	3.365E-01	-3.365E-01	6.731E-01
1.835E-01	3.376E-01	-3.376E-01	6.751E-01
1.845E-01	3.386E-01	-3.386E-01	6.771E-01
1.855E-01	3.396E-01	-3.396E-01	6.791E-01
1.865E-01	3.406E-01	-3.406E-01	6.811E-01
1.875E-01	3.415E-01	-3.415E-01	6.831E-01
1.885E-01	3.425E-01	-3.425E-01	6.850E-01
1.895E-01	3.435E-01	-3.435E-01	6.870E-01
1.905E-01	3.445E-01	-3.445E-01	6.889E-01
1.915E-01	3.454E-01	-3.454E-01	6.908E-01
1.925E-01	3.464E-01	-3.464E-01	6.927E-01
1.935E-01	3.473E-01	-3.473E-01	6.946E-01
1.945E-01	3.483E-01	-3.483E-01	6.965E-01
1.955E-01	3.492E-01	-3.492E-01	6.984E-01
1.965E-01	3.501E-01	-3.501E-01	7.002E-01
1.975E-01	3.510E-01	-3.510E-01	7.021E-01
1.985E-01	3.519E-01	-3.519E-01	7.039E-01
1.995E-01	3.528E-01	-3.528E-01	7.057E-01
2.005E-01	3.537E-01	-3.537E-01	7.075E-01
2.015E-01	3.546E-01	-3.546E-01	7.093E-01
2.025E-01	3.555E-01	-3.555E-01	7.110E-01
2.035E-01	3.564E-01	-3.564E-01	7.128E-01
2.045E-01	3.573E-01	-3.573E-01	7.145E-01
2.055E-01	3.581E-01	-3.581E-01	7.163E-01
2.065E-01	3.590E-01	-3.590E-01	7.180E-01
2.075E-01	3.598E-01	-3.598E-01	7.197E-01
2.085E-01	3.607E-01	-3.607E-01	7.214E-01
2.095E-01	3.615E-01	-3.615E-01	7.231E-01
2.105E-01	3.624E-01	-3.624E-01	7.247E-01
2.115E-01	3.632E-01	-3.632E-01	7.264E-01
2.125E-01	3.640E-01	-3.640E-01	7.280E-01
2.135E-01	3.648E-01	-3.648E-01	7.296E-01
2.145E-01	3.656E-01	-3.656E-01	7.312E-01
2.155E-01	3.664E-01	-3.664E-01	7.328E-01
2.165E-01	3.672E-01	-3.672E-01	7.344E-01
2.175E-01	3.680E-01	-3.680E-01	7.360E-01
2.185E-01	3.688E-01	-3.688E-01	7.376E-01
2.195E-01	3.696E-01	-3.696E-01	7.391E-01
2.205E-01	3.703E-01	-3.703E-01	7.406E-01
2.215E-01	3.711E-01	-3.711E-01	7.422E-01
2.225E-01	3.718E-01	-3.718E-01	7.437E-01
2.235E-01	3.726E-01	-3.726E-01	7.452E-01
2.245E-01	3.733E-01	-3.733E-01	7.467E-01
2.255E-01	3.741E-01	-3.741E-01	7.481E-01
2.265E-01	3.748E-01	-3.748E-01	7.496E-01
2.275E-01	3.755E-01	-3.755E-01	7.510E-01
2.285E-01	3.762E-01	-3.762E-01	7.525E-01
2.295E-01	3.769E-01	-3.769E-01	7.539E-01
2.305E-01	3.776E-01	-3.776E-01	7.553E-01
2.315E-01	3.783E-01	-3.783E-01	7.567E-01
2.325E-01	3.790E-01	-3.790E-01	7.581E-01
2.335E-01	3.797E-01	-3.797E-01	7.594E-01
2.345E-01	3.804E-01	-3.804E-01	7.608E-01
2.355E-01	3.811E-01	-3.811E-01	7.621E-01
2.365E-01	3.817E-01	-3.817E-01	7.635E-01
2.375E-01	3.824E-01	-3.824E-01	7.648E-01
2.385E-01	3.831E-01	-3.831E-01	7.661E-01
2.395E-01	3.837E-01	-3.837E-01	7.674E-01
2.405E-01	3.843E-01	-3.843E-01	7.687E-01
2.415E-01	3.850E-01	-3.850E-01	7.700E-01
2.425E-01	3.856E-01	-3.856E-01	7.712E-01
2.435E-01	3.862E-01	-3.862E-01	7.725E-01
2.445E-01	3.868E-01	-3.868E-01	7.737E-01
2.455E-01	3.875E-01	-3.875E-01	7.749E-01
2.465E-01	3.881E-01	-3.881E-01	7.761E-01
2.475E-01	3.887E-01	-3.887E-01	7.773E-01
2.485E-01	3.893E-01	-3.893E-01	7.785E-01
2.495E-01	3.898E-01	-3.898E-01	7.797E-01
2.505E-01	3.904E-01	-3.904E-01	7.808E-01
2.515E-01	3.910E-01	-3.910E-01	7.820E-01
2.525E-01	3.916E-01	-3.916E-01	7.831E-01
2.535E-01	3.921E-01	-3.921E-01	7.843E-01
2.545E-01	3.927E-01	-3.927E-01	7.854E-01
2.555E-01	3.932E-01	-3.932E-01	7.865E-01
2.565E-01	3.938E-01	-3.938E-01	7.876E-01
2.575E-01	3.943E-01	-3.943E-01	7.886E-01
2.585E-01	3.949E-01	-3.949E-01	7.897E-01
2.595E-01	3.954E-01	-3.954E-01	7.908E-01
2.605E-01	3.959E-01	-3.959E-01	7.918E-01
2.615E-01	3.964E-01	-3.964E-01	7.928E-01
2.625E-01	3.969E-01	-3.969E-01	7.938E-01
2.635E-01	3.974E-01	-3.974E-01	7.949E-01
2.645E-01	3.979E-01	-3.979E-01	7.958E-01
2.655E-01	3.984E-01	-3.984E-01	7.968E-01
2.665E-01	3.989E-01	-3.989E-01	7.978E-01
2.675E-01	3.994E-01	-3.994E-01	7.988E-01
2.685E-01	3.999E-01	-3.999E-01	7.997E-01
2.695E-01	4.003E-01	-4.003E-01	8.006E-01
2.705E-01	4.008E-01	-4.008E-01	8.016E-01
2.715E-01	4.012E-01	-4.012E-01	8.025E-01
2.725E-01	4.017E-01	-4.017E-01	8.034E-01
2.735E-01	4.021E-01	-4.021E-01	8.043E-01
2.745E-01	4.026E-01	-4.026E-01	8.052E-01
2.755E-01	4.030E-01	-4.030E-01	8.060E-01
2.765E-01	4.034E-01	-4.034E-01	8.069E-01
2.775E-01	4.039E-01	-4.039E-01	8.077E-01
2.785E-01	4.043E-01	-4.043E-01	8.086E-01
2.795E-01	4.047E-01	-4.047E-01	8.094E-01
2.805E-01	4.051E-01	-4.051E-01	8.102E-01
2.815E-01	4.055E-01	-4.055E-01	8.110E-01
2.825E-01	4.059E-01	-4.059E-01	8.118E-01
2.835E-01	4.063E-01	-4.063E-01	8.126E-01
2.845E-01	4.067E-01	-4.067E-01	8.133E-01
2.855E-01	4.070E-01	-4.070E-01	8.141E-01
2.865E-01	4.074E-01	-4.074E-01	8.148E-01
2.875E-01	4.078E-01	-4.078E-01	8.155E-01
2.885E-01	4.081E-01	-4.081E-01	8.163E-01
2.895E-01	4.085E-01	-4.085E-01	8.170E-01
2.905E-01	4.088E-01	-4.088E-01	8.177E-01
2.915E-01	4.092E-01	-4.092E-01	8.184E-01
2.925E-01	4.095E-01	-4.095E-01	8.190E-01
2.935E-01	4.099E-01	-4.099E-01	8.197E-01
2.945E-01	4.102E-01	-4.102E-01	8.204E-01
2.955E-01	4.105E-01	-4.105E-01	8.210E-01
2.965E-01	4.108E-01	-4.108E-01	8.216E-01
2.975E-01	4.111E-01	-4.111E-01	8.223E-01
2.985E-01	4.114E-01	-4.114E-01	8.229E-01
2.995E-01	4.117E-01	-4.117E-01	8.235E-01
3.005E-01	4.120E-01	-4.120E-01	8.241E-01
3.015E-01	4.123E-01	-4.123E-01	8.246E-01
3.025E-01	4.126E-01	-4.126E-01	8.252E-01
3.035E-01	4.129E-01	-4.129E-01	8.258E-01
3.045E-01	4.131E-01	-4.131E-01	8.263E-01
3.055E-01	4.134E-01	-4.134E-01	8.268E-01
3.065E-01	4.137E-01	-4.137E-01	8.274E-01
3.075E-01	4.139E-01	-4.139E-01	8.279E-01
3.085E-01	4.142E-01	-4.142E-01	8.284E-01
3.095E-01	4.144E-01	-4.144E-01	8.289E-01
3.105E-01	4.147E-01	-4.147E-01	8.293E-01
3.115E-01	4.149E-01	-4.149E-01	8.298E-01
3.125E-01	4.151E-01	-4.151E-01	8.303E-01
3.135E-01	4.154E-01	-4.154E-01	8.307E-01
3.145E-01	4.156E-01	-4.156E-01	8.312E-01
3.155E-01	4.158E-01	-4.158E-01	8.316E-01
3.165E-01	4.160E-01	-4.160E-01	8.320E-01
3.175E-01	4.162E-01	-4.162E-01	8.324E-01
3.185E-01	4.164E-01	-4.164E-01	8.328E-01
3.195E-01	4.166E-01	-4.166E-01	8.332E-01
3.205E-01	4.168E-01	-4.168E-01	8.336E-01
3.215E-01	4.170E-01	-4.170E-01	8.339E-01
3.225E-01	4.171E-01	-4.171E-01	8.343E-01
3.235E-01	4.173E-01	-4.173E-01	8.346E-01
3.245E-01	4.175E-01	-4.175E-01	8.350E-01
3.255E-01	4.176E-01	-4.176E-01	8.353E-01
3.265E-01	4.178E-01	-4.178E-01	8.356E-01
3.275E-01	4.180E-01	-4.180E-01	8.359E-01
3.285E-01	4.181E-01	-4.181E-01	8.362E-01
3.295E-01	4.182E-01	-4.182E-01	8.365E-01
3.305E-01	4.184E-01	-4.184E-01	8.368E-01
3.315E-01	4.185E-01	-4.185E-01	8.370E-01
3.325E-01	4.186E-01	-4.186E-01	8.373E-01
3.335E-01	4.188E-01	-4.188E-01	8.375E-01
3.345E-01	4.189E-01	-4.189E-01	8.378E-01
3.355E-01	4.190E-01	-4.190E-01	8.380E-01
3.365E-01	4.191E-01	-4.191E-01	8.382E-01
3.375E-01	4.192E-01	-4.192E-01	8.384E-01
3.385E-01	4.193E-01	-4.193E-01	8.386E-01
3.395E-01	4.194E-01	-4.194E-01	8.388E-01
3.405E-01	4.195E-01	-4.195E-01	8.389E-01
3.415E-01	4.196E-01	-4.196E-01	8.391E-01
3.425E-01	4.196E-01	-4.196E-01	8.393E-01
3.435E-01	4.197E-01	-4.197E-01	8.394E-01
3.445E-01	4.198E-01	-4.198E-01	8.395E-01
3.455E-01	4.198E-01	-4.198E-01	8.397E-01
3.465E-01	4.199E-01	-4.199E-01	8.398E-01
3.475E-01	4.199E-01	-4.199E-01	8.399E-01
3.485E-01	4.200E-01	-4.200E-01	8.400E-01
3.495E-01	4.200E-01	-4.200E-01	8.401E-01
3.505E-01	4.201E-01	-4.201E-01	8.401E-01
3.515E-01	4.201E-01	-4.201E-01	8.402E-01
3.525E-01	4.201E-01	-4.201E-01	8.402E-01
3.535E-01	4.201E-01	-4.201E-01	8.403E-01
3.545E-01	4.202E-01	-4.202E-01	8.403E-01
3.555E-01	4.202E-01	-4.202E-01	8.404E-01
3.565E-01	4.202E-01	-4.202E-01	8.404E-01
3.575E-01	4.202E-01	-4.202E-01	8.404E-01
3.585E-01	4.202E-01	-4.202E-01	8.404E-01
3.595E-01	4.202E-01	-4.202E-01	8.404E-01
3.605E-01	4.202E-01	-4.202E-01	8.403E-01
3.615E-01	4.202E-01	-4.202E-01	8.403E-01
3.625E-01	4.201E-01	-4.201E-01	8.403E-01
3.635E-01	4.201E-01	-4.201E-01	8.402E-01
3.645E-01	4.201E-01	-4.201E-01	8.402E-01
3.655E-01	4.200E-01	-4.200E-01	8.401E-01
3.665E-01	4.200E-01	-4.200E-01	8.400E-01
3.675E-01	4.200E-01	-4.200E-01	8.399E-01
3.685E-01	4.199E-01	-4.199E-01	8.398E-01
3.695E-01	4.199E-01	-4.199E-01	8.397E-01
3.705E-01	4.198E-01	-4.198E-01	8.396E-01
3.715E-01	4.197E-01	-4.197E-01	8.395E-01
3.725E-01	4.197E-01	-4.197E-01	8.394E-01
3.735E-01	4.196E-01	-4.196E-01	8.392E-01
3.745E-01	4.195E-01	-4.195E-01	8.391E-01
3.755E-01	4.195E-01	-4.195E-01	8.389E-01
3.765E-01	4.194E-01	-4.194E-01	8.387E-01
3.775E-01	4.193E-01	-4.193E-01	8.386E-01
3.785E-01	4.192E-01	-4.192E-01	8.384E-01
3.795E-01	4.191E-01	-4.191E-01	8.382E-01
3.805E-01	4.190E-01	-4.190E-01	8.380E-01
3.815E-01	4.189E-01	-4.189E-01	8.378E-01
3.825E-01	4.188E-01	-4.188E-01	8.375E-01
3.835E-01	4.186E-01	-4.186E-01	8.373E-01
3.845E-01	4.185E-01	-4.185E-01	8.371E-01
3.855E-01	4.184E-01	-4.184E-01	8.368E-01
3.865E-01	4.183E-01	-4.183E-01	8.365E-01
3.875E-01	4.181E-01	-4.181E-01	8.363E-01
3.885E-01	4.180E-01	-4.180E-01	8.360E-01
3.895E-01	4.179E-01	-4.179E-01	8.357E-01
3.905E-01	4.177E-01	-4.177E-01	8.354E-01
3.915E-01	4.176E-01	-4.176E-01	8.351E-01
3.925E-01	4.174E-01	-4.174E-01	8.348E-01
3.935E-01	4.172E-01	-4.172E-01	8.345E-01
3.945E-01	4.171E-01	-4.171E-01	8.342E-01
3.955E-01	4.169E-01	-4.169E-01	8.338E-01
3.965E-01	4.167E-01	-4.167E-01	8.335E-01
3.975E-01	4.166E-01	-4.166E-01	8.331E-01
3.985E-01	4.164E-01	-4.164E-01	8.327E-01
3.995E-01	4.162E-01	-4.162E-01	8.324E-01
4.005E-01	4.160E-01	-4.160E-01	8.320E-01
4.015E-01	4.158E-01	-4.158E-01	8.316E-01
4.025E-01	4.156E-01	-4.156E-01	8.312E-01
4.035E-01	4.154E-01	-4.154E-01	8.308E-01
4.045E-01	4.152E-01	-4.152E-01	8.304E-01
4.055E-01	4.150E-01	-4.150E-01	8.300E-01
4.065E-01	4.148E-01	-4.148E-01	8.295E-01
4.075E-01	4.145E-01	-4.145E-01	8.291E-01
4.085E-01	4.143E-01	-4.143E-01	8.286E-01
4.095E-01	4.141E-01	-4.141E-01	8.282E-01
4.105E-01	4.139E-01	-4.139E-01	8.277E-01
4.115E-01	4.136E-01	-4.136E-01	8.272E-01
4.125E-01	4.134E-01	-4.134E-01	8.268E-01
4.135E-01	4.131E-01	-4.131E-01	8.263E-01
4.145E-01	4.129E-01	-4.129E-01	8.258E-01
4.155E-01	4.126E-01	-4.126E-01	8.253E-01
4.165E-01	4.124E-01	-4.124E-01	8.248E-01
4.175E-01	4.121E-01	-4.121E-01	8.242E-01
4.185E-01	4.119E-01	-4.119E-01	8.237E-01
4.195E-01	4.116E-01	-4.116E-01	8.232E-01
4.205E-01	4.113E-01	-4.113E-01	8.226E-01
4.215E-01	4.110E-01	-4.110E-01	8.221E-01
4.225E-01	4.107E-01	-4.107E-01	8.215E-01
4.235E-01	4.105E-01	-4.105E-01	8.209E-01
4.245E-01	4.102E-01	-4.102E-01	8.203E-01
4.255E-01	4.099E-01	-4.099E-01	8.198E-01
4.265E-01	4.096E-01	-4.096E-01	8.192E-01
4.275E-01	4.093E-01	-4.093E-01	8.186E-01
4.285E-01	4.090E-01	-4.090E-01	8.179E-01
4.295E-01	4.087E-01	-4.087E-01	8.173E-01
4.305E-01	4.084E-01	-4.084E-01	8.167E-01
4.315E-01	4.080E-01	-4.080E-01	8.161E-01
4.325E-01	4.077E-01	-4.077E-01	8.154E-01
4.335E-01	4.074E-01	-4.074E-01	8.148E-01
4.345E-01	4.071E-01	-4.071E-01	8.141E-01
4.355E-01	4.067E-01	-4.067E-01	8.135E-01
4.365E-01	4.064E-01	-4.064E-01	8.128E-01
4.375E-01	4.060E-01	-4.060E-01	8.121E-01
4.385E-01	4.057E-01	-4.057E-01	8.114E-01
4.395E-01	4.054E-01	-4.054E-01	8.107E-01
4.405E-01	4.050E-01	-4.050E-01	8.100E-01
4.415E-01	4.046E-01	-4.046E-01	8.093E-01
4.425E-01	4.043E-01	-4.043E-01	8.086E-01
4.435E-01	4.039E-01	-4.039E-01	8.078E-01
4.445E-01	4.036E-01	-4.036E-01	8.071E-01
4.455E-01	4.032E-01	-4.032E-01	8.064E-01
4.465E-01	4.028E-01	-4.028E-01	8.056E-01
4.475E-01	4.024E-01	-4.024E-01	8.049E-01
4.485E-01	4.021E-01	-4.021E-01	8.041E-01
4.495E-01	4.017E-01	-4.017E-01	8.033E-01
4.505E-01	4.013E-01	-4.013E-01	8.025E-01
4.515E-01	4.009E-01	-4.009E-01	8.018E-01
4.525E-01	4.005E-01	-4.005E-01	8.010E-01
4.535E-01	4.001E-01	-4.001E-01	8.002E-01
4.545E-01	3.997E-01	-3.997E-01	7.994E-01
4.555E-01	3.993E-01	-3.993E-01	7.985E-01
4.565E-01	3.989E-01	-3.989E-01	7.977E-01
4.575E-01	3.984E-01	-3.984E-01	7.969E-01
4.585E-01	3.980E-01	-3.980E-01	7.961E-01
4.595E-01	3.976E-01	-3.976E-01	7.952E-01
4.605E-01	3.972E-01	-3.972E-01	7.944E-01
4.615E-01	3.967E-01	-3.967E-01	7.935E-01
4.625E-01	3.963E-01	-3.963E-01	7.926E-01
4.635E-01	3.959E-01	-3.959E-01	7.918E-01
4.645E-01	3.954E-01	-3.954E-01	7.909E-01
4.655E-01	3.950E-01	-3.950E-01	7.900E-01
4.665E-01	3.945E-01	-3.945E-01	7.891E-01
4.675E-01	3.941E-01	-3.941E-01	7.882E-01
4.685E-01	3.936E-01	-3.936E-01	7.873E-01
4.695E-01	3.932E-01	-3.932E-01	7.864E-01
4.705E-01	3.927E-01	-3.927E-01	7.854E-01
4.715E-01	3.923E-01	-3.923E-01	7.845E-01
4.725E-01	3.918E-01	-3.918E-01	7.836E-01
4.735E-01	3.913E-01	-3.913E-01	7.826E-01
4.745E-01	3.908E-01	-3.908E-01	7.817E-01
4.755E-01	3.904E-01	-3.904E-01	7.807E-01
4.765E-01	3.899E-01	-3.899E-01	7.798E-01
4.775E-01	3.894E-01	-3.894E-01	7.788E-01
4.785E-01	3.889E-01	-3.889E-01	7.778E-01
4.795E-01	3.884E-01	-3.884E-01	7.768E-01
4.805E-01	3.879E-01	-3.879E-01	7.759E-01
4.815E-01	3.874E-01	-3.874E-01	7.749E-01
4.825E-01	3.869E-01	-3.869E-01	7.738E-01
4.835E-01	3.864E-01	-3.864E-01	7.728E-01
4.845E-01	3.859E-01	-3.859E-01	7.718E-01
4.855E-01	3.854E-01	-3.854E-01	7.708E-01
4.865E-01	3.849E-01	-3.849E-01	7.698E-01
4.875E-01	3.844E-01	-3.844E-01	7.687E-01
4.885E-01	3.838E-01	-3.838E-01	7.677E-01
4.895E-01	3.833E-01	-3.833E-01	7.666E-01
4.905E-01	3.828E-01	-3.828E-01	7.656E-01
4.915E-01	3.823E-01	-3.823E-01	7.645E-01
4.925E-01	3.817E-01	-3.817E-01	7.635E-01
4.935E-01	3.812E-01	-3.812E-01	7.624E-01
4.945E-01	3.806E-01	-3.806E-01	7.613E-01
4.955E-01	3.801E-01	-3.801E-01	7.602E-01
4.965E-01	3.796E-01	-3.796E-01	7.591E-01
4.975E-01	3.790E-01	-3.790E-01	7.580E-01
4.985E-01	3.785E-01	-3.785E-01	7.569E-01
4.995E-01	3.779E-01	-3.779E-01	7.558E-01
5.005E-01	3.773E-01	-3.773E-01	7.547E-01
5.015E-01	3.768E-01	-3.768E-01	7.535E-01
5.025E-01	3.762E-01	-3.762E-01	7.524E-01
5.035E-01	3.756E-01	-3.756E-01	7.513E-01
5.045E-01	3.751E-01	-3.751E-01	7.501E-01
5.055E-01	3.745E-01	-3.745E-01	7.490E-01
5.065E-01	3.739E-01	-3.739E-01	7.478E-01
5.075E-01	3.733E-01	-3.733E-01	7.467E-01
5.085E-01	3.727E-01	-3.727E-01	7.455E-01
5.095E-01	3.722E-01	-3.722E-01	7.443E-01
5.105E-01	3.716E-01	-3.716E-01	7.431E-01
5.115E-01	3.710E-01	-3.710E-01	7.420E-01
5.125E-01	3.704E-01	-3.704E-01	7.408E-01
5.135E-01	3.698E-01	-3.698E-01	7.396E-01
5.145E-01	3.692E-01	-3.692E-01	7.384E-01
5.155E-01	3.686E-01	-3.686E-01	7.372E-01
5.165E-01	3.680E-01	-3.680E-01	7.359E-01
5.175E-01	3.674E-01	-3.674E-01	7.347E-01
5.185E-01	3.667E-01	-3.667E-01	7.335E-01
5.195E-01	3.661E-01	-3.661E-01	7.323E-01
5.205E-01	3.655E-01	-3.655E-01	7.310E-01
5.215E-01	3.649E-01	-3.649E-01	7.298E-01
5.225E-01	3.643E-01	-3.643E-01	7.285E-01
5.235E-01	3.636E-01	-3.636E-01	7.273E-01
5.245E-01	3.630E-01	-3.630E-01	7.260E-01
5.255E-01	3.624E-01	-3.624E-01	7.247E-01
5.265E-01	3.617E-01	-3.617E-01	7.235E-01
5.275E-01	3.611E-01	-3.611E-01	7.222E-01
5.285E-01	3.604E-01	-3.604E-01	7.209E-01
5.295E-01	3.598E-01	-3.598E-01	7.196E-01
5.305E-01	3.592E-01	-3.592E-01	7.183E-01
5.315E-01	3.585E-01	-3.585E-01	7.170E-01
5.325E-01	3.579E-01	-3.579E-01	7.157E-01
5.335E-01	3.572E-01	-3.572E-01	7.144E-01
5.345E-01	3.565E-01	-3.565E-01	7.131E-01
5.355E-01	3.559E-01	-3.559E-01	7.117E-01
5.365E-01	3.552E-01	-3.552E-01	7.104E-01
5.375E-01	3.545E-01	-3.545E-01	7.091E-01
5.385E-01	3.539E-01	-3.539E-01	7.077E-01
5.395E-01	3.532E-01	-3.532E-01	7.064E-01
5.405E-01	3.525E-01	-3.525E-01	7.051E-01
5.415E-01	3.519E-01	-3.519E-01	7.037E-01
5.425E-01	3.512E-01	-3.512E-01	7.023E-01
5.435E-01	3.505E-01	-3.505E-01	7.010E-01
5.445E-01	3.498E-01	-3.498E-01	6.996E-01
5.455E-01	3.491E-01	-3.491E-01	6.982E-01
5.465E-01	3.484E-01	-3.484E-01	6.968E-01
5.475E-01	3.477E-01	-3.477E-01	6.955E-01
5.485E-01	3.470E-01	-3.470E-01	6.941E-01
5.495E-01	3.463E-01	-3.463E-01	6.927E-01
5.505E-01	3.456E-01	-3.456E-01	6.913E-01
5.515E-01	3.449E-01	-3.449E-01	6.899E-01
5.525E-01	3.442E-01	-3.442E-01	6.885E-01
5.535E-01	3.435E-01	-3.435E-01	6.870E-01
5.545E-01	3.428E-01	-3.428E-01	6.856E-01
5.555E-01	3.421E-01	-3.421E-01	6.842E-01
5.565E-01	3.414E-01	-3.414E-01	6.828E-01
5.575E-01	3.407E-01	-3.407E-01	6.813E-01
5.585E-01	3.399E-01	-3.399E-01	6.799E-01
5.595E-01	3.392E-01	-3.392E-01	6.784E-01
5.605E-01	3.385E-01	-3.385E-01	6.770E-01
5.615E-01	3.378E-01	-3.378E-01	6.755E-01
5.625E-01	3.370E-01	-3.370E-01	6.741E-01
5.635E-01	3.363E-01	-3.363E-01	6.726E-01
5.645E-01	3.356E-01	-3.356E-01	6.711E-01
5.655E-01	3.348E-01	-3.348E-01	6.697E-01
5.665E-01	3.341E-01	-3.341E-01	6.682E-01
5.675E-01	3.334E-01	-3.334E-01	6.667E-01
5.685E-01	3.326E-01	-3.326E-01	6.652E-01
5.695E-01	3.319E-01	-3.319E-01	6.637E-01
5.705E-01	3.311E-01	-3.311E-01	6.622E-01
5.715E-01	3.304E-01	-3.304E-01	6.607E-01
5.725E-01	3.296E-01	-3.296E-01	6.592E-01
5.735E-01	3.289E-01	-3.289E-01	6.577E-01
5.745E-01	3.281E-01	-3.281E-01	6.562E-01
5.755E-01	3.273E-01	-3.273E-01	6.547E-01
5.765E-01	3.266E-01	-3.266E-01	6.532E-01
5.775E-01	3.258E-01	-3.258E-01	6.516E-01
5.785E-01	3.250E-01	-3.250E-01	6.501E-01
5.795E-01	3.243E-01	-3.243E-01	6.486E-01
5.805E-01	3.235E-01	-3.235E-01	6.470E-01
5.815E-01	3.227E-01	-3.227E-01	6.455E-01
5.825E-01	3.220E-01	-3.220E-01	6.439E-01
5.835E-01	3.212E-01	-3.212E-01	6.424E-01
5.845E-01	3.204E-01	-3.204E-01	6.408E-01
5.855E-01	3.196E-01	-3.196E-01	6.392E-01
5.865E-01	3.188E-01	-3.188E-01	6.377E-01
5.875E-01	3.181E-01	-3.181E-01	6.361E-01
5.885E-01	3.173E-01	-3.173E-01	6.345E-01
5.895E-01	3.165E-01	-3.165E-01	6.330E-01
5.905E-01	3.157E-01	-3.157E-01	6.314E-01
5.915E-01	3.149E-01	-3.149E-01	6.298E-01
5.925E-01	3.141E-01	-3.141E-01	6.282E-01
5.935E-01	3.133E-01	-3.133E-01	6.266E-01
5.945E-01	3.125E-01	-3.125E-01	6.250E-01
5.955E-01	3.117E-01	-3.117E-01	6.234E-01
5.965E-01	3.109E-01	-3.109E-01	6.218E-01
5.975E-01	3.101E-01	-3.101E-01	6.202E-01
5.985E-01	3.093E-01	-3.093E-01	6.186E-01
5.995E-01	3.085E-01	-3.085E-01	6.169E-01
6.005E-01	3.077E-01	-3.077E-01	6.153E-01
6.015E-01	3.068E-01	-3.068E-01	6.137E-01
6.025E-01	3.060E-01	-3.060E-01	6.121E-01
6.035E-01	3.052E-01	-3.052E-01	6.104E-01
6.045E-01	3.044E-01	-3.044E-01	6.088E-01
6.055E-01	3.036E-01	-3.036E-01	6.072E-01
6.065E-01	3.028E-01	-3.028E-01	6.055E-01
6.075E-01	3.019E-01	-3.019E-01	6.039E-01
6.085E-01	3.011E-01	-3.011E-01	6.022E-01
6.095E-01	3.003E-01	-3.003E-01	6.006E-01
6.105E-01	2.994E-01	-2.994E-01	5.989E-01
6.115E-01	2.986E-01	-2.986E-01	5.972E-01
6.125E-01	2.978E-01	-2.978E-01	5.956E-01
6.135E-01	2.969E-01	-2.969E-01	5.939E-01
6.145E-01	2.961E-01	-2.961E-01	5.922E-01
6.155E-01	2.953E-01	-2.953E-01	5.905E-01
6.165E-01	2.944E-01	-2.944E-01	5.889E-01
6.175E-01	2.936E-01	-2.936E-01	5.872E-01
6.185E-01	2.927E-01	-2.927E-01	5.855E-01
6.195E-01	2.919E-01	-2.919E-01	5.838E-01
6.205E-01	2.911E-01	-2.911E-01	5.821E-01
6.215E-01	2.902E-01	-2.902E-01	5.804E-01
6.225E-01	2.894E-01	-2.894E-01	5.787E-01
6.235E-01	2.885E-01	-2.885E-01	5.770E-01
6.245E-01	2.877E-01	-2.877E-01	5.753E-01
6.255E-01	2.868E-01	-2.868E-01	5.736E-01
6.265E-01	2.859E-01	-2.859E-01	5.719E-01
6.275E-01	2.851E-01	-2.851E-01	5.702E-01
6.285E-01	2.842E-01	-2.842E-01	5.684E-01
6.295E-01	2.834E-01	-2.834E-01	5.667E-01
6.305E-01	2.825E-01	-2.825E-01	5.650E-01
6.315E-01	2.816E-01	-2.816E-01	5.633E-01
6.325E-01	2.808E-01	-2.808E-01	5.615E-01
6.335E-01	2.799E-01	-2.799E-01	5.598E-01
6.345E-01	2.790E-01	-2.790E-01	5.581E-01
6.355E-01	2.782E-01	-2.782E-01	5.563E-01
6.365E-01	2.773E-01	-2.773E-01	5.546E-01
6.375E-01	2.764E-01	-2.764E-01	5.528E-01
6.385E-01	2.755E-01	-2.755E-01	5.511E-01
6.395E-01	2.747E-01	-2.747E-01	5.493E-01
6.405E-01	2.738E-01	-2.738E-01	5.476E-01
6.415E-01	2.729E-01	-2.729E-01	5.458E-01
6.425E-01	2.720E-01	-2.720E-01	5.441E-01
6.435E-01	2.712E-01	-2.712E-01	5.423E-01
6.445E-01	2.703E-01	-2.703E-01	5.405E-01
6.455E-01	2.694E-01	-2.694E-01	5.388E-01
6.465E-01	2.685E-01	-2.685E-01	5.370E-01
6.475E-01	2.676E-01	-2.676E-01	5.352E-01
6.485E-01	2.667E-01	-2.667E-01	5.335E-01
6.495E-01	2.658E-01	-2.658E-01	5.317E-01
6.505E-01	2.649E-01	-2.649E-01	5.299E-01
6.515E-01	2.641E-01	-2.641E-01	5.281E-01
6.525E-01	2.632E-01	-2.632E-01	5.263E-01
6.535E-01	2.623E-01	-2.623E-01	5.245E-01
6.545E-01	2.614E-01	-2.614E-01	5.227E-01
6.555E-01	2.605E-01	-2.605E-01	5.209E-01
6.565E-01	2.596E-01	-2.596E-01	5.192E-01
6.575E-01	2.587E-01	-2.587E-01	5.174E-01
6.585E-01	2.578E-01	-2.578E-01	5.156E-01
6.595E-01	2.569E-01	-2.569E-01	5.138E-01
6.605E-01	2.560E-01	-2.560E-01	5.119E-01
6.615E-01	2.551E-01	-2.551E-01	5.101E-01
6.625E-01	2.542E-01	-2.542E-01	5.083E-01
6.635E-01	2.533E-01	-2.533E-01	5.065E-01
6.645E-01	2.524E-01	-2.524E-01	5.047E-01
6.655E-01	2.514E-01	-2.514E-01	5.029E-01
6.665E-01	2.505E-01	-2.505E-01	5.011E-01
6.675E-01	2.496E-01	-2.496E-01	4.993E-01
6.685E-01	2.487E-01	-2.487E-01	4.974E-01
6.695E-01	2.478E-01	-2.478E-01	4.956E-01
6.705E-01	2.469E-01	-2.469E-01	4.938E-01
6.715E-01	2.460E-01	-2.460E-01	4.920E-01
6.725E-01	2.451E-01	-2.451E-01	4.901E-01
6.735E-01	2.441E-01	-2.441E-01	4.883E-01
6.745E-01	2.432E-01	-2.432E-01	4.865E-01
6.755E-01	2.423E-01	-2.423E-01	4.846E-01
6.765E-01	2.414E-01	-2.414E-01	4.828E-01
6.775E-01	2.405E-01	-2.405E-01	4.809E-01
6.785E-01	2.396E-01	-2.396E-01	4.791E-01
6.795E-01	2.386E-01	-2.386E-01	4.773E-01
6.805E-01	2.377E-01	-2.377E-01	4.754E-01
6.815E-01	2.368E-01	-2.368E-01	4.736E-01
6.825E-01	2.359E-01	-2.359E-01	4.717E-01
6.835E-01	2.349E-01	-2.349E-01	4.699E-01
6.845E-01	2.340E-01	-2.340E-01	4.680E-01
6.855E-01	2.331E-01	-2.331E-01	4.662E-01
6.865E-01	2.322E-01	-2.322E-01	4.643E-01
6.875E-01	2.312E-01	-2.312E-01	4.625E-01
6.885E-01	2.303E-01	-2.303E-01	4.606E-01
6.895E-01	2.294E-01	-2.294E-01	4.588E-01
6.905E-01	2.284E-01	-2.284E-01	4.569E-01
6.915E-01	2.275E-01	-2.275E-01	4.550E-01
6.925E-01	2.266E-01	-2.266E-01	4.532E-01
6.935E-01	2.257E-01	-2.257E-01	4.513E-01
6.945E-01	2.247E-01	-2.247E-01	4.494E-01
6.955E-01	2.238E-01	-2.238E-01	4.476E-01
6.965E-01	2.229E-01	-2.229E-01	4.457E-01
6.975E-01	2.219E-01	-2.219E-01	4.438E-01
6.985E-01	2.210E-01	-2.210E-01	4.420E-01
6.995E-01	2.200E-01	-2.200E-01	4.401E-01
7.005E-01	2.191E-01	-2.191E-01	4.382E-01
7.015E-01	2.182E-01	-2.182E-01	4.363E-01
7.025E-01	2.172E-01	-2.172E-01	4.345E-01
7.035E-01	2.163E-01	-2.163E-01	4.326E-01
7.045E-01	2.154E-01	-2.154E-01	4.307E-01
7.055E-01	2.144E-01	-2.144E-01	4.288E-01
7.065E-01	2.135E-01	-2.135E-01	4.270E-01
7.075E-01	2.125E-01	-2.125E-01	4.251E-01
7.085E-01	2.116E-01	-2.116E-01	4.232E-01
7.095E-01	2.107E-01	-2.107E-01	4.213E-01
7.105E-01	2.097E-01	-2.097E-01	4.194E-01
7.115E-01	2.088E-01	-2.088E-01	4.176E-01
7.125E-01	2.078E-01	-2.078E-01	4.157E-01
7.135E-01	2.069E-01	-2.069E-01	4.138E-01
7.145E-01	2.060E-01	-2.060E-01	4.119E-01
7.155E-01	2.050E-01	-2.050E-01	4.100E-01
7.165E-01	2.041E-01	-2.041E-01	4.081E-01
7.175E-01	2.031E-01	-2.031E-01	4.062E-01
7.185E-01	2.022E-01	-2.022E-01	4.044E-01
7.195E-01	2.012E-01	-2.012E-01	4.025E-01
7.205E-01	2.003E-01	-2.003E-01	4.006E-01
7.215E-01	1.993E-01	-1.993E-01	3.987E-01
7.225E-01	1.984E-01	-1.984E-01	3.968E-01
7.235E-01	1.975E-01	-1.975E-01	3.949E-01
7.245E-01	1.965E-01	-1.965E-01	3.930E-01
7.255E-01	1.956E-01	-1.956E-01	3.911E-01
7.265E-01	1.946E-01	-1.946E-01	3.892E-01
7.275E-01	1.937E-01	-1.937E-01	3.873E-01
7.285E-01	1.927E-01	-1.927E-01	3.855E-01
7.295E-01	1.918E-01	-1.918E-01	3.836E-01
7.305E-01	1.908E-01	-1.908E-01	3.817E-01
7.315E-01	1.899E-01	-1.899E-01	3.798E-01
7.325E-01	1.889E-01	-1.889E-01	3.779E-01
7.335E-01	1.880E-01	-1.880E-01	3.760E-01
7.345E-01	1.870E-01	-1.870E-01	3.741E-01
7.355E-01	1.861E-01	-1.861E-01	3.722E-01
7.365E-01	1.852E-01	-1.852E-01	3.703E-01
7.375E-01	1.842E-01	-1.842E-01	3.684E-01
7.385E-01	1.833E-01	-1.833E-01	3.665E-01
7.395E-01	1.823E-01	-1.823E-01	3.646E-01
7.405E-01	1.814E-01	-1.814E-01	3.627E-01
7.415E-01	1.804E-01	-1.804E-01	3.608E-01
7.425E-01	1.795E-01	-1.795E-01	3.589E-01
7.435E-01	1.785E-01	-1.785E-01	3.571E-01
7.445E-01	1.776E-01	-1.776E-01	3.552E-01
7.455E-01	1.766E-01	-1.766E-01	3.533E-01
7.465E-01	1.757E-01	-1.757E-01	3.514E-01
7.475E-01	1.747E-01	-1.747E-01	3.495E-01
7.485E-01	1.738E-01	-1.738E-01	3.476E-01
7.495E-01	1.729E-01	-1.729E-01	3.457E-01
7.505E-01	1.719E-01	-1.719E-01	3.438E-01
7.515E-01	1.710E-01	-1.710E-01	3.419E-01
7.525E-01	1.700E-01	-1.700E-01	3.400E-01
7.535E-01	1.691E-01	-1.691E-01	3.381E-01
7.545E-01	1.681E-01	-1.681E-01	3.363E-01
7.555E-01	1.672E-01	-1.672E-01	3.344E-01
7.565E-01	1.662E-01	-1.662E-01	3.325E-01
7.575E-01	1.653E-01	-1.653E-01	3.306E-01
7.585E-01	1.644E-01	-1.644E-01	3.287E-01
7.595E-01	1.634E-01	-1.634E-01	3.268E-01
7.605E-01	1.625E-01	-1.625E-01	3.249E-01
7.615E-01	1.615E-01	-1.615E-01	3.231E-01
7.625E-01	1.606E-01	-1.606E-01	3.212E-01
7.635E-01	1.596E-01	-1.596E-01	3.193E-01
7.645E-01	1.587E-01	-1.587E-01	3.174E-01
7.655E-01	1.578E-01	-1.578E-01	3.155E-01
7.665E-01	1.568E-01	-1.568E-01	3.136E-01
7.675E-01	1.559E-01	-1.559E-01	3.118E-01
7.685E-01	1.549E-01	-1.549E-01	3.099E-01
7.695E-01	1.540E-01	-1.540E-01	3.080E-01
7.705E-01	1.531E-01	-1.531E-01	3.061E-01
7.715E-01	1.521E-01	-1.521E-01	3.043E-01
7.725E-01	1.512E-01	-1.512E-01	3.024E-01
7.735E-01	1.503E-01	-1.503E-01	3.005E-01
7.745E-01	1.493E-01	-1.493E-01	2.986E-01
7.755E-01	1.484E-01	-1.484E-01	2.968E-01
7.765E-01	1.475E-01	-1.475E-01	2.949E-01
7.775E-01	1.465E-01	-1.465E-01	2.930E-01
7.785E-01	1.456E-01	-1.456E-01	2.912E-01
7.795E-01	1.447E-01	-1.447E-01	2.893E-01
7.805E-01	1.437E-01	-1.437E-01	2.874E-01
7.815E-01	1.428E-01	-1.428E-01	2.856E-01
7.825E-01	1.419E-01	-1.419E-01	2.837E-01
7.835E-01	1.409E-01	-1.409E-01	2.819E-01
7.845E-01	1.400E-01	-1.400E-01	2.800E-01
7.855E-01	1.391E-01	-1.391E-01	2.782E-01
7.865E-01	1.381E-01	-1.381E-01	2.763E-01
7.875E-01	1.372E-01	-1.372E-01	2.744E-01
7.885E-01	1.363E-01	-1.363E-01	2.726E-01
7.895E-01	1.354E-01	-1.354E-01	2.707E-01
7.905E-01	1.345E-01	-1.345E-01	2.689E-01
7.915E-01	1.335E-01	-1.335E-01	2.671E-01
7.925E-01	1.326E-01	-1.326E-01	2.652E-01
7.935E-01	1.317E-01	-1.317E-01	2.634E-01
7.945E-01	1.308E-01	-1.308E-01	2.615E-01
7.955E-01	1.298E-01	-1.298E-01	2.597E-01
7.965E-01	1.289E-01	-1.289E-01	2.579E-01
7.975E-01	1.280E-01	-1.280E-01	2.560E-01
7.985E-01	1.271E-01	-1.271E-01	2.542E-01
7.995E-01	1.262E-01	-1.262E-01	2.524E-01
8.005E-01	1.253E-01	-1.253E-01	2.505E-01
8.015E-01	1.244E-01	-1.244E-01	2.487E-01
8.025E-01	1.234E-01	-1.234E-01	2.469E-01
8.035E-01	1.225E-01	-1.225E-01	2.451E-01
8.045E-01	1.216E-01	-1.216E-01	2.433E-01
8.055E-01	1.207E-01	-1.207E-01	2.414E-01
8.065E-01	1.198E-01	-1.198E-01	2.396E-01
8.075E-01	1.189E-01	-1.189E-01	2.378E-01
8.085E-01	1.180E-01	-1.180E-01	2.360E-01
8.095E-01	1.171E-01	-1.171E-01	2.342E-01
8.105E-01	1.162E-01	-1.162E-01	2.324E-01
8.115E-01	1.153E-01	-1.153E-01	2.306E-01
8.125E-01	1.144E-01	-1.144E-01	2.288E-01
8.135E-01	1.135E-01	-1.135E-01	2.270E-01
8.145E-01	1.126E-01	-1.126E-01	2.252E-01
8.155E-01	1.117E-01	-1.117E-01	2.234E-01
8.165E-01	1.108E-01	-1.108E-01	2.216E-01
8.175E-01	1.099E-01	-1.099E-01	2.199E-01
8.185E-01	1.090E-01	-1.090E-01	2.181E-01
8.195E-01	1.081E-01	-1.081E-01	2.163E-01
8.205E-01	1.073E-01	-1.073E-01	2.145E-01
8.215E-01	1.064E-01	-1.064E-01	2.128E-01
8.225E-01	1.055E-01	-1.055E-01	2.110E-01
8.235E-01	1.046E-01	-1.046E-01	2.092E-01
8.245E-01	1.037E-01	-1.037E-01	2.075E-01
8.255E-01	1.028E-01	-1.028E-01	2.057E-01
8.265E-01	1.020E-01	-1.020E-01	2.039E-01
8.275E-01	1.011E-01	-1.011E-01	2.022E-01
8.285E-01	1.002E-01	-1.002E-01	2.004E-01
8.295E-01	9.934E-02	-9.934E-02	1.987E-01
8.305E-01	9.847E-02	-9.847E-02	1.969E-01
8.315E-01	9.760E-02	-9.760E-02	1.952E-01
8.325E-01	9.673E-02	-9.673E-02	1.935E-01
8.335E-01	9.587E-02	-9.587E-02	1.917E-01
8.345E-01	9.500E-02	-9.500E-02	1.900E-01
8.355E-01	9.414E-02	-9.414E-02	1.883E-01
8.365E-01	9.328E-02	-9.328E-02	1.866E-01
8.375E-01	9.242E-02	-9.242E-02	1.848E-01
8.385E-01	9.156E-02	-9.156E-02	1.831E-01
8.395E-01	9.071E-02	-9.071E-02	1.814E-01
8.405E-01	8.985E-02	-8.985E-02	1.797E-01
8.415E-01	8.900E-02	-8.900E-02	1.780E-01
8.425E-01	8.815E-02	-8.815E-02	1.763E-01
8.435E-01	8.731E-02	-8.731E-02	1.746E-01
8.445E-01	8.646E-02	-8.646E-02	1.729E-01
8.455E-01	8.562E-02	-8.562E-02	1.712E-01
8.465E-01	8.477E-02	-8.477E-02	1.695E-01
8.475E-01	8.394E-02	-8.394E-02	1.679E-01
8.485E-01	8.310E-02	-8.310E-02	1.662E-01
8.495E-01	8.226E-02	-8.226E-02	1.645E-01
8.505E-01	8.143E-02	-8.143E-02	1.629E-01
8.515E-01	8.060E-02	-8.060E-02	1.612E-01
8.525E-01	7.977E-02	-7.977E-02	1.595E-01
8.535E-01	7.894E-02	-7.894E-02	1.579E-01
8.545E-01	7.812E-02	-7.812E-02	1.562E-01
8.555E-01	7.730E-02	-7.730E-02	1.546E-01
8.565E-01	7.648E-02	-7.648E-02	1.530E-01
8.575E-01	7.566E-02	-7.566E-02	1.513E-01
8.585E-01	7.484E-02	-7.484E-02	1.497E-01
8.595E-01	7.403E-02	-7.403E-02	1.481E-01
8.605E-01	7.322E-02	-7.322E-02	1.464E-01
8.615E-01	7.241E-02	-7.241E-02	1.448E-01
8.625E-01	7.161E-02	-7.161E-02	1.432E-01
8.635E-01	7.081E-02	-7.081E-02	1.416E-01
8.645E-01	7.000E-02	-7.000E-02	1.400E-01
8.655E-01	6.921E-02	-6.921E-02	1.384E-01
8.665E-01	6.841E-02	-6.841E-02	1.368E-01
8.675E-01	6.762E-02	-6.762E-02	1.352E-01
8.685E-01	6.683E-02	-6.683E-02	1.337E-01
8.695E-01	6.604E-02	-6.604E-02	1.321E-01
8.705E-01	6.526E-02	-6.526E-02	1.305E-01
8.715E-01	6.447E-02	-6.447E-02	1.289E-01
8.725E-01	6.369E-02	-6.369E-02	1.274E-01
8.735E-01	6.292E-02	-6.292E-02	1.258E-01
8.745E-01	6.214E-02	-6.214E-02	1.243E-01
8.755E-01	6.137E-02	-6.137E-02	1.227E-01
8.765E-01	6.060E-02	-6.060E-02	1.212E-01
8.775E-01	5.984E-02	-5.984E-02	1.197E-01
8.785E-01	5.907E-02	-5.907E-02	1.181E-01
8.795E-01	5.831E-02	-5.831E-02	1.166E-01
8.805E-01	5.756E-02	-5.756E-02	1.151E-01
8.815E-01	5.680E-02	-5.680E-02	1.136E-01
8.825E-01	5.605E-02	-5.605E-02	1.121E-01
8.835E-01	5.530E-02	-5.530E-02	1.106E-01
8.845E-01	5.456E-02	-5.456E-02	1.091E-01
8.855E-01	5.382E-02	-5.382E-02	1.076E-01
8.865E-01	5.308E-02	-5.308E-02	1.062E-01
8.875E-01	5.234E-02	-5.234E-02	1.047E-01
8.885E-01	5.161E-02	-5.161E-02	1.032E-01
8.895E-01	5.088E-02	-5.088E-02	1.018E-01
8.905E-01	5.015E-02	-5.015E-02	1.003E-01
8.915E-01	4.943E-02	-4.943E-02	9.886E-02
8.925E-01	4.871E-02	-4.871E-02	9.742E-02
8.935E-01	4.799E-02	-4.799E-02	9.599E-02
8.945E-01	4.728E-02	-4.728E-02	9.456E-02
8.955E-01	4.657E-02	-4.657E-02	9.314E-02
8.965E-01	4.587E-02	-4.587E-02	9.173E-02
8.975E-01	4.516E-02	-4.516E-02	9.033E-02
8.985E-01	4.446E-02	-4.446E-02	8.893E-02
8.995E-01	4.377E-02	-4.377E-02	8.753E-02
9.005E-01	4.308E-02	-4.308E-02	8.615E-02
9.015E-01	4.239E-02	-4.239E-02	8.477E-02
9.025E-01	4.170E-02	-4.170E-02	8.340E-02
9.035E-01	4.102E-02	-4.102E-02	8.204E-02
9.045E-01	4.034E-02	-4.034E-02	8.068E-02
9.055E-01	3.967E-02	-3.967E-02	7.934E-02
9.065E-01	3.900E-02	-3.900E-02	7.799E-02
9.075E-01	3.833E-02	-3.833E-02	7.666E-02
9.085E-01	3.767E-02	-3.767E-02	7.534E-02
9.095E-01	3.701E-02	-3.701E-02	7.402E-02
9.105E-01	3.635E-02	-3.635E-02	7.271E-02
9.115E-01	3.570E-02	-3.570E-02	7.140E-02
9.125E-01	3.506E-02	-3.506E-02	7.011E-02
9.135E-01	3.441E-02	-3.441E-02	6.882E-02
9.145E-01	3.377E-02	-3.377E-02	6.755E-02
9.155E-01	3.314E-02	-3.314E-02	6.628E-02
9.165E-01	3.251E-02	-3.251E-02	6.501E-02
9.175E-01	3.188E-02	-3.188E-02	6.376E-02
9.185E-01	3.126E-02	-3.126E-02	6.251E-02
9.195E-01	3.064E-02	-3.064E-02	6.128E-02
9.205E-01	3.002E-02	-3.002E-02	6.005E-02
9.215E-01	2.941E-02	-2.941E-02	5.883E-02
9.225E-01	2.881E-02	-2.881E-02	5.762E-02
9.235E-01	2.821E-02	-2.821E-02	5.641E-02
9.245E-01	2.761E-02	-2.761E-02	5.522E-02
9.255E-01	2.702E-02	-2.702E-02	5.404E-02
9.265E-01	2.643E-02	-2.643E-02	5.286E-02
9.275E-01	2.585E-02	-2.585E-02	5.169E-02
9.285E-01	2.527E-02	-2.527E-02	5.054E-02
9.295E-01	2.469E-02	-2.469E-02	4.939E-02
9.305E-01	2.413E-02	-2.413E-02	4.825E-02
9.315E-01	2.356E-02	-2.356E-02	4.712E-02
9.325E-01	2.300E-02	-2.300E-02	4.600E-02
9.335E-01	2.245E-02	-2.245E-02	4.489E-02
9.345E-01	2.190E-02	-2.190E-02	4.379E-02
9.355E-01	2.135E-02	-2.135E-02	4.270E-02
9.365E-01	2.081E-02	-2.081E-02	4.162E-02
9.375E-01	2.027E-02	-2.027E-02	4.055E-02
9.385E-01	1.974E-02	-1.974E-02	3.949E-02
9.395E-01	1.922E-02	-1.922E-02	3.844E-02
9.405E-01	1.870E-02	-1.870E-02	3.740E-02
9.415E-01	1.819E-02	-1.819E-02	3.637E-02
9.425E-01	1.768E-02	-1.768E-02	3.535E-02
9.435E-01	1.717E-02	-1.717E-02	3.434E-02
9.445E-01	1.667E-02	-1.667E-02	3.335E-02
9.455E-01	1.618E-02	-1.618E-02	3.236E-02
9.465E-01	1.569E-02	-1.569E-02	3.138E-02
9.475E-01	1.521E-02	-1.521E-02	3.042E-02
9.485E-01	1.473E-02	-1.473E-02	2.947E-02
9.495E-01	1.426E-02	-1.426E-02	2.853E-02
9.505E-01	1.380E-02	-1.380E-02	2.760E-02
9.515E-01	1.334E-02	-1.334E-02	2.668E-02
9.525E-01	1.289E-02	-1.289E-02	2.577E-02
9.535E-01	1.244E-02	-1.244E-02	2.488E-02
9.545E-01	1.200E-02	-1.200E-02	2.399E-02
9.555E-01	1.156E-02	-1.156E-02	2.312E-02
9.565E-01	1.113E-02	-1.113E-02	2.226E-02
9.575E-01	1.071E-02	-1.071E-02	2.142E-02
9.585E-01	1.029E-02	-1.029E-02	2.058E-02
9.595E-01	9.881E-03	-9.881E-03	1.976E-02
9.605E-01	9.477E-03	-9.477E-03	1.895E-02
9.615E-01	9.080E-03	-9.080E-03	1.816E-02
9.625E-01	8.689E-03	-8.689E-03	1.738E-02
9.635E-01	8.305E-03	-8.305E-03	1.661E-02
9.645E-01	7.927E-03	-7.927E-03	1.585E-02
9.655E-01	7.556E-03	-7.556E-03	1.511E-02
9.665E-01	7.193E-03	-7.193E-03	1.439E-02
9.675E-01	6.836E-03	-6.836E-03	1.367E-02
9.685E-01	6.487E-03	-6.487E-03	1.297E-02
9.695E-01	6.144E-03	-6.144E-03	1.229E-02
9.705E-01	5.808E-03	-5.808E-03	1.162E-02
9.715E-01	5.481E-03	-5.481E-03	1.096E-02
9.725E-01	5.162E-03	-5.162E-03	1.032E-02
9.735E-01	4.849E-03	-4.849E-03	9.699E-03
9.745E-01	4.544E-03	-4.544E-03	9.088E-03
9.755E-01	4.246E-03	-4.246E-03	8.492E-03
9.765E-01	3.957E-03	-3.957E-03	7.915E-03
9.775E-01	3.679E-03	-3.679E-03	7.358E-03
9.785E-01	3.407E-03	-3.407E-03	6.815E-03
9.795E-01	3.142E-03	-3.142E-03	6.283E-03
9.805E-01	2.884E-03	-2.884E-03	5.768E-03
9.815E-01	2.637E-03	-2.637E-03	5.273E-03
9.825E-01	2.403E-03	-2.403E-03	4.806E-03
9.835E-01	2.178E-03	-2.178E-03	4.356E-03
9.845E-01	1.956E-03	-1.956E-03	3.912E-03
9.855E-01	1.742E-03	-1.742E-03	3.483E-03
9.865E-01	1.539E-03	-1.539E-03	3.078E-03
9.875E-01	1.352E-03	-1.352E-03	2.704E-03
9.885E-01	1.180E-03	-1.180E-03	2.361E-03
9.895E-01	1.012E-03	-1.012E-03	2.024E-03
9.905E-01	8.473E-04	-8.473E-04	1.695E-03
9.915E-01	6.930E-04	-6.930E-04	1.386E-03
9.925E-01	5.556E-04	-5.556E-04	1.111E-03
9.935E-01	4.410E-04	-4.410E-04	8.819E-04
9.945E-01	3.394E-04	-3.394E-04	6.788E-04
9.955E-01	2.401E-04	-2.401E-04	4.801E-04
9.965E-01	1.495E-04	-1.495E-04	2.989E-04
9.975E-01	7.487E-05	-7.487E-05	1.497E-04
9.985E-01	2.382E-05	-2.382E-05	4.764E-05
9.995E-01	9.391E-07	-9.391E-07	1.878E-06
