Q0 = 0.907 GeV	 Q = 5.200 GeV
x	 x*uv	 x*dv	 x*(uv-dv)
1.000E-04	7.946E-03	-7.946E-03	1.589E-02
1.009E-04	7.982E-03	-7.982E-03	1.596E-02
1.019E-04	8.018E-03	-8.018E-03	1.604E-02
1.028E-04	8.055E-03	-8.055E-03	1.611E-02
1.038E-04	8.091E-03	-8.091E-03	1.618E-02
1.047E-04	8.128E-03	-8.128E-03	1.626E-02
1.057E-04	8.164E-03	-8.164E-03	1.633E-02
1.067E-04	8.201E-03	-8.201E-03	1.640E-02
1.076E-04	8.238E-03	-8.238E-03	1.648E-02
1.086E-04	8.275E-03	-8.275E-03	1.655E-02
1.096E-04	8.313E-03	-8.313E-03	1.663E-02
1.107E-04	8.350E-03	-8.350E-03	1.670E-02
1.117E-04	8.388E-03	-8.388E-03	1.678E-02
1.127E-04	8.426E-03	-8.426E-03	1.685E-02
1.138E-04	8.464E-03	-8.464E-03	1.693E-02
1.148E-04	8.502E-03	-8.502E-03	1.700E-02
1.159E-04	8.540E-03	-8.540E-03	1.708E-02
1.169E-04	8.579E-03	-8.579E-03	1.716E-02
1.180E-04	8.618E-03	-8.618E-03	1.724E-02
1.191E-04	8.657E-03	-8.657E-03	1.731E-02
1.202E-04	8.696E-03	-8.696E-03	1.739E-02
1.213E-04	8.735E-03	-8.735E-03	1.747E-02
1.225E-04	8.774E-03	-8.774E-03	1.755E-02
1.236E-04	8.814E-03	-8.814E-03	1.763E-02
1.247E-04	8.854E-03	-8.854E-03	1.771E-02
1.259E-04	8.894E-03	-8.894E-03	1.779E-02
1.271E-04	8.934E-03	-8.934E-03	1.787E-02
1.282E-04	8.974E-03	-8.974E-03	1.795E-02
1.294E-04	9.015E-03	-9.015E-03	1.803E-02
1.306E-04	9.055E-03	-9.055E-03	1.811E-02
1.318E-04	9.096E-03	-9.096E-03	1.819E-02
1.330E-04	9.137E-03	-9.137E-03	1.827E-02
1.343E-04	9.178E-03	-9.178E-03	1.836E-02
1.355E-04	9.220E-03	-9.220E-03	1.844E-02
1.368E-04	9.262E-03	-9.262E-03	1.852E-02
1.380E-04	9.303E-03	-9.303E-03	1.861E-02
1.393E-04	9.345E-03	-9.345E-03	1.869E-02
1.406E-04	9.387E-03	-9.387E-03	1.877E-02
1.419E-04	9.430E-03	-9.430E-03	1.886E-02
1.432E-04	9.472E-03	-9.472E-03	1.894E-02
1.445E-04	9.515E-03	-9.515E-03	1.903E-02
1.459E-04	9.558E-03	-9.558E-03	1.912E-02
1.472E-04	9.601E-03	-9.601E-03	1.920E-02
1.486E-04	9.644E-03	-9.644E-03	1.929E-02
1.500E-04	9.688E-03	-9.688E-03	1.938E-02
1.514E-04	9.732E-03	-9.732E-03	1.946E-02
1.528E-04	9.776E-03	-9.776E-03	1.955E-02
1.542E-04	9.820E-03	-9.820E-03	1.964E-02
1.556E-04	9.864E-03	-9.864E-03	1.973E-02
1.570E-04	9.908E-03	-9.908E-03	1.982E-02
1.585E-04	9.953E-03	-9.953E-03	1.991E-02
1.600E-04	9.998E-03	-9.998E-03	2.000E-02
1.614E-04	1.004E-02	-1.004E-02	2.009E-02
1.629E-04	1.009E-02	-1.009E-02	2.018E-02
1.644E-04	1.013E-02	-1.013E-02	2.027E-02
1.660E-04	1.018E-02	-1.018E-02	2.036E-02
1.675E-04	1.023E-02	-1.023E-02	2.045E-02
1.690E-04	1.027E-02	-1.027E-02	2.054E-02
1.706E-04	1.032E-02	-1.032E-02	2.064E-02
1.722E-04	1.036E-02	-1.036E-02	2.073E-02
1.738E-04	1.041E-02	-1.041E-02	2.082E-02
1.754E-04	1.046E-02	-1.046E-02	2.092E-02
1.770E-04	1.051E-02	-1.051E-02	2.101E-02
1.786E-04	1.055E-02	-1.055E-02	2.111E-02
1.803E-04	1.060E-02	-1.060E-02	2.120E-02
1.820E-04	1.065E-02	-1.065E-02	2.130E-02
1.837E-04	1.070E-02	-1.070E-02	2.139E-02
1.854E-04	1.074E-02	-1.074E-02	2.149E-02
1.871E-04	1.079E-02	-1.079E-02	2.159E-02
1.888E-04	1.084E-02	-1.084E-02	2.168E-02
1.905E-04	1.089E-02	-1.089E-02	2.178E-02
1.923E-04	1.094E-02	-1.094E-02	2.188E-02
1.941E-04	1.099E-02	-1.099E-02	2.198E-02
1.959E-04	1.104E-02	-1.104E-02	2.208E-02
1.977E-04	1.109E-02	-1.109E-02	2.218E-02
1.995E-04	1.114E-02	-1.114E-02	2.228E-02
2.014E-04	1.119E-02	-1.119E-02	2.238E-02
2.032E-04	1.124E-02	-1.124E-02	2.248E-02
2.051E-04	1.129E-02	-1.129E-02	2.258E-02
2.070E-04	1.134E-02	-1.134E-02	2.268E-02
2.089E-04	1.139E-02	-1.139E-02	2.278E-02
2.109E-04	1.144E-02	-1.144E-02	2.288E-02
2.128E-04	1.149E-02	-1.149E-02	2.299E-02
2.148E-04	1.155E-02	-1.155E-02	2.309E-02
2.168E-04	1.160E-02	-1.160E-02	2.320E-02
2.188E-04	1.165E-02	-1.165E-02	2.330E-02
2.208E-04	1.170E-02	-1.170E-02	2.340E-02
2.228E-04	1.176E-02	-1.176E-02	2.351E-02
2.249E-04	1.181E-02	-1.181E-02	2.362E-02
2.270E-04	1.186E-02	-1.186E-02	2.372E-02
2.291E-04	1.191E-02	-1.191E-02	2.383E-02
2.312E-04	1.197E-02	-1.197E-02	2.394E-02
2.333E-04	1.202E-02	-1.202E-02	2.404E-02
2.355E-04	1.208E-02	-1.208E-02	2.415E-02
2.377E-04	1.213E-02	-1.213E-02	2.426E-02
2.399E-04	1.219E-02	-1.219E-02	2.437E-02
2.421E-04	1.224E-02	-1.224E-02	2.448E-02
2.443E-04	1.230E-02	-1.230E-02	2.459E-02
2.466E-04	1.235E-02	-1.235E-02	2.470E-02
2.489E-04	1.241E-02	-1.241E-02	2.481E-02
2.512E-04	1.246E-02	-1.246E-02	2.492E-02
2.535E-04	1.252E-02	-1.252E-02	2.504E-02
2.559E-04	1.257E-02	-1.257E-02	2.515E-02
2.582E-04	1.263E-02	-1.263E-02	2.526E-02
2.606E-04	1.269E-02	-1.269E-02	2.538E-02
2.630E-04	1.275E-02	-1.275E-02	2.549E-02
2.655E-04	1.280E-02	-1.280E-02	2.561E-02
2.679E-04	1.286E-02	-1.286E-02	2.572E-02
2.704E-04	1.292E-02	-1.292E-02	2.584E-02
2.729E-04	1.298E-02	-1.298E-02	2.595E-02
2.754E-04	1.303E-02	-1.303E-02	2.607E-02
2.780E-04	1.309E-02	-1.309E-02	2.619E-02
2.805E-04	1.315E-02	-1.315E-02	2.631E-02
2.831E-04	1.321E-02	-1.321E-02	2.642E-02
2.858E-04	1.327E-02	-1.327E-02	2.654E-02
2.884E-04	1.333E-02	-1.333E-02	2.666E-02
2.911E-04	1.339E-02	-1.339E-02	2.678E-02
2.938E-04	1.345E-02	-1.345E-02	2.690E-02
2.965E-04	1.351E-02	-1.351E-02	2.702E-02
2.992E-04	1.357E-02	-1.357E-02	2.715E-02
3.020E-04	1.363E-02	-1.363E-02	2.727E-02
3.048E-04	1.370E-02	-1.370E-02	2.739E-02
3.076E-04	1.376E-02	-1.376E-02	2.751E-02
3.105E-04	1.382E-02	-1.382E-02	2.764E-02
3.133E-04	1.388E-02	-1.388E-02	2.776E-02
3.162E-04	1.394E-02	-1.394E-02	2.789E-02
3.192E-04	1.401E-02	-1.401E-02	2.801E-02
3.221E-04	1.407E-02	-1.407E-02	2.814E-02
3.251E-04	1.413E-02	-1.413E-02	2.827E-02
3.281E-04	1.420E-02	-1.420E-02	2.839E-02
3.311E-04	1.426E-02	-1.426E-02	2.852E-02
3.342E-04	1.432E-02	-1.432E-02	2.865E-02
3.373E-04	1.439E-02	-1.439E-02	2.878E-02
3.404E-04	1.445E-02	-1.445E-02	2.891E-02
3.436E-04	1.452E-02	-1.452E-02	2.904E-02
3.467E-04	1.458E-02	-1.458E-02	2.917E-02
3.499E-04	1.465E-02	-1.465E-02	2.930E-02
3.532E-04	1.472E-02	-1.472E-02	2.943E-02
3.565E-04	1.478E-02	-1.478E-02	2.956E-02
3.597E-04	1.485E-02	-1.485E-02	2.970E-02
3.631E-04	1.491E-02	-1.491E-02	2.983E-02
3.664E-04	1.498E-02	-1.498E-02	2.996E-02
3.698E-04	1.505E-02	-1.505E-02	3.010E-02
3.733E-04	1.512E-02	-1.512E-02	3.023E-02
3.767E-04	1.519E-02	-1.519E-02	3.037E-02
3.802E-04	1.525E-02	-1.525E-02	3.051E-02
3.837E-04	1.532E-02	-1.532E-02	3.064E-02
3.873E-04	1.539E-02	-1.539E-02	3.078E-02
3.908E-04	1.546E-02	-1.546E-02	3.092E-02
3.945E-04	1.553E-02	-1.553E-02	3.106E-02
3.981E-04	1.560E-02	-1.560E-02	3.120E-02
4.018E-04	1.567E-02	-1.567E-02	3.134E-02
4.055E-04	1.574E-02	-1.574E-02	3.148E-02
4.093E-04	1.581E-02	-1.581E-02	3.162E-02
4.130E-04	1.588E-02	-1.588E-02	3.176E-02
4.169E-04	1.595E-02	-1.595E-02	3.191E-02
4.207E-04	1.603E-02	-1.603E-02	3.205E-02
4.246E-04	1.610E-02	-1.610E-02	3.220E-02
4.285E-04	1.617E-02	-1.617E-02	3.234E-02
4.325E-04	1.624E-02	-1.624E-02	3.249E-02
4.365E-04	1.632E-02	-1.632E-02	3.263E-02
4.406E-04	1.639E-02	-1.639E-02	3.278E-02
4.446E-04	1.646E-02	-1.646E-02	3.293E-02
4.487E-04	1.654E-02	-1.654E-02	3.307E-02
4.529E-04	1.661E-02	-1.661E-02	3.322E-02
4.571E-04	1.669E-02	-1.669E-02	3.337E-02
4.613E-04	1.676E-02	-1.676E-02	3.352E-02
4.656E-04	1.684E-02	-1.684E-02	3.367E-02
4.699E-04	1.691E-02	-1.691E-02	3.382E-02
4.742E-04	1.699E-02	-1.699E-02	3.398E-02
4.786E-04	1.706E-02	-1.706E-02	3.413E-02
4.831E-04	1.714E-02	-1.714E-02	3.428E-02
4.875E-04	1.722E-02	-1.722E-02	3.444E-02
4.920E-04	1.730E-02	-1.730E-02	3.459E-02
4.966E-04	1.737E-02	-1.737E-02	3.475E-02
5.012E-04	1.745E-02	-1.745E-02	3.490E-02
5.058E-04	1.753E-02	-1.753E-02	3.506E-02
5.105E-04	1.761E-02	-1.761E-02	3.522E-02
5.152E-04	1.769E-02	-1.769E-02	3.538E-02
5.200E-04	1.777E-02	-1.777E-02	3.554E-02
5.248E-04	1.785E-02	-1.785E-02	3.570E-02
5.297E-04	1.793E-02	-1.793E-02	3.586E-02
5.346E-04	1.801E-02	-1.801E-02	3.602E-02
5.395E-04	1.809E-02	-1.809E-02	3.618E-02
5.445E-04	1.817E-02	-1.817E-02	3.634E-02
5.495E-04	1.825E-02	-1.825E-02	3.651E-02
5.546E-04	1.833E-02	-1.833E-02	3.667E-02
5.598E-04	1.842E-02	-1.842E-02	3.683E-02
5.649E-04	1.850E-02	-1.850E-02	3.700E-02
5.702E-04	1.858E-02	-1.858E-02	3.717E-02
5.754E-04	1.867E-02	-1.867E-02	3.733E-02
5.808E-04	1.875E-02	-1.875E-02	3.750E-02
5.861E-04	1.883E-02	-1.883E-02	3.767E-02
5.916E-04	1.892E-02	-1.892E-02	3.784E-02
5.970E-04	1.900E-02	-1.900E-02	3.801E-02
6.026E-04	1.909E-02	-1.909E-02	3.818E-02
6.081E-04	1.918E-02	-1.918E-02	3.835E-02
6.138E-04	1.926E-02	-1.926E-02	3.852E-02
6.194E-04	1.935E-02	-1.935E-02	3.870E-02
6.252E-04	1.944E-02	-1.944E-02	3.887E-02
6.310E-04	1.952E-02	-1.952E-02	3.905E-02
6.368E-04	1.961E-02	-1.961E-02	3.922E-02
6.427E-04	1.970E-02	-1.970E-02	3.940E-02
6.486E-04	1.979E-02	-1.979E-02	3.958E-02
6.546E-04	1.988E-02	-1.988E-02	3.975E-02
6.607E-04	1.997E-02	-1.997E-02	3.993E-02
6.668E-04	2.006E-02	-2.006E-02	4.011E-02
6.730E-04	2.015E-02	-2.015E-02	4.029E-02
6.792E-04	2.024E-02	-2.024E-02	4.047E-02
6.855E-04	2.033E-02	-2.033E-02	4.065E-02
6.918E-04	2.042E-02	-2.042E-02	4.084E-02
6.982E-04	2.051E-02	-2.051E-02	4.102E-02
7.047E-04	2.060E-02	-2.060E-02	4.121E-02
7.112E-04	2.070E-02	-2.070E-02	4.139E-02
7.178E-04	2.079E-02	-2.079E-02	4.158E-02
7.244E-04	2.088E-02	-2.088E-02	4.176E-02
7.311E-04	2.098E-02	-2.098E-02	4.195E-02
7.379E-04	2.107E-02	-2.107E-02	4.214E-02
7.447E-04	2.116E-02	-2.116E-02	4.233E-02
7.516E-04	2.126E-02	-2.126E-02	4.252E-02
7.586E-04	2.136E-02	-2.136E-02	4.271E-02
7.656E-04	2.145E-02	-2.145E-02	4.290E-02
7.727E-04	2.155E-02	-2.155E-02	4.310E-02
7.798E-04	2.164E-02	-2.164E-02	4.329E-02
7.870E-04	2.174E-02	-2.174E-02	4.348E-02
7.943E-04	2.184E-02	-2.184E-02	4.368E-02
8.017E-04	2.194E-02	-2.194E-02	4.388E-02
8.091E-04	2.204E-02	-2.204E-02	4.407E-02
8.166E-04	2.214E-02	-2.214E-02	4.427E-02
8.241E-04	2.224E-02	-2.224E-02	4.447E-02
8.318E-04	2.234E-02	-2.234E-02	4.467E-02
8.395E-04	2.244E-02	-2.244E-02	4.487E-02
8.472E-04	2.254E-02	-2.254E-02	4.507E-02
8.551E-04	2.264E-02	-2.264E-02	4.528E-02
8.630E-04	2.274E-02	-2.274E-02	4.548E-02
8.710E-04	2.284E-02	-2.284E-02	4.568E-02
8.790E-04	2.294E-02	-2.294E-02	4.589E-02
8.872E-04	2.305E-02	-2.305E-02	4.609E-02
8.954E-04	2.315E-02	-2.315E-02	4.630E-02
9.036E-04	2.326E-02	-2.326E-02	4.651E-02
9.120E-04	2.336E-02	-2.336E-02	4.672E-02
9.204E-04	2.346E-02	-2.346E-02	4.693E-02
9.290E-04	2.357E-02	-2.357E-02	4.714E-02
9.376E-04	2.368E-02	-2.368E-02	4.735E-02
9.462E-04	2.378E-02	-2.378E-02	4.757E-02
9.550E-04	2.389E-02	-2.389E-02	4.778E-02
9.638E-04	2.400E-02	-2.400E-02	4.799E-02
9.727E-04	2.410E-02	-2.410E-02	4.821E-02
9.817E-04	2.421E-02	-2.421E-02	4.843E-02
9.908E-04	2.432E-02	-2.432E-02	4.864E-02
1.000E-03	2.443E-02	-2.443E-02	4.886E-02
1.009E-03	2.454E-02	-2.454E-02	4.908E-02
1.019E-03	2.465E-02	-2.465E-02	4.930E-02
1.028E-03	2.476E-02	-2.476E-02	4.952E-02
1.038E-03	2.487E-02	-2.487E-02	4.975E-02
1.047E-03	2.499E-02	-2.499E-02	4.997E-02
1.057E-03	2.510E-02	-2.510E-02	5.020E-02
1.067E-03	2.521E-02	-2.521E-02	5.042E-02
1.076E-03	2.532E-02	-2.532E-02	5.065E-02
1.086E-03	2.544E-02	-2.544E-02	5.088E-02
1.096E-03	2.555E-02	-2.555E-02	5.110E-02
1.107E-03	2.567E-02	-2.567E-02	5.133E-02
1.117E-03	2.578E-02	-2.578E-02	5.156E-02
1.127E-03	2.590E-02	-2.590E-02	5.180E-02
1.138E-03	2.601E-02	-2.601E-02	5.203E-02
1.148E-03	2.613E-02	-2.613E-02	5.226E-02
1.159E-03	2.625E-02	-2.625E-02	5.250E-02
1.169E-03	2.637E-02	-2.637E-02	5.273E-02
1.180E-03	2.649E-02	-2.649E-02	5.297E-02
1.191E-03	2.660E-02	-2.660E-02	5.321E-02
1.202E-03	2.672E-02	-2.672E-02	5.345E-02
1.213E-03	2.684E-02	-2.684E-02	5.369E-02
1.225E-03	2.697E-02	-2.697E-02	5.393E-02
1.236E-03	2.709E-02	-2.709E-02	5.417E-02
1.247E-03	2.721E-02	-2.721E-02	5.442E-02
1.259E-03	2.733E-02	-2.733E-02	5.466E-02
1.271E-03	2.745E-02	-2.745E-02	5.491E-02
1.282E-03	2.758E-02	-2.758E-02	5.515E-02
1.294E-03	2.770E-02	-2.770E-02	5.540E-02
1.306E-03	2.783E-02	-2.783E-02	5.565E-02
1.318E-03	2.795E-02	-2.795E-02	5.590E-02
1.330E-03	2.808E-02	-2.808E-02	5.615E-02
1.343E-03	2.820E-02	-2.820E-02	5.641E-02
1.355E-03	2.833E-02	-2.833E-02	5.666E-02
1.368E-03	2.846E-02	-2.846E-02	5.691E-02
1.380E-03	2.859E-02	-2.859E-02	5.717E-02
1.393E-03	2.871E-02	-2.871E-02	5.743E-02
1.406E-03	2.884E-02	-2.884E-02	5.769E-02
1.419E-03	2.897E-02	-2.897E-02	5.795E-02
1.432E-03	2.910E-02	-2.910E-02	5.821E-02
1.445E-03	2.923E-02	-2.923E-02	5.847E-02
1.459E-03	2.937E-02	-2.937E-02	5.873E-02
1.472E-03	2.950E-02	-2.950E-02	5.899E-02
1.486E-03	2.963E-02	-2.963E-02	5.926E-02
1.500E-03	2.976E-02	-2.976E-02	5.953E-02
1.514E-03	2.990E-02	-2.990E-02	5.979E-02
1.528E-03	3.003E-02	-3.003E-02	6.006E-02
1.542E-03	3.017E-02	-3.017E-02	6.033E-02
1.556E-03	3.030E-02	-3.030E-02	6.060E-02
1.570E-03	3.044E-02	-3.044E-02	6.088E-02
1.585E-03	3.058E-02	-3.058E-02	6.115E-02
1.600E-03	3.071E-02	-3.071E-02	6.143E-02
1.614E-03	3.085E-02	-3.085E-02	6.170E-02
1.629E-03	3.099E-02	-3.099E-02	6.198E-02
1.644E-03	3.113E-02	-3.113E-02	6.226E-02
1.660E-03	3.127E-02	-3.127E-02	6.254E-02
1.675E-03	3.141E-02	-3.141E-02	6.282E-02
1.690E-03	3.155E-02	-3.155E-02	6.310E-02
1.706E-03	3.169E-02	-3.169E-02	6.339E-02
1.722E-03	3.184E-02	-3.184E-02	6.367E-02
1.738E-03	3.198E-02	-3.198E-02	6.396E-02
1.754E-03	3.212E-02	-3.212E-02	6.425E-02
1.770E-03	3.227E-02	-3.227E-02	6.454E-02
1.786E-03	3.241E-02	-3.241E-02	6.483E-02
1.803E-03	3.256E-02	-3.256E-02	6.512E-02
1.820E-03	3.271E-02	-3.271E-02	6.541E-02
1.837E-03	3.285E-02	-3.285E-02	6.571E-02
1.854E-03	3.300E-02	-3.300E-02	6.600E-02
1.871E-03	3.315E-02	-3.315E-02	6.630E-02
1.888E-03	3.330E-02	-3.330E-02	6.660E-02
1.905E-03	3.345E-02	-3.345E-02	6.690E-02
1.923E-03	3.360E-02	-3.360E-02	6.720E-02
1.941E-03	3.375E-02	-3.375E-02	6.750E-02
1.959E-03	3.390E-02	-3.390E-02	6.780E-02
1.977E-03	3.405E-02	-3.405E-02	6.811E-02
1.995E-03	3.421E-02	-3.421E-02	6.842E-02
2.014E-03	3.436E-02	-3.436E-02	6.872E-02
2.032E-03	3.452E-02	-3.452E-02	6.903E-02
2.051E-03	3.467E-02	-3.467E-02	6.934E-02
2.070E-03	3.483E-02	-3.483E-02	6.966E-02
2.089E-03	3.499E-02	-3.499E-02	6.997E-02
2.109E-03	3.514E-02	-3.514E-02	7.029E-02
2.128E-03	3.530E-02	-3.530E-02	7.060E-02
2.148E-03	3.546E-02	-3.546E-02	7.092E-02
2.168E-03	3.562E-02	-3.562E-02	7.124E-02
2.188E-03	3.578E-02	-3.578E-02	7.156E-02
2.208E-03	3.594E-02	-3.594E-02	7.188E-02
2.228E-03	3.610E-02	-3.610E-02	7.221E-02
2.249E-03	3.627E-02	-3.627E-02	7.253E-02
2.270E-03	3.643E-02	-3.643E-02	7.286E-02
2.291E-03	3.659E-02	-3.659E-02	7.319E-02
2.312E-03	3.676E-02	-3.676E-02	7.352E-02
2.333E-03	3.692E-02	-3.692E-02	7.385E-02
2.355E-03	3.709E-02	-3.709E-02	7.418E-02
2.377E-03	3.726E-02	-3.726E-02	7.451E-02
2.399E-03	3.743E-02	-3.743E-02	7.485E-02
2.421E-03	3.759E-02	-3.759E-02	7.519E-02
2.443E-03	3.776E-02	-3.776E-02	7.553E-02
2.466E-03	3.793E-02	-3.793E-02	7.587E-02
2.489E-03	3.810E-02	-3.810E-02	7.621E-02
2.512E-03	3.828E-02	-3.828E-02	7.655E-02
2.535E-03	3.845E-02	-3.845E-02	7.690E-02
2.559E-03	3.862E-02	-3.862E-02	7.724E-02
2.582E-03	3.880E-02	-3.880E-02	7.759E-02
2.606E-03	3.897E-02	-3.897E-02	7.794E-02
2.630E-03	3.915E-02	-3.915E-02	7.829E-02
2.655E-03	3.932E-02	-3.932E-02	7.865E-02
2.679E-03	3.950E-02	-3.950E-02	7.900E-02
2.704E-03	3.968E-02	-3.968E-02	7.936E-02
2.729E-03	3.986E-02	-3.986E-02	7.971E-02
2.754E-03	4.004E-02	-4.004E-02	8.007E-02
2.780E-03	4.022E-02	-4.022E-02	8.043E-02
2.805E-03	4.040E-02	-4.040E-02	8.080E-02
2.831E-03	4.058E-02	-4.058E-02	8.116E-02
2.858E-03	4.076E-02	-4.076E-02	8.153E-02
2.884E-03	4.095E-02	-4.095E-02	8.190E-02
2.911E-03	4.113E-02	-4.113E-02	8.226E-02
2.938E-03	4.132E-02	-4.132E-02	8.264E-02
2.965E-03	4.150E-02	-4.150E-02	8.301E-02
2.992E-03	4.169E-02	-4.169E-02	8.338E-02
3.020E-03	4.188E-02	-4.188E-02	8.376E-02
3.048E-03	4.207E-02	-4.207E-02	8.414E-02
3.076E-03	4.226E-02	-4.226E-02	8.452E-02
3.105E-03	4.245E-02	-4.245E-02	8.490E-02
3.133E-03	4.264E-02	-4.264E-02	8.528E-02
3.162E-03	4.283E-02	-4.283E-02	8.567E-02
3.192E-03	4.303E-02	-4.303E-02	8.605E-02
3.221E-03	4.322E-02	-4.322E-02	8.644E-02
3.251E-03	4.342E-02	-4.342E-02	8.683E-02
3.281E-03	4.361E-02	-4.361E-02	8.722E-02
3.311E-03	4.381E-02	-4.381E-02	8.762E-02
3.342E-03	4.401E-02	-4.401E-02	8.801E-02
3.373E-03	4.420E-02	-4.420E-02	8.841E-02
3.404E-03	4.440E-02	-4.440E-02	8.881E-02
3.436E-03	4.460E-02	-4.460E-02	8.921E-02
3.467E-03	4.481E-02	-4.481E-02	8.961E-02
3.499E-03	4.501E-02	-4.501E-02	9.002E-02
3.532E-03	4.521E-02	-4.521E-02	9.042E-02
3.565E-03	4.542E-02	-4.542E-02	9.083E-02
3.597E-03	4.562E-02	-4.562E-02	9.124E-02
3.631E-03	4.583E-02	-4.583E-02	9.165E-02
3.664E-03	4.603E-02	-4.603E-02	9.207E-02
3.698E-03	4.624E-02	-4.624E-02	9.248E-02
3.733E-03	4.645E-02	-4.645E-02	9.290E-02
3.767E-03	4.666E-02	-4.666E-02	9.332E-02
3.802E-03	4.687E-02	-4.687E-02	9.374E-02
3.837E-03	4.708E-02	-4.708E-02	9.416E-02
3.873E-03	4.730E-02	-4.730E-02	9.459E-02
3.908E-03	4.751E-02	-4.751E-02	9.502E-02
3.945E-03	4.772E-02	-4.772E-02	9.545E-02
3.981E-03	4.794E-02	-4.794E-02	9.588E-02
4.018E-03	4.816E-02	-4.816E-02	9.631E-02
4.055E-03	4.837E-02	-4.837E-02	9.675E-02
4.093E-03	4.859E-02	-4.859E-02	9.718E-02
4.130E-03	4.881E-02	-4.881E-02	9.762E-02
4.169E-03	4.903E-02	-4.903E-02	9.806E-02
4.207E-03	4.925E-02	-4.925E-02	9.851E-02
4.246E-03	4.948E-02	-4.948E-02	9.895E-02
4.285E-03	4.970E-02	-4.970E-02	9.940E-02
4.325E-03	4.992E-02	-4.992E-02	9.985E-02
4.365E-03	5.015E-02	-5.015E-02	1.003E-01
4.406E-03	5.038E-02	-5.038E-02	1.008E-01
4.446E-03	5.061E-02	-5.061E-02	1.012E-01
4.487E-03	5.083E-02	-5.083E-02	1.017E-01
4.529E-03	5.106E-02	-5.106E-02	1.021E-01
4.571E-03	5.130E-02	-5.130E-02	1.026E-01
4.613E-03	5.153E-02	-5.153E-02	1.031E-01
4.656E-03	5.176E-02	-5.176E-02	1.035E-01
4.699E-03	5.199E-02	-5.199E-02	1.040E-01
4.742E-03	5.223E-02	-5.223E-02	1.045E-01
4.786E-03	5.247E-02	-5.247E-02	1.049E-01
4.831E-03	5.270E-02	-5.270E-02	1.054E-01
4.875E-03	5.294E-02	-5.294E-02	1.059E-01
4.920E-03	5.318E-02	-5.318E-02	1.064E-01
4.966E-03	5.342E-02	-5.342E-02	1.068E-01
5.012E-03	5.366E-02	-5.366E-02	1.073E-01
5.058E-03	5.391E-02	-5.391E-02	1.078E-01
5.105E-03	5.415E-02	-5.415E-02	1.083E-01
5.152E-03	5.440E-02	-5.440E-02	1.088E-01
5.200E-03	5.464E-02	-5.464E-02	1.093E-01
5.248E-03	5.489E-02	-5.489E-02	1.098E-01
5.297E-03	5.514E-02	-5.514E-02	1.103E-01
5.346E-03	5.539E-02	-5.539E-02	1.108E-01
5.395E-03	5.564E-02	-5.564E-02	1.113E-01
5.445E-03	5.589E-02	-5.589E-02	1.118E-01
5.495E-03	5.614E-02	-5.614E-02	1.123E-01
5.546E-03	5.640E-02	-5.640E-02	1.128E-01
5.598E-03	5.665E-02	-5.665E-02	1.133E-01
5.649E-03	5.691E-02	-5.691E-02	1.138E-01
5.702E-03	5.717E-02	-5.717E-02	1.143E-01
5.754E-03	5.743E-02	-5.743E-02	1.149E-01
5.808E-03	5.769E-02	-5.769E-02	1.154E-01
5.861E-03	5.795E-02	-5.795E-02	1.159E-01
5.916E-03	5.821E-02	-5.821E-02	1.164E-01
5.970E-03	5.848E-02	-5.848E-02	1.170E-01
6.026E-03	5.874E-02	-5.874E-02	1.175E-01
6.081E-03	5.901E-02	-5.901E-02	1.180E-01
6.138E-03	5.927E-02	-5.927E-02	1.185E-01
6.194E-03	5.954E-02	-5.954E-02	1.191E-01
6.252E-03	5.981E-02	-5.981E-02	1.196E-01
6.310E-03	6.008E-02	-6.008E-02	1.202E-01
6.368E-03	6.036E-02	-6.036E-02	1.207E-01
6.427E-03	6.063E-02	-6.063E-02	1.213E-01
6.486E-03	6.091E-02	-6.091E-02	1.218E-01
6.546E-03	6.118E-02	-6.118E-02	1.224E-01
6.607E-03	6.146E-02	-6.146E-02	1.229E-01
6.668E-03	6.174E-02	-6.174E-02	1.235E-01
6.730E-03	6.202E-02	-6.202E-02	1.240E-01
6.792E-03	6.230E-02	-6.230E-02	1.246E-01
6.855E-03	6.258E-02	-6.258E-02	1.252E-01
6.918E-03	6.287E-02	-6.287E-02	1.257E-01
6.982E-03	6.315E-02	-6.315E-02	1.263E-01
7.047E-03	6.344E-02	-6.344E-02	1.269E-01
7.112E-03	6.373E-02	-6.373E-02	1.275E-01
7.178E-03	6.402E-02	-6.402E-02	1.280E-01
7.244E-03	6.431E-02	-6.431E-02	1.286E-01
7.311E-03	6.460E-02	-6.460E-02	1.292E-01
7.379E-03	6.489E-02	-6.489E-02	1.298E-01
7.447E-03	6.519E-02	-6.519E-02	1.304E-01
7.516E-03	6.548E-02	-6.548E-02	1.310E-01
7.586E-03	6.578E-02	-6.578E-02	1.316E-01
7.656E-03	6.608E-02	-6.608E-02	1.322E-01
7.727E-03	6.638E-02	-6.638E-02	1.328E-01
7.798E-03	6.668E-02	-6.668E-02	1.334E-01
7.870E-03	6.698E-02	-6.698E-02	1.340E-01
7.943E-03	6.729E-02	-6.729E-02	1.346E-01
8.017E-03	6.759E-02	-6.759E-02	1.352E-01
8.091E-03	6.790E-02	-6.790E-02	1.358E-01
8.166E-03	6.821E-02	-6.821E-02	1.364E-01
8.241E-03	6.852E-02	-6.852E-02	1.370E-01
8.318E-03	6.883E-02	-6.883E-02	1.377E-01
8.395E-03	6.914E-02	-6.914E-02	1.383E-01
8.472E-03	6.946E-02	-6.946E-02	1.389E-01
8.551E-03	6.977E-02	-6.977E-02	1.395E-01
8.630E-03	7.009E-02	-7.009E-02	1.402E-01
8.710E-03	7.041E-02	-7.041E-02	1.408E-01
8.790E-03	7.073E-02	-7.073E-02	1.415E-01
8.872E-03	7.105E-02	-7.105E-02	1.421E-01
8.954E-03	7.137E-02	-7.137E-02	1.427E-01
9.036E-03	7.170E-02	-7.170E-02	1.434E-01
9.120E-03	7.202E-02	-7.202E-02	1.440E-01
9.204E-03	7.235E-02	-7.235E-02	1.447E-01
9.290E-03	7.268E-02	-7.268E-02	1.454E-01
9.376E-03	7.301E-02	-7.301E-02	1.460E-01
9.462E-03	7.334E-02	-7.334E-02	1.467E-01
9.550E-03	7.368E-02	-7.368E-02	1.474E-01
9.638E-03	7.401E-02	-7.401E-02	1.480E-01
9.727E-03	7.435E-02	-7.435E-02	1.487E-01
9.817E-03	7.469E-02	-7.469E-02	1.494E-01
9.908E-03	7.503E-02	-7.503E-02	1.501E-01
1.000E-02	7.537E-02	-7.537E-02	1.507E-01
1.198E-02	8.241E-02	-8.241E-02	1.648E-01
1.397E-02	8.888E-02	-8.888E-02	1.778E-01
1.595E-02	9.491E-02	-9.491E-02	1.898E-01
1.794E-02	1.006E-01	-1.006E-01	2.011E-01
1.992E-02	1.059E-01	-1.059E-01	2.118E-01
2.190E-02	1.110E-01	-1.110E-01	2.220E-01
2.389E-02	1.159E-01	-1.159E-01	2.317E-01
2.587E-02	1.205E-01	-1.205E-01	2.410E-01
2.786E-02	1.250E-01	-1.250E-01	2.499E-01
2.984E-02	1.293E-01	-1.293E-01	2.585E-01
3.182E-02	1.334E-01	-1.334E-01	2.668E-01
3.381E-02	1.374E-01	-1.374E-01	2.748E-01
3.579E-02	1.413E-01	-1.413E-01	2.826E-01
3.778E-02	1.451E-01	-1.451E-01	2.901E-01
3.976E-02	1.487E-01	-1.487E-01	2.974E-01
4.174E-02	1.523E-01	-1.523E-01	3.045E-01
4.373E-02	1.557E-01	-1.557E-01	3.114E-01
4.571E-02	1.591E-01	-1.591E-01	3.182E-01
4.770E-02	1.624E-01	-1.624E-01	3.247E-01
4.968E-02	1.656E-01	-1.656E-01	3.311E-01
5.166E-02	1.687E-01	-1.687E-01	3.374E-01
5.365E-02	1.717E-01	-1.717E-01	3.435E-01
5.563E-02	1.747E-01	-1.747E-01	3.494E-01
5.762E-02	1.776E-01	-1.776E-01	3.553E-01
5.960E-02	1.805E-01	-1.805E-01	3.609E-01
6.158E-02	1.833E-01	-1.833E-01	3.665E-01
6.357E-02	1.860E-01	-1.860E-01	3.720E-01
6.555E-02	1.886E-01	-1.886E-01	3.773E-01
6.754E-02	1.913E-01	-1.913E-01	3.825E-01
6.952E-02	1.938E-01	-1.938E-01	3.876E-01
7.150E-02	1.963E-01	-1.963E-01	3.927E-01
7.349E-02	1.988E-01	-1.988E-01	3.976E-01
7.547E-02	2.012E-01	-2.012E-01	4.024E-01
7.745E-02	2.035E-01	-2.035E-01	4.071E-01
7.944E-02	2.059E-01	-2.059E-01	4.117E-01
8.142E-02	2.081E-01	-2.081E-01	4.163E-01
8.341E-02	2.104E-01	-2.104E-01	4.207E-01
8.539E-02	2.125E-01	-2.125E-01	4.251E-01
8.737E-02	2.147E-01	-2.147E-01	4.294E-01
8.936E-02	2.168E-01	-2.168E-01	4.336E-01
9.134E-02	2.188E-01	-2.188E-01	4.377E-01
9.333E-02	2.209E-01	-2.209E-01	4.417E-01
9.531E-02	2.229E-01	-2.229E-01	4.457E-01
9.729E-02	2.248E-01	-2.248E-01	4.496E-01
9.928E-02	2.267E-01	-2.267E-01	4.534E-01
1.013E-01	2.286E-01	-2.286E-01	4.572E-01
1.032E-01	2.304E-01	-2.304E-01	4.608E-01
1.052E-01	2.322E-01	-2.322E-01	4.645E-01
1.072E-01	2.340E-01	-2.340E-01	4.680E-01
1.092E-01	2.357E-01	-2.357E-01	4.715E-01
1.112E-01	2.374E-01	-2.374E-01	4.749E-01
1.132E-01	2.391E-01	-2.391E-01	4.782E-01
1.152E-01	2.408E-01	-2.408E-01	4.815E-01
1.171E-01	2.424E-01	-2.424E-01	4.848E-01
1.191E-01	2.440E-01	-2.440E-01	4.879E-01
1.211E-01	2.455E-01	-2.455E-01	4.910E-01
1.231E-01	2.470E-01	-2.470E-01	4.941E-01
1.251E-01	2.485E-01	-2.485E-01	4.971E-01
1.271E-01	2.500E-01	-2.500E-01	5.000E-01
1.290E-01	2.514E-01	-2.514E-01	5.029E-01
1.310E-01	2.528E-01	-2.528E-01	5.057E-01
1.330E-01	2.542E-01	-2.542E-01	5.085E-01
1.350E-01	2.556E-01	-2.556E-01	5.112E-01
1.370E-01	2.569E-01	-2.569E-01	5.138E-01
1.390E-01	2.582E-01	-2.582E-01	5.164E-01
1.409E-01	2.595E-01	-2.595E-01	5.190E-01
1.429E-01	2.607E-01	-2.607E-01	5.215E-01
1.449E-01	2.620E-01	-2.620E-01	5.239E-01
1.469E-01	2.632E-01	-2.632E-01	5.264E-01
1.489E-01	2.644E-01	-2.644E-01	5.287E-01
1.509E-01	2.655E-01	-2.655E-01	5.310E-01
1.528E-01	2.666E-01	-2.666E-01	5.333E-01
1.548E-01	2.677E-01	-2.677E-01	5.355E-01
1.568E-01	2.688E-01	-2.688E-01	5.376E-01
1.588E-01	2.699E-01	-2.699E-01	5.398E-01
1.608E-01	2.709E-01	-2.709E-01	5.418E-01
1.628E-01	2.719E-01	-2.719E-01	5.438E-01
1.647E-01	2.729E-01	-2.729E-01	5.458E-01
1.667E-01	2.739E-01	-2.739E-01	5.478E-01
1.687E-01	2.748E-01	-2.748E-01	5.497E-01
1.707E-01	2.758E-01	-2.758E-01	5.515E-01
1.727E-01	2.767E-01	-2.767E-01	5.533E-01
1.747E-01	2.775E-01	-2.775E-01	5.551E-01
1.767E-01	2.784E-01	-2.784E-01	5.568E-01
1.786E-01	2.792E-01	-2.792E-01	5.585E-01
1.806E-01	2.801E-01	-2.801E-01	5.601E-01
1.826E-01	2.809E-01	-2.809E-01	5.617E-01
1.846E-01	2.816E-01	-2.816E-01	5.633E-01
1.866E-01	2.824E-01	-2.824E-01	5.648E-01
1.886E-01	2.831E-01	-2.831E-01	5.663E-01
1.905E-01	2.839E-01	-2.839E-01	5.677E-01
1.925E-01	2.846E-01	-2.846E-01	5.691E-01
1.945E-01	2.852E-01	-2.852E-01	5.705E-01
1.965E-01	2.859E-01	-2.859E-01	5.718E-01
1.985E-01	2.865E-01	-2.865E-01	5.731E-01
2.005E-01	2.872E-01	-2.872E-01	5.743E-01
2.024E-01	2.878E-01	-2.878E-01	5.755E-01
2.044E-01	2.884E-01	-2.884E-01	5.767E-01
2.064E-01	2.889E-01	-2.889E-01	5.779E-01
2.084E-01	2.895E-01	-2.895E-01	5.790E-01
2.104E-01	2.900E-01	-2.900E-01	5.800E-01
2.124E-01	2.905E-01	-2.905E-01	5.811E-01
2.143E-01	2.910E-01	-2.910E-01	5.821E-01
2.163E-01	2.915E-01	-2.915E-01	5.830E-01
2.183E-01	2.920E-01	-2.920E-01	5.840E-01
2.203E-01	2.924E-01	-2.924E-01	5.849E-01
2.223E-01	2.929E-01	-2.929E-01	5.857E-01
2.243E-01	2.933E-01	-2.933E-01	5.866E-01
2.263E-01	2.937E-01	-2.937E-01	5.873E-01
2.282E-01	2.941E-01	-2.941E-01	5.881E-01
2.302E-01	2.944E-01	-2.944E-01	5.888E-01
2.322E-01	2.948E-01	-2.948E-01	5.895E-01
2.342E-01	2.951E-01	-2.951E-01	5.902E-01
2.362E-01	2.954E-01	-2.954E-01	5.908E-01
2.382E-01	2.957E-01	-2.957E-01	5.915E-01
2.401E-01	2.960E-01	-2.960E-01	5.920E-01
2.421E-01	2.963E-01	-2.963E-01	5.926E-01
2.441E-01	2.965E-01	-2.965E-01	5.931E-01
2.461E-01	2.968E-01	-2.968E-01	5.936E-01
2.481E-01	2.970E-01	-2.970E-01	5.940E-01
2.501E-01	2.972E-01	-2.972E-01	5.944E-01
2.520E-01	2.974E-01	-2.974E-01	5.948E-01
2.540E-01	2.976E-01	-2.976E-01	5.952E-01
2.560E-01	2.978E-01	-2.978E-01	5.955E-01
2.580E-01	2.979E-01	-2.979E-01	5.958E-01
2.600E-01	2.981E-01	-2.981E-01	5.961E-01
2.620E-01	2.982E-01	-2.982E-01	5.964E-01
2.639E-01	2.983E-01	-2.983E-01	5.966E-01
2.659E-01	2.984E-01	-2.984E-01	5.968E-01
2.679E-01	2.985E-01	-2.985E-01	5.970E-01
2.699E-01	2.985E-01	-2.985E-01	5.971E-01
2.719E-01	2.986E-01	-2.986E-01	5.972E-01
2.739E-01	2.986E-01	-2.986E-01	5.973E-01
2.759E-01	2.987E-01	-2.987E-01	5.973E-01
2.778E-01	2.987E-01	-2.987E-01	5.974E-01
2.798E-01	2.987E-01	-2.987E-01	5.974E-01
2.818E-01	2.987E-01	-2.987E-01	5.974E-01
2.838E-01	2.987E-01	-2.987E-01	5.973E-01
2.858E-01	2.986E-01	-2.986E-01	5.973E-01
2.878E-01	2.986E-01	-2.986E-01	5.972E-01
2.897E-01	2.985E-01	-2.985E-01	5.970E-01
2.917E-01	2.984E-01	-2.984E-01	5.969E-01
2.937E-01	2.984E-01	-2.984E-01	5.967E-01
2.957E-01	2.983E-01	-2.983E-01	5.965E-01
2.977E-01	2.982E-01	-2.982E-01	5.963E-01
2.997E-01	2.980E-01	-2.980E-01	5.961E-01
3.016E-01	2.979E-01	-2.979E-01	5.958E-01
3.036E-01	2.978E-01	-2.978E-01	5.955E-01
3.056E-01	2.976E-01	-2.976E-01	5.952E-01
3.076E-01	2.974E-01	-2.974E-01	5.949E-01
3.096E-01	2.973E-01	-2.973E-01	5.945E-01
3.116E-01	2.971E-01	-2.971E-01	5.941E-01
3.135E-01	2.969E-01	-2.969E-01	5.937E-01
3.155E-01	2.967E-01	-2.967E-01	5.933E-01
3.175E-01	2.964E-01	-2.964E-01	5.929E-01
3.195E-01	2.962E-01	-2.962E-01	5.924E-01
3.215E-01	2.959E-01	-2.959E-01	5.919E-01
3.235E-01	2.957E-01	-2.957E-01	5.914E-01
3.255E-01	2.954E-01	-2.954E-01	5.908E-01
3.274E-01	2.951E-01	-2.951E-01	5.903E-01
3.294E-01	2.949E-01	-2.949E-01	5.897E-01
3.314E-01	2.946E-01	-2.946E-01	5.891E-01
3.334E-01	2.942E-01	-2.942E-01	5.885E-01
3.354E-01	2.939E-01	-2.939E-01	5.878E-01
3.374E-01	2.936E-01	-2.936E-01	5.872E-01
3.393E-01	2.933E-01	-2.933E-01	5.865E-01
3.413E-01	2.929E-01	-2.929E-01	5.858E-01
3.433E-01	2.925E-01	-2.925E-01	5.851E-01
3.453E-01	2.922E-01	-2.922E-01	5.843E-01
3.473E-01	2.918E-01	-2.918E-01	5.836E-01
3.493E-01	2.914E-01	-2.914E-01	5.828E-01
3.512E-01	2.910E-01	-2.910E-01	5.820E-01
3.532E-01	2.906E-01	-2.906E-01	5.812E-01
3.552E-01	2.902E-01	-2.902E-01	5.803E-01
3.572E-01	2.897E-01	-2.897E-01	5.795E-01
3.592E-01	2.893E-01	-2.893E-01	5.786E-01
3.612E-01	2.889E-01	-2.889E-01	5.777E-01
3.631E-01	2.884E-01	-2.884E-01	5.768E-01
3.651E-01	2.879E-01	-2.879E-01	5.759E-01
3.671E-01	2.875E-01	-2.875E-01	5.749E-01
3.691E-01	2.870E-01	-2.870E-01	5.740E-01
3.711E-01	2.865E-01	-2.865E-01	5.730E-01
3.731E-01	2.860E-01	-2.860E-01	5.720E-01
3.751E-01	2.855E-01	-2.855E-01	5.710E-01
3.770E-01	2.850E-01	-2.850E-01	5.699E-01
3.790E-01	2.844E-01	-2.844E-01	5.689E-01
3.810E-01	2.839E-01	-2.839E-01	5.678E-01
3.830E-01	2.834E-01	-2.834E-01	5.667E-01
3.850E-01	2.828E-01	-2.828E-01	5.656E-01
3.870E-01	2.823E-01	-2.823E-01	5.645E-01
3.889E-01	2.817E-01	-2.817E-01	5.634E-01
3.909E-01	2.811E-01	-2.811E-01	5.622E-01
3.929E-01	2.805E-01	-2.805E-01	5.611E-01
3.949E-01	2.799E-01	-2.799E-01	5.599E-01
3.969E-01	2.793E-01	-2.793E-01	5.587E-01
3.989E-01	2.787E-01	-2.787E-01	5.575E-01
4.008E-01	2.781E-01	-2.781E-01	5.562E-01
4.028E-01	2.775E-01	-2.775E-01	5.550E-01
4.048E-01	2.769E-01	-2.769E-01	5.537E-01
4.068E-01	2.762E-01	-2.762E-01	5.524E-01
4.088E-01	2.756E-01	-2.756E-01	5.512E-01
4.108E-01	2.749E-01	-2.749E-01	5.499E-01
4.127E-01	2.743E-01	-2.743E-01	5.485E-01
4.147E-01	2.736E-01	-2.736E-01	5.472E-01
4.167E-01	2.729E-01	-2.729E-01	5.458E-01
4.187E-01	2.722E-01	-2.722E-01	5.445E-01
4.207E-01	2.716E-01	-2.716E-01	5.431E-01
4.227E-01	2.709E-01	-2.709E-01	5.417E-01
4.246E-01	2.702E-01	-2.702E-01	5.403E-01
4.266E-01	2.694E-01	-2.694E-01	5.389E-01
4.286E-01	2.687E-01	-2.687E-01	5.375E-01
4.306E-01	2.680E-01	-2.680E-01	5.360E-01
4.326E-01	2.673E-01	-2.673E-01	5.345E-01
4.346E-01	2.665E-01	-2.665E-01	5.331E-01
4.366E-01	2.658E-01	-2.658E-01	5.316E-01
4.385E-01	2.650E-01	-2.650E-01	5.301E-01
4.405E-01	2.643E-01	-2.643E-01	5.286E-01
4.425E-01	2.635E-01	-2.635E-01	5.270E-01
4.445E-01	2.628E-01	-2.628E-01	5.255E-01
4.465E-01	2.620E-01	-2.620E-01	5.240E-01
4.485E-01	2.612E-01	-2.612E-01	5.224E-01
4.504E-01	2.604E-01	-2.604E-01	5.208E-01
4.524E-01	2.596E-01	-2.596E-01	5.192E-01
4.544E-01	2.588E-01	-2.588E-01	5.176E-01
4.564E-01	2.580E-01	-2.580E-01	5.160E-01
4.584E-01	2.572E-01	-2.572E-01	5.144E-01
4.604E-01	2.564E-01	-2.564E-01	5.128E-01
4.623E-01	2.556E-01	-2.556E-01	5.111E-01
4.643E-01	2.547E-01	-2.547E-01	5.094E-01
4.663E-01	2.539E-01	-2.539E-01	5.078E-01
4.683E-01	2.530E-01	-2.530E-01	5.061E-01
4.703E-01	2.522E-01	-2.522E-01	5.044E-01
4.723E-01	2.513E-01	-2.513E-01	5.027E-01
4.742E-01	2.505E-01	-2.505E-01	5.010E-01
4.762E-01	2.496E-01	-2.496E-01	4.993E-01
4.782E-01	2.488E-01	-2.488E-01	4.975E-01
4.802E-01	2.479E-01	-2.479E-01	4.958E-01
4.822E-01	2.470E-01	-2.470E-01	4.940E-01
4.842E-01	2.461E-01	-2.461E-01	4.922E-01
4.862E-01	2.452E-01	-2.452E-01	4.905E-01
4.881E-01	2.443E-01	-2.443E-01	4.887E-01
4.901E-01	2.434E-01	-2.434E-01	4.869E-01
4.921E-01	2.425E-01	-2.425E-01	4.851E-01
4.941E-01	2.416E-01	-2.416E-01	4.833E-01
4.961E-01	2.407E-01	-2.407E-01	4.814E-01
4.981E-01	2.398E-01	-2.398E-01	4.796E-01
5.000E-01	2.389E-01	-2.389E-01	4.777E-01
5.020E-01	2.379E-01	-2.379E-01	4.759E-01
5.040E-01	2.370E-01	-2.370E-01	4.740E-01
5.060E-01	2.361E-01	-2.361E-01	4.721E-01
5.080E-01	2.351E-01	-2.351E-01	4.702E-01
5.100E-01	2.342E-01	-2.342E-01	4.684E-01
5.119E-01	2.332E-01	-2.332E-01	4.665E-01
5.139E-01	2.323E-01	-2.323E-01	4.645E-01
5.159E-01	2.313E-01	-2.313E-01	4.626E-01
5.179E-01	2.303E-01	-2.303E-01	4.607E-01
5.199E-01	2.294E-01	-2.294E-01	4.588E-01
5.219E-01	2.284E-01	-2.284E-01	4.568E-01
5.238E-01	2.274E-01	-2.274E-01	4.548E-01
5.258E-01	2.264E-01	-2.264E-01	4.529E-01
5.278E-01	2.255E-01	-2.255E-01	4.509E-01
5.298E-01	2.245E-01	-2.245E-01	4.489E-01
5.318E-01	2.235E-01	-2.235E-01	4.469E-01
5.338E-01	2.225E-01	-2.225E-01	4.450E-01
5.358E-01	2.215E-01	-2.215E-01	4.429E-01
5.377E-01	2.205E-01	-2.205E-01	4.409E-01
5.397E-01	2.195E-01	-2.195E-01	4.389E-01
5.417E-01	2.184E-01	-2.184E-01	4.369E-01
5.437E-01	2.174E-01	-2.174E-01	4.349E-01
5.457E-01	2.164E-01	-2.164E-01	4.328E-01
5.477E-01	2.154E-01	-2.154E-01	4.308E-01
5.496E-01	2.144E-01	-2.144E-01	4.287E-01
5.516E-01	2.133E-01	-2.133E-01	4.267E-01
5.536E-01	2.123E-01	-2.123E-01	4.246E-01
5.556E-01	2.113E-01	-2.113E-01	4.225E-01
5.576E-01	2.102E-01	-2.102E-01	4.204E-01
5.596E-01	2.092E-01	-2.092E-01	4.183E-01
5.615E-01	2.081E-01	-2.081E-01	4.162E-01
5.635E-01	2.071E-01	-2.071E-01	4.141E-01
5.655E-01	2.060E-01	-2.060E-01	4.120E-01
5.675E-01	2.050E-01	-2.050E-01	4.099E-01
5.695E-01	2.039E-01	-2.039E-01	4.078E-01
5.715E-01	2.028E-01	-2.028E-01	4.057E-01
5.734E-01	2.018E-01	-2.018E-01	4.035E-01
5.754E-01	2.007E-01	-2.007E-01	4.014E-01
5.774E-01	1.996E-01	-1.996E-01	3.993E-01
5.794E-01	1.986E-01	-1.986E-01	3.971E-01
5.814E-01	1.975E-01	-1.975E-01	3.950E-01
5.834E-01	1.964E-01	-1.964E-01	3.928E-01
5.854E-01	1.953E-01	-1.953E-01	3.906E-01
5.873E-01	1.942E-01	-1.942E-01	3.885E-01
5.893E-01	1.931E-01	-1.931E-01	3.863E-01
5.913E-01	1.921E-01	-1.921E-01	3.841E-01
5.933E-01	1.910E-01	-1.910E-01	3.819E-01
5.953E-01	1.899E-01	-1.899E-01	3.797E-01
5.973E-01	1.888E-01	-1.888E-01	3.775E-01
5.992E-01	1.877E-01	-1.877E-01	3.753E-01
6.012E-01	1.866E-01	-1.866E-01	3.731E-01
6.032E-01	1.855E-01	-1.855E-01	3.709E-01
6.052E-01	1.844E-01	-1.844E-01	3.687E-01
6.072E-01	1.833E-01	-1.833E-01	3.665E-01
6.092E-01	1.821E-01	-1.821E-01	3.643E-01
6.111E-01	1.810E-01	-1.810E-01	3.621E-01
6.131E-01	1.799E-01	-1.799E-01	3.598E-01
6.151E-01	1.788E-01	-1.788E-01	3.576E-01
6.171E-01	1.777E-01	-1.777E-01	3.554E-01
6.191E-01	1.766E-01	-1.766E-01	3.531E-01
6.211E-01	1.754E-01	-1.754E-01	3.509E-01
6.230E-01	1.743E-01	-1.743E-01	3.486E-01
6.250E-01	1.732E-01	-1.732E-01	3.464E-01
6.270E-01	1.721E-01	-1.721E-01	3.441E-01
6.290E-01	1.709E-01	-1.709E-01	3.419E-01
6.310E-01	1.698E-01	-1.698E-01	3.396E-01
6.330E-01	1.687E-01	-1.687E-01	3.373E-01
6.349E-01	1.675E-01	-1.675E-01	3.351E-01
6.369E-01	1.664E-01	-1.664E-01	3.328E-01
6.389E-01	1.653E-01	-1.653E-01	3.305E-01
6.409E-01	1.641E-01	-1.641E-01	3.283E-01
6.429E-01	1.630E-01	-1.630E-01	3.260E-01
6.449E-01	1.619E-01	-1.619E-01	3.237E-01
6.469E-01	1.607E-01	-1.607E-01	3.214E-01
6.488E-01	1.596E-01	-1.596E-01	3.191E-01
6.508E-01	1.584E-01	-1.584E-01	3.169E-01
6.528E-01	1.573E-01	-1.573E-01	3.146E-01
6.548E-01	1.561E-01	-1.561E-01	3.123E-01
6.568E-01	1.550E-01	-1.550E-01	3.100E-01
6.588E-01	1.538E-01	-1.538E-01	3.077E-01
6.607E-01	1.527E-01	-1.527E-01	3.054E-01
6.627E-01	1.516E-01	-1.516E-01	3.031E-01
6.647E-01	1.504E-01	-1.504E-01	3.008E-01
6.667E-01	1.493E-01	-1.493E-01	2.985E-01
6.687E-01	1.481E-01	-1.481E-01	2.962E-01
6.707E-01	1.470E-01	-1.470E-01	2.939E-01
6.726E-01	1.458E-01	-1.458E-01	2.916E-01
6.746E-01	1.447E-01	-1.447E-01	2.893E-01
6.766E-01	1.435E-01	-1.435E-01	2.870E-01
6.786E-01	1.424E-01	-1.424E-01	2.847E-01
6.806E-01	1.412E-01	-1.412E-01	2.824E-01
6.826E-01	1.400E-01	-1.400E-01	2.801E-01
6.845E-01	1.389E-01	-1.389E-01	2.778E-01
6.865E-01	1.377E-01	-1.377E-01	2.755E-01
6.885E-01	1.366E-01	-1.366E-01	2.732E-01
6.905E-01	1.354E-01	-1.354E-01	2.709E-01
6.925E-01	1.343E-01	-1.343E-01	2.686E-01
6.945E-01	1.331E-01	-1.331E-01	2.663E-01
6.965E-01	1.320E-01	-1.320E-01	2.640E-01
6.984E-01	1.308E-01	-1.308E-01	2.617E-01
7.004E-01	1.297E-01	-1.297E-01	2.594E-01
7.024E-01	1.285E-01	-1.285E-01	2.571E-01
7.044E-01	1.274E-01	-1.274E-01	2.548E-01
7.064E-01	1.262E-01	-1.262E-01	2.525E-01
7.084E-01	1.251E-01	-1.251E-01	2.502E-01
7.103E-01	1.239E-01	-1.239E-01	2.479E-01
7.123E-01	1.228E-01	-1.228E-01	2.456E-01
7.143E-01	1.216E-01	-1.216E-01	2.433E-01
7.163E-01	1.205E-01	-1.205E-01	2.410E-01
7.183E-01	1.193E-01	-1.193E-01	2.387E-01
7.203E-01	1.182E-01	-1.182E-01	2.364E-01
7.222E-01	1.170E-01	-1.170E-01	2.341E-01
7.242E-01	1.159E-01	-1.159E-01	2.318E-01
7.262E-01	1.148E-01	-1.148E-01	2.295E-01
7.282E-01	1.136E-01	-1.136E-01	2.272E-01
7.302E-01	1.125E-01	-1.125E-01	2.250E-01
7.322E-01	1.113E-01	-1.113E-01	2.227E-01
7.341E-01	1.102E-01	-1.102E-01	2.204E-01
7.361E-01	1.091E-01	-1.091E-01	2.181E-01
7.381E-01	1.079E-01	-1.079E-01	2.159E-01
7.401E-01	1.068E-01	-1.068E-01	2.136E-01
7.421E-01	1.057E-01	-1.057E-01	2.113E-01
7.441E-01	1.045E-01	-1.045E-01	2.091E-01
7.461E-01	1.034E-01	-1.034E-01	2.068E-01
7.480E-01	1.023E-01	-1.023E-01	2.045E-01
7.500E-01	1.011E-01	-1.011E-01	2.023E-01
7.520E-01	1.000E-01	-1.000E-01	2.000E-01
7.540E-01	9.890E-02	-9.890E-02	1.978E-01
7.560E-01	9.778E-02	-9.778E-02	1.956E-01
7.580E-01	9.666E-02	-9.666E-02	1.933E-01
7.599E-01	9.554E-02	-9.554E-02	1.911E-01
7.619E-01	9.443E-02	-9.443E-02	1.889E-01
7.639E-01	9.331E-02	-9.331E-02	1.866E-01
7.659E-01	9.220E-02	-9.220E-02	1.844E-01
7.679E-01	9.109E-02	-9.109E-02	1.822E-01
7.699E-01	8.999E-02	-8.999E-02	1.800E-01
7.718E-01	8.888E-02	-8.888E-02	1.778E-01
7.738E-01	8.778E-02	-8.778E-02	1.756E-01
7.758E-01	8.668E-02	-8.668E-02	1.734E-01
7.778E-01	8.559E-02	-8.559E-02	1.712E-01
7.798E-01	8.449E-02	-8.449E-02	1.690E-01
7.818E-01	8.340E-02	-8.340E-02	1.668E-01
7.837E-01	8.231E-02	-8.231E-02	1.646E-01
7.857E-01	8.123E-02	-8.123E-02	1.625E-01
7.877E-01	8.015E-02	-8.015E-02	1.603E-01
7.897E-01	7.907E-02	-7.907E-02	1.581E-01
7.917E-01	7.799E-02	-7.799E-02	1.560E-01
7.937E-01	7.692E-02	-7.692E-02	1.538E-01
7.957E-01	7.585E-02	-7.585E-02	1.517E-01
7.976E-01	7.478E-02	-7.478E-02	1.496E-01
7.996E-01	7.371E-02	-7.371E-02	1.474E-01
8.016E-01	7.265E-02	-7.265E-02	1.453E-01
8.036E-01	7.160E-02	-7.160E-02	1.432E-01
8.056E-01	7.054E-02	-7.054E-02	1.411E-01
8.076E-01	6.949E-02	-6.949E-02	1.390E-01
8.095E-01	6.845E-02	-6.845E-02	1.369E-01
8.115E-01	6.740E-02	-6.740E-02	1.348E-01
8.135E-01	6.636E-02	-6.636E-02	1.327E-01
8.155E-01	6.533E-02	-6.533E-02	1.307E-01
8.175E-01	6.430E-02	-6.430E-02	1.286E-01
8.195E-01	6.327E-02	-6.327E-02	1.265E-01
8.214E-01	6.225E-02	-6.225E-02	1.245E-01
8.234E-01	6.123E-02	-6.123E-02	1.225E-01
8.254E-01	6.021E-02	-6.021E-02	1.204E-01
8.274E-01	5.920E-02	-5.920E-02	1.184E-01
8.294E-01	5.820E-02	-5.820E-02	1.164E-01
8.314E-01	5.720E-02	-5.720E-02	1.144E-01
8.333E-01	5.620E-02	-5.620E-02	1.124E-01
8.353E-01	5.521E-02	-5.521E-02	1.104E-01
8.373E-01	5.422E-02	-5.422E-02	1.084E-01
8.393E-01	5.323E-02	-5.323E-02	1.065E-01
8.413E-01	5.226E-02	-5.226E-02	1.045E-01
8.433E-01	5.128E-02	-5.128E-02	1.026E-01
8.453E-01	5.031E-02	-5.031E-02	1.006E-01
8.472E-01	4.935E-02	-4.935E-02	9.870E-02
8.492E-01	4.839E-02	-4.839E-02	9.678E-02
8.512E-01	4.744E-02	-4.744E-02	9.488E-02
8.532E-01	4.649E-02	-4.649E-02	9.298E-02
8.552E-01	4.555E-02	-4.555E-02	9.110E-02
8.572E-01	4.461E-02	-4.461E-02	8.922E-02
8.591E-01	4.368E-02	-4.368E-02	8.736E-02
8.611E-01	4.275E-02	-4.275E-02	8.551E-02
8.631E-01	4.183E-02	-4.183E-02	8.367E-02
8.651E-01	4.092E-02	-4.092E-02	8.184E-02
8.671E-01	4.001E-02	-4.001E-02	8.002E-02
8.691E-01	3.911E-02	-3.911E-02	7.822E-02
8.710E-01	3.821E-02	-3.821E-02	7.643E-02
8.730E-01	3.732E-02	-3.732E-02	7.465E-02
8.750E-01	3.644E-02	-3.644E-02	7.288E-02
8.770E-01	3.556E-02	-3.556E-02	7.113E-02
8.790E-01	3.469E-02	-3.469E-02	6.939E-02
8.810E-01	3.383E-02	-3.383E-02	6.766E-02
8.829E-01	3.297E-02	-3.297E-02	6.594E-02
8.849E-01	3.212E-02	-3.212E-02	6.424E-02
8.869E-01	3.128E-02	-3.128E-02	6.256E-02
8.889E-01	3.044E-02	-3.044E-02	6.088E-02
8.909E-01	2.961E-02	-2.961E-02	5.922E-02
8.929E-01	2.879E-02	-2.879E-02	5.758E-02
8.948E-01	2.797E-02	-2.797E-02	5.595E-02
8.968E-01	2.717E-02	-2.717E-02	5.433E-02
8.988E-01	2.637E-02	-2.637E-02	5.273E-02
9.008E-01	2.558E-02	-2.558E-02	5.115E-02
9.028E-01	2.479E-02	-2.479E-02	4.958E-02
9.048E-01	2.401E-02	-2.401E-02	4.803E-02
9.068E-01	2.325E-02	-2.325E-02	4.649E-02
9.087E-01	2.249E-02	-2.249E-02	4.497E-02
9.107E-01	2.173E-02	-2.173E-02	4.347E-02
9.127E-01	2.099E-02	-2.099E-02	4.198E-02
9.147E-01	2.026E-02	-2.026E-02	4.051E-02
9.167E-01	1.953E-02	-1.953E-02	3.906E-02
9.187E-01	1.881E-02	-1.881E-02	3.763E-02
9.206E-01	1.811E-02	-1.811E-02	3.621E-02
9.226E-01	1.741E-02	-1.741E-02	3.481E-02
9.246E-01	1.672E-02	-1.672E-02	3.343E-02
9.266E-01	1.604E-02	-1.604E-02	3.207E-02
9.286E-01	1.537E-02	-1.537E-02	3.073E-02
9.306E-01	1.471E-02	-1.471E-02	2.941E-02
9.325E-01	1.405E-02	-1.405E-02	2.811E-02
9.345E-01	1.341E-02	-1.341E-02	2.683E-02
9.365E-01	1.278E-02	-1.278E-02	2.557E-02
9.385E-01	1.216E-02	-1.216E-02	2.433E-02
9.405E-01	1.155E-02	-1.155E-02	2.311E-02
9.425E-01	1.096E-02	-1.096E-02	2.191E-02
9.444E-01	1.037E-02	-1.037E-02	2.074E-02
9.464E-01	9.794E-03	-9.794E-03	1.959E-02
9.484E-01	9.230E-03	-9.230E-03	1.846E-02
9.504E-01	8.678E-03	-8.678E-03	1.736E-02
9.524E-01	8.138E-03	-8.138E-03	1.628E-02
9.544E-01	7.611E-03	-7.611E-03	1.522E-02
9.564E-01	7.096E-03	-7.096E-03	1.419E-02
9.583E-01	6.594E-03	-6.594E-03	1.319E-02
9.603E-01	6.105E-03	-6.105E-03	1.221E-02
9.623E-01	5.630E-03	-5.630E-03	1.126E-02
9.643E-01	5.169E-03	-5.169E-03	1.034E-02
9.663E-01	4.722E-03	-4.722E-03	9.444E-03
9.683E-01	4.290E-03	-4.290E-03	8.581E-03
9.702E-01	3.873E-03	-3.873E-03	7.746E-03
9.722E-01	3.472E-03	-3.472E-03	6.944E-03
9.742E-01	3.087E-03	-3.087E-03	6.174E-03
9.762E-01	2.718E-03	-2.718E-03	5.435E-03
9.782E-01	2.368E-03	-2.368E-03	4.737E-03
9.802E-01	2.034E-03	-2.034E-03	4.069E-03
9.821E-01	1.719E-03	-1.719E-03	3.439E-03
9.841E-01	1.429E-03	-1.429E-03	2.857E-03
9.861E-01	1.150E-03	-1.150E-03	2.300E-03
9.881E-01	9.015E-04	-9.015E-04	1.803E-03
9.901E-01	6.771E-04	-6.771E-04	1.354E-03
9.921E-01	4.646E-04	-4.646E-04	9.291E-04
9.940E-01	2.990E-04	-2.990E-04	5.980E-04
9.960E-01	1.579E-04	-1.579E-04	3.159E-04
9.980E-01	4.144E-05	-4.144E-05	8.287E-05
1.000E+00	0.000E+00	0.000E+00	0.000E+00
