Q0 = 0.6 GeV	 Q = 5.2 GeV
x	 x*uv	 x*dv	 x*(uv-dv)
5.000E-04	5.438E-03	-5.438E-03	1.088E-02
1.500E-03	1.176E-02	-1.176E-02	2.351E-02
2.500E-03	1.690E-02	-1.690E-02	3.379E-02
3.500E-03	2.150E-02	-2.150E-02	4.299E-02
4.500E-03	2.576E-02	-2.576E-02	5.152E-02
5.500E-03	2.978E-02	-2.978E-02	5.956E-02
6.500E-03	3.362E-02	-3.362E-02	6.724E-02
7.500E-03	3.731E-02	-3.731E-02	7.462E-02
8.500E-03	4.088E-02	-4.088E-02	8.176E-02
9.500E-03	4.435E-02	-4.435E-02	8.869E-02
1.050E-02	4.772E-02	-4.772E-02	9.544E-02
1.150E-02	5.102E-02	-5.102E-02	1.020E-01
1.250E-02	5.424E-02	-5.424E-02	1.085E-01
1.350E-02	5.740E-02	-5.740E-02	1.148E-01
1.450E-02	6.050E-02	-6.050E-02	1.210E-01
1.550E-02	6.354E-02	-6.354E-02	1.271E-01
1.650E-02	6.654E-02	-6.654E-02	1.331E-01
1.750E-02	6.949E-02	-6.949E-02	1.390E-01
1.850E-02	7.240E-02	-7.240E-02	1.448E-01
1.950E-02	7.526E-02	-7.526E-02	1.505E-01
2.050E-02	7.809E-02	-7.809E-02	1.562E-01
2.150E-02	8.088E-02	-8.088E-02	1.618E-01
2.250E-02	8.364E-02	-8.364E-02	1.673E-01
2.350E-02	8.636E-02	-8.636E-02	1.727E-01
2.450E-02	8.905E-02	-8.905E-02	1.781E-01
2.550E-02	9.171E-02	-9.171E-02	1.834E-01
2.650E-02	9.435E-02	-9.435E-02	1.887E-01
2.750E-02	9.695E-02	-9.695E-02	1.939E-01
2.850E-02	9.953E-02	-9.953E-02	1.991E-01
2.950E-02	1.021E-01	-1.021E-01	2.042E-01
3.050E-02	1.046E-01	-1.046E-01	2.092E-01
3.150E-02	1.071E-01	-1.071E-01	2.142E-01
3.250E-02	1.096E-01	-1.096E-01	2.192E-01
3.350E-02	1.121E-01	-1.121E-01	2.241E-01
3.450E-02	1.145E-01	-1.145E-01	2.290E-01
3.550E-02	1.169E-01	-1.169E-01	2.338E-01
3.650E-02	1.193E-01	-1.193E-01	2.386E-01
3.750E-02	1.217E-01	-1.217E-01	2.433E-01
3.850E-02	1.240E-01	-1.240E-01	2.480E-01
3.950E-02	1.264E-01	-1.264E-01	2.527E-01
4.050E-02	1.287E-01	-1.287E-01	2.573E-01
4.150E-02	1.310E-01	-1.310E-01	2.619E-01
4.250E-02	1.332E-01	-1.332E-01	2.665E-01
4.350E-02	1.355E-01	-1.355E-01	2.710E-01
4.450E-02	1.377E-01	-1.377E-01	2.755E-01
4.550E-02	1.400E-01	-1.400E-01	2.799E-01
4.650E-02	1.422E-01	-1.422E-01	2.843E-01
4.750E-02	1.444E-01	-1.444E-01	2.887E-01
4.850E-02	1.465E-01	-1.465E-01	2.931E-01
4.950E-02	1.487E-01	-1.487E-01	2.974E-01
5.050E-02	1.508E-01	-1.508E-01	3.017E-01
5.150E-02	1.530E-01	-1.530E-01	3.059E-01
5.250E-02	1.551E-01	-1.551E-01	3.101E-01
5.350E-02	1.572E-01	-1.572E-01	3.143E-01
5.450E-02	1.592E-01	-1.592E-01	3.185E-01
5.550E-02	1.613E-01	-1.613E-01	3.226E-01
5.650E-02	1.634E-01	-1.634E-01	3.267E-01
5.750E-02	1.654E-01	-1.654E-01	3.308E-01
5.850E-02	1.674E-01	-1.674E-01	3.348E-01
5.950E-02	1.694E-01	-1.694E-01	3.388E-01
6.050E-02	1.714E-01	-1.714E-01	3.428E-01
6.150E-02	1.734E-01	-1.734E-01	3.468E-01
6.250E-02	1.754E-01	-1.754E-01	3.507E-01
6.350E-02	1.773E-01	-1.773E-01	3.546E-01
6.450E-02	1.793E-01	-1.793E-01	3.585E-01
6.550E-02	1.812E-01	-1.812E-01	3.624E-01
6.650E-02	1.831E-01	-1.831E-01	3.662E-01
6.750E-02	1.850E-01	-1.850E-01	3.700E-01
6.850E-02	1.869E-01	-1.869E-01	3.738E-01
6.950E-02	1.888E-01	-1.888E-01	3.775E-01
7.050E-02	1.906E-01	-1.906E-01	3.812E-01
7.150E-02	1.925E-01	-1.925E-01	3.849E-01
7.250E-02	1.943E-01	-1.943E-01	3.886E-01
7.350E-02	1.961E-01	-1.961E-01	3.923E-01
7.450E-02	1.980E-01	-1.980E-01	3.959E-01
7.550E-02	1.998E-01	-1.998E-01	3.995E-01
7.650E-02	2.015E-01	-2.015E-01	4.031E-01
7.750E-02	2.033E-01	-2.033E-01	4.066E-01
7.850E-02	2.051E-01	-2.051E-01	4.102E-01
7.950E-02	2.068E-01	-2.068E-01	4.137E-01
8.050E-02	2.086E-01	-2.086E-01	4.172E-01
8.150E-02	2.103E-01	-2.103E-01	4.206E-01
8.250E-02	2.120E-01	-2.120E-01	4.241E-01
8.350E-02	2.137E-01	-2.137E-01	4.275E-01
8.450E-02	2.154E-01	-2.154E-01	4.309E-01
8.550E-02	2.171E-01	-2.171E-01	4.343E-01
8.650E-02	2.188E-01	-2.188E-01	4.376E-01
8.750E-02	2.205E-01	-2.205E-01	4.409E-01
8.850E-02	2.221E-01	-2.221E-01	4.443E-01
8.950E-02	2.238E-01	-2.238E-01	4.475E-01
9.050E-02	2.254E-01	-2.254E-01	4.508E-01
9.150E-02	2.270E-01	-2.270E-01	4.540E-01
9.250E-02	2.286E-01	-2.286E-01	4.573E-01
9.350E-02	2.302E-01	-2.302E-01	4.605E-01
9.450E-02	2.318E-01	-2.318E-01	4.636E-01
9.550E-02	2.334E-01	-2.334E-01	4.668E-01
9.650E-02	2.350E-01	-2.350E-01	4.699E-01
9.750E-02	2.365E-01	-2.365E-01	4.731E-01
9.850E-02	2.381E-01	-2.381E-01	4.762E-01
9.950E-02	2.396E-01	-2.396E-01	4.792E-01
1.005E-01	2.411E-01	-2.411E-01	4.823E-01
1.015E-01	2.427E-01	-2.427E-01	4.853E-01
1.025E-01	2.442E-01	-2.442E-01	4.883E-01
1.035E-01	2.457E-01	-2.457E-01	4.913E-01
1.045E-01	2.472E-01	-2.472E-01	4.943E-01
1.055E-01	2.486E-01	-2.486E-01	4.973E-01
1.065E-01	2.501E-01	-2.501E-01	5.002E-01
1.075E-01	2.516E-01	-2.516E-01	5.031E-01
1.085E-01	2.530E-01	-2.530E-01	5.060E-01
1.095E-01	2.545E-01	-2.545E-01	5.089E-01
1.105E-01	2.559E-01	-2.559E-01	5.118E-01
1.115E-01	2.573E-01	-2.573E-01	5.146E-01
1.125E-01	2.587E-01	-2.587E-01	5.174E-01
1.135E-01	2.601E-01	-2.601E-01	5.202E-01
1.145E-01	2.615E-01	-2.615E-01	5.230E-01
1.155E-01	2.629E-01	-2.629E-01	5.258E-01
1.165E-01	2.643E-01	-2.643E-01	5.285E-01
1.175E-01	2.656E-01	-2.656E-01	5.313E-01
1.185E-01	2.670E-01	-2.670E-01	5.340E-01
1.195E-01	2.683E-01	-2.683E-01	5.367E-01
1.205E-01	2.697E-01	-2.697E-01	5.393E-01
1.215E-01	2.710E-01	-2.710E-01	5.420E-01
1.225E-01	2.723E-01	-2.723E-01	5.446E-01
1.235E-01	2.736E-01	-2.736E-01	5.473E-01
1.245E-01	2.749E-01	-2.749E-01	5.499E-01
1.255E-01	2.762E-01	-2.762E-01	5.524E-01
1.265E-01	2.775E-01	-2.775E-01	5.550E-01
1.275E-01	2.788E-01	-2.788E-01	5.576E-01
1.285E-01	2.800E-01	-2.800E-01	5.601E-01
1.295E-01	2.813E-01	-2.813E-01	5.626E-01
1.305E-01	2.825E-01	-2.825E-01	5.651E-01
1.315E-01	2.838E-01	-2.838E-01	5.676E-01
1.325E-01	2.850E-01	-2.850E-01	5.700E-01
1.335E-01	2.862E-01	-2.862E-01	5.725E-01
1.345E-01	2.874E-01	-2.874E-01	5.749E-01
1.355E-01	2.887E-01	-2.887E-01	5.773E-01
1.365E-01	2.898E-01	-2.898E-01	5.797E-01
1.375E-01	2.910E-01	-2.910E-01	5.821E-01
1.385E-01	2.922E-01	-2.922E-01	5.844E-01
1.395E-01	2.934E-01	-2.934E-01	5.868E-01
1.405E-01	2.945E-01	-2.945E-01	5.891E-01
1.415E-01	2.957E-01	-2.957E-01	5.914E-01
1.425E-01	2.968E-01	-2.968E-01	5.937E-01
1.435E-01	2.980E-01	-2.980E-01	5.960E-01
1.445E-01	2.991E-01	-2.991E-01	5.982E-01
1.455E-01	3.002E-01	-3.002E-01	6.005E-01
1.465E-01	3.013E-01	-3.013E-01	6.027E-01
1.475E-01	3.024E-01	-3.024E-01	6.049E-01
1.485E-01	3.035E-01	-3.035E-01	6.071E-01
1.495E-01	3.046E-01	-3.046E-01	6.092E-01
1.505E-01	3.057E-01	-3.057E-01	6.114E-01
1.515E-01	3.068E-01	-3.068E-01	6.135E-01
1.525E-01	3.078E-01	-3.078E-01	6.157E-01
1.535E-01	3.089E-01	-3.089E-01	6.178E-01
1.545E-01	3.099E-01	-3.099E-01	6.199E-01
1.555E-01	3.110E-01	-3.110E-01	6.219E-01
1.565E-01	3.120E-01	-3.120E-01	6.240E-01
1.575E-01	3.130E-01	-3.130E-01	6.261E-01
1.585E-01	3.140E-01	-3.140E-01	6.281E-01
1.595E-01	3.150E-01	-3.150E-01	6.301E-01
1.605E-01	3.160E-01	-3.160E-01	6.321E-01
1.615E-01	3.170E-01	-3.170E-01	6.341E-01
1.625E-01	3.180E-01	-3.180E-01	6.360E-01
1.635E-01	3.190E-01	-3.190E-01	6.380E-01
1.645E-01	3.200E-01	-3.200E-01	6.399E-01
1.655E-01	3.209E-01	-3.209E-01	6.419E-01
1.665E-01	3.219E-01	-3.219E-01	6.438E-01
1.675E-01	3.228E-01	-3.228E-01	6.457E-01
1.685E-01	3.238E-01	-3.238E-01	6.475E-01
1.695E-01	3.247E-01	-3.247E-01	6.494E-01
1.705E-01	3.256E-01	-3.256E-01	6.512E-01
1.715E-01	3.265E-01	-3.265E-01	6.531E-01
1.725E-01	3.274E-01	-3.274E-01	6.549E-01
1.735E-01	3.283E-01	-3.283E-01	6.567E-01
1.745E-01	3.292E-01	-3.292E-01	6.585E-01
1.755E-01	3.301E-01	-3.301E-01	6.602E-01
1.765E-01	3.310E-01	-3.310E-01	6.620E-01
1.775E-01	3.319E-01	-3.319E-01	6.637E-01
1.785E-01	3.327E-01	-3.327E-01	6.654E-01
1.795E-01	3.336E-01	-3.336E-01	6.672E-01
1.805E-01	3.344E-01	-3.344E-01	6.689E-01
1.815E-01	3.353E-01	-3.353E-01	6.705E-01
1.825E-01	3.361E-01	-3.361E-01	6.722E-01
1.835E-01	3.369E-01	-3.369E-01	6.739E-01
1.845E-01	3.377E-01	-3.377E-01	6.755E-01
1.855E-01	3.386E-01	-3.386E-01	6.771E-01
1.865E-01	3.394E-01	-3.394E-01	6.787E-01
1.875E-01	3.402E-01	-3.402E-01	6.803E-01
1.885E-01	3.409E-01	-3.409E-01	6.819E-01
1.895E-01	3.417E-01	-3.417E-01	6.835E-01
1.905E-01	3.425E-01	-3.425E-01	6.850E-01
1.915E-01	3.433E-01	-3.433E-01	6.866E-01
1.925E-01	3.440E-01	-3.440E-01	6.881E-01
1.935E-01	3.448E-01	-3.448E-01	6.896E-01
1.945E-01	3.455E-01	-3.455E-01	6.911E-01
1.955E-01	3.463E-01	-3.463E-01	6.926E-01
1.965E-01	3.470E-01	-3.470E-01	6.940E-01
1.975E-01	3.477E-01	-3.477E-01	6.955E-01
1.985E-01	3.485E-01	-3.485E-01	6.969E-01
1.995E-01	3.492E-01	-3.492E-01	6.984E-01
2.005E-01	3.499E-01	-3.499E-01	6.998E-01
2.015E-01	3.506E-01	-3.506E-01	7.012E-01
2.025E-01	3.513E-01	-3.513E-01	7.025E-01
2.035E-01	3.520E-01	-3.520E-01	7.039E-01
2.045E-01	3.526E-01	-3.526E-01	7.053E-01
2.055E-01	3.533E-01	-3.533E-01	7.066E-01
2.065E-01	3.540E-01	-3.540E-01	7.080E-01
2.075E-01	3.546E-01	-3.546E-01	7.093E-01
2.085E-01	3.553E-01	-3.553E-01	7.106E-01
2.095E-01	3.559E-01	-3.559E-01	7.119E-01
2.105E-01	3.566E-01	-3.566E-01	7.131E-01
2.115E-01	3.572E-01	-3.572E-01	7.144E-01
2.125E-01	3.578E-01	-3.578E-01	7.157E-01
2.135E-01	3.584E-01	-3.584E-01	7.169E-01
2.145E-01	3.591E-01	-3.591E-01	7.181E-01
2.155E-01	3.597E-01	-3.597E-01	7.193E-01
2.165E-01	3.603E-01	-3.603E-01	7.205E-01
2.175E-01	3.609E-01	-3.609E-01	7.217E-01
2.185E-01	3.614E-01	-3.614E-01	7.229E-01
2.195E-01	3.620E-01	-3.620E-01	7.240E-01
2.205E-01	3.626E-01	-3.626E-01	7.252E-01
2.215E-01	3.632E-01	-3.632E-01	7.263E-01
2.225E-01	3.637E-01	-3.637E-01	7.274E-01
2.235E-01	3.643E-01	-3.643E-01	7.285E-01
2.245E-01	3.648E-01	-3.648E-01	7.296E-01
2.255E-01	3.654E-01	-3.654E-01	7.307E-01
2.265E-01	3.659E-01	-3.659E-01	7.318E-01
2.275E-01	3.664E-01	-3.664E-01	7.328E-01
2.285E-01	3.669E-01	-3.669E-01	7.339E-01
2.295E-01	3.675E-01	-3.675E-01	7.349E-01
2.305E-01	3.680E-01	-3.680E-01	7.359E-01
2.315E-01	3.685E-01	-3.685E-01	7.369E-01
2.325E-01	3.690E-01	-3.690E-01	7.379E-01
2.335E-01	3.695E-01	-3.695E-01	7.389E-01
2.345E-01	3.699E-01	-3.699E-01	7.399E-01
2.355E-01	3.704E-01	-3.704E-01	7.408E-01
2.365E-01	3.709E-01	-3.709E-01	7.418E-01
2.375E-01	3.714E-01	-3.714E-01	7.427E-01
2.385E-01	3.718E-01	-3.718E-01	7.436E-01
2.395E-01	3.723E-01	-3.723E-01	7.445E-01
2.405E-01	3.727E-01	-3.727E-01	7.454E-01
2.415E-01	3.732E-01	-3.732E-01	7.463E-01
2.425E-01	3.736E-01	-3.736E-01	7.472E-01
2.435E-01	3.740E-01	-3.740E-01	7.481E-01
2.445E-01	3.744E-01	-3.744E-01	7.489E-01
2.455E-01	3.749E-01	-3.749E-01	7.497E-01
2.465E-01	3.753E-01	-3.753E-01	7.506E-01
2.475E-01	3.757E-01	-3.757E-01	7.514E-01
2.485E-01	3.761E-01	-3.761E-01	7.522E-01
2.495E-01	3.765E-01	-3.765E-01	7.530E-01
2.505E-01	3.769E-01	-3.769E-01	7.537E-01
2.515E-01	3.772E-01	-3.772E-01	7.545E-01
2.525E-01	3.776E-01	-3.776E-01	7.552E-01
2.535E-01	3.780E-01	-3.780E-01	7.560E-01
2.545E-01	3.784E-01	-3.784E-01	7.567E-01
2.555E-01	3.787E-01	-3.787E-01	7.574E-01
2.565E-01	3.791E-01	-3.791E-01	7.581E-01
2.575E-01	3.794E-01	-3.794E-01	7.588E-01
2.585E-01	3.798E-01	-3.798E-01	7.595E-01
2.595E-01	3.801E-01	-3.801E-01	7.602E-01
2.605E-01	3.804E-01	-3.804E-01	7.608E-01
2.615E-01	3.807E-01	-3.807E-01	7.615E-01
2.625E-01	3.811E-01	-3.811E-01	7.621E-01
2.635E-01	3.814E-01	-3.814E-01	7.627E-01
2.645E-01	3.817E-01	-3.817E-01	7.634E-01
2.655E-01	3.820E-01	-3.820E-01	7.640E-01
2.665E-01	3.823E-01	-3.823E-01	7.645E-01
2.675E-01	3.826E-01	-3.826E-01	7.651E-01
2.685E-01	3.828E-01	-3.828E-01	7.657E-01
2.695E-01	3.831E-01	-3.831E-01	7.662E-01
2.705E-01	3.834E-01	-3.834E-01	7.668E-01
2.715E-01	3.837E-01	-3.837E-01	7.673E-01
2.725E-01	3.839E-01	-3.839E-01	7.678E-01
2.735E-01	3.842E-01	-3.842E-01	7.684E-01
2.745E-01	3.844E-01	-3.844E-01	7.689E-01
2.755E-01	3.847E-01	-3.847E-01	7.694E-01
2.765E-01	3.849E-01	-3.849E-01	7.698E-01
2.775E-01	3.851E-01	-3.851E-01	7.703E-01
2.785E-01	3.854E-01	-3.854E-01	7.708E-01
2.795E-01	3.856E-01	-3.856E-01	7.712E-01
2.805E-01	3.858E-01	-3.858E-01	7.716E-01
2.815E-01	3.860E-01	-3.860E-01	7.721E-01
2.825E-01	3.862E-01	-3.862E-01	7.725E-01
2.835E-01	3.864E-01	-3.864E-01	7.729E-01
2.845E-01	3.866E-01	-3.866E-01	7.733E-01
2.855E-01	3.868E-01	-3.868E-01	7.737E-01
2.865E-01	3.870E-01	-3.870E-01	7.740E-01
2.875E-01	3.872E-01	-3.872E-01	7.744E-01
2.885E-01	3.874E-01	-3.874E-01	7.747E-01
2.895E-01	3.875E-01	-3.875E-01	7.751E-01
2.905E-01	3.877E-01	-3.877E-01	7.754E-01
2.915E-01	3.879E-01	-3.879E-01	7.757E-01
2.925E-01	3.880E-01	-3.880E-01	7.760E-01
2.935E-01	3.882E-01	-3.882E-01	7.763E-01
2.945E-01	3.883E-01	-3.883E-01	7.766E-01
2.955E-01	3.884E-01	-3.884E-01	7.769E-01
2.965E-01	3.886E-01	-3.886E-01	7.772E-01
2.975E-01	3.887E-01	-3.887E-01	7.774E-01
2.985E-01	3.888E-01	-3.888E-01	7.777E-01
2.995E-01	3.890E-01	-3.890E-01	7.779E-01
3.005E-01	3.891E-01	-3.891E-01	7.781E-01
3.015E-01	3.892E-01	-3.892E-01	7.783E-01
3.025E-01	3.893E-01	-3.893E-01	7.786E-01
3.035E-01	3.894E-01	-3.894E-01	7.787E-01
3.045E-01	3.895E-01	-3.895E-01	7.789E-01
3.055E-01	3.896E-01	-3.896E-01	7.791E-01
3.065E-01	3.896E-01	-3.896E-01	7.793E-01
3.075E-01	3.897E-01	-3.897E-01	7.794E-01
3.085E-01	3.898E-01	-3.898E-01	7.796E-01
3.095E-01	3.899E-01	-3.899E-01	7.797E-01
3.105E-01	3.899E-01	-3.899E-01	7.798E-01
3.115E-01	3.900E-01	-3.900E-01	7.800E-01
3.125E-01	3.900E-01	-3.900E-01	7.801E-01
3.135E-01	3.901E-01	-3.901E-01	7.802E-01
3.145E-01	3.901E-01	-3.901E-01	7.802E-01
3.155E-01	3.902E-01	-3.902E-01	7.803E-01
3.165E-01	3.902E-01	-3.902E-01	7.804E-01
3.175E-01	3.902E-01	-3.902E-01	7.804E-01
3.185E-01	3.902E-01	-3.902E-01	7.805E-01
3.195E-01	3.903E-01	-3.903E-01	7.805E-01
3.205E-01	3.903E-01	-3.903E-01	7.806E-01
3.215E-01	3.903E-01	-3.903E-01	7.806E-01
3.225E-01	3.903E-01	-3.903E-01	7.806E-01
3.235E-01	3.903E-01	-3.903E-01	7.806E-01
3.245E-01	3.903E-01	-3.903E-01	7.806E-01
3.255E-01	3.903E-01	-3.903E-01	7.806E-01
3.265E-01	3.903E-01	-3.903E-01	7.805E-01
3.275E-01	3.902E-01	-3.902E-01	7.805E-01
3.285E-01	3.902E-01	-3.902E-01	7.805E-01
3.295E-01	3.902E-01	-3.902E-01	7.804E-01
3.305E-01	3.902E-01	-3.902E-01	7.803E-01
3.315E-01	3.901E-01	-3.901E-01	7.803E-01
3.325E-01	3.901E-01	-3.901E-01	7.802E-01
3.335E-01	3.900E-01	-3.900E-01	7.801E-01
3.345E-01	3.900E-01	-3.900E-01	7.800E-01
3.355E-01	3.899E-01	-3.899E-01	7.799E-01
3.365E-01	3.899E-01	-3.899E-01	7.797E-01
3.375E-01	3.898E-01	-3.898E-01	7.796E-01
3.385E-01	3.897E-01	-3.897E-01	7.795E-01
3.395E-01	3.897E-01	-3.897E-01	7.793E-01
3.405E-01	3.896E-01	-3.896E-01	7.792E-01
3.415E-01	3.895E-01	-3.895E-01	7.790E-01
3.425E-01	3.894E-01	-3.894E-01	7.788E-01
3.435E-01	3.893E-01	-3.893E-01	7.787E-01
3.445E-01	3.892E-01	-3.892E-01	7.785E-01
3.455E-01	3.891E-01	-3.891E-01	7.783E-01
3.465E-01	3.890E-01	-3.890E-01	7.781E-01
3.475E-01	3.889E-01	-3.889E-01	7.778E-01
3.485E-01	3.888E-01	-3.888E-01	7.776E-01
3.495E-01	3.887E-01	-3.887E-01	7.774E-01
3.505E-01	3.886E-01	-3.886E-01	7.771E-01
3.515E-01	3.884E-01	-3.884E-01	7.769E-01
3.525E-01	3.883E-01	-3.883E-01	7.766E-01
3.535E-01	3.882E-01	-3.882E-01	7.763E-01
3.545E-01	3.880E-01	-3.880E-01	7.761E-01
3.555E-01	3.879E-01	-3.879E-01	7.758E-01
3.565E-01	3.877E-01	-3.877E-01	7.755E-01
3.575E-01	3.876E-01	-3.876E-01	7.752E-01
3.585E-01	3.874E-01	-3.874E-01	7.749E-01
3.595E-01	3.873E-01	-3.873E-01	7.745E-01
3.605E-01	3.871E-01	-3.871E-01	7.742E-01
3.615E-01	3.869E-01	-3.869E-01	7.739E-01
3.625E-01	3.868E-01	-3.868E-01	7.735E-01
3.635E-01	3.866E-01	-3.866E-01	7.732E-01
3.645E-01	3.864E-01	-3.864E-01	7.728E-01
3.655E-01	3.862E-01	-3.862E-01	7.724E-01
3.665E-01	3.860E-01	-3.860E-01	7.721E-01
3.675E-01	3.858E-01	-3.858E-01	7.717E-01
3.685E-01	3.856E-01	-3.856E-01	7.713E-01
3.695E-01	3.854E-01	-3.854E-01	7.709E-01
3.705E-01	3.852E-01	-3.852E-01	7.705E-01
3.715E-01	3.850E-01	-3.850E-01	7.700E-01
3.725E-01	3.848E-01	-3.848E-01	7.696E-01
3.735E-01	3.846E-01	-3.846E-01	7.692E-01
3.745E-01	3.844E-01	-3.844E-01	7.687E-01
3.755E-01	3.841E-01	-3.841E-01	7.683E-01
3.765E-01	3.839E-01	-3.839E-01	7.678E-01
3.775E-01	3.837E-01	-3.837E-01	7.673E-01
3.785E-01	3.834E-01	-3.834E-01	7.669E-01
3.795E-01	3.832E-01	-3.832E-01	7.664E-01
3.805E-01	3.829E-01	-3.829E-01	7.659E-01
3.815E-01	3.827E-01	-3.827E-01	7.654E-01
3.825E-01	3.824E-01	-3.824E-01	7.649E-01
3.835E-01	3.822E-01	-3.822E-01	7.644E-01
3.845E-01	3.819E-01	-3.819E-01	7.638E-01
3.855E-01	3.817E-01	-3.817E-01	7.633E-01
3.865E-01	3.814E-01	-3.814E-01	7.628E-01
3.875E-01	3.811E-01	-3.811E-01	7.622E-01
3.885E-01	3.808E-01	-3.808E-01	7.617E-01
3.895E-01	3.806E-01	-3.806E-01	7.611E-01
3.905E-01	3.803E-01	-3.803E-01	7.605E-01
3.915E-01	3.800E-01	-3.800E-01	7.600E-01
3.925E-01	3.797E-01	-3.797E-01	7.594E-01
3.935E-01	3.794E-01	-3.794E-01	7.588E-01
3.945E-01	3.791E-01	-3.791E-01	7.582E-01
3.955E-01	3.788E-01	-3.788E-01	7.576E-01
3.965E-01	3.785E-01	-3.785E-01	7.570E-01
3.975E-01	3.782E-01	-3.782E-01	7.563E-01
3.985E-01	3.779E-01	-3.779E-01	7.557E-01
3.995E-01	3.775E-01	-3.775E-01	7.551E-01
4.005E-01	3.772E-01	-3.772E-01	7.544E-01
4.015E-01	3.769E-01	-3.769E-01	7.538E-01
4.025E-01	3.766E-01	-3.766E-01	7.531E-01
4.035E-01	3.762E-01	-3.762E-01	7.525E-01
4.045E-01	3.759E-01	-3.759E-01	7.518E-01
4.055E-01	3.756E-01	-3.756E-01	7.511E-01
4.065E-01	3.752E-01	-3.752E-01	7.504E-01
4.075E-01	3.749E-01	-3.749E-01	7.497E-01
4.085E-01	3.745E-01	-3.745E-01	7.490E-01
4.095E-01	3.742E-01	-3.742E-01	7.483E-01
4.105E-01	3.738E-01	-3.738E-01	7.476E-01
4.115E-01	3.734E-01	-3.734E-01	7.469E-01
4.125E-01	3.731E-01	-3.731E-01	7.462E-01
4.135E-01	3.727E-01	-3.727E-01	7.454E-01
4.145E-01	3.723E-01	-3.723E-01	7.447E-01
4.155E-01	3.720E-01	-3.720E-01	7.439E-01
4.165E-01	3.716E-01	-3.716E-01	7.432E-01
4.175E-01	3.712E-01	-3.712E-01	7.424E-01
4.185E-01	3.708E-01	-3.708E-01	7.416E-01
4.195E-01	3.704E-01	-3.704E-01	7.409E-01
4.205E-01	3.700E-01	-3.700E-01	7.401E-01
4.215E-01	3.696E-01	-3.696E-01	7.393E-01
4.225E-01	3.692E-01	-3.692E-01	7.385E-01
4.235E-01	3.688E-01	-3.688E-01	7.377E-01
4.245E-01	3.684E-01	-3.684E-01	7.369E-01
4.255E-01	3.680E-01	-3.680E-01	7.361E-01
4.265E-01	3.676E-01	-3.676E-01	7.352E-01
4.275E-01	3.672E-01	-3.672E-01	7.344E-01
4.285E-01	3.668E-01	-3.668E-01	7.336E-01
4.295E-01	3.664E-01	-3.664E-01	7.327E-01
4.305E-01	3.659E-01	-3.659E-01	7.319E-01
4.315E-01	3.655E-01	-3.655E-01	7.310E-01
4.325E-01	3.651E-01	-3.651E-01	7.302E-01
4.335E-01	3.646E-01	-3.646E-01	7.293E-01
4.345E-01	3.642E-01	-3.642E-01	7.284E-01
4.355E-01	3.638E-01	-3.638E-01	7.275E-01
4.365E-01	3.633E-01	-3.633E-01	7.266E-01
4.375E-01	3.629E-01	-3.629E-01	7.257E-01
4.385E-01	3.624E-01	-3.624E-01	7.248E-01
4.395E-01	3.620E-01	-3.620E-01	7.239E-01
4.405E-01	3.615E-01	-3.615E-01	7.230E-01
4.415E-01	3.610E-01	-3.610E-01	7.221E-01
4.425E-01	3.606E-01	-3.606E-01	7.212E-01
4.435E-01	3.601E-01	-3.601E-01	7.202E-01
4.445E-01	3.596E-01	-3.596E-01	7.193E-01
4.455E-01	3.592E-01	-3.592E-01	7.184E-01
4.465E-01	3.587E-01	-3.587E-01	7.174E-01
4.475E-01	3.582E-01	-3.582E-01	7.164E-01
4.485E-01	3.577E-01	-3.577E-01	7.155E-01
4.495E-01	3.573E-01	-3.573E-01	7.145E-01
4.505E-01	3.568E-01	-3.568E-01	7.135E-01
4.515E-01	3.563E-01	-3.563E-01	7.126E-01
4.525E-01	3.558E-01	-3.558E-01	7.116E-01
4.535E-01	3.553E-01	-3.553E-01	7.106E-01
4.545E-01	3.548E-01	-3.548E-01	7.096E-01
4.555E-01	3.543E-01	-3.543E-01	7.086E-01
4.565E-01	3.538E-01	-3.538E-01	7.076E-01
4.575E-01	3.533E-01	-3.533E-01	7.066E-01
4.585E-01	3.528E-01	-3.528E-01	7.055E-01
4.595E-01	3.523E-01	-3.523E-01	7.045E-01
4.605E-01	3.517E-01	-3.517E-01	7.035E-01
4.615E-01	3.512E-01	-3.512E-01	7.024E-01
4.625E-01	3.507E-01	-3.507E-01	7.014E-01
4.635E-01	3.502E-01	-3.502E-01	7.003E-01
4.645E-01	3.496E-01	-3.496E-01	6.993E-01
4.655E-01	3.491E-01	-3.491E-01	6.982E-01
4.665E-01	3.486E-01	-3.486E-01	6.971E-01
4.675E-01	3.480E-01	-3.480E-01	6.961E-01
4.685E-01	3.475E-01	-3.475E-01	6.950E-01
4.695E-01	3.470E-01	-3.470E-01	6.939E-01
4.705E-01	3.464E-01	-3.464E-01	6.928E-01
4.715E-01	3.459E-01	-3.459E-01	6.917E-01
4.725E-01	3.453E-01	-3.453E-01	6.906E-01
4.735E-01	3.448E-01	-3.448E-01	6.895E-01
4.745E-01	3.442E-01	-3.442E-01	6.884E-01
4.755E-01	3.436E-01	-3.436E-01	6.873E-01
4.765E-01	3.431E-01	-3.431E-01	6.862E-01
4.775E-01	3.425E-01	-3.425E-01	6.851E-01
4.785E-01	3.420E-01	-3.420E-01	6.839E-01
4.795E-01	3.414E-01	-3.414E-01	6.828E-01
4.805E-01	3.408E-01	-3.408E-01	6.816E-01
4.815E-01	3.402E-01	-3.402E-01	6.805E-01
4.825E-01	3.397E-01	-3.397E-01	6.793E-01
4.835E-01	3.391E-01	-3.391E-01	6.782E-01
4.845E-01	3.385E-01	-3.385E-01	6.770E-01
4.855E-01	3.379E-01	-3.379E-01	6.758E-01
4.865E-01	3.373E-01	-3.373E-01	6.747E-01
4.875E-01	3.367E-01	-3.367E-01	6.735E-01
4.885E-01	3.362E-01	-3.362E-01	6.723E-01
4.895E-01	3.356E-01	-3.356E-01	6.711E-01
4.905E-01	3.350E-01	-3.350E-01	6.699E-01
4.915E-01	3.344E-01	-3.344E-01	6.687E-01
4.925E-01	3.338E-01	-3.338E-01	6.675E-01
4.935E-01	3.332E-01	-3.332E-01	6.663E-01
4.945E-01	3.326E-01	-3.326E-01	6.651E-01
4.955E-01	3.319E-01	-3.319E-01	6.639E-01
4.965E-01	3.313E-01	-3.313E-01	6.627E-01
4.975E-01	3.307E-01	-3.307E-01	6.614E-01
4.985E-01	3.301E-01	-3.301E-01	6.602E-01
4.995E-01	3.295E-01	-3.295E-01	6.590E-01
5.005E-01	3.289E-01	-3.289E-01	6.577E-01
5.015E-01	3.282E-01	-3.282E-01	6.565E-01
5.025E-01	3.276E-01	-3.276E-01	6.552E-01
5.035E-01	3.270E-01	-3.270E-01	6.540E-01
5.045E-01	3.264E-01	-3.264E-01	6.527E-01
5.055E-01	3.257E-01	-3.257E-01	6.515E-01
5.065E-01	3.251E-01	-3.251E-01	6.502E-01
5.075E-01	3.245E-01	-3.245E-01	6.489E-01
5.085E-01	3.238E-01	-3.238E-01	6.476E-01
5.095E-01	3.232E-01	-3.232E-01	6.463E-01
5.105E-01	3.225E-01	-3.225E-01	6.451E-01
5.115E-01	3.219E-01	-3.219E-01	6.438E-01
5.125E-01	3.212E-01	-3.212E-01	6.425E-01
5.135E-01	3.206E-01	-3.206E-01	6.412E-01
5.145E-01	3.199E-01	-3.199E-01	6.399E-01
5.155E-01	3.193E-01	-3.193E-01	6.386E-01
5.165E-01	3.186E-01	-3.186E-01	6.372E-01
5.175E-01	3.180E-01	-3.180E-01	6.359E-01
5.185E-01	3.173E-01	-3.173E-01	6.346E-01
5.195E-01	3.166E-01	-3.166E-01	6.333E-01
5.205E-01	3.160E-01	-3.160E-01	6.319E-01
5.215E-01	3.153E-01	-3.153E-01	6.306E-01
5.225E-01	3.146E-01	-3.146E-01	6.293E-01
5.235E-01	3.140E-01	-3.140E-01	6.279E-01
5.245E-01	3.133E-01	-3.133E-01	6.266E-01
5.255E-01	3.126E-01	-3.126E-01	6.252E-01
5.265E-01	3.119E-01	-3.119E-01	6.239E-01
5.275E-01	3.113E-01	-3.113E-01	6.225E-01
5.285E-01	3.106E-01	-3.106E-01	6.212E-01
5.295E-01	3.099E-01	-3.099E-01	6.198E-01
5.305E-01	3.092E-01	-3.092E-01	6.184E-01
5.315E-01	3.085E-01	-3.085E-01	6.170E-01
5.325E-01	3.078E-01	-3.078E-01	6.157E-01
5.335E-01	3.071E-01	-3.071E-01	6.143E-01
5.345E-01	3.064E-01	-3.064E-01	6.129E-01
5.355E-01	3.058E-01	-3.058E-01	6.115E-01
5.365E-01	3.051E-01	-3.051E-01	6.101E-01
5.375E-01	3.044E-01	-3.044E-01	6.087E-01
5.385E-01	3.037E-01	-3.037E-01	6.073E-01
5.395E-01	3.030E-01	-3.030E-01	6.059E-01
5.405E-01	3.022E-01	-3.022E-01	6.045E-01
5.415E-01	3.015E-01	-3.015E-01	6.031E-01
5.425E-01	3.008E-01	-3.008E-01	6.017E-01
5.435E-01	3.001E-01	-3.001E-01	6.002E-01
5.445E-01	2.994E-01	-2.994E-01	5.988E-01
5.455E-01	2.987E-01	-2.987E-01	5.974E-01
5.465E-01	2.980E-01	-2.980E-01	5.960E-01
5.475E-01	2.973E-01	-2.973E-01	5.945E-01
5.485E-01	2.965E-01	-2.965E-01	5.931E-01
5.495E-01	2.958E-01	-2.958E-01	5.916E-01
5.505E-01	2.951E-01	-2.951E-01	5.902E-01
5.515E-01	2.944E-01	-2.944E-01	5.887E-01
5.525E-01	2.936E-01	-2.936E-01	5.873E-01
5.535E-01	2.929E-01	-2.929E-01	5.858E-01
5.545E-01	2.922E-01	-2.922E-01	5.844E-01
5.555E-01	2.915E-01	-2.915E-01	5.829E-01
5.565E-01	2.907E-01	-2.907E-01	5.815E-01
5.575E-01	2.900E-01	-2.900E-01	5.800E-01
5.585E-01	2.893E-01	-2.893E-01	5.785E-01
5.595E-01	2.885E-01	-2.885E-01	5.770E-01
5.605E-01	2.878E-01	-2.878E-01	5.756E-01
5.615E-01	2.870E-01	-2.870E-01	5.741E-01
5.625E-01	2.863E-01	-2.863E-01	5.726E-01
5.635E-01	2.856E-01	-2.856E-01	5.711E-01
5.645E-01	2.848E-01	-2.848E-01	5.696E-01
5.655E-01	2.841E-01	-2.841E-01	5.681E-01
5.665E-01	2.833E-01	-2.833E-01	5.666E-01
5.675E-01	2.826E-01	-2.826E-01	5.651E-01
5.685E-01	2.818E-01	-2.818E-01	5.636E-01
5.695E-01	2.811E-01	-2.811E-01	5.621E-01
5.705E-01	2.803E-01	-2.803E-01	5.606E-01
5.715E-01	2.795E-01	-2.795E-01	5.591E-01
5.725E-01	2.788E-01	-2.788E-01	5.576E-01
5.735E-01	2.780E-01	-2.780E-01	5.561E-01
5.745E-01	2.773E-01	-2.773E-01	5.545E-01
5.755E-01	2.765E-01	-2.765E-01	5.530E-01
5.765E-01	2.757E-01	-2.757E-01	5.515E-01
5.775E-01	2.750E-01	-2.750E-01	5.500E-01
5.785E-01	2.742E-01	-2.742E-01	5.484E-01
5.795E-01	2.734E-01	-2.734E-01	5.469E-01
5.805E-01	2.727E-01	-2.727E-01	5.453E-01
5.815E-01	2.719E-01	-2.719E-01	5.438E-01
5.825E-01	2.711E-01	-2.711E-01	5.423E-01
5.835E-01	2.704E-01	-2.704E-01	5.407E-01
5.845E-01	2.696E-01	-2.696E-01	5.392E-01
5.855E-01	2.688E-01	-2.688E-01	5.376E-01
5.865E-01	2.680E-01	-2.680E-01	5.361E-01
5.875E-01	2.673E-01	-2.673E-01	5.345E-01
5.885E-01	2.665E-01	-2.665E-01	5.330E-01
5.895E-01	2.657E-01	-2.657E-01	5.314E-01
5.905E-01	2.649E-01	-2.649E-01	5.298E-01
5.915E-01	2.641E-01	-2.641E-01	5.283E-01
5.925E-01	2.633E-01	-2.633E-01	5.267E-01
5.935E-01	2.626E-01	-2.626E-01	5.251E-01
5.945E-01	2.618E-01	-2.618E-01	5.236E-01
5.955E-01	2.610E-01	-2.610E-01	5.220E-01
5.965E-01	2.602E-01	-2.602E-01	5.204E-01
5.975E-01	2.594E-01	-2.594E-01	5.188E-01
5.985E-01	2.586E-01	-2.586E-01	5.172E-01
5.995E-01	2.578E-01	-2.578E-01	5.157E-01
6.005E-01	2.570E-01	-2.570E-01	5.141E-01
6.015E-01	2.562E-01	-2.562E-01	5.125E-01
6.025E-01	2.554E-01	-2.554E-01	5.109E-01
6.035E-01	2.546E-01	-2.546E-01	5.093E-01
6.045E-01	2.538E-01	-2.538E-01	5.077E-01
6.055E-01	2.530E-01	-2.530E-01	5.061E-01
6.065E-01	2.522E-01	-2.522E-01	5.045E-01
6.075E-01	2.514E-01	-2.514E-01	5.029E-01
6.085E-01	2.506E-01	-2.506E-01	5.013E-01
6.095E-01	2.498E-01	-2.498E-01	4.997E-01
6.105E-01	2.490E-01	-2.490E-01	4.981E-01
6.115E-01	2.482E-01	-2.482E-01	4.965E-01
6.125E-01	2.474E-01	-2.474E-01	4.949E-01
6.135E-01	2.466E-01	-2.466E-01	4.932E-01
6.145E-01	2.458E-01	-2.458E-01	4.916E-01
6.155E-01	2.450E-01	-2.450E-01	4.900E-01
6.165E-01	2.442E-01	-2.442E-01	4.884E-01
6.175E-01	2.434E-01	-2.434E-01	4.868E-01
6.185E-01	2.426E-01	-2.426E-01	4.851E-01
6.195E-01	2.418E-01	-2.418E-01	4.835E-01
6.205E-01	2.409E-01	-2.409E-01	4.819E-01
6.215E-01	2.401E-01	-2.401E-01	4.803E-01
6.225E-01	2.393E-01	-2.393E-01	4.786E-01
6.235E-01	2.385E-01	-2.385E-01	4.770E-01
6.245E-01	2.377E-01	-2.377E-01	4.754E-01
6.255E-01	2.369E-01	-2.369E-01	4.737E-01
6.265E-01	2.361E-01	-2.361E-01	4.721E-01
6.275E-01	2.352E-01	-2.352E-01	4.705E-01
6.285E-01	2.344E-01	-2.344E-01	4.688E-01
6.295E-01	2.336E-01	-2.336E-01	4.672E-01
6.305E-01	2.328E-01	-2.328E-01	4.656E-01
6.315E-01	2.320E-01	-2.320E-01	4.639E-01
6.325E-01	2.311E-01	-2.311E-01	4.623E-01
6.335E-01	2.303E-01	-2.303E-01	4.606E-01
6.345E-01	2.295E-01	-2.295E-01	4.590E-01
6.355E-01	2.287E-01	-2.287E-01	4.573E-01
6.365E-01	2.278E-01	-2.278E-01	4.557E-01
6.375E-01	2.270E-01	-2.270E-01	4.540E-01
6.385E-01	2.262E-01	-2.262E-01	4.524E-01
6.395E-01	2.254E-01	-2.254E-01	4.507E-01
6.405E-01	2.245E-01	-2.245E-01	4.491E-01
6.415E-01	2.237E-01	-2.237E-01	4.474E-01
6.425E-01	2.229E-01	-2.229E-01	4.457E-01
6.435E-01	2.220E-01	-2.220E-01	4.441E-01
6.445E-01	2.212E-01	-2.212E-01	4.424E-01
6.455E-01	2.204E-01	-2.204E-01	4.408E-01
6.465E-01	2.196E-01	-2.196E-01	4.391E-01
6.475E-01	2.187E-01	-2.187E-01	4.374E-01
6.485E-01	2.179E-01	-2.179E-01	4.358E-01
6.495E-01	2.171E-01	-2.171E-01	4.341E-01
6.505E-01	2.162E-01	-2.162E-01	4.324E-01
6.515E-01	2.154E-01	-2.154E-01	4.308E-01
6.525E-01	2.146E-01	-2.146E-01	4.291E-01
6.535E-01	2.137E-01	-2.137E-01	4.274E-01
6.545E-01	2.129E-01	-2.129E-01	4.258E-01
6.555E-01	2.121E-01	-2.121E-01	4.241E-01
6.565E-01	2.112E-01	-2.112E-01	4.224E-01
6.575E-01	2.104E-01	-2.104E-01	4.208E-01
6.585E-01	2.095E-01	-2.095E-01	4.191E-01
6.595E-01	2.087E-01	-2.087E-01	4.174E-01
6.605E-01	2.079E-01	-2.079E-01	4.157E-01
6.615E-01	2.070E-01	-2.070E-01	4.141E-01
6.625E-01	2.062E-01	-2.062E-01	4.124E-01
6.635E-01	2.054E-01	-2.054E-01	4.107E-01
6.645E-01	2.045E-01	-2.045E-01	4.090E-01
6.655E-01	2.037E-01	-2.037E-01	4.074E-01
6.665E-01	2.028E-01	-2.028E-01	4.057E-01
6.675E-01	2.020E-01	-2.020E-01	4.040E-01
6.685E-01	2.012E-01	-2.012E-01	4.023E-01
6.695E-01	2.003E-01	-2.003E-01	4.006E-01
6.705E-01	1.995E-01	-1.995E-01	3.990E-01
6.715E-01	1.986E-01	-1.986E-01	3.973E-01
6.725E-01	1.978E-01	-1.978E-01	3.956E-01
6.735E-01	1.970E-01	-1.970E-01	3.939E-01
6.745E-01	1.961E-01	-1.961E-01	3.922E-01
6.755E-01	1.953E-01	-1.953E-01	3.906E-01
6.765E-01	1.944E-01	-1.944E-01	3.889E-01
6.775E-01	1.936E-01	-1.936E-01	3.872E-01
6.785E-01	1.928E-01	-1.928E-01	3.855E-01
6.795E-01	1.919E-01	-1.919E-01	3.838E-01
6.805E-01	1.911E-01	-1.911E-01	3.822E-01
6.815E-01	1.902E-01	-1.902E-01	3.805E-01
6.825E-01	1.894E-01	-1.894E-01	3.788E-01
6.835E-01	1.886E-01	-1.886E-01	3.771E-01
6.845E-01	1.877E-01	-1.877E-01	3.754E-01
6.855E-01	1.869E-01	-1.869E-01	3.737E-01
6.865E-01	1.860E-01	-1.860E-01	3.721E-01
6.875E-01	1.852E-01	-1.852E-01	3.704E-01
6.885E-01	1.843E-01	-1.843E-01	3.687E-01
6.895E-01	1.835E-01	-1.835E-01	3.670E-01
6.905E-01	1.827E-01	-1.827E-01	3.653E-01
6.915E-01	1.818E-01	-1.818E-01	3.636E-01
6.925E-01	1.810E-01	-1.810E-01	3.620E-01
6.935E-01	1.801E-01	-1.801E-01	3.603E-01
6.945E-01	1.793E-01	-1.793E-01	3.586E-01
6.955E-01	1.785E-01	-1.785E-01	3.569E-01
6.965E-01	1.776E-01	-1.776E-01	3.552E-01
6.975E-01	1.768E-01	-1.768E-01	3.535E-01
6.985E-01	1.759E-01	-1.759E-01	3.519E-01
6.995E-01	1.751E-01	-1.751E-01	3.502E-01
7.005E-01	1.743E-01	-1.743E-01	3.485E-01
7.015E-01	1.734E-01	-1.734E-01	3.468E-01
7.025E-01	1.726E-01	-1.726E-01	3.451E-01
7.035E-01	1.717E-01	-1.717E-01	3.435E-01
7.045E-01	1.709E-01	-1.709E-01	3.418E-01
7.055E-01	1.701E-01	-1.701E-01	3.401E-01
7.065E-01	1.692E-01	-1.692E-01	3.384E-01
7.075E-01	1.684E-01	-1.684E-01	3.367E-01
7.085E-01	1.675E-01	-1.675E-01	3.351E-01
7.095E-01	1.667E-01	-1.667E-01	3.334E-01
7.105E-01	1.659E-01	-1.659E-01	3.317E-01
7.115E-01	1.650E-01	-1.650E-01	3.300E-01
7.125E-01	1.642E-01	-1.642E-01	3.284E-01
7.135E-01	1.633E-01	-1.633E-01	3.267E-01
7.145E-01	1.625E-01	-1.625E-01	3.250E-01
7.155E-01	1.617E-01	-1.617E-01	3.233E-01
7.165E-01	1.608E-01	-1.608E-01	3.217E-01
7.175E-01	1.600E-01	-1.600E-01	3.200E-01
7.185E-01	1.592E-01	-1.592E-01	3.183E-01
7.195E-01	1.583E-01	-1.583E-01	3.167E-01
7.205E-01	1.575E-01	-1.575E-01	3.150E-01
7.215E-01	1.567E-01	-1.567E-01	3.133E-01
7.225E-01	1.558E-01	-1.558E-01	3.117E-01
7.235E-01	1.550E-01	-1.550E-01	3.100E-01
7.245E-01	1.542E-01	-1.542E-01	3.083E-01
7.255E-01	1.533E-01	-1.533E-01	3.067E-01
7.265E-01	1.525E-01	-1.525E-01	3.050E-01
7.275E-01	1.517E-01	-1.517E-01	3.033E-01
7.285E-01	1.508E-01	-1.508E-01	3.017E-01
7.295E-01	1.500E-01	-1.500E-01	3.000E-01
7.305E-01	1.492E-01	-1.492E-01	2.984E-01
7.315E-01	1.484E-01	-1.484E-01	2.967E-01
7.325E-01	1.475E-01	-1.475E-01	2.951E-01
7.335E-01	1.467E-01	-1.467E-01	2.934E-01
7.345E-01	1.459E-01	-1.459E-01	2.917E-01
7.355E-01	1.450E-01	-1.450E-01	2.901E-01
7.365E-01	1.442E-01	-1.442E-01	2.884E-01
7.375E-01	1.434E-01	-1.434E-01	2.868E-01
7.385E-01	1.426E-01	-1.426E-01	2.851E-01
7.395E-01	1.418E-01	-1.418E-01	2.835E-01
7.405E-01	1.409E-01	-1.409E-01	2.819E-01
7.415E-01	1.401E-01	-1.401E-01	2.802E-01
7.425E-01	1.393E-01	-1.393E-01	2.786E-01
7.435E-01	1.385E-01	-1.385E-01	2.769E-01
7.445E-01	1.376E-01	-1.376E-01	2.753E-01
7.455E-01	1.368E-01	-1.368E-01	2.737E-01
7.465E-01	1.360E-01	-1.360E-01	2.720E-01
7.475E-01	1.352E-01	-1.352E-01	2.704E-01
7.485E-01	1.344E-01	-1.344E-01	2.687E-01
7.495E-01	1.336E-01	-1.336E-01	2.671E-01
7.505E-01	1.327E-01	-1.327E-01	2.655E-01
7.515E-01	1.319E-01	-1.319E-01	2.639E-01
7.525E-01	1.311E-01	-1.311E-01	2.622E-01
7.535E-01	1.303E-01	-1.303E-01	2.606E-01
7.545E-01	1.295E-01	-1.295E-01	2.590E-01
7.555E-01	1.287E-01	-1.287E-01	2.574E-01
7.565E-01	1.279E-01	-1.279E-01	2.558E-01
7.575E-01	1.271E-01	-1.271E-01	2.541E-01
7.585E-01	1.263E-01	-1.263E-01	2.525E-01
7.595E-01	1.255E-01	-1.255E-01	2.509E-01
7.605E-01	1.246E-01	-1.246E-01	2.493E-01
7.615E-01	1.238E-01	-1.238E-01	2.477E-01
7.625E-01	1.230E-01	-1.230E-01	2.461E-01
7.635E-01	1.222E-01	-1.222E-01	2.445E-01
7.645E-01	1.214E-01	-1.214E-01	2.429E-01
7.655E-01	1.206E-01	-1.206E-01	2.413E-01
7.665E-01	1.198E-01	-1.198E-01	2.397E-01
7.675E-01	1.190E-01	-1.190E-01	2.381E-01
7.685E-01	1.182E-01	-1.182E-01	2.365E-01
7.695E-01	1.174E-01	-1.174E-01	2.349E-01
7.705E-01	1.167E-01	-1.167E-01	2.333E-01
7.715E-01	1.159E-01	-1.159E-01	2.317E-01
7.725E-01	1.151E-01	-1.151E-01	2.301E-01
7.735E-01	1.143E-01	-1.143E-01	2.286E-01
7.745E-01	1.135E-01	-1.135E-01	2.270E-01
7.755E-01	1.127E-01	-1.127E-01	2.254E-01
7.765E-01	1.119E-01	-1.119E-01	2.238E-01
7.775E-01	1.111E-01	-1.111E-01	2.222E-01
7.785E-01	1.103E-01	-1.103E-01	2.207E-01
7.795E-01	1.096E-01	-1.096E-01	2.191E-01
7.805E-01	1.088E-01	-1.088E-01	2.175E-01
7.815E-01	1.080E-01	-1.080E-01	2.160E-01
7.825E-01	1.072E-01	-1.072E-01	2.144E-01
7.835E-01	1.064E-01	-1.064E-01	2.129E-01
7.845E-01	1.057E-01	-1.057E-01	2.113E-01
7.855E-01	1.049E-01	-1.049E-01	2.098E-01
7.865E-01	1.041E-01	-1.041E-01	2.082E-01
7.875E-01	1.033E-01	-1.033E-01	2.067E-01
7.885E-01	1.026E-01	-1.026E-01	2.051E-01
7.895E-01	1.018E-01	-1.018E-01	2.036E-01
7.905E-01	1.010E-01	-1.010E-01	2.021E-01
7.915E-01	1.003E-01	-1.003E-01	2.005E-01
7.925E-01	9.949E-02	-9.949E-02	1.990E-01
7.935E-01	9.873E-02	-9.873E-02	1.975E-01
7.945E-01	9.797E-02	-9.797E-02	1.959E-01
7.955E-01	9.720E-02	-9.720E-02	1.944E-01
7.965E-01	9.644E-02	-9.644E-02	1.929E-01
7.975E-01	9.569E-02	-9.569E-02	1.914E-01
7.985E-01	9.493E-02	-9.493E-02	1.899E-01
7.995E-01	9.418E-02	-9.418E-02	1.884E-01
8.005E-01	9.342E-02	-9.342E-02	1.868E-01
8.015E-01	9.267E-02	-9.267E-02	1.853E-01
8.025E-01	9.192E-02	-9.192E-02	1.838E-01
8.035E-01	9.117E-02	-9.117E-02	1.823E-01
8.045E-01	9.042E-02	-9.042E-02	1.808E-01
8.055E-01	8.968E-02	-8.968E-02	1.794E-01
8.065E-01	8.894E-02	-8.894E-02	1.779E-01
8.075E-01	8.819E-02	-8.819E-02	1.764E-01
8.085E-01	8.745E-02	-8.745E-02	1.749E-01
8.095E-01	8.672E-02	-8.672E-02	1.734E-01
8.105E-01	8.598E-02	-8.598E-02	1.720E-01
8.115E-01	8.524E-02	-8.524E-02	1.705E-01
8.125E-01	8.451E-02	-8.451E-02	1.690E-01
8.135E-01	8.378E-02	-8.378E-02	1.676E-01
8.145E-01	8.305E-02	-8.305E-02	1.661E-01
8.155E-01	8.232E-02	-8.232E-02	1.646E-01
8.165E-01	8.160E-02	-8.160E-02	1.632E-01
8.175E-01	8.087E-02	-8.087E-02	1.617E-01
8.185E-01	8.015E-02	-8.015E-02	1.603E-01
8.195E-01	7.943E-02	-7.943E-02	1.589E-01
8.205E-01	7.871E-02	-7.871E-02	1.574E-01
8.215E-01	7.800E-02	-7.800E-02	1.560E-01
8.225E-01	7.728E-02	-7.728E-02	1.546E-01
8.235E-01	7.657E-02	-7.657E-02	1.531E-01
8.245E-01	7.586E-02	-7.586E-02	1.517E-01
8.255E-01	7.515E-02	-7.515E-02	1.503E-01
8.265E-01	7.445E-02	-7.445E-02	1.489E-01
8.275E-01	7.374E-02	-7.374E-02	1.475E-01
8.285E-01	7.304E-02	-7.304E-02	1.461E-01
8.295E-01	7.234E-02	-7.234E-02	1.447E-01
8.305E-01	7.164E-02	-7.164E-02	1.433E-01
8.315E-01	7.094E-02	-7.094E-02	1.419E-01
8.325E-01	7.025E-02	-7.025E-02	1.405E-01
8.335E-01	6.956E-02	-6.956E-02	1.391E-01
8.345E-01	6.887E-02	-6.887E-02	1.377E-01
8.355E-01	6.818E-02	-6.818E-02	1.364E-01
8.365E-01	6.749E-02	-6.749E-02	1.350E-01
8.375E-01	6.681E-02	-6.681E-02	1.336E-01
8.385E-01	6.613E-02	-6.613E-02	1.323E-01
8.395E-01	6.545E-02	-6.545E-02	1.309E-01
8.405E-01	6.478E-02	-6.478E-02	1.296E-01
8.415E-01	6.410E-02	-6.410E-02	1.282E-01
8.425E-01	6.343E-02	-6.343E-02	1.269E-01
8.435E-01	6.276E-02	-6.276E-02	1.255E-01
8.445E-01	6.209E-02	-6.209E-02	1.242E-01
8.455E-01	6.143E-02	-6.143E-02	1.229E-01
8.465E-01	6.076E-02	-6.076E-02	1.215E-01
8.475E-01	6.010E-02	-6.010E-02	1.202E-01
8.485E-01	5.945E-02	-5.945E-02	1.189E-01
8.495E-01	5.879E-02	-5.879E-02	1.176E-01
8.505E-01	5.814E-02	-5.814E-02	1.163E-01
8.515E-01	5.749E-02	-5.749E-02	1.150E-01
8.525E-01	5.684E-02	-5.684E-02	1.137E-01
8.535E-01	5.619E-02	-5.619E-02	1.124E-01
8.545E-01	5.555E-02	-5.555E-02	1.111E-01
8.555E-01	5.491E-02	-5.491E-02	1.098E-01
8.565E-01	5.427E-02	-5.427E-02	1.085E-01
8.575E-01	5.363E-02	-5.363E-02	1.073E-01
8.585E-01	5.300E-02	-5.300E-02	1.060E-01
8.595E-01	5.237E-02	-5.237E-02	1.047E-01
8.605E-01	5.174E-02	-5.174E-02	1.035E-01
8.615E-01	5.112E-02	-5.112E-02	1.022E-01
8.625E-01	5.049E-02	-5.049E-02	1.010E-01
8.635E-01	4.987E-02	-4.987E-02	9.975E-02
8.645E-01	4.926E-02	-4.926E-02	9.851E-02
8.655E-01	4.864E-02	-4.864E-02	9.728E-02
8.665E-01	4.803E-02	-4.803E-02	9.606E-02
8.675E-01	4.742E-02	-4.742E-02	9.484E-02
8.685E-01	4.681E-02	-4.681E-02	9.363E-02
8.695E-01	4.621E-02	-4.621E-02	9.242E-02
8.705E-01	4.561E-02	-4.561E-02	9.122E-02
8.715E-01	4.501E-02	-4.501E-02	9.002E-02
8.725E-01	4.441E-02	-4.441E-02	8.883E-02
8.735E-01	4.382E-02	-4.382E-02	8.764E-02
8.745E-01	4.323E-02	-4.323E-02	8.646E-02
8.755E-01	4.265E-02	-4.265E-02	8.529E-02
8.765E-01	4.206E-02	-4.206E-02	8.412E-02
8.775E-01	4.148E-02	-4.148E-02	8.296E-02
8.785E-01	4.090E-02	-4.090E-02	8.180E-02
8.795E-01	4.033E-02	-4.033E-02	8.065E-02
8.805E-01	3.975E-02	-3.975E-02	7.951E-02
8.815E-01	3.919E-02	-3.919E-02	7.837E-02
8.825E-01	3.862E-02	-3.862E-02	7.724E-02
8.835E-01	3.806E-02	-3.806E-02	7.611E-02
8.845E-01	3.750E-02	-3.750E-02	7.499E-02
8.855E-01	3.694E-02	-3.694E-02	7.388E-02
8.865E-01	3.639E-02	-3.639E-02	7.277E-02
8.875E-01	3.583E-02	-3.583E-02	7.167E-02
8.885E-01	3.529E-02	-3.529E-02	7.057E-02
8.895E-01	3.474E-02	-3.474E-02	6.948E-02
8.905E-01	3.420E-02	-3.420E-02	6.840E-02
8.915E-01	3.366E-02	-3.366E-02	6.733E-02
8.925E-01	3.313E-02	-3.313E-02	6.626E-02
8.935E-01	3.260E-02	-3.260E-02	6.519E-02
8.945E-01	3.207E-02	-3.207E-02	6.414E-02
8.955E-01	3.154E-02	-3.154E-02	6.308E-02
8.965E-01	3.102E-02	-3.102E-02	6.204E-02
8.975E-01	3.050E-02	-3.050E-02	6.100E-02
8.985E-01	2.999E-02	-2.999E-02	5.997E-02
8.995E-01	2.948E-02	-2.948E-02	5.895E-02
9.005E-01	2.897E-02	-2.897E-02	5.793E-02
9.015E-01	2.846E-02	-2.846E-02	5.692E-02
9.025E-01	2.796E-02	-2.796E-02	5.592E-02
9.035E-01	2.746E-02	-2.746E-02	5.492E-02
9.045E-01	2.697E-02	-2.697E-02	5.394E-02
9.055E-01	2.648E-02	-2.648E-02	5.295E-02
9.065E-01	2.599E-02	-2.599E-02	5.198E-02
9.075E-01	2.550E-02	-2.550E-02	5.101E-02
9.085E-01	2.502E-02	-2.502E-02	5.005E-02
9.095E-01	2.455E-02	-2.455E-02	4.910E-02
9.105E-01	2.407E-02	-2.407E-02	4.815E-02
9.115E-01	2.360E-02	-2.360E-02	4.721E-02
9.125E-01	2.314E-02	-2.314E-02	4.628E-02
9.135E-01	2.268E-02	-2.268E-02	4.535E-02
9.145E-01	2.222E-02	-2.222E-02	4.444E-02
9.155E-01	2.176E-02	-2.176E-02	4.353E-02
9.165E-01	2.131E-02	-2.131E-02	4.262E-02
9.175E-01	2.086E-02	-2.086E-02	4.173E-02
9.185E-01	2.042E-02	-2.042E-02	4.084E-02
9.195E-01	1.998E-02	-1.998E-02	3.996E-02
9.205E-01	1.955E-02	-1.955E-02	3.909E-02
9.215E-01	1.911E-02	-1.911E-02	3.823E-02
9.225E-01	1.869E-02	-1.869E-02	3.737E-02
9.235E-01	1.826E-02	-1.826E-02	3.652E-02
9.245E-01	1.784E-02	-1.784E-02	3.568E-02
9.255E-01	1.743E-02	-1.743E-02	3.485E-02
9.265E-01	1.701E-02	-1.701E-02	3.403E-02
9.275E-01	1.661E-02	-1.661E-02	3.321E-02
9.285E-01	1.620E-02	-1.620E-02	3.240E-02
9.295E-01	1.580E-02	-1.580E-02	3.160E-02
9.305E-01	1.541E-02	-1.541E-02	3.081E-02
9.315E-01	1.501E-02	-1.501E-02	3.003E-02
9.325E-01	1.463E-02	-1.463E-02	2.925E-02
9.335E-01	1.424E-02	-1.424E-02	2.848E-02
9.345E-01	1.386E-02	-1.386E-02	2.773E-02
9.355E-01	1.349E-02	-1.349E-02	2.698E-02
9.365E-01	1.312E-02	-1.312E-02	2.624E-02
9.375E-01	1.275E-02	-1.275E-02	2.550E-02
9.385E-01	1.239E-02	-1.239E-02	2.478E-02
9.395E-01	1.203E-02	-1.203E-02	2.406E-02
9.405E-01	1.168E-02	-1.168E-02	2.336E-02
9.415E-01	1.133E-02	-1.133E-02	2.266E-02
9.425E-01	1.099E-02	-1.099E-02	2.197E-02
9.435E-01	1.065E-02	-1.065E-02	2.129E-02
9.445E-01	1.031E-02	-1.031E-02	2.062E-02
9.455E-01	9.979E-03	-9.979E-03	1.996E-02
9.465E-01	9.653E-03	-9.653E-03	1.931E-02
9.475E-01	9.331E-03	-9.331E-03	1.866E-02
9.485E-01	9.014E-03	-9.014E-03	1.803E-02
9.495E-01	8.702E-03	-8.702E-03	1.740E-02
9.505E-01	8.394E-03	-8.394E-03	1.679E-02
9.515E-01	8.091E-03	-8.091E-03	1.618E-02
9.525E-01	7.793E-03	-7.793E-03	1.559E-02
9.535E-01	7.500E-03	-7.500E-03	1.500E-02
9.545E-01	7.211E-03	-7.211E-03	1.442E-02
9.555E-01	6.928E-03	-6.928E-03	1.386E-02
9.565E-01	6.649E-03	-6.649E-03	1.330E-02
9.575E-01	6.375E-03	-6.375E-03	1.275E-02
9.585E-01	6.106E-03	-6.106E-03	1.221E-02
9.595E-01	5.843E-03	-5.843E-03	1.169E-02
9.605E-01	5.584E-03	-5.584E-03	1.117E-02
9.615E-01	5.330E-03	-5.330E-03	1.066E-02
9.625E-01	5.082E-03	-5.082E-03	1.016E-02
9.635E-01	4.839E-03	-4.839E-03	9.677E-03
9.645E-01	4.600E-03	-4.600E-03	9.201E-03
9.655E-01	4.368E-03	-4.368E-03	8.735E-03
9.665E-01	4.140E-03	-4.140E-03	8.281E-03
9.675E-01	3.918E-03	-3.918E-03	7.837E-03
9.685E-01	3.701E-03	-3.701E-03	7.403E-03
9.695E-01	3.490E-03	-3.490E-03	6.979E-03
9.705E-01	3.284E-03	-3.284E-03	6.568E-03
9.715E-01	3.084E-03	-3.084E-03	6.168E-03
9.725E-01	2.890E-03	-2.890E-03	5.780E-03
9.735E-01	2.700E-03	-2.700E-03	5.401E-03
9.745E-01	2.516E-03	-2.516E-03	5.032E-03
9.755E-01	2.338E-03	-2.338E-03	4.677E-03
9.765E-01	2.167E-03	-2.167E-03	4.335E-03
9.775E-01	2.003E-03	-2.003E-03	4.005E-03
9.785E-01	1.842E-03	-1.842E-03	3.685E-03
9.795E-01	1.686E-03	-1.686E-03	3.373E-03
9.805E-01	1.538E-03	-1.538E-03	3.075E-03
9.815E-01	1.396E-03	-1.396E-03	2.793E-03
9.825E-01	1.263E-03	-1.263E-03	2.526E-03
9.835E-01	1.135E-03	-1.135E-03	2.269E-03
9.845E-01	1.009E-03	-1.009E-03	2.018E-03
9.855E-01	8.897E-04	-8.897E-04	1.779E-03
9.865E-01	7.796E-04	-7.796E-04	1.559E-03
9.875E-01	6.786E-04	-6.786E-04	1.357E-03
9.885E-01	5.850E-04	-5.850E-04	1.170E-03
9.895E-01	4.941E-04	-4.941E-04	9.881E-04
9.905E-01	4.066E-04	-4.066E-04	8.132E-04
9.915E-01	3.279E-04	-3.279E-04	6.559E-04
9.925E-01	2.598E-04	-2.598E-04	5.196E-04
9.935E-01	2.025E-04	-2.025E-04	4.050E-04
9.945E-01	1.518E-04	-1.518E-04	3.035E-04
9.955E-01	1.032E-04	-1.032E-04	2.064E-04
9.965E-01	6.092E-05	-6.092E-05	1.218E-04
9.975E-01	2.867E-05	-2.867E-05	5.735E-05
9.985E-01	9.020E-06	-9.020E-06	1.804E-05
9.995E-01	1.170E-06	-1.170E-06	2.341E-06
