Q0 = 1.4 GeV	 Q = 3.2 GeV
x	 x*uv	 x*dv	 x*(uv-dv)
1.000E-04	1.114E-02	6.598E-03	4.545E-03
1.009E-04	1.120E-02	6.633E-03	4.570E-03
1.019E-04	1.126E-02	6.668E-03	4.595E-03
1.028E-04	1.132E-02	6.703E-03	4.619E-03
1.038E-04	1.138E-02	6.738E-03	4.644E-03
1.047E-04	1.144E-02	6.773E-03	4.670E-03
1.057E-04	1.150E-02	6.809E-03	4.695E-03
1.067E-04	1.156E-02	6.845E-03	4.720E-03
1.076E-04	1.163E-02	6.881E-03	4.746E-03
1.086E-04	1.169E-02	6.917E-03	4.771E-03
1.096E-04	1.175E-02	6.953E-03	4.797E-03
1.107E-04	1.181E-02	6.990E-03	4.823E-03
1.117E-04	1.188E-02	7.026E-03	4.849E-03
1.127E-04	1.194E-02	7.063E-03	4.876E-03
1.138E-04	1.200E-02	7.101E-03	4.902E-03
1.148E-04	1.207E-02	7.138E-03	4.929E-03
1.159E-04	1.213E-02	7.175E-03	4.955E-03
1.169E-04	1.220E-02	7.213E-03	4.982E-03
1.180E-04	1.226E-02	7.251E-03	5.009E-03
1.191E-04	1.233E-02	7.289E-03	5.036E-03
1.202E-04	1.239E-02	7.327E-03	5.063E-03
1.213E-04	1.246E-02	7.366E-03	5.091E-03
1.225E-04	1.252E-02	7.405E-03	5.118E-03
1.236E-04	1.259E-02	7.444E-03	5.146E-03
1.247E-04	1.266E-02	7.483E-03	5.174E-03
1.259E-04	1.272E-02	7.522E-03	5.202E-03
1.271E-04	1.279E-02	7.562E-03	5.230E-03
1.282E-04	1.286E-02	7.601E-03	5.258E-03
1.294E-04	1.293E-02	7.641E-03	5.287E-03
1.306E-04	1.300E-02	7.681E-03	5.315E-03
1.318E-04	1.307E-02	7.722E-03	5.344E-03
1.330E-04	1.314E-02	7.762E-03	5.373E-03
1.343E-04	1.321E-02	7.803E-03	5.402E-03
1.355E-04	1.328E-02	7.844E-03	5.431E-03
1.368E-04	1.335E-02	7.886E-03	5.461E-03
1.380E-04	1.342E-02	7.927E-03	5.490E-03
1.393E-04	1.349E-02	7.969E-03	5.520E-03
1.406E-04	1.356E-02	8.011E-03	5.550E-03
1.419E-04	1.363E-02	8.053E-03	5.580E-03
1.432E-04	1.370E-02	8.095E-03	5.610E-03
1.445E-04	1.378E-02	8.137E-03	5.640E-03
1.459E-04	1.385E-02	8.180E-03	5.671E-03
1.472E-04	1.392E-02	8.223E-03	5.701E-03
1.486E-04	1.400E-02	8.266E-03	5.732E-03
1.500E-04	1.407E-02	8.310E-03	5.763E-03
1.514E-04	1.415E-02	8.354E-03	5.794E-03
1.528E-04	1.422E-02	8.398E-03	5.826E-03
1.542E-04	1.430E-02	8.442E-03	5.857E-03
1.556E-04	1.437E-02	8.486E-03	5.889E-03
1.570E-04	1.445E-02	8.531E-03	5.921E-03
1.585E-04	1.453E-02	8.575E-03	5.953E-03
1.600E-04	1.461E-02	8.621E-03	5.985E-03
1.614E-04	1.468E-02	8.666E-03	6.017E-03
1.629E-04	1.476E-02	8.711E-03	6.050E-03
1.644E-04	1.484E-02	8.757E-03	6.083E-03
1.660E-04	1.492E-02	8.803E-03	6.116E-03
1.675E-04	1.500E-02	8.849E-03	6.149E-03
1.690E-04	1.508E-02	8.896E-03	6.182E-03
1.706E-04	1.516E-02	8.943E-03	6.215E-03
1.722E-04	1.524E-02	8.990E-03	6.249E-03
1.738E-04	1.532E-02	9.037E-03	6.283E-03
1.754E-04	1.540E-02	9.084E-03	6.317E-03
1.770E-04	1.548E-02	9.132E-03	6.351E-03
1.786E-04	1.557E-02	9.180E-03	6.385E-03
1.803E-04	1.565E-02	9.228E-03	6.420E-03
1.820E-04	1.573E-02	9.277E-03	6.454E-03
1.837E-04	1.581E-02	9.326E-03	6.489E-03
1.854E-04	1.590E-02	9.375E-03	6.524E-03
1.871E-04	1.598E-02	9.424E-03	6.560E-03
1.888E-04	1.607E-02	9.474E-03	6.595E-03
1.905E-04	1.615E-02	9.523E-03	6.631E-03
1.923E-04	1.624E-02	9.573E-03	6.667E-03
1.941E-04	1.633E-02	9.624E-03	6.703E-03
1.959E-04	1.641E-02	9.674E-03	6.739E-03
1.977E-04	1.650E-02	9.725E-03	6.775E-03
1.995E-04	1.659E-02	9.776E-03	6.812E-03
2.014E-04	1.668E-02	9.828E-03	6.849E-03
2.032E-04	1.676E-02	9.879E-03	6.886E-03
2.051E-04	1.685E-02	9.931E-03	6.923E-03
2.070E-04	1.694E-02	9.983E-03	6.960E-03
2.089E-04	1.703E-02	1.004E-02	6.998E-03
2.109E-04	1.712E-02	1.009E-02	7.036E-03
2.128E-04	1.722E-02	1.014E-02	7.074E-03
2.148E-04	1.731E-02	1.020E-02	7.112E-03
2.168E-04	1.740E-02	1.025E-02	7.150E-03
2.188E-04	1.749E-02	1.030E-02	7.189E-03
2.208E-04	1.758E-02	1.036E-02	7.228E-03
2.228E-04	1.768E-02	1.041E-02	7.267E-03
2.249E-04	1.777E-02	1.047E-02	7.306E-03
2.270E-04	1.787E-02	1.052E-02	7.346E-03
2.291E-04	1.796E-02	1.058E-02	7.385E-03
2.312E-04	1.806E-02	1.063E-02	7.425E-03
2.333E-04	1.815E-02	1.069E-02	7.465E-03
2.355E-04	1.825E-02	1.074E-02	7.506E-03
2.377E-04	1.835E-02	1.080E-02	7.546E-03
2.399E-04	1.844E-02	1.086E-02	7.587E-03
2.421E-04	1.854E-02	1.091E-02	7.628E-03
2.443E-04	1.864E-02	1.097E-02	7.669E-03
2.466E-04	1.874E-02	1.103E-02	7.711E-03
2.489E-04	1.884E-02	1.109E-02	7.752E-03
2.512E-04	1.894E-02	1.115E-02	7.794E-03
2.535E-04	1.904E-02	1.120E-02	7.836E-03
2.559E-04	1.914E-02	1.126E-02	7.879E-03
2.582E-04	1.924E-02	1.132E-02	7.921E-03
2.606E-04	1.935E-02	1.138E-02	7.964E-03
2.630E-04	1.945E-02	1.144E-02	8.007E-03
2.655E-04	1.955E-02	1.150E-02	8.050E-03
2.679E-04	1.966E-02	1.156E-02	8.094E-03
2.704E-04	1.976E-02	1.162E-02	8.138E-03
2.729E-04	1.987E-02	1.168E-02	8.182E-03
2.754E-04	1.997E-02	1.175E-02	8.226E-03
2.780E-04	2.008E-02	1.181E-02	8.270E-03
2.805E-04	2.018E-02	1.187E-02	8.315E-03
2.831E-04	2.029E-02	1.193E-02	8.360E-03
2.858E-04	2.040E-02	1.199E-02	8.405E-03
2.884E-04	2.051E-02	1.206E-02	8.450E-03
2.911E-04	2.062E-02	1.212E-02	8.496E-03
2.938E-04	2.073E-02	1.218E-02	8.542E-03
2.965E-04	2.084E-02	1.225E-02	8.588E-03
2.992E-04	2.095E-02	1.231E-02	8.635E-03
3.020E-04	2.106E-02	1.238E-02	8.681E-03
3.048E-04	2.117E-02	1.244E-02	8.728E-03
3.076E-04	2.128E-02	1.251E-02	8.775E-03
3.105E-04	2.140E-02	1.257E-02	8.823E-03
3.133E-04	2.151E-02	1.264E-02	8.870E-03
3.162E-04	2.162E-02	1.271E-02	8.918E-03
3.192E-04	2.174E-02	1.277E-02	8.966E-03
3.221E-04	2.186E-02	1.284E-02	9.015E-03
3.251E-04	2.197E-02	1.291E-02	9.064E-03
3.281E-04	2.209E-02	1.298E-02	9.112E-03
3.311E-04	2.221E-02	1.304E-02	9.162E-03
3.342E-04	2.232E-02	1.311E-02	9.211E-03
3.373E-04	2.244E-02	1.318E-02	9.261E-03
3.404E-04	2.256E-02	1.325E-02	9.311E-03
3.436E-04	2.268E-02	1.332E-02	9.361E-03
3.467E-04	2.280E-02	1.339E-02	9.412E-03
3.499E-04	2.292E-02	1.346E-02	9.463E-03
3.532E-04	2.305E-02	1.353E-02	9.514E-03
3.565E-04	2.317E-02	1.360E-02	9.565E-03
3.597E-04	2.329E-02	1.367E-02	9.617E-03
3.631E-04	2.342E-02	1.375E-02	9.669E-03
3.664E-04	2.354E-02	1.382E-02	9.721E-03
3.698E-04	2.367E-02	1.389E-02	9.773E-03
3.733E-04	2.379E-02	1.396E-02	9.826E-03
3.767E-04	2.392E-02	1.404E-02	9.879E-03
3.802E-04	2.404E-02	1.411E-02	9.933E-03
3.837E-04	2.417E-02	1.419E-02	9.986E-03
3.873E-04	2.430E-02	1.426E-02	1.004E-02
3.908E-04	2.443E-02	1.434E-02	1.009E-02
3.945E-04	2.456E-02	1.441E-02	1.015E-02
3.981E-04	2.469E-02	1.449E-02	1.020E-02
4.018E-04	2.482E-02	1.456E-02	1.026E-02
4.055E-04	2.495E-02	1.464E-02	1.031E-02
4.093E-04	2.509E-02	1.472E-02	1.037E-02
4.130E-04	2.522E-02	1.479E-02	1.043E-02
4.169E-04	2.535E-02	1.487E-02	1.048E-02
4.207E-04	2.549E-02	1.495E-02	1.054E-02
4.246E-04	2.563E-02	1.503E-02	1.060E-02
4.285E-04	2.576E-02	1.511E-02	1.065E-02
4.325E-04	2.590E-02	1.519E-02	1.071E-02
4.365E-04	2.604E-02	1.527E-02	1.077E-02
4.406E-04	2.617E-02	1.535E-02	1.083E-02
4.446E-04	2.631E-02	1.543E-02	1.089E-02
4.487E-04	2.645E-02	1.551E-02	1.094E-02
4.529E-04	2.659E-02	1.559E-02	1.100E-02
4.571E-04	2.674E-02	1.567E-02	1.106E-02
4.613E-04	2.688E-02	1.576E-02	1.112E-02
4.656E-04	2.702E-02	1.584E-02	1.118E-02
4.699E-04	2.717E-02	1.592E-02	1.124E-02
4.742E-04	2.731E-02	1.601E-02	1.130E-02
4.786E-04	2.745E-02	1.609E-02	1.136E-02
4.831E-04	2.760E-02	1.618E-02	1.143E-02
4.875E-04	2.775E-02	1.626E-02	1.149E-02
4.920E-04	2.790E-02	1.635E-02	1.155E-02
4.966E-04	2.804E-02	1.643E-02	1.161E-02
5.012E-04	2.819E-02	1.652E-02	1.167E-02
5.058E-04	2.834E-02	1.661E-02	1.174E-02
5.105E-04	2.849E-02	1.669E-02	1.180E-02
5.152E-04	2.865E-02	1.678E-02	1.186E-02
5.200E-04	2.880E-02	1.687E-02	1.193E-02
5.248E-04	2.895E-02	1.696E-02	1.199E-02
5.297E-04	2.911E-02	1.705E-02	1.206E-02
5.346E-04	2.926E-02	1.714E-02	1.212E-02
5.395E-04	2.942E-02	1.723E-02	1.219E-02
5.445E-04	2.957E-02	1.732E-02	1.225E-02
5.495E-04	2.973E-02	1.741E-02	1.232E-02
5.546E-04	2.989E-02	1.750E-02	1.239E-02
5.598E-04	3.005E-02	1.759E-02	1.245E-02
5.649E-04	3.021E-02	1.769E-02	1.252E-02
5.702E-04	3.037E-02	1.778E-02	1.259E-02
5.754E-04	3.053E-02	1.787E-02	1.266E-02
5.808E-04	3.069E-02	1.797E-02	1.273E-02
5.861E-04	3.085E-02	1.806E-02	1.279E-02
5.916E-04	3.102E-02	1.816E-02	1.286E-02
5.970E-04	3.118E-02	1.825E-02	1.293E-02
6.026E-04	3.135E-02	1.835E-02	1.300E-02
6.081E-04	3.152E-02	1.844E-02	1.307E-02
6.138E-04	3.168E-02	1.854E-02	1.314E-02
6.194E-04	3.185E-02	1.864E-02	1.321E-02
6.252E-04	3.202E-02	1.874E-02	1.329E-02
6.310E-04	3.219E-02	1.884E-02	1.336E-02
6.368E-04	3.236E-02	1.894E-02	1.343E-02
6.427E-04	3.254E-02	1.904E-02	1.350E-02
6.486E-04	3.271E-02	1.914E-02	1.357E-02
6.546E-04	3.288E-02	1.924E-02	1.365E-02
6.607E-04	3.306E-02	1.934E-02	1.372E-02
6.668E-04	3.324E-02	1.944E-02	1.380E-02
6.730E-04	3.341E-02	1.954E-02	1.387E-02
6.792E-04	3.359E-02	1.964E-02	1.395E-02
6.855E-04	3.377E-02	1.975E-02	1.402E-02
6.918E-04	3.395E-02	1.985E-02	1.410E-02
6.982E-04	3.413E-02	1.996E-02	1.417E-02
7.047E-04	3.431E-02	2.006E-02	1.425E-02
7.112E-04	3.449E-02	2.017E-02	1.433E-02
7.178E-04	3.468E-02	2.027E-02	1.440E-02
7.244E-04	3.486E-02	2.038E-02	1.448E-02
7.311E-04	3.505E-02	2.049E-02	1.456E-02
7.379E-04	3.524E-02	2.060E-02	1.464E-02
7.447E-04	3.542E-02	2.071E-02	1.472E-02
7.516E-04	3.561E-02	2.081E-02	1.480E-02
7.586E-04	3.580E-02	2.092E-02	1.488E-02
7.656E-04	3.599E-02	2.103E-02	1.496E-02
7.727E-04	3.618E-02	2.115E-02	1.504E-02
7.798E-04	3.638E-02	2.126E-02	1.512E-02
7.870E-04	3.657E-02	2.137E-02	1.520E-02
7.943E-04	3.676E-02	2.148E-02	1.528E-02
8.017E-04	3.696E-02	2.159E-02	1.537E-02
8.091E-04	3.716E-02	2.171E-02	1.545E-02
8.166E-04	3.736E-02	2.182E-02	1.553E-02
8.241E-04	3.755E-02	2.194E-02	1.562E-02
8.318E-04	3.775E-02	2.205E-02	1.570E-02
8.395E-04	3.796E-02	2.217E-02	1.579E-02
8.472E-04	3.816E-02	2.229E-02	1.587E-02
8.551E-04	3.836E-02	2.240E-02	1.596E-02
8.630E-04	3.857E-02	2.252E-02	1.604E-02
8.710E-04	3.877E-02	2.264E-02	1.613E-02
8.790E-04	3.898E-02	2.276E-02	1.622E-02
8.872E-04	3.919E-02	2.288E-02	1.630E-02
8.954E-04	3.939E-02	2.300E-02	1.639E-02
9.036E-04	3.960E-02	2.312E-02	1.648E-02
9.120E-04	3.982E-02	2.325E-02	1.657E-02
9.204E-04	4.003E-02	2.337E-02	1.666E-02
9.290E-04	4.024E-02	2.349E-02	1.675E-02
9.376E-04	4.046E-02	2.362E-02	1.684E-02
9.462E-04	4.067E-02	2.374E-02	1.693E-02
9.550E-04	4.089E-02	2.387E-02	1.702E-02
9.638E-04	4.111E-02	2.399E-02	1.711E-02
9.727E-04	4.132E-02	2.412E-02	1.721E-02
9.817E-04	4.155E-02	2.425E-02	1.730E-02
9.908E-04	4.177E-02	2.437E-02	1.739E-02
1.000E-03	4.199E-02	2.450E-02	1.749E-02
1.009E-03	4.221E-02	2.463E-02	1.758E-02
1.019E-03	4.244E-02	2.476E-02	1.768E-02
1.028E-03	4.266E-02	2.489E-02	1.777E-02
1.038E-03	4.289E-02	2.502E-02	1.787E-02
1.047E-03	4.312E-02	2.516E-02	1.797E-02
1.057E-03	4.335E-02	2.529E-02	1.806E-02
1.067E-03	4.358E-02	2.542E-02	1.816E-02
1.076E-03	4.381E-02	2.556E-02	1.826E-02
1.086E-03	4.405E-02	2.569E-02	1.836E-02
1.096E-03	4.428E-02	2.583E-02	1.846E-02
1.107E-03	4.452E-02	2.596E-02	1.856E-02
1.117E-03	4.476E-02	2.610E-02	1.866E-02
1.127E-03	4.500E-02	2.624E-02	1.876E-02
1.138E-03	4.524E-02	2.638E-02	1.886E-02
1.148E-03	4.548E-02	2.652E-02	1.896E-02
1.159E-03	4.572E-02	2.666E-02	1.906E-02
1.169E-03	4.596E-02	2.680E-02	1.917E-02
1.180E-03	4.621E-02	2.694E-02	1.927E-02
1.191E-03	4.646E-02	2.708E-02	1.937E-02
1.202E-03	4.670E-02	2.722E-02	1.948E-02
1.213E-03	4.695E-02	2.737E-02	1.958E-02
1.225E-03	4.720E-02	2.751E-02	1.969E-02
1.236E-03	4.745E-02	2.766E-02	1.980E-02
1.247E-03	4.771E-02	2.780E-02	1.990E-02
1.259E-03	4.796E-02	2.795E-02	2.001E-02
1.271E-03	4.822E-02	2.810E-02	2.012E-02
1.282E-03	4.848E-02	2.825E-02	2.023E-02
1.294E-03	4.873E-02	2.840E-02	2.034E-02
1.306E-03	4.899E-02	2.855E-02	2.045E-02
1.318E-03	4.926E-02	2.870E-02	2.056E-02
1.330E-03	4.952E-02	2.885E-02	2.067E-02
1.343E-03	4.978E-02	2.900E-02	2.078E-02
1.355E-03	5.005E-02	2.916E-02	2.089E-02
1.368E-03	5.032E-02	2.931E-02	2.101E-02
1.380E-03	5.059E-02	2.946E-02	2.112E-02
1.393E-03	5.086E-02	2.962E-02	2.124E-02
1.406E-03	5.113E-02	2.978E-02	2.135E-02
1.419E-03	5.140E-02	2.993E-02	2.147E-02
1.432E-03	5.167E-02	3.009E-02	2.158E-02
1.445E-03	5.195E-02	3.025E-02	2.170E-02
1.459E-03	5.223E-02	3.041E-02	2.182E-02
1.472E-03	5.251E-02	3.057E-02	2.193E-02
1.486E-03	5.279E-02	3.073E-02	2.205E-02
1.500E-03	5.307E-02	3.090E-02	2.217E-02
1.514E-03	5.335E-02	3.106E-02	2.229E-02
1.528E-03	5.364E-02	3.123E-02	2.241E-02
1.542E-03	5.393E-02	3.139E-02	2.253E-02
1.556E-03	5.421E-02	3.156E-02	2.266E-02
1.570E-03	5.450E-02	3.172E-02	2.278E-02
1.585E-03	5.479E-02	3.189E-02	2.290E-02
1.600E-03	5.509E-02	3.206E-02	2.303E-02
1.614E-03	5.538E-02	3.223E-02	2.315E-02
1.629E-03	5.568E-02	3.240E-02	2.328E-02
1.644E-03	5.598E-02	3.257E-02	2.340E-02
1.660E-03	5.627E-02	3.274E-02	2.353E-02
1.675E-03	5.658E-02	3.292E-02	2.366E-02
1.690E-03	5.688E-02	3.309E-02	2.379E-02
1.706E-03	5.718E-02	3.327E-02	2.391E-02
1.722E-03	5.749E-02	3.344E-02	2.404E-02
1.738E-03	5.780E-02	3.362E-02	2.417E-02
1.754E-03	5.810E-02	3.380E-02	2.431E-02
1.770E-03	5.842E-02	3.398E-02	2.444E-02
1.786E-03	5.873E-02	3.416E-02	2.457E-02
1.803E-03	5.904E-02	3.434E-02	2.470E-02
1.820E-03	5.936E-02	3.452E-02	2.484E-02
1.837E-03	5.968E-02	3.470E-02	2.497E-02
1.854E-03	5.999E-02	3.489E-02	2.511E-02
1.871E-03	6.032E-02	3.507E-02	2.524E-02
1.888E-03	6.064E-02	3.526E-02	2.538E-02
1.905E-03	6.096E-02	3.545E-02	2.552E-02
1.923E-03	6.129E-02	3.563E-02	2.566E-02
1.941E-03	6.162E-02	3.582E-02	2.579E-02
1.959E-03	6.195E-02	3.601E-02	2.593E-02
1.977E-03	6.228E-02	3.620E-02	2.608E-02
1.995E-03	6.261E-02	3.639E-02	2.622E-02
2.014E-03	6.295E-02	3.659E-02	2.636E-02
2.032E-03	6.328E-02	3.678E-02	2.650E-02
2.051E-03	6.362E-02	3.698E-02	2.665E-02
2.070E-03	6.396E-02	3.717E-02	2.679E-02
2.089E-03	6.431E-02	3.737E-02	2.694E-02
2.109E-03	6.465E-02	3.757E-02	2.708E-02
2.128E-03	6.500E-02	3.777E-02	2.723E-02
2.148E-03	6.534E-02	3.797E-02	2.738E-02
2.168E-03	6.569E-02	3.817E-02	2.752E-02
2.188E-03	6.605E-02	3.837E-02	2.767E-02
2.208E-03	6.640E-02	3.858E-02	2.782E-02
2.228E-03	6.676E-02	3.878E-02	2.798E-02
2.249E-03	6.711E-02	3.899E-02	2.813E-02
2.270E-03	6.747E-02	3.919E-02	2.828E-02
2.291E-03	6.783E-02	3.940E-02	2.843E-02
2.312E-03	6.820E-02	3.961E-02	2.859E-02
2.333E-03	6.856E-02	3.982E-02	2.874E-02
2.355E-03	6.893E-02	4.003E-02	2.890E-02
2.377E-03	6.930E-02	4.024E-02	2.906E-02
2.399E-03	6.967E-02	4.046E-02	2.921E-02
2.421E-03	7.004E-02	4.067E-02	2.937E-02
2.443E-03	7.042E-02	4.089E-02	2.953E-02
2.466E-03	7.080E-02	4.111E-02	2.969E-02
2.489E-03	7.118E-02	4.132E-02	2.985E-02
2.512E-03	7.156E-02	4.154E-02	3.002E-02
2.535E-03	7.194E-02	4.176E-02	3.018E-02
2.559E-03	7.233E-02	4.199E-02	3.034E-02
2.582E-03	7.272E-02	4.221E-02	3.051E-02
2.606E-03	7.311E-02	4.243E-02	3.067E-02
2.630E-03	7.350E-02	4.266E-02	3.084E-02
2.655E-03	7.389E-02	4.289E-02	3.101E-02
2.679E-03	7.429E-02	4.311E-02	3.118E-02
2.704E-03	7.469E-02	4.334E-02	3.135E-02
2.729E-03	7.509E-02	4.357E-02	3.152E-02
2.754E-03	7.549E-02	4.380E-02	3.169E-02
2.780E-03	7.590E-02	4.404E-02	3.186E-02
2.805E-03	7.630E-02	4.427E-02	3.203E-02
2.831E-03	7.671E-02	4.451E-02	3.221E-02
2.858E-03	7.713E-02	4.474E-02	3.238E-02
2.884E-03	7.754E-02	4.498E-02	3.256E-02
2.911E-03	7.796E-02	4.522E-02	3.274E-02
2.938E-03	7.837E-02	4.546E-02	3.291E-02
2.965E-03	7.879E-02	4.570E-02	3.309E-02
2.992E-03	7.922E-02	4.595E-02	3.327E-02
3.020E-03	7.964E-02	4.619E-02	3.345E-02
3.048E-03	8.007E-02	4.644E-02	3.364E-02
3.076E-03	8.050E-02	4.668E-02	3.382E-02
3.105E-03	8.093E-02	4.693E-02	3.400E-02
3.133E-03	8.137E-02	4.718E-02	3.419E-02
3.162E-03	8.181E-02	4.743E-02	3.437E-02
3.192E-03	8.225E-02	4.768E-02	3.456E-02
3.221E-03	8.269E-02	4.794E-02	3.475E-02
3.251E-03	8.313E-02	4.819E-02	3.494E-02
3.281E-03	8.358E-02	4.845E-02	3.513E-02
3.311E-03	8.403E-02	4.871E-02	3.532E-02
3.342E-03	8.448E-02	4.897E-02	3.551E-02
3.373E-03	8.493E-02	4.923E-02	3.571E-02
3.404E-03	8.539E-02	4.949E-02	3.590E-02
3.436E-03	8.585E-02	4.975E-02	3.610E-02
3.467E-03	8.631E-02	5.002E-02	3.629E-02
3.499E-03	8.677E-02	5.028E-02	3.649E-02
3.532E-03	8.724E-02	5.055E-02	3.669E-02
3.565E-03	8.771E-02	5.082E-02	3.689E-02
3.597E-03	8.818E-02	5.109E-02	3.709E-02
3.631E-03	8.866E-02	5.136E-02	3.729E-02
3.664E-03	8.913E-02	5.164E-02	3.750E-02
3.698E-03	8.961E-02	5.191E-02	3.770E-02
3.733E-03	9.009E-02	5.219E-02	3.791E-02
3.767E-03	9.058E-02	5.247E-02	3.811E-02
3.802E-03	9.107E-02	5.275E-02	3.832E-02
3.837E-03	9.156E-02	5.303E-02	3.853E-02
3.873E-03	9.205E-02	5.331E-02	3.874E-02
3.908E-03	9.255E-02	5.359E-02	3.895E-02
3.945E-03	9.304E-02	5.388E-02	3.916E-02
3.981E-03	9.354E-02	5.417E-02	3.938E-02
4.018E-03	9.405E-02	5.446E-02	3.959E-02
4.055E-03	9.455E-02	5.475E-02	3.981E-02
4.093E-03	9.506E-02	5.504E-02	4.003E-02
4.130E-03	9.558E-02	5.533E-02	4.024E-02
4.169E-03	9.609E-02	5.563E-02	4.046E-02
4.207E-03	9.661E-02	5.592E-02	4.068E-02
4.246E-03	9.713E-02	5.622E-02	4.091E-02
4.285E-03	9.765E-02	5.652E-02	4.113E-02
4.325E-03	9.818E-02	5.682E-02	4.135E-02
4.365E-03	9.871E-02	5.713E-02	4.158E-02
4.406E-03	9.924E-02	5.743E-02	4.181E-02
4.446E-03	9.977E-02	5.774E-02	4.204E-02
4.487E-03	1.003E-01	5.805E-02	4.227E-02
4.529E-03	1.009E-01	5.836E-02	4.250E-02
4.571E-03	1.014E-01	5.867E-02	4.273E-02
4.613E-03	1.019E-01	5.898E-02	4.296E-02
4.656E-03	1.025E-01	5.929E-02	4.320E-02
4.699E-03	1.030E-01	5.961E-02	4.343E-02
4.742E-03	1.036E-01	5.993E-02	4.367E-02
4.786E-03	1.042E-01	6.025E-02	4.391E-02
4.831E-03	1.047E-01	6.057E-02	4.415E-02
4.875E-03	1.053E-01	6.089E-02	4.439E-02
4.920E-03	1.059E-01	6.122E-02	4.463E-02
4.966E-03	1.064E-01	6.155E-02	4.488E-02
5.012E-03	1.070E-01	6.187E-02	4.512E-02
5.058E-03	1.076E-01	6.220E-02	4.537E-02
5.105E-03	1.082E-01	6.254E-02	4.562E-02
5.152E-03	1.087E-01	6.287E-02	4.587E-02
5.200E-03	1.093E-01	6.321E-02	4.612E-02
5.248E-03	1.099E-01	6.354E-02	4.637E-02
5.297E-03	1.105E-01	6.388E-02	4.663E-02
5.346E-03	1.111E-01	6.423E-02	4.688E-02
5.395E-03	1.117E-01	6.457E-02	4.714E-02
5.445E-03	1.123E-01	6.491E-02	4.740E-02
5.495E-03	1.129E-01	6.526E-02	4.766E-02
5.546E-03	1.135E-01	6.561E-02	4.792E-02
5.598E-03	1.141E-01	6.596E-02	4.818E-02
5.649E-03	1.148E-01	6.631E-02	4.845E-02
5.702E-03	1.154E-01	6.667E-02	4.871E-02
5.754E-03	1.160E-01	6.702E-02	4.898E-02
5.808E-03	1.166E-01	6.738E-02	4.925E-02
5.861E-03	1.173E-01	6.774E-02	4.952E-02
5.916E-03	1.179E-01	6.810E-02	4.979E-02
5.970E-03	1.185E-01	6.847E-02	5.006E-02
6.026E-03	1.192E-01	6.883E-02	5.034E-02
6.081E-03	1.198E-01	6.920E-02	5.061E-02
6.138E-03	1.205E-01	6.957E-02	5.089E-02
6.194E-03	1.211E-01	6.994E-02	5.117E-02
6.252E-03	1.218E-01	7.032E-02	5.145E-02
6.310E-03	1.224E-01	7.069E-02	5.173E-02
6.368E-03	1.231E-01	7.107E-02	5.202E-02
6.427E-03	1.238E-01	7.145E-02	5.230E-02
6.486E-03	1.244E-01	7.183E-02	5.259E-02
6.546E-03	1.251E-01	7.222E-02	5.288E-02
6.607E-03	1.258E-01	7.260E-02	5.317E-02
6.668E-03	1.265E-01	7.299E-02	5.346E-02
6.730E-03	1.271E-01	7.338E-02	5.376E-02
6.792E-03	1.278E-01	7.377E-02	5.405E-02
6.855E-03	1.285E-01	7.417E-02	5.435E-02
6.918E-03	1.292E-01	7.456E-02	5.465E-02
6.982E-03	1.299E-01	7.496E-02	5.495E-02
7.047E-03	1.306E-01	7.536E-02	5.525E-02
7.112E-03	1.313E-01	7.577E-02	5.555E-02
7.178E-03	1.320E-01	7.617E-02	5.586E-02
7.244E-03	1.327E-01	7.658E-02	5.617E-02
7.311E-03	1.335E-01	7.699E-02	5.648E-02
7.379E-03	1.342E-01	7.740E-02	5.679E-02
7.447E-03	1.349E-01	7.782E-02	5.710E-02
7.516E-03	1.356E-01	7.823E-02	5.741E-02
7.586E-03	1.364E-01	7.865E-02	5.773E-02
7.656E-03	1.371E-01	7.907E-02	5.805E-02
7.727E-03	1.379E-01	7.949E-02	5.837E-02
7.798E-03	1.386E-01	7.992E-02	5.869E-02
7.870E-03	1.394E-01	8.035E-02	5.901E-02
7.943E-03	1.401E-01	8.078E-02	5.934E-02
8.017E-03	1.409E-01	8.121E-02	5.966E-02
8.091E-03	1.416E-01	8.164E-02	5.999E-02
8.166E-03	1.424E-01	8.208E-02	6.032E-02
8.241E-03	1.432E-01	8.252E-02	6.066E-02
8.318E-03	1.440E-01	8.296E-02	6.099E-02
8.395E-03	1.447E-01	8.340E-02	6.133E-02
8.472E-03	1.455E-01	8.385E-02	6.166E-02
8.551E-03	1.463E-01	8.430E-02	6.200E-02
8.630E-03	1.471E-01	8.475E-02	6.235E-02
8.710E-03	1.479E-01	8.520E-02	6.269E-02
8.790E-03	1.487E-01	8.566E-02	6.304E-02
8.872E-03	1.495E-01	8.612E-02	6.338E-02
8.954E-03	1.503E-01	8.658E-02	6.373E-02
9.036E-03	1.511E-01	8.704E-02	6.409E-02
9.120E-03	1.519E-01	8.751E-02	6.444E-02
9.204E-03	1.528E-01	8.798E-02	6.480E-02
9.290E-03	1.536E-01	8.845E-02	6.515E-02
9.376E-03	1.544E-01	8.892E-02	6.551E-02
9.462E-03	1.553E-01	8.940E-02	6.588E-02
9.550E-03	1.561E-01	8.987E-02	6.624E-02
9.638E-03	1.570E-01	9.035E-02	6.661E-02
9.727E-03	1.578E-01	9.084E-02	6.697E-02
9.817E-03	1.587E-01	9.132E-02	6.734E-02
9.908E-03	1.595E-01	9.181E-02	6.772E-02
1.000E-02	1.604E-01	9.230E-02	6.809E-02
1.009E-02	1.613E-01	9.280E-02	6.847E-02
1.019E-02	1.621E-01	9.329E-02	6.885E-02
1.028E-02	1.630E-01	9.379E-02	6.923E-02
1.038E-02	1.639E-01	9.429E-02	6.961E-02
1.047E-02	1.648E-01	9.480E-02	7.000E-02
1.057E-02	1.657E-01	9.530E-02	7.038E-02
1.067E-02	1.666E-01	9.581E-02	7.077E-02
1.076E-02	1.675E-01	9.633E-02	7.116E-02
1.086E-02	1.684E-01	9.684E-02	7.156E-02
1.096E-02	1.693E-01	9.736E-02	7.195E-02
1.107E-02	1.702E-01	9.788E-02	7.235E-02
1.117E-02	1.712E-01	9.840E-02	7.275E-02
1.127E-02	1.721E-01	9.893E-02	7.316E-02
1.138E-02	1.730E-01	9.946E-02	7.356E-02
1.148E-02	1.740E-01	9.999E-02	7.397E-02
1.159E-02	1.749E-01	1.005E-01	7.438E-02
1.169E-02	1.759E-01	1.011E-01	7.479E-02
1.180E-02	1.768E-01	1.016E-01	7.521E-02
1.191E-02	1.778E-01	1.021E-01	7.562E-02
1.202E-02	1.787E-01	1.027E-01	7.604E-02
1.213E-02	1.797E-01	1.032E-01	7.647E-02
1.225E-02	1.807E-01	1.038E-01	7.689E-02
1.236E-02	1.817E-01	1.043E-01	7.732E-02
1.247E-02	1.826E-01	1.049E-01	7.775E-02
1.259E-02	1.836E-01	1.055E-01	7.818E-02
1.271E-02	1.846E-01	1.060E-01	7.861E-02
1.282E-02	1.856E-01	1.066E-01	7.905E-02
1.294E-02	1.866E-01	1.072E-01	7.949E-02
1.306E-02	1.877E-01	1.077E-01	7.993E-02
1.318E-02	1.887E-01	1.083E-01	8.037E-02
1.330E-02	1.897E-01	1.089E-01	8.082E-02
1.343E-02	1.907E-01	1.095E-01	8.127E-02
1.355E-02	1.918E-01	1.100E-01	8.172E-02
1.368E-02	1.928E-01	1.106E-01	8.217E-02
1.380E-02	1.938E-01	1.112E-01	8.263E-02
1.393E-02	1.949E-01	1.118E-01	8.309E-02
1.406E-02	1.960E-01	1.124E-01	8.355E-02
1.419E-02	1.970E-01	1.130E-01	8.401E-02
1.432E-02	1.981E-01	1.136E-01	8.448E-02
1.445E-02	1.992E-01	1.142E-01	8.495E-02
1.459E-02	2.002E-01	1.148E-01	8.542E-02
1.472E-02	2.013E-01	1.154E-01	8.590E-02
1.486E-02	2.024E-01	1.160E-01	8.638E-02
1.500E-02	2.035E-01	1.167E-01	8.686E-02
1.514E-02	2.046E-01	1.173E-01	8.734E-02
1.528E-02	2.057E-01	1.179E-01	8.783E-02
1.542E-02	2.069E-01	1.185E-01	8.832E-02
1.556E-02	2.080E-01	1.192E-01	8.881E-02
1.570E-02	2.091E-01	1.198E-01	8.930E-02
1.585E-02	2.102E-01	1.204E-01	8.980E-02
1.600E-02	2.114E-01	1.211E-01	9.030E-02
1.614E-02	2.125E-01	1.217E-01	9.080E-02
1.629E-02	2.137E-01	1.224E-01	9.131E-02
1.644E-02	2.148E-01	1.230E-01	9.182E-02
1.660E-02	2.160E-01	1.237E-01	9.233E-02
1.675E-02	2.172E-01	1.243E-01	9.284E-02
1.690E-02	2.183E-01	1.250E-01	9.336E-02
1.706E-02	2.195E-01	1.256E-01	9.388E-02
1.722E-02	2.207E-01	1.263E-01	9.440E-02
1.738E-02	2.219E-01	1.270E-01	9.493E-02
1.754E-02	2.231E-01	1.277E-01	9.546E-02
1.770E-02	2.243E-01	1.283E-01	9.599E-02
1.786E-02	2.255E-01	1.290E-01	9.653E-02
1.803E-02	2.268E-01	1.297E-01	9.707E-02
1.820E-02	2.280E-01	1.304E-01	9.761E-02
1.837E-02	2.292E-01	1.311E-01	9.815E-02
1.854E-02	2.305E-01	1.318E-01	9.870E-02
1.871E-02	2.317E-01	1.325E-01	9.925E-02
1.888E-02	2.330E-01	1.332E-01	9.980E-02
1.905E-02	2.342E-01	1.339E-01	1.004E-01
1.923E-02	2.355E-01	1.346E-01	1.009E-01
1.941E-02	2.368E-01	1.353E-01	1.015E-01
1.959E-02	2.380E-01	1.360E-01	1.021E-01
1.977E-02	2.393E-01	1.367E-01	1.026E-01
1.995E-02	2.406E-01	1.374E-01	1.032E-01
2.014E-02	2.419E-01	1.382E-01	1.038E-01
2.032E-02	2.432E-01	1.389E-01	1.043E-01
2.051E-02	2.445E-01	1.396E-01	1.049E-01
2.070E-02	2.459E-01	1.403E-01	1.055E-01
2.089E-02	2.472E-01	1.411E-01	1.061E-01
2.109E-02	2.485E-01	1.418E-01	1.067E-01
2.128E-02	2.499E-01	1.426E-01	1.073E-01
2.148E-02	2.512E-01	1.433E-01	1.079E-01
2.168E-02	2.526E-01	1.441E-01	1.085E-01
2.188E-02	2.539E-01	1.448E-01	1.091E-01
2.208E-02	2.553E-01	1.456E-01	1.097E-01
2.228E-02	2.567E-01	1.463E-01	1.103E-01
2.249E-02	2.581E-01	1.471E-01	1.109E-01
2.270E-02	2.594E-01	1.479E-01	1.116E-01
2.291E-02	2.608E-01	1.487E-01	1.122E-01
2.312E-02	2.622E-01	1.494E-01	1.128E-01
2.333E-02	2.637E-01	1.502E-01	1.134E-01
2.355E-02	2.651E-01	1.510E-01	1.141E-01
2.377E-02	2.665E-01	1.518E-01	1.147E-01
2.399E-02	2.679E-01	1.526E-01	1.154E-01
2.421E-02	2.694E-01	1.534E-01	1.160E-01
2.443E-02	2.708E-01	1.542E-01	1.166E-01
2.466E-02	2.723E-01	1.550E-01	1.173E-01
2.489E-02	2.737E-01	1.558E-01	1.180E-01
2.512E-02	2.752E-01	1.566E-01	1.186E-01
2.535E-02	2.767E-01	1.574E-01	1.193E-01
2.559E-02	2.782E-01	1.582E-01	1.199E-01
2.582E-02	2.797E-01	1.590E-01	1.206E-01
2.606E-02	2.812E-01	1.599E-01	1.213E-01
2.630E-02	2.827E-01	1.607E-01	1.220E-01
2.655E-02	2.842E-01	1.615E-01	1.226E-01
2.679E-02	2.857E-01	1.624E-01	1.233E-01
2.704E-02	2.872E-01	1.632E-01	1.240E-01
2.729E-02	2.888E-01	1.640E-01	1.247E-01
2.754E-02	2.903E-01	1.649E-01	1.254E-01
2.780E-02	2.918E-01	1.657E-01	1.261E-01
2.805E-02	2.934E-01	1.666E-01	1.268E-01
2.831E-02	2.950E-01	1.674E-01	1.275E-01
2.858E-02	2.965E-01	1.683E-01	1.282E-01
2.884E-02	2.981E-01	1.692E-01	1.289E-01
2.911E-02	2.997E-01	1.700E-01	1.297E-01
2.938E-02	3.013E-01	1.709E-01	1.304E-01
2.965E-02	3.029E-01	1.718E-01	1.311E-01
2.992E-02	3.045E-01	1.727E-01	1.319E-01
3.020E-02	3.061E-01	1.735E-01	1.326E-01
3.048E-02	3.078E-01	1.744E-01	1.333E-01
3.076E-02	3.094E-01	1.753E-01	1.341E-01
3.105E-02	3.110E-01	1.762E-01	1.348E-01
3.133E-02	3.127E-01	1.771E-01	1.356E-01
3.162E-02	3.143E-01	1.780E-01	1.363E-01
3.192E-02	3.160E-01	1.789E-01	1.371E-01
3.221E-02	3.177E-01	1.798E-01	1.379E-01
3.251E-02	3.194E-01	1.807E-01	1.386E-01
3.281E-02	3.210E-01	1.816E-01	1.394E-01
3.311E-02	3.227E-01	1.826E-01	1.402E-01
3.342E-02	3.244E-01	1.835E-01	1.410E-01
3.373E-02	3.261E-01	1.844E-01	1.417E-01
3.404E-02	3.279E-01	1.853E-01	1.425E-01
3.436E-02	3.296E-01	1.863E-01	1.433E-01
3.467E-02	3.313E-01	1.872E-01	1.441E-01
3.499E-02	3.331E-01	1.881E-01	1.449E-01
3.532E-02	3.348E-01	1.891E-01	1.457E-01
3.565E-02	3.366E-01	1.900E-01	1.465E-01
3.597E-02	3.383E-01	1.910E-01	1.474E-01
3.631E-02	3.401E-01	1.919E-01	1.482E-01
3.664E-02	3.419E-01	1.929E-01	1.490E-01
3.698E-02	3.437E-01	1.938E-01	1.498E-01
3.733E-02	3.455E-01	1.948E-01	1.507E-01
3.767E-02	3.473E-01	1.958E-01	1.515E-01
3.802E-02	3.491E-01	1.967E-01	1.523E-01
3.837E-02	3.509E-01	1.977E-01	1.532E-01
3.873E-02	3.527E-01	1.987E-01	1.540E-01
3.908E-02	3.545E-01	1.997E-01	1.549E-01
3.945E-02	3.564E-01	2.006E-01	1.557E-01
3.981E-02	3.582E-01	2.016E-01	1.566E-01
4.018E-02	3.601E-01	2.026E-01	1.575E-01
4.055E-02	3.619E-01	2.036E-01	1.583E-01
4.093E-02	3.638E-01	2.046E-01	1.592E-01
4.130E-02	3.657E-01	2.056E-01	1.601E-01
4.169E-02	3.676E-01	2.066E-01	1.610E-01
4.207E-02	3.695E-01	2.076E-01	1.619E-01
4.246E-02	3.714E-01	2.086E-01	1.628E-01
4.285E-02	3.733E-01	2.096E-01	1.637E-01
4.325E-02	3.752E-01	2.106E-01	1.646E-01
4.365E-02	3.771E-01	2.116E-01	1.655E-01
4.406E-02	3.790E-01	2.126E-01	1.664E-01
4.446E-02	3.810E-01	2.136E-01	1.673E-01
4.487E-02	3.829E-01	2.147E-01	1.682E-01
4.529E-02	3.849E-01	2.157E-01	1.692E-01
4.571E-02	3.868E-01	2.167E-01	1.701E-01
4.613E-02	3.888E-01	2.177E-01	1.710E-01
4.656E-02	3.908E-01	2.188E-01	1.720E-01
4.699E-02	3.927E-01	2.198E-01	1.729E-01
4.742E-02	3.947E-01	2.208E-01	1.739E-01
4.786E-02	3.967E-01	2.219E-01	1.748E-01
4.831E-02	3.987E-01	2.229E-01	1.758E-01
4.875E-02	4.007E-01	2.240E-01	1.768E-01
4.920E-02	4.027E-01	2.250E-01	1.777E-01
4.966E-02	4.047E-01	2.260E-01	1.787E-01
5.012E-02	4.068E-01	2.271E-01	1.797E-01
5.058E-02	4.088E-01	2.281E-01	1.807E-01
5.105E-02	4.108E-01	2.292E-01	1.816E-01
5.152E-02	4.129E-01	2.302E-01	1.826E-01
5.200E-02	4.149E-01	2.313E-01	1.836E-01
5.248E-02	4.170E-01	2.323E-01	1.846E-01
5.297E-02	4.190E-01	2.334E-01	1.856E-01
5.346E-02	4.211E-01	2.345E-01	1.867E-01
5.395E-02	4.232E-01	2.355E-01	1.877E-01
5.445E-02	4.253E-01	2.366E-01	1.887E-01
5.495E-02	4.274E-01	2.376E-01	1.897E-01
5.546E-02	4.295E-01	2.387E-01	1.907E-01
5.598E-02	4.315E-01	2.398E-01	1.918E-01
5.649E-02	4.337E-01	2.408E-01	1.928E-01
5.702E-02	4.358E-01	2.419E-01	1.939E-01
5.754E-02	4.379E-01	2.430E-01	1.949E-01
5.808E-02	4.400E-01	2.440E-01	1.960E-01
5.861E-02	4.421E-01	2.451E-01	1.970E-01
5.916E-02	4.442E-01	2.462E-01	1.981E-01
5.970E-02	4.464E-01	2.472E-01	1.991E-01
6.026E-02	4.485E-01	2.483E-01	2.002E-01
6.081E-02	4.507E-01	2.494E-01	2.013E-01
6.138E-02	4.528E-01	2.504E-01	2.024E-01
6.194E-02	4.550E-01	2.515E-01	2.035E-01
6.252E-02	4.571E-01	2.526E-01	2.045E-01
6.310E-02	4.593E-01	2.537E-01	2.056E-01
6.368E-02	4.615E-01	2.547E-01	2.067E-01
6.427E-02	4.636E-01	2.558E-01	2.078E-01
6.486E-02	4.658E-01	2.569E-01	2.089E-01
6.546E-02	4.680E-01	2.579E-01	2.101E-01
6.607E-02	4.702E-01	2.590E-01	2.112E-01
6.668E-02	4.723E-01	2.601E-01	2.123E-01
6.730E-02	4.745E-01	2.611E-01	2.134E-01
6.792E-02	4.767E-01	2.622E-01	2.145E-01
6.855E-02	4.789E-01	2.632E-01	2.157E-01
6.918E-02	4.811E-01	2.643E-01	2.168E-01
6.982E-02	4.833E-01	2.653E-01	2.179E-01
7.047E-02	4.855E-01	2.664E-01	2.191E-01
7.112E-02	4.877E-01	2.675E-01	2.202E-01
7.178E-02	4.899E-01	2.685E-01	2.214E-01
7.244E-02	4.921E-01	2.696E-01	2.226E-01
7.311E-02	4.943E-01	2.706E-01	2.237E-01
7.379E-02	4.965E-01	2.716E-01	2.249E-01
7.447E-02	4.987E-01	2.727E-01	2.260E-01
7.516E-02	5.009E-01	2.737E-01	2.272E-01
7.586E-02	5.031E-01	2.747E-01	2.284E-01
7.656E-02	5.054E-01	2.758E-01	2.296E-01
7.727E-02	5.076E-01	2.768E-01	2.308E-01
7.798E-02	5.098E-01	2.778E-01	2.320E-01
7.870E-02	5.120E-01	2.788E-01	2.331E-01
7.943E-02	5.142E-01	2.799E-01	2.343E-01
8.017E-02	5.164E-01	2.809E-01	2.355E-01
8.091E-02	5.186E-01	2.819E-01	2.367E-01
8.166E-02	5.208E-01	2.829E-01	2.379E-01
8.241E-02	5.230E-01	2.839E-01	2.392E-01
8.318E-02	5.252E-01	2.849E-01	2.404E-01
8.395E-02	5.274E-01	2.858E-01	2.416E-01
8.472E-02	5.296E-01	2.868E-01	2.428E-01
8.551E-02	5.318E-01	2.878E-01	2.440E-01
8.630E-02	5.340E-01	2.888E-01	2.452E-01
8.710E-02	5.362E-01	2.897E-01	2.465E-01
8.790E-02	5.384E-01	2.907E-01	2.477E-01
8.872E-02	5.406E-01	2.916E-01	2.489E-01
8.954E-02	5.427E-01	2.926E-01	2.502E-01
9.036E-02	5.449E-01	2.935E-01	2.514E-01
9.120E-02	5.471E-01	2.944E-01	2.527E-01
9.204E-02	5.492E-01	2.953E-01	2.539E-01
9.290E-02	5.514E-01	2.962E-01	2.551E-01
9.376E-02	5.535E-01	2.971E-01	2.564E-01
9.462E-02	5.557E-01	2.980E-01	2.576E-01
9.550E-02	5.578E-01	2.989E-01	2.589E-01
9.638E-02	5.599E-01	2.998E-01	2.601E-01
9.727E-02	5.621E-01	3.007E-01	2.614E-01
9.817E-02	5.642E-01	3.015E-01	2.627E-01
9.908E-02	5.663E-01	3.024E-01	2.639E-01
1.000E-01	5.684E-01	3.032E-01	2.652E-01
1.009E-01	5.705E-01	3.040E-01	2.664E-01
1.019E-01	5.725E-01	3.048E-01	2.677E-01
1.028E-01	5.746E-01	3.056E-01	2.690E-01
1.038E-01	5.767E-01	3.064E-01	2.702E-01
1.047E-01	5.787E-01	3.072E-01	2.715E-01
1.057E-01	5.807E-01	3.080E-01	2.728E-01
1.067E-01	5.828E-01	3.087E-01	2.740E-01
1.076E-01	5.848E-01	3.095E-01	2.753E-01
1.086E-01	5.868E-01	3.102E-01	2.766E-01
1.096E-01	5.888E-01	3.109E-01	2.778E-01
1.107E-01	5.907E-01	3.116E-01	2.791E-01
1.117E-01	5.927E-01	3.123E-01	2.804E-01
1.127E-01	5.946E-01	3.130E-01	2.816E-01
1.138E-01	5.965E-01	3.136E-01	2.829E-01
1.148E-01	5.985E-01	3.143E-01	2.842E-01
1.159E-01	6.003E-01	3.149E-01	2.854E-01
1.169E-01	6.022E-01	3.155E-01	2.867E-01
1.180E-01	6.041E-01	3.161E-01	2.879E-01
1.191E-01	6.059E-01	3.167E-01	2.892E-01
1.202E-01	6.077E-01	3.173E-01	2.905E-01
1.213E-01	6.095E-01	3.178E-01	2.917E-01
1.225E-01	6.113E-01	3.184E-01	2.930E-01
1.236E-01	6.131E-01	3.189E-01	2.942E-01
1.247E-01	6.148E-01	3.194E-01	2.955E-01
1.259E-01	6.165E-01	3.198E-01	2.967E-01
1.271E-01	6.182E-01	3.203E-01	2.980E-01
1.282E-01	6.199E-01	3.207E-01	2.992E-01
1.294E-01	6.216E-01	3.211E-01	3.004E-01
1.306E-01	6.232E-01	3.215E-01	3.017E-01
1.318E-01	6.248E-01	3.219E-01	3.029E-01
1.330E-01	6.264E-01	3.222E-01	3.041E-01
1.343E-01	6.279E-01	3.226E-01	3.053E-01
1.355E-01	6.294E-01	3.229E-01	3.065E-01
1.368E-01	6.309E-01	3.232E-01	3.077E-01
1.380E-01	6.324E-01	3.234E-01	3.089E-01
1.393E-01	6.338E-01	3.237E-01	3.101E-01
1.406E-01	6.352E-01	3.239E-01	3.113E-01
1.419E-01	6.366E-01	3.241E-01	3.125E-01
1.432E-01	6.379E-01	3.242E-01	3.137E-01
1.445E-01	6.393E-01	3.244E-01	3.149E-01
1.459E-01	6.405E-01	3.245E-01	3.160E-01
1.472E-01	6.418E-01	3.246E-01	3.172E-01
1.486E-01	6.430E-01	3.247E-01	3.183E-01
1.500E-01	6.442E-01	3.247E-01	3.195E-01
1.514E-01	6.453E-01	3.247E-01	3.206E-01
1.528E-01	6.464E-01	3.247E-01	3.217E-01
1.542E-01	6.475E-01	3.246E-01	3.228E-01
1.556E-01	6.485E-01	3.246E-01	3.239E-01
1.570E-01	6.495E-01	3.245E-01	3.250E-01
1.585E-01	6.504E-01	3.243E-01	3.261E-01
1.600E-01	6.513E-01	3.242E-01	3.272E-01
1.614E-01	6.522E-01	3.240E-01	3.282E-01
1.629E-01	6.530E-01	3.238E-01	3.293E-01
1.644E-01	6.538E-01	3.235E-01	3.303E-01
1.660E-01	6.545E-01	3.232E-01	3.313E-01
1.675E-01	6.552E-01	3.229E-01	3.323E-01
1.690E-01	6.559E-01	3.226E-01	3.333E-01
1.706E-01	6.565E-01	3.222E-01	3.343E-01
1.722E-01	6.570E-01	3.218E-01	3.353E-01
1.738E-01	6.575E-01	3.213E-01	3.362E-01
1.754E-01	6.580E-01	3.208E-01	3.372E-01
1.770E-01	6.584E-01	3.203E-01	3.381E-01
1.786E-01	6.587E-01	3.198E-01	3.390E-01
1.803E-01	6.590E-01	3.192E-01	3.399E-01
1.820E-01	6.593E-01	3.185E-01	3.407E-01
1.837E-01	6.595E-01	3.179E-01	3.416E-01
1.854E-01	6.596E-01	3.172E-01	3.424E-01
1.871E-01	6.597E-01	3.165E-01	3.432E-01
1.888E-01	6.597E-01	3.157E-01	3.440E-01
1.905E-01	6.597E-01	3.149E-01	3.448E-01
1.923E-01	6.596E-01	3.140E-01	3.456E-01
1.941E-01	6.594E-01	3.132E-01	3.463E-01
1.959E-01	6.592E-01	3.122E-01	3.470E-01
1.977E-01	6.590E-01	3.113E-01	3.477E-01
1.995E-01	6.586E-01	3.103E-01	3.483E-01
2.014E-01	6.582E-01	3.092E-01	3.490E-01
2.032E-01	6.578E-01	3.082E-01	3.496E-01
2.051E-01	6.573E-01	3.071E-01	3.502E-01
2.070E-01	6.567E-01	3.059E-01	3.508E-01
2.089E-01	6.560E-01	3.047E-01	3.513E-01
2.109E-01	6.553E-01	3.035E-01	3.518E-01
2.128E-01	6.545E-01	3.022E-01	3.523E-01
2.148E-01	6.536E-01	3.009E-01	3.528E-01
2.168E-01	6.527E-01	2.995E-01	3.532E-01
2.188E-01	6.517E-01	2.981E-01	3.536E-01
2.208E-01	6.506E-01	2.967E-01	3.540E-01
2.228E-01	6.495E-01	2.952E-01	3.543E-01
2.249E-01	6.483E-01	2.936E-01	3.546E-01
2.270E-01	6.470E-01	2.921E-01	3.549E-01
2.291E-01	6.456E-01	2.905E-01	3.551E-01
2.312E-01	6.441E-01	2.888E-01	3.553E-01
2.333E-01	6.426E-01	2.871E-01	3.555E-01
2.355E-01	6.410E-01	2.854E-01	3.557E-01
2.377E-01	6.394E-01	2.836E-01	3.558E-01
2.399E-01	6.376E-01	2.818E-01	3.558E-01
2.421E-01	6.358E-01	2.799E-01	3.559E-01
2.443E-01	6.339E-01	2.780E-01	3.559E-01
2.466E-01	6.319E-01	2.760E-01	3.558E-01
2.489E-01	6.298E-01	2.741E-01	3.557E-01
2.512E-01	6.276E-01	2.720E-01	3.556E-01
2.535E-01	6.254E-01	2.700E-01	3.554E-01
2.559E-01	6.231E-01	2.678E-01	3.552E-01
2.582E-01	6.207E-01	2.657E-01	3.550E-01
2.606E-01	6.182E-01	2.635E-01	3.547E-01
2.630E-01	6.156E-01	2.612E-01	3.544E-01
2.655E-01	6.130E-01	2.590E-01	3.540E-01
2.679E-01	6.102E-01	2.567E-01	3.536E-01
2.704E-01	6.074E-01	2.543E-01	3.531E-01
2.729E-01	6.045E-01	2.519E-01	3.526E-01
2.754E-01	6.015E-01	2.495E-01	3.520E-01
2.780E-01	5.984E-01	2.470E-01	3.514E-01
2.805E-01	5.952E-01	2.445E-01	3.507E-01
2.831E-01	5.919E-01	2.419E-01	3.500E-01
2.858E-01	5.886E-01	2.394E-01	3.492E-01
2.884E-01	5.852E-01	2.367E-01	3.484E-01
2.911E-01	5.816E-01	2.341E-01	3.475E-01
2.938E-01	5.780E-01	2.314E-01	3.466E-01
2.965E-01	5.743E-01	2.287E-01	3.457E-01
2.992E-01	5.705E-01	2.259E-01	3.446E-01
3.020E-01	5.667E-01	2.231E-01	3.435E-01
3.048E-01	5.627E-01	2.203E-01	3.424E-01
3.076E-01	5.587E-01	2.175E-01	3.412E-01
3.105E-01	5.545E-01	2.146E-01	3.400E-01
3.133E-01	5.503E-01	2.117E-01	3.386E-01
3.162E-01	5.460E-01	2.087E-01	3.373E-01
3.192E-01	5.416E-01	2.058E-01	3.359E-01
3.221E-01	5.371E-01	2.028E-01	3.344E-01
3.251E-01	5.326E-01	1.998E-01	3.328E-01
3.281E-01	5.279E-01	1.967E-01	3.312E-01
3.311E-01	5.232E-01	1.937E-01	3.295E-01
3.342E-01	5.184E-01	1.906E-01	3.278E-01
3.373E-01	5.135E-01	1.875E-01	3.260E-01
3.404E-01	5.086E-01	1.844E-01	3.242E-01
3.436E-01	5.035E-01	1.812E-01	3.223E-01
3.467E-01	4.984E-01	1.781E-01	3.203E-01
3.499E-01	4.932E-01	1.749E-01	3.183E-01
3.532E-01	4.879E-01	1.717E-01	3.162E-01
3.565E-01	4.825E-01	1.685E-01	3.140E-01
3.597E-01	4.771E-01	1.653E-01	3.118E-01
3.631E-01	4.716E-01	1.621E-01	3.095E-01
3.664E-01	4.660E-01	1.589E-01	3.071E-01
3.698E-01	4.604E-01	1.557E-01	3.047E-01
3.733E-01	4.547E-01	1.524E-01	3.022E-01
3.767E-01	4.489E-01	1.492E-01	2.997E-01
3.802E-01	4.430E-01	1.460E-01	2.970E-01
3.837E-01	4.371E-01	1.427E-01	2.944E-01
3.873E-01	4.311E-01	1.395E-01	2.916E-01
3.908E-01	4.251E-01	1.363E-01	2.888E-01
3.945E-01	4.190E-01	1.331E-01	2.860E-01
3.981E-01	4.129E-01	1.298E-01	2.830E-01
4.018E-01	4.067E-01	1.266E-01	2.800E-01
4.055E-01	4.004E-01	1.234E-01	2.770E-01
4.093E-01	3.941E-01	1.203E-01	2.739E-01
4.130E-01	3.878E-01	1.171E-01	2.707E-01
4.169E-01	3.814E-01	1.139E-01	2.675E-01
4.207E-01	3.750E-01	1.108E-01	2.642E-01
4.246E-01	3.685E-01	1.077E-01	2.608E-01
4.285E-01	3.620E-01	1.046E-01	2.574E-01
4.325E-01	3.555E-01	1.015E-01	2.539E-01
4.365E-01	3.489E-01	9.848E-02	2.504E-01
4.406E-01	3.423E-01	9.546E-02	2.468E-01
4.446E-01	3.357E-01	9.247E-02	2.432E-01
4.487E-01	3.290E-01	8.951E-02	2.395E-01
4.529E-01	3.224E-01	8.658E-02	2.358E-01
4.571E-01	3.157E-01	8.368E-02	2.320E-01
4.613E-01	3.090E-01	8.082E-02	2.282E-01
4.656E-01	3.023E-01	7.800E-02	2.243E-01
4.699E-01	2.956E-01	7.521E-02	2.204E-01
4.742E-01	2.889E-01	7.246E-02	2.164E-01
4.786E-01	2.822E-01	6.976E-02	2.124E-01
4.831E-01	2.755E-01	6.710E-02	2.084E-01
4.875E-01	2.688E-01	6.448E-02	2.043E-01
4.920E-01	2.621E-01	6.191E-02	2.002E-01
4.966E-01	2.554E-01	5.938E-02	1.961E-01
5.012E-01	2.488E-01	5.691E-02	1.919E-01
5.058E-01	2.422E-01	5.448E-02	1.877E-01
5.105E-01	2.356E-01	5.210E-02	1.835E-01
5.152E-01	2.290E-01	4.978E-02	1.792E-01
5.200E-01	2.224E-01	4.750E-02	1.749E-01
5.248E-01	2.159E-01	4.529E-02	1.707E-01
5.297E-01	2.095E-01	4.312E-02	1.664E-01
5.346E-01	2.031E-01	4.101E-02	1.621E-01
5.395E-01	1.967E-01	3.896E-02	1.577E-01
5.445E-01	1.904E-01	3.697E-02	1.534E-01
5.495E-01	1.841E-01	3.503E-02	1.491E-01
5.546E-01	1.779E-01	3.315E-02	1.448E-01
5.598E-01	1.718E-01	3.133E-02	1.405E-01
5.649E-01	1.657E-01	2.956E-02	1.362E-01
5.702E-01	1.597E-01	2.786E-02	1.319E-01
5.754E-01	1.538E-01	2.622E-02	1.276E-01
5.808E-01	1.480E-01	2.463E-02	1.233E-01
5.861E-01	1.422E-01	2.310E-02	1.191E-01
5.916E-01	1.365E-01	2.164E-02	1.149E-01
5.970E-01	1.309E-01	2.023E-02	1.107E-01
6.026E-01	1.254E-01	1.888E-02	1.066E-01
6.081E-01	1.200E-01	1.758E-02	1.024E-01
6.138E-01	1.147E-01	1.635E-02	9.838E-02
6.194E-01	1.095E-01	1.517E-02	9.435E-02
6.252E-01	1.044E-01	1.405E-02	9.037E-02
6.310E-01	9.943E-02	1.298E-02	8.645E-02
6.368E-01	9.455E-02	1.197E-02	8.258E-02
6.427E-01	8.978E-02	1.101E-02	7.877E-02
6.486E-01	8.512E-02	1.010E-02	7.502E-02
6.546E-01	8.059E-02	9.250E-03	7.134E-02
6.607E-01	7.617E-02	8.446E-03	6.772E-02
6.668E-01	7.187E-02	7.691E-03	6.418E-02
6.730E-01	6.770E-02	6.983E-03	6.072E-02
6.792E-01	6.366E-02	6.322E-03	5.734E-02
6.855E-01	5.974E-02	5.706E-03	5.404E-02
6.918E-01	5.595E-02	5.133E-03	5.082E-02
6.982E-01	5.230E-02	4.602E-03	4.770E-02
7.047E-01	4.877E-02	4.111E-03	4.466E-02
7.112E-01	4.538E-02	3.658E-03	4.172E-02
7.178E-01	4.212E-02	3.243E-03	3.887E-02
7.244E-01	3.899E-02	2.862E-03	3.613E-02
7.311E-01	3.600E-02	2.515E-03	3.348E-02
7.379E-01	3.314E-02	2.200E-03	3.094E-02
7.447E-01	3.041E-02	1.915E-03	2.850E-02
7.516E-01	2.782E-02	1.658E-03	2.617E-02
7.586E-01	2.536E-02	1.427E-03	2.394E-02
7.656E-01	2.304E-02	1.221E-03	2.182E-02
7.727E-01	2.084E-02	1.038E-03	1.981E-02
7.798E-01	1.878E-02	8.769E-04	1.790E-02
7.870E-01	1.684E-02	7.351E-04	1.611E-02
7.943E-01	1.503E-02	6.113E-04	1.442E-02
8.017E-01	1.334E-02	5.040E-04	1.284E-02
8.091E-01	1.178E-02	4.117E-04	1.137E-02
8.166E-01	1.033E-02	3.329E-04	1.000E-02
8.241E-01	9.003E-03	2.662E-04	8.736E-03
8.318E-01	7.786E-03	2.104E-04	7.575E-03
8.395E-01	6.678E-03	1.640E-04	6.514E-03
8.472E-01	5.676E-03	1.260E-04	5.550E-03
8.551E-01	4.776E-03	9.521E-05	4.681E-03
8.630E-01	3.973E-03	7.064E-05	3.902E-03
8.710E-01	3.263E-03	5.133E-05	3.212E-03
8.790E-01	2.641E-03	3.643E-05	2.605E-03
8.872E-01	2.102E-03	2.516E-05	2.077E-03
8.954E-01	1.641E-03	1.684E-05	1.625E-03
9.036E-01	1.253E-03	1.087E-05	1.242E-03
9.120E-01	9.304E-04	6.711E-06	9.237E-04
9.204E-01	6.688E-04	3.930E-06	6.649E-04
9.290E-01	4.617E-04	2.155E-06	4.595E-04
9.376E-01	3.027E-04	1.088E-06	3.016E-04
9.462E-01	1.856E-04	4.928E-07	1.851E-04
9.550E-01	1.038E-04	1.924E-07	1.036E-04
9.638E-01	5.085E-05	6.061E-08	5.079E-05
9.727E-01	2.018E-05	1.360E-08	2.017E-05
9.817E-01	5.459E-06	1.642E-09	5.458E-06
9.908E-01	5.788E-07	4.373E-11	5.787E-07
