Q0 = 1.057 GeV	 Q = 3.162 GeV
x	 x*uv	 x*dv	 x*(uv-dv)
1.000E-04	2.012E-02	1.190E-02	8.227E-03
1.009E-04	2.021E-02	1.195E-02	8.265E-03
1.019E-04	2.030E-02	1.200E-02	8.302E-03
1.028E-04	2.039E-02	1.205E-02	8.339E-03
1.038E-04	2.048E-02	1.210E-02	8.377E-03
1.047E-04	2.057E-02	1.216E-02	8.415E-03
1.057E-04	2.066E-02	1.221E-02	8.453E-03
1.067E-04	2.076E-02	1.226E-02	8.491E-03
1.076E-04	2.085E-02	1.232E-02	8.530E-03
1.086E-04	2.094E-02	1.237E-02	8.568E-03
1.096E-04	2.103E-02	1.243E-02	8.607E-03
1.107E-04	2.113E-02	1.248E-02	8.646E-03
1.117E-04	2.122E-02	1.253E-02	8.685E-03
1.127E-04	2.131E-02	1.259E-02	8.724E-03
1.138E-04	2.141E-02	1.264E-02	8.764E-03
1.148E-04	2.150E-02	1.270E-02	8.803E-03
1.159E-04	2.160E-02	1.276E-02	8.843E-03
1.169E-04	2.169E-02	1.281E-02	8.883E-03
1.180E-04	2.179E-02	1.287E-02	8.923E-03
1.191E-04	2.189E-02	1.292E-02	8.963E-03
1.202E-04	2.198E-02	1.298E-02	9.004E-03
1.213E-04	2.208E-02	1.304E-02	9.044E-03
1.225E-04	2.218E-02	1.309E-02	9.085E-03
1.236E-04	2.228E-02	1.315E-02	9.126E-03
1.247E-04	2.238E-02	1.321E-02	9.168E-03
1.259E-04	2.247E-02	1.327E-02	9.209E-03
1.271E-04	2.257E-02	1.332E-02	9.251E-03
1.282E-04	2.267E-02	1.338E-02	9.292E-03
1.294E-04	2.277E-02	1.344E-02	9.334E-03
1.306E-04	2.288E-02	1.350E-02	9.376E-03
1.318E-04	2.298E-02	1.356E-02	9.419E-03
1.330E-04	2.308E-02	1.362E-02	9.461E-03
1.343E-04	2.318E-02	1.368E-02	9.504E-03
1.355E-04	2.328E-02	1.374E-02	9.547E-03
1.368E-04	2.339E-02	1.380E-02	9.590E-03
1.380E-04	2.349E-02	1.386E-02	9.633E-03
1.393E-04	2.359E-02	1.392E-02	9.677E-03
1.406E-04	2.370E-02	1.398E-02	9.720E-03
1.419E-04	2.380E-02	1.404E-02	9.764E-03
1.432E-04	2.391E-02	1.410E-02	9.808E-03
1.445E-04	2.401E-02	1.416E-02	9.853E-03
1.459E-04	2.412E-02	1.422E-02	9.897E-03
1.472E-04	2.423E-02	1.429E-02	9.942E-03
1.486E-04	2.434E-02	1.435E-02	9.987E-03
1.500E-04	2.444E-02	1.441E-02	1.003E-02
1.514E-04	2.455E-02	1.447E-02	1.008E-02
1.528E-04	2.466E-02	1.454E-02	1.012E-02
1.542E-04	2.477E-02	1.460E-02	1.017E-02
1.556E-04	2.488E-02	1.466E-02	1.021E-02
1.570E-04	2.499E-02	1.473E-02	1.026E-02
1.585E-04	2.510E-02	1.479E-02	1.031E-02
1.600E-04	2.521E-02	1.486E-02	1.035E-02
1.614E-04	2.532E-02	1.492E-02	1.040E-02
1.629E-04	2.543E-02	1.499E-02	1.045E-02
1.644E-04	2.555E-02	1.505E-02	1.049E-02
1.660E-04	2.566E-02	1.512E-02	1.054E-02
1.675E-04	2.577E-02	1.518E-02	1.059E-02
1.690E-04	2.589E-02	1.525E-02	1.064E-02
1.706E-04	2.600E-02	1.532E-02	1.068E-02
1.722E-04	2.612E-02	1.538E-02	1.073E-02
1.738E-04	2.623E-02	1.545E-02	1.078E-02
1.754E-04	2.635E-02	1.552E-02	1.083E-02
1.770E-04	2.646E-02	1.559E-02	1.088E-02
1.786E-04	2.658E-02	1.565E-02	1.093E-02
1.803E-04	2.670E-02	1.572E-02	1.098E-02
1.820E-04	2.682E-02	1.579E-02	1.103E-02
1.837E-04	2.693E-02	1.586E-02	1.108E-02
1.854E-04	2.705E-02	1.593E-02	1.113E-02
1.871E-04	2.717E-02	1.600E-02	1.118E-02
1.888E-04	2.729E-02	1.607E-02	1.123E-02
1.905E-04	2.741E-02	1.614E-02	1.128E-02
1.923E-04	2.754E-02	1.621E-02	1.133E-02
1.941E-04	2.766E-02	1.628E-02	1.138E-02
1.959E-04	2.778E-02	1.635E-02	1.143E-02
1.977E-04	2.790E-02	1.642E-02	1.148E-02
1.995E-04	2.802E-02	1.649E-02	1.153E-02
2.014E-04	2.815E-02	1.656E-02	1.159E-02
2.032E-04	2.827E-02	1.664E-02	1.164E-02
2.051E-04	2.840E-02	1.671E-02	1.169E-02
2.070E-04	2.852E-02	1.678E-02	1.174E-02
2.089E-04	2.865E-02	1.685E-02	1.180E-02
2.109E-04	2.878E-02	1.693E-02	1.185E-02
2.128E-04	2.890E-02	1.700E-02	1.190E-02
2.148E-04	2.903E-02	1.707E-02	1.196E-02
2.168E-04	2.916E-02	1.715E-02	1.201E-02
2.188E-04	2.929E-02	1.722E-02	1.206E-02
2.208E-04	2.942E-02	1.730E-02	1.212E-02
2.228E-04	2.955E-02	1.737E-02	1.217E-02
2.249E-04	2.968E-02	1.745E-02	1.223E-02
2.270E-04	2.981E-02	1.753E-02	1.228E-02
2.291E-04	2.994E-02	1.760E-02	1.234E-02
2.312E-04	3.007E-02	1.768E-02	1.239E-02
2.333E-04	3.020E-02	1.776E-02	1.245E-02
2.355E-04	3.034E-02	1.783E-02	1.251E-02
2.377E-04	3.047E-02	1.791E-02	1.256E-02
2.399E-04	3.061E-02	1.799E-02	1.262E-02
2.421E-04	3.074E-02	1.807E-02	1.267E-02
2.443E-04	3.088E-02	1.815E-02	1.273E-02
2.466E-04	3.101E-02	1.822E-02	1.279E-02
2.489E-04	3.115E-02	1.830E-02	1.285E-02
2.512E-04	3.129E-02	1.838E-02	1.290E-02
2.535E-04	3.143E-02	1.846E-02	1.296E-02
2.559E-04	3.156E-02	1.854E-02	1.302E-02
2.582E-04	3.170E-02	1.862E-02	1.308E-02
2.606E-04	3.184E-02	1.870E-02	1.314E-02
2.630E-04	3.198E-02	1.879E-02	1.320E-02
2.655E-04	3.213E-02	1.887E-02	1.326E-02
2.679E-04	3.227E-02	1.895E-02	1.332E-02
2.704E-04	3.241E-02	1.903E-02	1.338E-02
2.729E-04	3.255E-02	1.912E-02	1.344E-02
2.754E-04	3.270E-02	1.920E-02	1.350E-02
2.780E-04	3.284E-02	1.928E-02	1.356E-02
2.805E-04	3.298E-02	1.937E-02	1.362E-02
2.831E-04	3.313E-02	1.945E-02	1.368E-02
2.858E-04	3.328E-02	1.953E-02	1.374E-02
2.884E-04	3.342E-02	1.962E-02	1.380E-02
2.911E-04	3.357E-02	1.970E-02	1.387E-02
2.938E-04	3.372E-02	1.979E-02	1.393E-02
2.965E-04	3.387E-02	1.988E-02	1.399E-02
2.992E-04	3.402E-02	1.996E-02	1.405E-02
3.020E-04	3.417E-02	2.005E-02	1.412E-02
3.048E-04	3.432E-02	2.014E-02	1.418E-02
3.076E-04	3.447E-02	2.022E-02	1.424E-02
3.105E-04	3.462E-02	2.031E-02	1.431E-02
3.133E-04	3.477E-02	2.040E-02	1.437E-02
3.162E-04	3.493E-02	2.049E-02	1.444E-02
3.192E-04	3.508E-02	2.058E-02	1.450E-02
3.221E-04	3.523E-02	2.067E-02	1.457E-02
3.251E-04	3.539E-02	2.076E-02	1.463E-02
3.281E-04	3.555E-02	2.085E-02	1.470E-02
3.311E-04	3.570E-02	2.094E-02	1.477E-02
3.342E-04	3.586E-02	2.103E-02	1.483E-02
3.373E-04	3.602E-02	2.112E-02	1.490E-02
3.404E-04	3.618E-02	2.121E-02	1.497E-02
3.436E-04	3.634E-02	2.130E-02	1.503E-02
3.467E-04	3.650E-02	2.140E-02	1.510E-02
3.499E-04	3.666E-02	2.149E-02	1.517E-02
3.532E-04	3.682E-02	2.158E-02	1.524E-02
3.565E-04	3.698E-02	2.168E-02	1.530E-02
3.597E-04	3.714E-02	2.177E-02	1.537E-02
3.631E-04	3.731E-02	2.186E-02	1.544E-02
3.664E-04	3.747E-02	2.196E-02	1.551E-02
3.698E-04	3.764E-02	2.205E-02	1.558E-02
3.733E-04	3.780E-02	2.215E-02	1.565E-02
3.767E-04	3.797E-02	2.225E-02	1.572E-02
3.802E-04	3.813E-02	2.234E-02	1.579E-02
3.837E-04	3.830E-02	2.244E-02	1.586E-02
3.873E-04	3.847E-02	2.254E-02	1.593E-02
3.908E-04	3.864E-02	2.263E-02	1.601E-02
3.945E-04	3.881E-02	2.273E-02	1.608E-02
3.981E-04	3.898E-02	2.283E-02	1.615E-02
4.018E-04	3.915E-02	2.293E-02	1.622E-02
4.055E-04	3.933E-02	2.303E-02	1.630E-02
4.093E-04	3.950E-02	2.313E-02	1.637E-02
4.130E-04	3.967E-02	2.323E-02	1.644E-02
4.169E-04	3.985E-02	2.333E-02	1.652E-02
4.207E-04	4.002E-02	2.343E-02	1.659E-02
4.246E-04	4.020E-02	2.353E-02	1.667E-02
4.285E-04	4.038E-02	2.364E-02	1.674E-02
4.325E-04	4.055E-02	2.374E-02	1.682E-02
4.365E-04	4.073E-02	2.384E-02	1.689E-02
4.406E-04	4.091E-02	2.394E-02	1.697E-02
4.446E-04	4.109E-02	2.405E-02	1.704E-02
4.487E-04	4.127E-02	2.415E-02	1.712E-02
4.529E-04	4.145E-02	2.426E-02	1.720E-02
4.571E-04	4.164E-02	2.436E-02	1.727E-02
4.613E-04	4.182E-02	2.447E-02	1.735E-02
4.656E-04	4.200E-02	2.457E-02	1.743E-02
4.699E-04	4.219E-02	2.468E-02	1.751E-02
4.742E-04	4.237E-02	2.479E-02	1.759E-02
4.786E-04	4.256E-02	2.489E-02	1.766E-02
4.831E-04	4.275E-02	2.500E-02	1.774E-02
4.875E-04	4.293E-02	2.511E-02	1.782E-02
4.920E-04	4.312E-02	2.522E-02	1.790E-02
4.966E-04	4.331E-02	2.533E-02	1.798E-02
5.012E-04	4.350E-02	2.544E-02	1.806E-02
5.058E-04	4.369E-02	2.555E-02	1.815E-02
5.105E-04	4.389E-02	2.566E-02	1.823E-02
5.152E-04	4.408E-02	2.577E-02	1.831E-02
5.200E-04	4.427E-02	2.588E-02	1.839E-02
5.248E-04	4.447E-02	2.599E-02	1.847E-02
5.297E-04	4.466E-02	2.611E-02	1.856E-02
5.346E-04	4.486E-02	2.622E-02	1.864E-02
5.395E-04	4.506E-02	2.633E-02	1.872E-02
5.445E-04	4.525E-02	2.645E-02	1.881E-02
5.495E-04	4.545E-02	2.656E-02	1.889E-02
5.546E-04	4.565E-02	2.668E-02	1.898E-02
5.598E-04	4.585E-02	2.679E-02	1.906E-02
5.649E-04	4.605E-02	2.691E-02	1.915E-02
5.702E-04	4.626E-02	2.702E-02	1.923E-02
5.754E-04	4.646E-02	2.714E-02	1.932E-02
5.808E-04	4.666E-02	2.726E-02	1.941E-02
5.861E-04	4.687E-02	2.738E-02	1.949E-02
5.916E-04	4.708E-02	2.749E-02	1.958E-02
5.970E-04	4.728E-02	2.761E-02	1.967E-02
6.026E-04	4.749E-02	2.773E-02	1.976E-02
6.081E-04	4.770E-02	2.785E-02	1.985E-02
6.138E-04	4.791E-02	2.797E-02	1.993E-02
6.194E-04	4.812E-02	2.809E-02	2.002E-02
6.252E-04	4.833E-02	2.822E-02	2.011E-02
6.310E-04	4.854E-02	2.834E-02	2.020E-02
6.368E-04	4.875E-02	2.846E-02	2.029E-02
6.427E-04	4.897E-02	2.858E-02	2.039E-02
6.486E-04	4.918E-02	2.871E-02	2.048E-02
6.546E-04	4.940E-02	2.883E-02	2.057E-02
6.607E-04	4.962E-02	2.896E-02	2.066E-02
6.668E-04	4.983E-02	2.908E-02	2.075E-02
6.730E-04	5.005E-02	2.921E-02	2.085E-02
6.792E-04	5.027E-02	2.933E-02	2.094E-02
6.855E-04	5.049E-02	2.946E-02	2.103E-02
6.918E-04	5.072E-02	2.959E-02	2.113E-02
6.982E-04	5.094E-02	2.972E-02	2.122E-02
7.047E-04	5.116E-02	2.984E-02	2.132E-02
7.112E-04	5.139E-02	2.997E-02	2.141E-02
7.178E-04	5.161E-02	3.010E-02	2.151E-02
7.244E-04	5.184E-02	3.023E-02	2.161E-02
7.311E-04	5.207E-02	3.036E-02	2.170E-02
7.379E-04	5.229E-02	3.049E-02	2.180E-02
7.447E-04	5.252E-02	3.063E-02	2.190E-02
7.516E-04	5.275E-02	3.076E-02	2.200E-02
7.586E-04	5.299E-02	3.089E-02	2.209E-02
7.656E-04	5.322E-02	3.102E-02	2.219E-02
7.727E-04	5.345E-02	3.116E-02	2.229E-02
7.798E-04	5.369E-02	3.129E-02	2.239E-02
7.870E-04	5.392E-02	3.143E-02	2.249E-02
7.943E-04	5.416E-02	3.156E-02	2.259E-02
8.017E-04	5.440E-02	3.170E-02	2.269E-02
8.091E-04	5.463E-02	3.184E-02	2.280E-02
8.166E-04	5.487E-02	3.197E-02	2.290E-02
8.241E-04	5.511E-02	3.211E-02	2.300E-02
8.318E-04	5.536E-02	3.225E-02	2.310E-02
8.395E-04	5.560E-02	3.239E-02	2.321E-02
8.472E-04	5.584E-02	3.253E-02	2.331E-02
8.551E-04	5.609E-02	3.267E-02	2.342E-02
8.630E-04	5.633E-02	3.281E-02	2.352E-02
8.710E-04	5.658E-02	3.295E-02	2.363E-02
8.790E-04	5.683E-02	3.310E-02	2.373E-02
8.872E-04	5.708E-02	3.324E-02	2.384E-02
8.954E-04	5.733E-02	3.338E-02	2.395E-02
9.036E-04	5.758E-02	3.353E-02	2.405E-02
9.120E-04	5.783E-02	3.367E-02	2.416E-02
9.204E-04	5.808E-02	3.382E-02	2.427E-02
9.290E-04	5.834E-02	3.396E-02	2.438E-02
9.376E-04	5.860E-02	3.411E-02	2.449E-02
9.462E-04	5.885E-02	3.426E-02	2.460E-02
9.550E-04	5.911E-02	3.440E-02	2.471E-02
9.638E-04	5.937E-02	3.455E-02	2.482E-02
9.727E-04	5.963E-02	3.470E-02	2.493E-02
9.817E-04	5.989E-02	3.485E-02	2.504E-02
9.908E-04	6.015E-02	3.500E-02	2.515E-02
1.000E-03	6.042E-02	3.515E-02	2.526E-02
1.009E-03	6.068E-02	3.530E-02	2.538E-02
1.019E-03	6.095E-02	3.546E-02	2.549E-02
1.028E-03	6.121E-02	3.561E-02	2.560E-02
1.038E-03	6.148E-02	3.576E-02	2.572E-02
1.047E-03	6.175E-02	3.592E-02	2.583E-02
1.057E-03	6.202E-02	3.607E-02	2.595E-02
1.067E-03	6.229E-02	3.623E-02	2.607E-02
1.076E-03	6.257E-02	3.638E-02	2.618E-02
1.086E-03	6.284E-02	3.654E-02	2.630E-02
1.096E-03	6.312E-02	3.670E-02	2.642E-02
1.107E-03	6.339E-02	3.686E-02	2.654E-02
1.117E-03	6.367E-02	3.702E-02	2.665E-02
1.127E-03	6.395E-02	3.717E-02	2.677E-02
1.138E-03	6.423E-02	3.733E-02	2.689E-02
1.148E-03	6.451E-02	3.750E-02	2.701E-02
1.159E-03	6.479E-02	3.766E-02	2.713E-02
1.169E-03	6.508E-02	3.782E-02	2.726E-02
1.180E-03	6.536E-02	3.798E-02	2.738E-02
1.191E-03	6.565E-02	3.815E-02	2.750E-02
1.202E-03	6.593E-02	3.831E-02	2.762E-02
1.213E-03	6.622E-02	3.848E-02	2.775E-02
1.225E-03	6.651E-02	3.864E-02	2.787E-02
1.236E-03	6.680E-02	3.881E-02	2.800E-02
1.247E-03	6.710E-02	3.898E-02	2.812E-02
1.259E-03	6.739E-02	3.914E-02	2.825E-02
1.271E-03	6.769E-02	3.931E-02	2.837E-02
1.282E-03	6.798E-02	3.948E-02	2.850E-02
1.294E-03	6.828E-02	3.965E-02	2.863E-02
1.306E-03	6.858E-02	3.982E-02	2.876E-02
1.318E-03	6.888E-02	3.999E-02	2.888E-02
1.330E-03	6.918E-02	4.017E-02	2.901E-02
1.343E-03	6.948E-02	4.034E-02	2.914E-02
1.355E-03	6.979E-02	4.051E-02	2.927E-02
1.368E-03	7.009E-02	4.069E-02	2.941E-02
1.380E-03	7.040E-02	4.086E-02	2.954E-02
1.393E-03	7.071E-02	4.104E-02	2.967E-02
1.406E-03	7.102E-02	4.121E-02	2.980E-02
1.419E-03	7.133E-02	4.139E-02	2.993E-02
1.432E-03	7.164E-02	4.157E-02	3.007E-02
1.445E-03	7.195E-02	4.175E-02	3.020E-02
1.459E-03	7.227E-02	4.193E-02	3.034E-02
1.472E-03	7.258E-02	4.211E-02	3.047E-02
1.486E-03	7.290E-02	4.229E-02	3.061E-02
1.500E-03	7.322E-02	4.247E-02	3.075E-02
1.514E-03	7.354E-02	4.265E-02	3.088E-02
1.528E-03	7.386E-02	4.284E-02	3.102E-02
1.542E-03	7.418E-02	4.302E-02	3.116E-02
1.556E-03	7.451E-02	4.321E-02	3.130E-02
1.570E-03	7.483E-02	4.339E-02	3.144E-02
1.585E-03	7.516E-02	4.358E-02	3.158E-02
1.600E-03	7.549E-02	4.377E-02	3.172E-02
1.614E-03	7.582E-02	4.396E-02	3.186E-02
1.629E-03	7.615E-02	4.414E-02	3.201E-02
1.644E-03	7.648E-02	4.433E-02	3.215E-02
1.660E-03	7.682E-02	4.453E-02	3.229E-02
1.675E-03	7.715E-02	4.472E-02	3.244E-02
1.690E-03	7.749E-02	4.491E-02	3.258E-02
1.706E-03	7.783E-02	4.510E-02	3.273E-02
1.722E-03	7.817E-02	4.530E-02	3.288E-02
1.738E-03	7.851E-02	4.549E-02	3.302E-02
1.754E-03	7.886E-02	4.569E-02	3.317E-02
1.770E-03	7.920E-02	4.588E-02	3.332E-02
1.786E-03	7.955E-02	4.608E-02	3.347E-02
1.803E-03	7.989E-02	4.628E-02	3.362E-02
1.820E-03	8.024E-02	4.648E-02	3.377E-02
1.837E-03	8.059E-02	4.668E-02	3.392E-02
1.854E-03	8.095E-02	4.688E-02	3.407E-02
1.871E-03	8.130E-02	4.708E-02	3.422E-02
1.888E-03	8.166E-02	4.728E-02	3.437E-02
1.905E-03	8.201E-02	4.748E-02	3.453E-02
1.923E-03	8.237E-02	4.769E-02	3.468E-02
1.941E-03	8.273E-02	4.789E-02	3.484E-02
1.959E-03	8.309E-02	4.810E-02	3.499E-02
1.977E-03	8.346E-02	4.831E-02	3.515E-02
1.995E-03	8.382E-02	4.851E-02	3.531E-02
2.014E-03	8.419E-02	4.872E-02	3.547E-02
2.032E-03	8.455E-02	4.893E-02	3.562E-02
2.051E-03	8.492E-02	4.914E-02	3.578E-02
2.070E-03	8.529E-02	4.935E-02	3.594E-02
2.089E-03	8.567E-02	4.956E-02	3.610E-02
2.109E-03	8.604E-02	4.978E-02	3.626E-02
2.128E-03	8.642E-02	4.999E-02	3.643E-02
2.148E-03	8.679E-02	5.020E-02	3.659E-02
2.168E-03	8.717E-02	5.042E-02	3.675E-02
2.188E-03	8.755E-02	5.064E-02	3.692E-02
2.208E-03	8.794E-02	5.085E-02	3.708E-02
2.228E-03	8.832E-02	5.107E-02	3.725E-02
2.249E-03	8.871E-02	5.129E-02	3.742E-02
2.270E-03	8.909E-02	5.151E-02	3.758E-02
2.291E-03	8.948E-02	5.173E-02	3.775E-02
2.312E-03	8.987E-02	5.196E-02	3.792E-02
2.333E-03	9.027E-02	5.218E-02	3.809E-02
2.355E-03	9.066E-02	5.240E-02	3.826E-02
2.377E-03	9.106E-02	5.263E-02	3.843E-02
2.399E-03	9.145E-02	5.285E-02	3.860E-02
2.421E-03	9.185E-02	5.308E-02	3.877E-02
2.443E-03	9.225E-02	5.331E-02	3.895E-02
2.466E-03	9.266E-02	5.354E-02	3.912E-02
2.489E-03	9.306E-02	5.377E-02	3.930E-02
2.512E-03	9.347E-02	5.400E-02	3.947E-02
2.535E-03	9.388E-02	5.423E-02	3.965E-02
2.559E-03	9.429E-02	5.446E-02	3.983E-02
2.582E-03	9.470E-02	5.469E-02	4.000E-02
2.606E-03	9.511E-02	5.493E-02	4.018E-02
2.630E-03	9.553E-02	5.516E-02	4.036E-02
2.655E-03	9.594E-02	5.540E-02	4.054E-02
2.679E-03	9.636E-02	5.564E-02	4.072E-02
2.704E-03	9.678E-02	5.588E-02	4.091E-02
2.729E-03	9.721E-02	5.612E-02	4.109E-02
2.754E-03	9.763E-02	5.636E-02	4.127E-02
2.780E-03	9.806E-02	5.660E-02	4.146E-02
2.805E-03	9.848E-02	5.684E-02	4.164E-02
2.831E-03	9.891E-02	5.708E-02	4.183E-02
2.858E-03	9.935E-02	5.733E-02	4.202E-02
2.884E-03	9.978E-02	5.757E-02	4.220E-02
2.911E-03	1.002E-01	5.782E-02	4.239E-02
2.938E-03	1.007E-01	5.807E-02	4.258E-02
2.965E-03	1.011E-01	5.832E-02	4.277E-02
2.992E-03	1.015E-01	5.857E-02	4.296E-02
3.020E-03	1.020E-01	5.882E-02	4.316E-02
3.048E-03	1.024E-01	5.907E-02	4.335E-02
3.076E-03	1.029E-01	5.932E-02	4.354E-02
3.105E-03	1.033E-01	5.958E-02	4.374E-02
3.133E-03	1.038E-01	5.983E-02	4.393E-02
3.162E-03	1.042E-01	6.009E-02	4.413E-02
3.192E-03	1.047E-01	6.035E-02	4.433E-02
3.221E-03	1.051E-01	6.060E-02	4.453E-02
3.251E-03	1.056E-01	6.086E-02	4.472E-02
3.281E-03	1.060E-01	6.112E-02	4.492E-02
3.311E-03	1.065E-01	6.139E-02	4.513E-02
3.342E-03	1.070E-01	6.165E-02	4.533E-02
3.373E-03	1.074E-01	6.191E-02	4.553E-02
3.404E-03	1.079E-01	6.218E-02	4.573E-02
3.436E-03	1.084E-01	6.244E-02	4.594E-02
3.467E-03	1.089E-01	6.271E-02	4.614E-02
3.499E-03	1.093E-01	6.298E-02	4.635E-02
3.532E-03	1.098E-01	6.325E-02	4.656E-02
3.565E-03	1.103E-01	6.352E-02	4.677E-02
3.597E-03	1.108E-01	6.379E-02	4.698E-02
3.631E-03	1.113E-01	6.406E-02	4.719E-02
3.664E-03	1.117E-01	6.434E-02	4.740E-02
3.698E-03	1.122E-01	6.461E-02	4.761E-02
3.733E-03	1.127E-01	6.489E-02	4.782E-02
3.767E-03	1.132E-01	6.517E-02	4.804E-02
3.802E-03	1.137E-01	6.545E-02	4.825E-02
3.837E-03	1.142E-01	6.573E-02	4.847E-02
3.873E-03	1.147E-01	6.601E-02	4.868E-02
3.908E-03	1.152E-01	6.629E-02	4.890E-02
3.945E-03	1.157E-01	6.657E-02	4.912E-02
3.981E-03	1.162E-01	6.686E-02	4.934E-02
4.018E-03	1.167E-01	6.714E-02	4.956E-02
4.055E-03	1.172E-01	6.743E-02	4.978E-02
4.093E-03	1.177E-01	6.772E-02	5.001E-02
4.130E-03	1.182E-01	6.801E-02	5.023E-02
4.169E-03	1.188E-01	6.830E-02	5.045E-02
4.207E-03	1.193E-01	6.859E-02	5.068E-02
4.246E-03	1.198E-01	6.888E-02	5.091E-02
4.285E-03	1.203E-01	6.918E-02	5.113E-02
4.325E-03	1.208E-01	6.947E-02	5.136E-02
4.365E-03	1.214E-01	6.977E-02	5.159E-02
4.406E-03	1.219E-01	7.007E-02	5.182E-02
4.446E-03	1.224E-01	7.037E-02	5.206E-02
4.487E-03	1.230E-01	7.067E-02	5.229E-02
4.529E-03	1.235E-01	7.097E-02	5.252E-02
4.571E-03	1.240E-01	7.127E-02	5.276E-02
4.613E-03	1.246E-01	7.158E-02	5.300E-02
4.656E-03	1.251E-01	7.188E-02	5.323E-02
4.699E-03	1.257E-01	7.219E-02	5.347E-02
4.742E-03	1.262E-01	7.250E-02	5.371E-02
4.786E-03	1.268E-01	7.281E-02	5.395E-02
4.831E-03	1.273E-01	7.312E-02	5.419E-02
4.875E-03	1.279E-01	7.343E-02	5.444E-02
4.920E-03	1.284E-01	7.374E-02	5.468E-02
4.966E-03	1.290E-01	7.406E-02	5.492E-02
5.012E-03	1.295E-01	7.437E-02	5.517E-02
5.058E-03	1.301E-01	7.469E-02	5.542E-02
5.105E-03	1.307E-01	7.501E-02	5.567E-02
5.152E-03	1.312E-01	7.533E-02	5.592E-02
5.200E-03	1.318E-01	7.565E-02	5.617E-02
5.248E-03	1.324E-01	7.597E-02	5.642E-02
5.297E-03	1.330E-01	7.630E-02	5.667E-02
5.346E-03	1.335E-01	7.662E-02	5.693E-02
5.395E-03	1.341E-01	7.695E-02	5.718E-02
5.445E-03	1.347E-01	7.728E-02	5.744E-02
5.495E-03	1.353E-01	7.761E-02	5.769E-02
5.546E-03	1.359E-01	7.794E-02	5.795E-02
5.598E-03	1.365E-01	7.827E-02	5.821E-02
5.649E-03	1.371E-01	7.860E-02	5.847E-02
5.702E-03	1.377E-01	7.894E-02	5.874E-02
5.754E-03	1.383E-01	7.928E-02	5.900E-02
5.808E-03	1.389E-01	7.961E-02	5.926E-02
5.861E-03	1.395E-01	7.995E-02	5.953E-02
5.916E-03	1.401E-01	8.029E-02	5.980E-02
5.970E-03	1.407E-01	8.063E-02	6.007E-02
6.026E-03	1.413E-01	8.098E-02	6.033E-02
6.081E-03	1.419E-01	8.132E-02	6.061E-02
6.138E-03	1.425E-01	8.167E-02	6.088E-02
6.194E-03	1.432E-01	8.202E-02	6.115E-02
6.252E-03	1.438E-01	8.237E-02	6.143E-02
6.310E-03	1.444E-01	8.272E-02	6.170E-02
6.368E-03	1.450E-01	8.307E-02	6.198E-02
6.427E-03	1.457E-01	8.342E-02	6.226E-02
6.486E-03	1.463E-01	8.378E-02	6.254E-02
6.546E-03	1.469E-01	8.413E-02	6.282E-02
6.607E-03	1.476E-01	8.449E-02	6.310E-02
6.668E-03	1.482E-01	8.485E-02	6.338E-02
6.730E-03	1.489E-01	8.521E-02	6.367E-02
6.792E-03	1.495E-01	8.557E-02	6.395E-02
6.855E-03	1.502E-01	8.594E-02	6.424E-02
6.918E-03	1.508E-01	8.630E-02	6.453E-02
6.982E-03	1.515E-01	8.667E-02	6.482E-02
7.047E-03	1.521E-01	8.704E-02	6.511E-02
7.112E-03	1.528E-01	8.741E-02	6.540E-02
7.178E-03	1.535E-01	8.778E-02	6.570E-02
7.244E-03	1.541E-01	8.815E-02	6.599E-02
7.311E-03	1.548E-01	8.853E-02	6.629E-02
7.379E-03	1.555E-01	8.890E-02	6.659E-02
7.447E-03	1.562E-01	8.928E-02	6.688E-02
7.516E-03	1.568E-01	8.966E-02	6.719E-02
7.586E-03	1.575E-01	9.004E-02	6.749E-02
7.656E-03	1.582E-01	9.042E-02	6.779E-02
7.727E-03	1.589E-01	9.081E-02	6.810E-02
7.798E-03	1.596E-01	9.119E-02	6.840E-02
7.870E-03	1.603E-01	9.158E-02	6.871E-02
7.943E-03	1.610E-01	9.197E-02	6.902E-02
8.017E-03	1.617E-01	9.236E-02	6.933E-02
8.091E-03	1.624E-01	9.275E-02	6.964E-02
8.166E-03	1.631E-01	9.314E-02	6.995E-02
8.241E-03	1.638E-01	9.354E-02	7.027E-02
8.318E-03	1.645E-01	9.394E-02	7.059E-02
8.395E-03	1.652E-01	9.433E-02	7.090E-02
8.472E-03	1.660E-01	9.473E-02	7.122E-02
8.551E-03	1.667E-01	9.514E-02	7.154E-02
8.630E-03	1.674E-01	9.554E-02	7.187E-02
8.710E-03	1.681E-01	9.594E-02	7.219E-02
8.790E-03	1.689E-01	9.635E-02	7.251E-02
8.872E-03	1.696E-01	9.676E-02	7.284E-02
8.954E-03	1.703E-01	9.717E-02	7.317E-02
9.036E-03	1.711E-01	9.758E-02	7.350E-02
9.120E-03	1.718E-01	9.799E-02	7.383E-02
9.204E-03	1.726E-01	9.841E-02	7.416E-02
9.290E-03	1.733E-01	9.882E-02	7.450E-02
9.376E-03	1.741E-01	9.924E-02	7.483E-02
9.462E-03	1.748E-01	9.966E-02	7.517E-02
9.550E-03	1.756E-01	1.001E-01	7.551E-02
9.638E-03	1.764E-01	1.005E-01	7.585E-02
9.727E-03	1.771E-01	1.009E-01	7.619E-02
9.817E-03	1.779E-01	1.014E-01	7.653E-02
9.908E-03	1.787E-01	1.018E-01	7.688E-02
1.000E-02	1.794E-01	1.022E-01	7.723E-02
1.198E-02	1.954E-01	1.110E-01	8.438E-02
1.397E-02	2.100E-01	1.191E-01	9.096E-02
1.595E-02	2.235E-01	1.264E-01	9.710E-02
1.794E-02	2.362E-01	1.333E-01	1.029E-01
1.992E-02	2.481E-01	1.397E-01	1.083E-01
2.190E-02	2.593E-01	1.458E-01	1.135E-01
2.389E-02	2.700E-01	1.515E-01	1.185E-01
2.587E-02	2.802E-01	1.569E-01	1.233E-01
2.786E-02	2.900E-01	1.621E-01	1.279E-01
2.984E-02	2.993E-01	1.670E-01	1.323E-01
3.182E-02	3.083E-01	1.717E-01	1.366E-01
3.381E-02	3.170E-01	1.762E-01	1.408E-01
3.579E-02	3.254E-01	1.805E-01	1.448E-01
3.778E-02	3.334E-01	1.847E-01	1.488E-01
3.976E-02	3.413E-01	1.887E-01	1.526E-01
4.174E-02	3.488E-01	1.925E-01	1.563E-01
4.373E-02	3.562E-01	1.962E-01	1.600E-01
4.571E-02	3.633E-01	1.998E-01	1.635E-01
4.770E-02	3.702E-01	2.032E-01	1.670E-01
4.968E-02	3.769E-01	2.066E-01	1.704E-01
5.166E-02	3.834E-01	2.098E-01	1.737E-01
5.365E-02	3.898E-01	2.128E-01	1.769E-01
5.563E-02	3.960E-01	2.158E-01	1.801E-01
5.762E-02	4.020E-01	2.187E-01	1.832E-01
5.960E-02	4.078E-01	2.215E-01	1.863E-01
6.158E-02	4.135E-01	2.242E-01	1.893E-01
6.357E-02	4.190E-01	2.268E-01	1.922E-01
6.555E-02	4.244E-01	2.293E-01	1.951E-01
6.754E-02	4.297E-01	2.317E-01	1.980E-01
6.952E-02	4.348E-01	2.341E-01	2.007E-01
7.150E-02	4.398E-01	2.363E-01	2.035E-01
7.349E-02	4.447E-01	2.385E-01	2.062E-01
7.547E-02	4.494E-01	2.406E-01	2.088E-01
7.745E-02	4.541E-01	2.427E-01	2.114E-01
7.944E-02	4.586E-01	2.446E-01	2.139E-01
8.142E-02	4.630E-01	2.465E-01	2.164E-01
8.341E-02	4.673E-01	2.484E-01	2.189E-01
8.539E-02	4.714E-01	2.501E-01	2.213E-01
8.737E-02	4.755E-01	2.518E-01	2.237E-01
8.936E-02	4.795E-01	2.534E-01	2.260E-01
9.134E-02	4.833E-01	2.550E-01	2.283E-01
9.333E-02	4.871E-01	2.565E-01	2.306E-01
9.531E-02	4.907E-01	2.579E-01	2.328E-01
9.729E-02	4.943E-01	2.593E-01	2.350E-01
9.928E-02	4.978E-01	2.606E-01	2.372E-01
1.013E-01	5.012E-01	2.619E-01	2.393E-01
1.032E-01	5.044E-01	2.631E-01	2.413E-01
1.052E-01	5.076E-01	2.643E-01	2.434E-01
1.072E-01	5.107E-01	2.654E-01	2.454E-01
1.092E-01	5.138E-01	2.664E-01	2.474E-01
1.112E-01	5.167E-01	2.674E-01	2.493E-01
1.132E-01	5.195E-01	2.683E-01	2.512E-01
1.152E-01	5.223E-01	2.692E-01	2.531E-01
1.171E-01	5.250E-01	2.701E-01	2.549E-01
1.191E-01	5.276E-01	2.709E-01	2.567E-01
1.211E-01	5.301E-01	2.716E-01	2.585E-01
1.231E-01	5.326E-01	2.723E-01	2.602E-01
1.251E-01	5.349E-01	2.730E-01	2.620E-01
1.271E-01	5.372E-01	2.736E-01	2.636E-01
1.290E-01	5.394E-01	2.741E-01	2.653E-01
1.310E-01	5.416E-01	2.747E-01	2.669E-01
1.330E-01	5.436E-01	2.751E-01	2.685E-01
1.350E-01	5.456E-01	2.756E-01	2.701E-01
1.370E-01	5.476E-01	2.760E-01	2.716E-01
1.390E-01	5.494E-01	2.763E-01	2.731E-01
1.409E-01	5.512E-01	2.766E-01	2.746E-01
1.429E-01	5.529E-01	2.769E-01	2.760E-01
1.449E-01	5.546E-01	2.771E-01	2.774E-01
1.469E-01	5.562E-01	2.773E-01	2.788E-01
1.489E-01	5.577E-01	2.775E-01	2.802E-01
1.509E-01	5.591E-01	2.776E-01	2.815E-01
1.528E-01	5.605E-01	2.777E-01	2.828E-01
1.548E-01	5.618E-01	2.777E-01	2.841E-01
1.568E-01	5.631E-01	2.777E-01	2.854E-01
1.588E-01	5.643E-01	2.777E-01	2.866E-01
1.608E-01	5.654E-01	2.776E-01	2.878E-01
1.628E-01	5.665E-01	2.775E-01	2.890E-01
1.647E-01	5.675E-01	2.774E-01	2.901E-01
1.667E-01	5.685E-01	2.773E-01	2.912E-01
1.687E-01	5.694E-01	2.771E-01	2.923E-01
1.707E-01	5.702E-01	2.768E-01	2.934E-01
1.727E-01	5.710E-01	2.766E-01	2.944E-01
1.747E-01	5.717E-01	2.763E-01	2.955E-01
1.767E-01	5.724E-01	2.760E-01	2.965E-01
1.786E-01	5.730E-01	2.756E-01	2.974E-01
1.806E-01	5.736E-01	2.752E-01	2.984E-01
1.826E-01	5.741E-01	2.748E-01	2.993E-01
1.846E-01	5.745E-01	2.744E-01	3.002E-01
1.866E-01	5.749E-01	2.739E-01	3.010E-01
1.886E-01	5.753E-01	2.734E-01	3.019E-01
1.905E-01	5.756E-01	2.729E-01	3.027E-01
1.925E-01	5.758E-01	2.723E-01	3.035E-01
1.945E-01	5.760E-01	2.718E-01	3.043E-01
1.965E-01	5.762E-01	2.712E-01	3.050E-01
1.985E-01	5.763E-01	2.705E-01	3.057E-01
2.005E-01	5.763E-01	2.699E-01	3.064E-01
2.024E-01	5.763E-01	2.692E-01	3.071E-01
2.044E-01	5.762E-01	2.685E-01	3.077E-01
2.064E-01	5.761E-01	2.678E-01	3.084E-01
2.084E-01	5.760E-01	2.670E-01	3.090E-01
2.104E-01	5.758E-01	2.663E-01	3.096E-01
2.124E-01	5.756E-01	2.655E-01	3.101E-01
2.143E-01	5.753E-01	2.646E-01	3.106E-01
2.163E-01	5.750E-01	2.638E-01	3.112E-01
2.183E-01	5.746E-01	2.630E-01	3.116E-01
2.203E-01	5.742E-01	2.621E-01	3.121E-01
2.223E-01	5.737E-01	2.612E-01	3.126E-01
2.243E-01	5.732E-01	2.603E-01	3.130E-01
2.263E-01	5.727E-01	2.593E-01	3.134E-01
2.282E-01	5.721E-01	2.584E-01	3.137E-01
2.302E-01	5.715E-01	2.574E-01	3.141E-01
2.322E-01	5.708E-01	2.564E-01	3.144E-01
2.342E-01	5.701E-01	2.554E-01	3.147E-01
2.362E-01	5.694E-01	2.543E-01	3.150E-01
2.382E-01	5.686E-01	2.533E-01	3.153E-01
2.401E-01	5.678E-01	2.522E-01	3.155E-01
2.421E-01	5.669E-01	2.511E-01	3.158E-01
2.441E-01	5.660E-01	2.500E-01	3.160E-01
2.461E-01	5.651E-01	2.489E-01	3.162E-01
2.481E-01	5.641E-01	2.478E-01	3.163E-01
2.501E-01	5.631E-01	2.466E-01	3.165E-01
2.520E-01	5.621E-01	2.455E-01	3.166E-01
2.540E-01	5.610E-01	2.443E-01	3.167E-01
2.560E-01	5.599E-01	2.431E-01	3.168E-01
2.580E-01	5.587E-01	2.419E-01	3.168E-01
2.600E-01	5.576E-01	2.407E-01	3.168E-01
2.620E-01	5.563E-01	2.395E-01	3.169E-01
2.639E-01	5.551E-01	2.382E-01	3.169E-01
2.659E-01	5.538E-01	2.370E-01	3.168E-01
2.679E-01	5.525E-01	2.357E-01	3.168E-01
2.699E-01	5.512E-01	2.344E-01	3.167E-01
2.719E-01	5.498E-01	2.331E-01	3.166E-01
2.739E-01	5.484E-01	2.318E-01	3.165E-01
2.759E-01	5.470E-01	2.305E-01	3.164E-01
2.778E-01	5.455E-01	2.292E-01	3.163E-01
2.798E-01	5.440E-01	2.279E-01	3.161E-01
2.818E-01	5.425E-01	2.265E-01	3.159E-01
2.838E-01	5.409E-01	2.252E-01	3.157E-01
2.858E-01	5.393E-01	2.238E-01	3.155E-01
2.878E-01	5.377E-01	2.225E-01	3.153E-01
2.897E-01	5.361E-01	2.211E-01	3.150E-01
2.917E-01	5.344E-01	2.197E-01	3.148E-01
2.937E-01	5.328E-01	2.183E-01	3.145E-01
2.957E-01	5.311E-01	2.169E-01	3.142E-01
2.977E-01	5.293E-01	2.155E-01	3.138E-01
2.997E-01	5.275E-01	2.141E-01	3.135E-01
3.016E-01	5.258E-01	2.126E-01	3.131E-01
3.036E-01	5.239E-01	2.112E-01	3.127E-01
3.056E-01	5.221E-01	2.098E-01	3.123E-01
3.076E-01	5.203E-01	2.083E-01	3.119E-01
3.096E-01	5.184E-01	2.069E-01	3.115E-01
3.116E-01	5.165E-01	2.054E-01	3.110E-01
3.135E-01	5.145E-01	2.040E-01	3.106E-01
3.155E-01	5.126E-01	2.025E-01	3.101E-01
3.175E-01	5.106E-01	2.010E-01	3.096E-01
3.195E-01	5.086E-01	1.996E-01	3.090E-01
3.215E-01	5.066E-01	1.981E-01	3.085E-01
3.235E-01	5.046E-01	1.966E-01	3.079E-01
3.255E-01	5.025E-01	1.951E-01	3.074E-01
3.274E-01	5.004E-01	1.937E-01	3.068E-01
3.294E-01	4.983E-01	1.922E-01	3.062E-01
3.314E-01	4.962E-01	1.907E-01	3.056E-01
3.334E-01	4.941E-01	1.892E-01	3.049E-01
3.354E-01	4.919E-01	1.877E-01	3.043E-01
3.374E-01	4.898E-01	1.862E-01	3.036E-01
3.393E-01	4.876E-01	1.847E-01	3.029E-01
3.413E-01	4.854E-01	1.832E-01	3.022E-01
3.433E-01	4.832E-01	1.817E-01	3.015E-01
3.453E-01	4.809E-01	1.802E-01	3.008E-01
3.473E-01	4.787E-01	1.787E-01	3.000E-01
3.493E-01	4.764E-01	1.771E-01	2.993E-01
3.512E-01	4.741E-01	1.756E-01	2.985E-01
3.532E-01	4.718E-01	1.741E-01	2.977E-01
3.552E-01	4.695E-01	1.726E-01	2.969E-01
3.572E-01	4.672E-01	1.711E-01	2.961E-01
3.592E-01	4.649E-01	1.696E-01	2.953E-01
3.612E-01	4.625E-01	1.681E-01	2.944E-01
3.631E-01	4.601E-01	1.666E-01	2.935E-01
3.651E-01	4.578E-01	1.651E-01	2.927E-01
3.671E-01	4.554E-01	1.636E-01	2.918E-01
3.691E-01	4.530E-01	1.621E-01	2.909E-01
3.711E-01	4.505E-01	1.606E-01	2.900E-01
3.731E-01	4.481E-01	1.591E-01	2.890E-01
3.751E-01	4.457E-01	1.576E-01	2.881E-01
3.770E-01	4.432E-01	1.561E-01	2.871E-01
3.790E-01	4.408E-01	1.546E-01	2.862E-01
3.810E-01	4.383E-01	1.531E-01	2.852E-01
3.830E-01	4.358E-01	1.516E-01	2.842E-01
3.850E-01	4.333E-01	1.501E-01	2.832E-01
3.870E-01	4.308E-01	1.486E-01	2.822E-01
3.889E-01	4.283E-01	1.472E-01	2.811E-01
3.909E-01	4.258E-01	1.457E-01	2.801E-01
3.929E-01	4.232E-01	1.442E-01	2.790E-01
3.949E-01	4.207E-01	1.427E-01	2.780E-01
3.969E-01	4.182E-01	1.413E-01	2.769E-01
3.989E-01	4.156E-01	1.398E-01	2.758E-01
4.008E-01	4.131E-01	1.384E-01	2.747E-01
4.028E-01	4.105E-01	1.369E-01	2.736E-01
4.048E-01	4.079E-01	1.355E-01	2.725E-01
4.068E-01	4.053E-01	1.340E-01	2.713E-01
4.088E-01	4.028E-01	1.326E-01	2.702E-01
4.108E-01	4.002E-01	1.312E-01	2.690E-01
4.127E-01	3.976E-01	1.297E-01	2.679E-01
4.147E-01	3.950E-01	1.283E-01	2.667E-01
4.167E-01	3.924E-01	1.269E-01	2.655E-01
4.187E-01	3.898E-01	1.255E-01	2.643E-01
4.207E-01	3.871E-01	1.241E-01	2.631E-01
4.227E-01	3.845E-01	1.227E-01	2.619E-01
4.246E-01	3.819E-01	1.213E-01	2.606E-01
4.266E-01	3.793E-01	1.199E-01	2.594E-01
4.286E-01	3.766E-01	1.185E-01	2.581E-01
4.306E-01	3.740E-01	1.171E-01	2.569E-01
4.326E-01	3.714E-01	1.158E-01	2.556E-01
4.346E-01	3.687E-01	1.144E-01	2.544E-01
4.366E-01	3.661E-01	1.130E-01	2.531E-01
4.385E-01	3.635E-01	1.117E-01	2.518E-01
4.405E-01	3.608E-01	1.103E-01	2.505E-01
4.425E-01	3.582E-01	1.090E-01	2.492E-01
4.445E-01	3.555E-01	1.077E-01	2.479E-01
4.465E-01	3.529E-01	1.064E-01	2.465E-01
4.485E-01	3.502E-01	1.050E-01	2.452E-01
4.504E-01	3.476E-01	1.037E-01	2.439E-01
4.524E-01	3.449E-01	1.024E-01	2.425E-01
4.544E-01	3.423E-01	1.011E-01	2.412E-01
4.564E-01	3.397E-01	9.985E-02	2.398E-01
4.584E-01	3.370E-01	9.857E-02	2.384E-01
4.604E-01	3.344E-01	9.730E-02	2.371E-01
4.623E-01	3.317E-01	9.604E-02	2.357E-01
4.643E-01	3.291E-01	9.479E-02	2.343E-01
4.663E-01	3.264E-01	9.354E-02	2.329E-01
4.683E-01	3.238E-01	9.231E-02	2.315E-01
4.703E-01	3.212E-01	9.108E-02	2.301E-01
4.723E-01	3.185E-01	8.986E-02	2.287E-01
4.742E-01	3.159E-01	8.864E-02	2.272E-01
4.762E-01	3.133E-01	8.744E-02	2.258E-01
4.782E-01	3.106E-01	8.624E-02	2.244E-01
4.802E-01	3.080E-01	8.505E-02	2.230E-01
4.822E-01	3.054E-01	8.388E-02	2.215E-01
4.842E-01	3.028E-01	8.270E-02	2.201E-01
4.862E-01	3.002E-01	8.154E-02	2.186E-01
4.881E-01	2.976E-01	8.039E-02	2.172E-01
4.901E-01	2.949E-01	7.925E-02	2.157E-01
4.921E-01	2.923E-01	7.811E-02	2.142E-01
4.941E-01	2.898E-01	7.698E-02	2.128E-01
4.961E-01	2.872E-01	7.587E-02	2.113E-01
4.981E-01	2.846E-01	7.476E-02	2.098E-01
5.000E-01	2.820E-01	7.366E-02	2.083E-01
5.020E-01	2.794E-01	7.257E-02	2.069E-01
5.040E-01	2.769E-01	7.149E-02	2.054E-01
5.060E-01	2.743E-01	7.041E-02	2.039E-01
5.080E-01	2.717E-01	6.935E-02	2.024E-01
5.100E-01	2.692E-01	6.830E-02	2.009E-01
5.119E-01	2.666E-01	6.725E-02	1.994E-01
5.139E-01	2.641E-01	6.621E-02	1.979E-01
5.159E-01	2.616E-01	6.519E-02	1.964E-01
5.179E-01	2.590E-01	6.417E-02	1.949E-01
5.199E-01	2.565E-01	6.316E-02	1.934E-01
5.219E-01	2.540E-01	6.217E-02	1.918E-01
5.238E-01	2.515E-01	6.118E-02	1.903E-01
5.258E-01	2.490E-01	6.020E-02	1.888E-01
5.278E-01	2.465E-01	5.923E-02	1.873E-01
5.298E-01	2.440E-01	5.826E-02	1.858E-01
5.318E-01	2.416E-01	5.731E-02	1.843E-01
5.338E-01	2.391E-01	5.637E-02	1.827E-01
5.358E-01	2.367E-01	5.544E-02	1.812E-01
5.377E-01	2.342E-01	5.452E-02	1.797E-01
5.397E-01	2.318E-01	5.360E-02	1.782E-01
5.417E-01	2.293E-01	5.270E-02	1.766E-01
5.437E-01	2.269E-01	5.180E-02	1.751E-01
5.457E-01	2.245E-01	5.092E-02	1.736E-01
5.477E-01	2.221E-01	5.004E-02	1.721E-01
5.496E-01	2.197E-01	4.917E-02	1.705E-01
5.516E-01	2.173E-01	4.832E-02	1.690E-01
5.536E-01	2.150E-01	4.747E-02	1.675E-01
5.556E-01	2.126E-01	4.663E-02	1.660E-01
5.576E-01	2.102E-01	4.580E-02	1.644E-01
5.596E-01	2.079E-01	4.498E-02	1.629E-01
5.615E-01	2.056E-01	4.417E-02	1.614E-01
5.635E-01	2.033E-01	4.337E-02	1.599E-01
5.655E-01	2.009E-01	4.258E-02	1.584E-01
5.675E-01	1.986E-01	4.180E-02	1.568E-01
5.695E-01	1.963E-01	4.102E-02	1.553E-01
5.715E-01	1.941E-01	4.026E-02	1.538E-01
5.734E-01	1.918E-01	3.950E-02	1.523E-01
5.754E-01	1.895E-01	3.876E-02	1.508E-01
5.774E-01	1.873E-01	3.802E-02	1.493E-01
5.794E-01	1.851E-01	3.730E-02	1.478E-01
5.814E-01	1.828E-01	3.658E-02	1.463E-01
5.834E-01	1.806E-01	3.587E-02	1.448E-01
5.854E-01	1.784E-01	3.517E-02	1.433E-01
5.873E-01	1.763E-01	3.448E-02	1.418E-01
5.893E-01	1.741E-01	3.380E-02	1.403E-01
5.913E-01	1.719E-01	3.312E-02	1.388E-01
5.933E-01	1.698E-01	3.246E-02	1.373E-01
5.953E-01	1.676E-01	3.181E-02	1.358E-01
5.973E-01	1.655E-01	3.116E-02	1.343E-01
5.992E-01	1.634E-01	3.052E-02	1.329E-01
6.012E-01	1.613E-01	2.989E-02	1.314E-01
6.032E-01	1.592E-01	2.928E-02	1.299E-01
6.052E-01	1.571E-01	2.866E-02	1.285E-01
6.072E-01	1.551E-01	2.806E-02	1.270E-01
6.092E-01	1.530E-01	2.747E-02	1.255E-01
6.111E-01	1.510E-01	2.688E-02	1.241E-01
6.131E-01	1.490E-01	2.631E-02	1.226E-01
6.151E-01	1.469E-01	2.574E-02	1.212E-01
6.171E-01	1.449E-01	2.518E-02	1.198E-01
6.191E-01	1.430E-01	2.463E-02	1.183E-01
6.211E-01	1.410E-01	2.409E-02	1.169E-01
6.230E-01	1.390E-01	2.355E-02	1.155E-01
6.250E-01	1.371E-01	2.303E-02	1.141E-01
6.270E-01	1.352E-01	2.251E-02	1.127E-01
6.290E-01	1.332E-01	2.200E-02	1.113E-01
6.310E-01	1.313E-01	2.150E-02	1.099E-01
6.330E-01	1.295E-01	2.100E-02	1.085E-01
6.349E-01	1.276E-01	2.052E-02	1.071E-01
6.369E-01	1.257E-01	2.004E-02	1.057E-01
6.389E-01	1.239E-01	1.957E-02	1.043E-01
6.409E-01	1.220E-01	1.911E-02	1.029E-01
6.429E-01	1.202E-01	1.865E-02	1.016E-01
6.449E-01	1.184E-01	1.820E-02	1.002E-01
6.469E-01	1.166E-01	1.776E-02	9.887E-02
6.488E-01	1.149E-01	1.733E-02	9.753E-02
6.508E-01	1.131E-01	1.691E-02	9.619E-02
6.528E-01	1.114E-01	1.649E-02	9.486E-02
6.548E-01	1.096E-01	1.608E-02	9.354E-02
6.568E-01	1.079E-01	1.568E-02	9.222E-02
6.588E-01	1.062E-01	1.528E-02	9.091E-02
6.607E-01	1.045E-01	1.489E-02	8.961E-02
6.627E-01	1.028E-01	1.451E-02	8.832E-02
6.647E-01	1.012E-01	1.414E-02	8.703E-02
6.667E-01	9.953E-02	1.377E-02	8.576E-02
6.687E-01	9.790E-02	1.341E-02	8.449E-02
6.707E-01	9.628E-02	1.306E-02	8.322E-02
6.726E-01	9.468E-02	1.271E-02	8.197E-02
6.746E-01	9.309E-02	1.237E-02	8.072E-02
6.766E-01	9.152E-02	1.204E-02	7.948E-02
6.786E-01	8.997E-02	1.171E-02	7.825E-02
6.806E-01	8.842E-02	1.139E-02	7.703E-02
6.826E-01	8.690E-02	1.108E-02	7.582E-02
6.845E-01	8.538E-02	1.077E-02	7.462E-02
6.865E-01	8.389E-02	1.047E-02	7.342E-02
6.885E-01	8.240E-02	1.017E-02	7.223E-02
6.905E-01	8.094E-02	9.882E-03	7.105E-02
6.925E-01	7.948E-02	9.599E-03	6.988E-02
6.945E-01	7.804E-02	9.322E-03	6.872E-02
6.965E-01	7.662E-02	9.051E-03	6.757E-02
6.984E-01	7.521E-02	8.785E-03	6.643E-02
7.004E-01	7.382E-02	8.525E-03	6.529E-02
7.024E-01	7.244E-02	8.271E-03	6.417E-02
7.044E-01	7.108E-02	8.023E-03	6.305E-02
7.064E-01	6.973E-02	7.780E-03	6.195E-02
7.084E-01	6.839E-02	7.542E-03	6.085E-02
7.103E-01	6.707E-02	7.310E-03	5.976E-02
7.123E-01	6.577E-02	7.083E-03	5.869E-02
7.143E-01	6.448E-02	6.861E-03	5.762E-02
7.163E-01	6.320E-02	6.645E-03	5.656E-02
7.183E-01	6.194E-02	6.434E-03	5.551E-02
7.203E-01	6.070E-02	6.227E-03	5.447E-02
7.222E-01	5.947E-02	6.026E-03	5.344E-02
7.242E-01	5.825E-02	5.829E-03	5.242E-02
7.262E-01	5.705E-02	5.638E-03	5.141E-02
7.282E-01	5.587E-02	5.451E-03	5.042E-02
7.302E-01	5.469E-02	5.268E-03	4.943E-02
7.322E-01	5.354E-02	5.091E-03	4.845E-02
7.341E-01	5.240E-02	4.917E-03	4.748E-02
7.361E-01	5.127E-02	4.749E-03	4.652E-02
7.381E-01	5.016E-02	4.584E-03	4.557E-02
7.401E-01	4.906E-02	4.424E-03	4.463E-02
7.421E-01	4.797E-02	4.268E-03	4.370E-02
7.441E-01	4.690E-02	4.117E-03	4.279E-02
7.461E-01	4.585E-02	3.969E-03	4.188E-02
7.480E-01	4.481E-02	3.825E-03	4.098E-02
7.500E-01	4.378E-02	3.686E-03	4.010E-02
7.520E-01	4.277E-02	3.550E-03	3.922E-02
7.540E-01	4.177E-02	3.418E-03	3.836E-02
7.560E-01	4.079E-02	3.290E-03	3.750E-02
7.580E-01	3.982E-02	3.165E-03	3.666E-02
7.599E-01	3.887E-02	3.044E-03	3.582E-02
7.619E-01	3.793E-02	2.927E-03	3.500E-02
7.639E-01	3.700E-02	2.813E-03	3.419E-02
7.659E-01	3.609E-02	2.702E-03	3.338E-02
7.679E-01	3.519E-02	2.595E-03	3.259E-02
7.699E-01	3.430E-02	2.491E-03	3.181E-02
7.718E-01	3.343E-02	2.390E-03	3.104E-02
7.738E-01	3.257E-02	2.292E-03	3.028E-02
7.758E-01	3.173E-02	2.198E-03	2.953E-02
7.778E-01	3.090E-02	2.106E-03	2.879E-02
7.798E-01	3.008E-02	2.017E-03	2.807E-02
7.818E-01	2.928E-02	1.932E-03	2.735E-02
7.837E-01	2.849E-02	1.849E-03	2.664E-02
7.857E-01	2.772E-02	1.768E-03	2.595E-02
7.877E-01	2.695E-02	1.691E-03	2.526E-02
7.897E-01	2.620E-02	1.616E-03	2.459E-02
7.917E-01	2.547E-02	1.544E-03	2.392E-02
7.937E-01	2.474E-02	1.474E-03	2.327E-02
7.957E-01	2.403E-02	1.407E-03	2.263E-02
7.976E-01	2.334E-02	1.342E-03	2.200E-02
7.996E-01	2.265E-02	1.279E-03	2.137E-02
8.016E-01	2.198E-02	1.219E-03	2.076E-02
8.036E-01	2.132E-02	1.160E-03	2.016E-02
8.056E-01	2.068E-02	1.104E-03	1.957E-02
8.076E-01	2.004E-02	1.051E-03	1.899E-02
8.095E-01	1.942E-02	9.987E-04	1.842E-02
8.115E-01	1.881E-02	9.489E-04	1.786E-02
8.135E-01	1.821E-02	9.010E-04	1.731E-02
8.155E-01	1.763E-02	8.550E-04	1.678E-02
8.175E-01	1.706E-02	8.109E-04	1.625E-02
8.195E-01	1.650E-02	7.685E-04	1.573E-02
8.214E-01	1.595E-02	7.279E-04	1.522E-02
8.234E-01	1.541E-02	6.889E-04	1.472E-02
8.254E-01	1.489E-02	6.516E-04	1.424E-02
8.274E-01	1.437E-02	6.159E-04	1.376E-02
8.294E-01	1.387E-02	5.817E-04	1.329E-02
8.314E-01	1.338E-02	5.491E-04	1.283E-02
8.333E-01	1.290E-02	5.178E-04	1.238E-02
8.353E-01	1.243E-02	4.880E-04	1.195E-02
8.373E-01	1.198E-02	4.595E-04	1.152E-02
8.393E-01	1.153E-02	4.324E-04	1.110E-02
8.413E-01	1.110E-02	4.065E-04	1.069E-02
8.433E-01	1.067E-02	3.818E-04	1.029E-02
8.453E-01	1.026E-02	3.583E-04	9.901E-03
8.472E-01	9.856E-03	3.360E-04	9.520E-03
8.492E-01	9.464E-03	3.148E-04	9.149E-03
8.512E-01	9.081E-03	2.946E-04	8.787E-03
8.532E-01	8.709E-03	2.755E-04	8.434E-03
8.552E-01	8.348E-03	2.573E-04	8.090E-03
8.572E-01	7.996E-03	2.401E-04	7.755E-03
8.591E-01	7.653E-03	2.238E-04	7.430E-03
8.611E-01	7.321E-03	2.084E-04	7.113E-03
8.631E-01	6.998E-03	1.939E-04	6.804E-03
8.651E-01	6.685E-03	1.801E-04	6.505E-03
8.671E-01	6.381E-03	1.672E-04	6.214E-03
8.691E-01	6.086E-03	1.550E-04	5.932E-03
8.710E-01	5.801E-03	1.435E-04	5.657E-03
8.730E-01	5.524E-03	1.326E-04	5.392E-03
8.750E-01	5.257E-03	1.225E-04	5.134E-03
8.770E-01	4.998E-03	1.129E-04	4.885E-03
8.790E-01	4.747E-03	1.040E-04	4.643E-03
8.810E-01	4.505E-03	9.561E-05	4.410E-03
8.829E-01	4.271E-03	8.778E-05	4.184E-03
8.849E-01	4.046E-03	8.047E-05	3.966E-03
8.869E-01	3.829E-03	7.364E-05	3.755E-03
8.889E-01	3.619E-03	6.729E-05	3.552E-03
8.909E-01	3.417E-03	6.137E-05	3.356E-03
8.929E-01	3.223E-03	5.588E-05	3.167E-03
8.948E-01	3.037E-03	5.078E-05	2.986E-03
8.968E-01	2.857E-03	4.606E-05	2.811E-03
8.988E-01	2.685E-03	4.170E-05	2.644E-03
9.008E-01	2.521E-03	3.767E-05	2.483E-03
9.028E-01	2.363E-03	3.395E-05	2.329E-03
9.048E-01	2.211E-03	3.054E-05	2.181E-03
9.068E-01	2.067E-03	2.740E-05	2.039E-03
9.087E-01	1.929E-03	2.453E-05	1.904E-03
9.107E-01	1.797E-03	2.190E-05	1.775E-03
9.127E-01	1.671E-03	1.950E-05	1.652E-03
9.147E-01	1.552E-03	1.731E-05	1.535E-03
9.167E-01	1.438E-03	1.533E-05	1.423E-03
9.187E-01	1.331E-03	1.353E-05	1.317E-03
9.206E-01	1.228E-03	1.191E-05	1.216E-03
9.226E-01	1.132E-03	1.044E-05	1.121E-03
9.246E-01	1.040E-03	9.122E-06	1.031E-03
9.266E-01	9.539E-04	7.941E-06	9.459E-04
9.286E-01	8.726E-04	6.885E-06	8.657E-04
9.306E-01	7.961E-04	5.945E-06	7.902E-04
9.325E-01	7.244E-04	5.111E-06	7.192E-04
9.345E-01	6.571E-04	4.374E-06	6.528E-04
9.365E-01	5.943E-04	3.724E-06	5.906E-04
9.385E-01	5.357E-04	3.154E-06	5.325E-04
9.405E-01	4.812E-04	2.657E-06	4.785E-04
9.425E-01	4.306E-04	2.224E-06	4.283E-04
9.444E-01	3.837E-04	1.850E-06	3.819E-04
9.464E-01	3.405E-04	1.528E-06	3.390E-04
9.484E-01	3.008E-04	1.253E-06	2.995E-04
9.504E-01	2.643E-04	1.020E-06	2.633E-04
9.524E-01	2.311E-04	8.224E-07	2.302E-04
9.544E-01	2.008E-04	6.571E-07	2.001E-04
9.564E-01	1.734E-04	5.197E-07	1.728E-04
9.583E-01	1.486E-04	4.065E-07	1.482E-04
9.603E-01	1.265E-04	3.141E-07	1.262E-04
9.623E-01	1.067E-04	2.394E-07	1.065E-04
9.643E-01	8.917E-05	1.798E-07	8.899E-05
9.663E-01	7.374E-05	1.328E-07	7.361E-05
9.683E-01	6.027E-05	9.623E-08	6.018E-05
9.702E-01	4.861E-05	6.829E-08	4.855E-05
9.722E-01	3.862E-05	4.732E-08	3.858E-05
9.742E-01	3.016E-05	3.189E-08	3.013E-05
9.762E-01	2.308E-05	2.082E-08	2.306E-05
9.782E-01	1.725E-05	1.309E-08	1.724E-05
9.802E-01	1.253E-05	7.869E-09	1.253E-05
9.821E-01	8.802E-06	4.481E-09	8.798E-06
9.841E-01	5.927E-06	2.386E-09	5.924E-06
9.861E-01	3.783E-06	1.167E-09	3.782E-06
9.881E-01	2.251E-06	5.110E-10	2.251E-06
9.901E-01	1.218E-06	1.922E-10	1.217E-06
9.921E-01	5.741E-07	5.795E-11	5.740E-07
9.940E-01	2.171E-07	1.236E-11	2.171E-07
9.960E-01	5.436E-08	1.440E-12	5.436E-08
9.980E-01	5.629E-09	4.237E-14	5.629E-09
1.000E+00	0.000E+00	0.000E+00	0.000E+00
