Q0 = 1.057 GeV	 Q = 3.162 GeV
x	 x*uv	 x*dv	 x*(uv-dv)
1.000E-04	1.861E-02	1.101E-02	7.602E-03
1.009E-04	1.870E-02	1.106E-02	7.636E-03
1.019E-04	1.878E-02	1.111E-02	7.671E-03
1.028E-04	1.886E-02	1.116E-02	7.706E-03
1.038E-04	1.895E-02	1.121E-02	7.741E-03
1.047E-04	1.903E-02	1.125E-02	7.776E-03
1.057E-04	1.912E-02	1.130E-02	7.812E-03
1.067E-04	1.920E-02	1.135E-02	7.847E-03
1.076E-04	1.929E-02	1.140E-02	7.883E-03
1.086E-04	1.937E-02	1.145E-02	7.919E-03
1.096E-04	1.946E-02	1.150E-02	7.955E-03
1.107E-04	1.955E-02	1.156E-02	7.991E-03
1.117E-04	1.963E-02	1.161E-02	8.028E-03
1.127E-04	1.972E-02	1.166E-02	8.064E-03
1.138E-04	1.981E-02	1.171E-02	8.101E-03
1.148E-04	1.990E-02	1.176E-02	8.138E-03
1.159E-04	1.999E-02	1.181E-02	8.175E-03
1.169E-04	2.008E-02	1.186E-02	8.212E-03
1.180E-04	2.017E-02	1.192E-02	8.250E-03
1.191E-04	2.026E-02	1.197E-02	8.287E-03
1.202E-04	2.035E-02	1.202E-02	8.325E-03
1.213E-04	2.044E-02	1.207E-02	8.363E-03
1.225E-04	2.053E-02	1.213E-02	8.401E-03
1.236E-04	2.062E-02	1.218E-02	8.439E-03
1.247E-04	2.071E-02	1.223E-02	8.478E-03
1.259E-04	2.080E-02	1.229E-02	8.516E-03
1.271E-04	2.090E-02	1.234E-02	8.555E-03
1.282E-04	2.099E-02	1.240E-02	8.594E-03
1.294E-04	2.108E-02	1.245E-02	8.633E-03
1.306E-04	2.118E-02	1.251E-02	8.673E-03
1.318E-04	2.127E-02	1.256E-02	8.712E-03
1.330E-04	2.137E-02	1.262E-02	8.752E-03
1.343E-04	2.146E-02	1.267E-02	8.792E-03
1.355E-04	2.156E-02	1.273E-02	8.832E-03
1.368E-04	2.165E-02	1.278E-02	8.872E-03
1.380E-04	2.175E-02	1.284E-02	8.912E-03
1.393E-04	2.185E-02	1.290E-02	8.953E-03
1.406E-04	2.195E-02	1.295E-02	8.994E-03
1.419E-04	2.204E-02	1.301E-02	9.035E-03
1.432E-04	2.214E-02	1.307E-02	9.076E-03
1.445E-04	2.224E-02	1.312E-02	9.117E-03
1.459E-04	2.234E-02	1.318E-02	9.159E-03
1.472E-04	2.244E-02	1.324E-02	9.201E-03
1.486E-04	2.254E-02	1.330E-02	9.242E-03
1.500E-04	2.264E-02	1.336E-02	9.285E-03
1.514E-04	2.274E-02	1.341E-02	9.327E-03
1.528E-04	2.284E-02	1.347E-02	9.369E-03
1.542E-04	2.294E-02	1.353E-02	9.412E-03
1.556E-04	2.305E-02	1.359E-02	9.455E-03
1.570E-04	2.315E-02	1.365E-02	9.498E-03
1.585E-04	2.325E-02	1.371E-02	9.541E-03
1.600E-04	2.336E-02	1.377E-02	9.585E-03
1.614E-04	2.346E-02	1.383E-02	9.628E-03
1.629E-04	2.357E-02	1.389E-02	9.672E-03
1.644E-04	2.367E-02	1.395E-02	9.716E-03
1.660E-04	2.378E-02	1.402E-02	9.760E-03
1.675E-04	2.388E-02	1.408E-02	9.805E-03
1.690E-04	2.399E-02	1.414E-02	9.850E-03
1.706E-04	2.410E-02	1.420E-02	9.894E-03
1.722E-04	2.420E-02	1.426E-02	9.939E-03
1.738E-04	2.431E-02	1.433E-02	9.985E-03
1.754E-04	2.442E-02	1.439E-02	1.003E-02
1.770E-04	2.453E-02	1.445E-02	1.008E-02
1.786E-04	2.464E-02	1.452E-02	1.012E-02
1.803E-04	2.475E-02	1.458E-02	1.017E-02
1.820E-04	2.486E-02	1.464E-02	1.021E-02
1.837E-04	2.497E-02	1.471E-02	1.026E-02
1.854E-04	2.508E-02	1.477E-02	1.031E-02
1.871E-04	2.519E-02	1.484E-02	1.035E-02
1.888E-04	2.530E-02	1.490E-02	1.040E-02
1.905E-04	2.542E-02	1.497E-02	1.045E-02
1.923E-04	2.553E-02	1.503E-02	1.050E-02
1.941E-04	2.564E-02	1.510E-02	1.054E-02
1.959E-04	2.576E-02	1.517E-02	1.059E-02
1.977E-04	2.587E-02	1.523E-02	1.064E-02
1.995E-04	2.599E-02	1.530E-02	1.069E-02
2.014E-04	2.610E-02	1.537E-02	1.074E-02
2.032E-04	2.622E-02	1.543E-02	1.079E-02
2.051E-04	2.634E-02	1.550E-02	1.084E-02
2.070E-04	2.645E-02	1.557E-02	1.088E-02
2.089E-04	2.657E-02	1.564E-02	1.093E-02
2.109E-04	2.669E-02	1.571E-02	1.098E-02
2.128E-04	2.681E-02	1.578E-02	1.103E-02
2.148E-04	2.693E-02	1.585E-02	1.108E-02
2.168E-04	2.705E-02	1.591E-02	1.114E-02
2.188E-04	2.717E-02	1.598E-02	1.119E-02
2.208E-04	2.729E-02	1.605E-02	1.124E-02
2.228E-04	2.741E-02	1.613E-02	1.129E-02
2.249E-04	2.754E-02	1.620E-02	1.134E-02
2.270E-04	2.766E-02	1.627E-02	1.139E-02
2.291E-04	2.778E-02	1.634E-02	1.144E-02
2.312E-04	2.791E-02	1.641E-02	1.149E-02
2.333E-04	2.803E-02	1.648E-02	1.155E-02
2.355E-04	2.815E-02	1.655E-02	1.160E-02
2.377E-04	2.828E-02	1.663E-02	1.165E-02
2.399E-04	2.841E-02	1.670E-02	1.171E-02
2.421E-04	2.853E-02	1.677E-02	1.176E-02
2.443E-04	2.866E-02	1.685E-02	1.181E-02
2.466E-04	2.879E-02	1.692E-02	1.187E-02
2.489E-04	2.892E-02	1.700E-02	1.192E-02
2.512E-04	2.904E-02	1.707E-02	1.197E-02
2.535E-04	2.917E-02	1.714E-02	1.203E-02
2.559E-04	2.930E-02	1.722E-02	1.208E-02
2.582E-04	2.943E-02	1.730E-02	1.214E-02
2.606E-04	2.957E-02	1.737E-02	1.219E-02
2.630E-04	2.970E-02	1.745E-02	1.225E-02
2.655E-04	2.983E-02	1.752E-02	1.231E-02
2.679E-04	2.996E-02	1.760E-02	1.236E-02
2.704E-04	3.010E-02	1.768E-02	1.242E-02
2.729E-04	3.023E-02	1.776E-02	1.247E-02
2.754E-04	3.037E-02	1.783E-02	1.253E-02
2.780E-04	3.050E-02	1.791E-02	1.259E-02
2.805E-04	3.064E-02	1.799E-02	1.265E-02
2.831E-04	3.077E-02	1.807E-02	1.270E-02
2.858E-04	3.091E-02	1.815E-02	1.276E-02
2.884E-04	3.105E-02	1.823E-02	1.282E-02
2.911E-04	3.119E-02	1.831E-02	1.288E-02
2.938E-04	3.133E-02	1.839E-02	1.294E-02
2.965E-04	3.146E-02	1.847E-02	1.299E-02
2.992E-04	3.161E-02	1.855E-02	1.305E-02
3.020E-04	3.175E-02	1.863E-02	1.311E-02
3.048E-04	3.189E-02	1.871E-02	1.317E-02
3.076E-04	3.203E-02	1.880E-02	1.323E-02
3.105E-04	3.217E-02	1.888E-02	1.329E-02
3.133E-04	3.232E-02	1.896E-02	1.335E-02
3.162E-04	3.246E-02	1.904E-02	1.341E-02
3.192E-04	3.260E-02	1.913E-02	1.348E-02
3.221E-04	3.275E-02	1.921E-02	1.354E-02
3.251E-04	3.290E-02	1.930E-02	1.360E-02
3.281E-04	3.304E-02	1.938E-02	1.366E-02
3.311E-04	3.319E-02	1.947E-02	1.372E-02
3.342E-04	3.334E-02	1.955E-02	1.379E-02
3.373E-04	3.349E-02	1.964E-02	1.385E-02
3.404E-04	3.363E-02	1.972E-02	1.391E-02
3.436E-04	3.378E-02	1.981E-02	1.397E-02
3.467E-04	3.394E-02	1.990E-02	1.404E-02
3.499E-04	3.409E-02	1.998E-02	1.410E-02
3.532E-04	3.424E-02	2.007E-02	1.417E-02
3.565E-04	3.439E-02	2.016E-02	1.423E-02
3.597E-04	3.454E-02	2.025E-02	1.430E-02
3.631E-04	3.470E-02	2.034E-02	1.436E-02
3.664E-04	3.485E-02	2.043E-02	1.443E-02
3.698E-04	3.501E-02	2.052E-02	1.449E-02
3.733E-04	3.516E-02	2.061E-02	1.456E-02
3.767E-04	3.532E-02	2.070E-02	1.462E-02
3.802E-04	3.548E-02	2.079E-02	1.469E-02
3.837E-04	3.564E-02	2.088E-02	1.476E-02
3.873E-04	3.580E-02	2.097E-02	1.483E-02
3.908E-04	3.595E-02	2.106E-02	1.489E-02
3.945E-04	3.611E-02	2.115E-02	1.496E-02
3.981E-04	3.628E-02	2.125E-02	1.503E-02
4.018E-04	3.644E-02	2.134E-02	1.510E-02
4.055E-04	3.660E-02	2.143E-02	1.517E-02
4.093E-04	3.676E-02	2.153E-02	1.523E-02
4.130E-04	3.693E-02	2.162E-02	1.530E-02
4.169E-04	3.709E-02	2.172E-02	1.537E-02
4.207E-04	3.726E-02	2.181E-02	1.544E-02
4.246E-04	3.742E-02	2.191E-02	1.551E-02
4.285E-04	3.759E-02	2.200E-02	1.558E-02
4.325E-04	3.776E-02	2.210E-02	1.566E-02
4.365E-04	3.793E-02	2.220E-02	1.573E-02
4.406E-04	3.809E-02	2.230E-02	1.580E-02
4.446E-04	3.826E-02	2.239E-02	1.587E-02
4.487E-04	3.843E-02	2.249E-02	1.594E-02
4.529E-04	3.861E-02	2.259E-02	1.602E-02
4.571E-04	3.878E-02	2.269E-02	1.609E-02
4.613E-04	3.895E-02	2.279E-02	1.616E-02
4.656E-04	3.912E-02	2.289E-02	1.624E-02
4.699E-04	3.930E-02	2.299E-02	1.631E-02
4.742E-04	3.947E-02	2.309E-02	1.638E-02
4.786E-04	3.965E-02	2.319E-02	1.646E-02
4.831E-04	3.983E-02	2.329E-02	1.653E-02
4.875E-04	4.000E-02	2.340E-02	1.661E-02
4.920E-04	4.018E-02	2.350E-02	1.668E-02
4.966E-04	4.036E-02	2.360E-02	1.676E-02
5.012E-04	4.054E-02	2.370E-02	1.684E-02
5.058E-04	4.072E-02	2.381E-02	1.691E-02
5.105E-04	4.090E-02	2.391E-02	1.699E-02
5.152E-04	4.109E-02	2.402E-02	1.707E-02
5.200E-04	4.127E-02	2.412E-02	1.715E-02
5.248E-04	4.145E-02	2.423E-02	1.722E-02
5.297E-04	4.164E-02	2.434E-02	1.730E-02
5.346E-04	4.182E-02	2.444E-02	1.738E-02
5.395E-04	4.201E-02	2.455E-02	1.746E-02
5.445E-04	4.220E-02	2.466E-02	1.754E-02
5.495E-04	4.239E-02	2.477E-02	1.762E-02
5.546E-04	4.257E-02	2.487E-02	1.770E-02
5.598E-04	4.276E-02	2.498E-02	1.778E-02
5.649E-04	4.296E-02	2.509E-02	1.786E-02
5.702E-04	4.315E-02	2.520E-02	1.794E-02
5.754E-04	4.334E-02	2.531E-02	1.803E-02
5.808E-04	4.353E-02	2.542E-02	1.811E-02
5.861E-04	4.373E-02	2.554E-02	1.819E-02
5.916E-04	4.392E-02	2.565E-02	1.827E-02
5.970E-04	4.412E-02	2.576E-02	1.836E-02
6.026E-04	4.431E-02	2.587E-02	1.844E-02
6.081E-04	4.451E-02	2.599E-02	1.852E-02
6.138E-04	4.471E-02	2.610E-02	1.861E-02
6.194E-04	4.491E-02	2.622E-02	1.869E-02
6.252E-04	4.511E-02	2.633E-02	1.878E-02
6.310E-04	4.531E-02	2.645E-02	1.886E-02
6.368E-04	4.551E-02	2.656E-02	1.895E-02
6.427E-04	4.572E-02	2.668E-02	1.904E-02
6.486E-04	4.592E-02	2.680E-02	1.912E-02
6.546E-04	4.612E-02	2.691E-02	1.921E-02
6.607E-04	4.633E-02	2.703E-02	1.930E-02
6.668E-04	4.654E-02	2.715E-02	1.939E-02
6.730E-04	4.674E-02	2.727E-02	1.947E-02
6.792E-04	4.695E-02	2.739E-02	1.956E-02
6.855E-04	4.716E-02	2.751E-02	1.965E-02
6.918E-04	4.737E-02	2.763E-02	1.974E-02
6.982E-04	4.758E-02	2.775E-02	1.983E-02
7.047E-04	4.780E-02	2.787E-02	1.992E-02
7.112E-04	4.801E-02	2.800E-02	2.001E-02
7.178E-04	4.822E-02	2.812E-02	2.010E-02
7.244E-04	4.844E-02	2.824E-02	2.020E-02
7.311E-04	4.866E-02	2.837E-02	2.029E-02
7.379E-04	4.887E-02	2.849E-02	2.038E-02
7.447E-04	4.909E-02	2.862E-02	2.047E-02
7.516E-04	4.931E-02	2.874E-02	2.057E-02
7.586E-04	4.953E-02	2.887E-02	2.066E-02
7.656E-04	4.975E-02	2.900E-02	2.076E-02
7.727E-04	4.997E-02	2.912E-02	2.085E-02
7.798E-04	5.020E-02	2.925E-02	2.095E-02
7.870E-04	5.042E-02	2.938E-02	2.104E-02
7.943E-04	5.064E-02	2.951E-02	2.114E-02
8.017E-04	5.087E-02	2.964E-02	2.123E-02
8.091E-04	5.110E-02	2.977E-02	2.133E-02
8.166E-04	5.133E-02	2.990E-02	2.143E-02
8.241E-04	5.155E-02	3.003E-02	2.153E-02
8.318E-04	5.178E-02	3.016E-02	2.162E-02
8.395E-04	5.202E-02	3.029E-02	2.172E-02
8.472E-04	5.225E-02	3.043E-02	2.182E-02
8.551E-04	5.248E-02	3.056E-02	2.192E-02
8.630E-04	5.272E-02	3.069E-02	2.202E-02
8.710E-04	5.295E-02	3.083E-02	2.212E-02
8.790E-04	5.319E-02	3.097E-02	2.222E-02
8.872E-04	5.343E-02	3.110E-02	2.232E-02
8.954E-04	5.366E-02	3.124E-02	2.243E-02
9.036E-04	5.390E-02	3.138E-02	2.253E-02
9.120E-04	5.414E-02	3.151E-02	2.263E-02
9.204E-04	5.439E-02	3.165E-02	2.273E-02
9.290E-04	5.463E-02	3.179E-02	2.284E-02
9.376E-04	5.487E-02	3.193E-02	2.294E-02
9.462E-04	5.512E-02	3.207E-02	2.305E-02
9.550E-04	5.536E-02	3.221E-02	2.315E-02
9.638E-04	5.561E-02	3.235E-02	2.326E-02
9.727E-04	5.586E-02	3.250E-02	2.336E-02
9.817E-04	5.611E-02	3.264E-02	2.347E-02
9.908E-04	5.636E-02	3.278E-02	2.358E-02
1.000E-03	5.661E-02	3.293E-02	2.369E-02
1.009E-03	5.686E-02	3.307E-02	2.379E-02
1.019E-03	5.712E-02	3.322E-02	2.390E-02
1.028E-03	5.737E-02	3.336E-02	2.401E-02
1.038E-03	5.763E-02	3.351E-02	2.412E-02
1.047E-03	5.789E-02	3.366E-02	2.423E-02
1.057E-03	5.815E-02	3.380E-02	2.434E-02
1.067E-03	5.841E-02	3.395E-02	2.445E-02
1.076E-03	5.867E-02	3.410E-02	2.457E-02
1.086E-03	5.893E-02	3.425E-02	2.468E-02
1.096E-03	5.919E-02	3.440E-02	2.479E-02
1.107E-03	5.946E-02	3.455E-02	2.490E-02
1.117E-03	5.972E-02	3.471E-02	2.502E-02
1.127E-03	5.999E-02	3.486E-02	2.513E-02
1.138E-03	6.026E-02	3.501E-02	2.525E-02
1.148E-03	6.053E-02	3.517E-02	2.536E-02
1.159E-03	6.080E-02	3.532E-02	2.548E-02
1.169E-03	6.107E-02	3.548E-02	2.560E-02
1.180E-03	6.134E-02	3.563E-02	2.571E-02
1.191E-03	6.162E-02	3.579E-02	2.583E-02
1.202E-03	6.189E-02	3.595E-02	2.595E-02
1.213E-03	6.217E-02	3.610E-02	2.607E-02
1.225E-03	6.245E-02	3.626E-02	2.619E-02
1.236E-03	6.273E-02	3.642E-02	2.631E-02
1.247E-03	6.301E-02	3.658E-02	2.643E-02
1.259E-03	6.329E-02	3.674E-02	2.655E-02
1.271E-03	6.357E-02	3.691E-02	2.667E-02
1.282E-03	6.386E-02	3.707E-02	2.679E-02
1.294E-03	6.414E-02	3.723E-02	2.691E-02
1.306E-03	6.443E-02	3.739E-02	2.704E-02
1.318E-03	6.472E-02	3.756E-02	2.716E-02
1.330E-03	6.501E-02	3.772E-02	2.728E-02
1.343E-03	6.530E-02	3.789E-02	2.741E-02
1.355E-03	6.559E-02	3.806E-02	2.753E-02
1.368E-03	6.589E-02	3.822E-02	2.766E-02
1.380E-03	6.618E-02	3.839E-02	2.779E-02
1.393E-03	6.648E-02	3.856E-02	2.791E-02
1.406E-03	6.677E-02	3.873E-02	2.804E-02
1.419E-03	6.707E-02	3.890E-02	2.817E-02
1.432E-03	6.737E-02	3.907E-02	2.830E-02
1.445E-03	6.768E-02	3.925E-02	2.843E-02
1.459E-03	6.798E-02	3.942E-02	2.856E-02
1.472E-03	6.828E-02	3.959E-02	2.869E-02
1.486E-03	6.859E-02	3.977E-02	2.882E-02
1.500E-03	6.890E-02	3.994E-02	2.895E-02
1.514E-03	6.920E-02	4.012E-02	2.909E-02
1.528E-03	6.951E-02	4.029E-02	2.922E-02
1.542E-03	6.983E-02	4.047E-02	2.935E-02
1.556E-03	7.014E-02	4.065E-02	2.949E-02
1.570E-03	7.045E-02	4.083E-02	2.962E-02
1.585E-03	7.077E-02	4.101E-02	2.976E-02
1.600E-03	7.109E-02	4.119E-02	2.990E-02
1.614E-03	7.140E-02	4.137E-02	3.003E-02
1.629E-03	7.172E-02	4.155E-02	3.017E-02
1.644E-03	7.205E-02	4.174E-02	3.031E-02
1.660E-03	7.237E-02	4.192E-02	3.045E-02
1.675E-03	7.269E-02	4.211E-02	3.059E-02
1.690E-03	7.302E-02	4.229E-02	3.073E-02
1.706E-03	7.335E-02	4.248E-02	3.087E-02
1.722E-03	7.368E-02	4.267E-02	3.101E-02
1.738E-03	7.401E-02	4.285E-02	3.115E-02
1.754E-03	7.434E-02	4.304E-02	3.130E-02
1.770E-03	7.467E-02	4.323E-02	3.144E-02
1.786E-03	7.501E-02	4.342E-02	3.158E-02
1.803E-03	7.534E-02	4.361E-02	3.173E-02
1.820E-03	7.568E-02	4.381E-02	3.187E-02
1.837E-03	7.602E-02	4.400E-02	3.202E-02
1.854E-03	7.636E-02	4.419E-02	3.217E-02
1.871E-03	7.670E-02	4.439E-02	3.232E-02
1.888E-03	7.705E-02	4.459E-02	3.246E-02
1.905E-03	7.739E-02	4.478E-02	3.261E-02
1.923E-03	7.774E-02	4.498E-02	3.276E-02
1.941E-03	7.809E-02	4.518E-02	3.291E-02
1.959E-03	7.844E-02	4.538E-02	3.306E-02
1.977E-03	7.879E-02	4.558E-02	3.322E-02
1.995E-03	7.915E-02	4.578E-02	3.337E-02
2.014E-03	7.950E-02	4.598E-02	3.352E-02
2.032E-03	7.986E-02	4.618E-02	3.368E-02
2.051E-03	8.022E-02	4.639E-02	3.383E-02
2.070E-03	8.058E-02	4.659E-02	3.399E-02
2.089E-03	8.094E-02	4.680E-02	3.414E-02
2.109E-03	8.130E-02	4.701E-02	3.430E-02
2.128E-03	8.167E-02	4.721E-02	3.446E-02
2.148E-03	8.204E-02	4.742E-02	3.462E-02
2.168E-03	8.241E-02	4.763E-02	3.477E-02
2.188E-03	8.278E-02	4.784E-02	3.493E-02
2.208E-03	8.315E-02	4.805E-02	3.510E-02
2.228E-03	8.352E-02	4.827E-02	3.526E-02
2.249E-03	8.390E-02	4.848E-02	3.542E-02
2.270E-03	8.427E-02	4.869E-02	3.558E-02
2.291E-03	8.465E-02	4.891E-02	3.575E-02
2.312E-03	8.503E-02	4.912E-02	3.591E-02
2.333E-03	8.542E-02	4.934E-02	3.608E-02
2.355E-03	8.580E-02	4.956E-02	3.624E-02
2.377E-03	8.619E-02	4.978E-02	3.641E-02
2.399E-03	8.657E-02	5.000E-02	3.658E-02
2.421E-03	8.696E-02	5.022E-02	3.674E-02
2.443E-03	8.736E-02	5.044E-02	3.691E-02
2.466E-03	8.775E-02	5.066E-02	3.708E-02
2.489E-03	8.814E-02	5.089E-02	3.725E-02
2.512E-03	8.854E-02	5.111E-02	3.743E-02
2.535E-03	8.894E-02	5.134E-02	3.760E-02
2.559E-03	8.934E-02	5.157E-02	3.777E-02
2.582E-03	8.974E-02	5.180E-02	3.795E-02
2.606E-03	9.015E-02	5.202E-02	3.812E-02
2.630E-03	9.055E-02	5.225E-02	3.830E-02
2.655E-03	9.096E-02	5.249E-02	3.847E-02
2.679E-03	9.137E-02	5.272E-02	3.865E-02
2.704E-03	9.178E-02	5.295E-02	3.883E-02
2.729E-03	9.219E-02	5.319E-02	3.901E-02
2.754E-03	9.261E-02	5.342E-02	3.919E-02
2.780E-03	9.303E-02	5.366E-02	3.937E-02
2.805E-03	9.345E-02	5.390E-02	3.955E-02
2.831E-03	9.387E-02	5.413E-02	3.973E-02
2.858E-03	9.429E-02	5.437E-02	3.992E-02
2.884E-03	9.472E-02	5.461E-02	4.010E-02
2.911E-03	9.514E-02	5.486E-02	4.029E-02
2.938E-03	9.557E-02	5.510E-02	4.047E-02
2.965E-03	9.600E-02	5.534E-02	4.066E-02
2.992E-03	9.644E-02	5.559E-02	4.085E-02
3.020E-03	9.687E-02	5.583E-02	4.104E-02
3.048E-03	9.731E-02	5.608E-02	4.123E-02
3.076E-03	9.775E-02	5.633E-02	4.142E-02
3.105E-03	9.819E-02	5.658E-02	4.161E-02
3.133E-03	9.863E-02	5.683E-02	4.180E-02
3.162E-03	9.908E-02	5.708E-02	4.199E-02
3.192E-03	9.952E-02	5.734E-02	4.219E-02
3.221E-03	9.997E-02	5.759E-02	4.238E-02
3.251E-03	1.004E-01	5.785E-02	4.258E-02
3.281E-03	1.009E-01	5.810E-02	4.278E-02
3.311E-03	1.013E-01	5.836E-02	4.297E-02
3.342E-03	1.018E-01	5.862E-02	4.317E-02
3.373E-03	1.023E-01	5.888E-02	4.337E-02
3.404E-03	1.027E-01	5.914E-02	4.357E-02
3.436E-03	1.032E-01	5.940E-02	4.377E-02
3.467E-03	1.036E-01	5.967E-02	4.398E-02
3.499E-03	1.041E-01	5.993E-02	4.418E-02
3.532E-03	1.046E-01	6.020E-02	4.439E-02
3.565E-03	1.051E-01	6.046E-02	4.459E-02
3.597E-03	1.055E-01	6.073E-02	4.480E-02
3.631E-03	1.060E-01	6.100E-02	4.500E-02
3.664E-03	1.065E-01	6.127E-02	4.521E-02
3.698E-03	1.070E-01	6.154E-02	4.542E-02
3.733E-03	1.075E-01	6.182E-02	4.563E-02
3.767E-03	1.079E-01	6.209E-02	4.585E-02
3.802E-03	1.084E-01	6.237E-02	4.606E-02
3.837E-03	1.089E-01	6.264E-02	4.627E-02
3.873E-03	1.094E-01	6.292E-02	4.649E-02
3.908E-03	1.099E-01	6.320E-02	4.670E-02
3.945E-03	1.104E-01	6.348E-02	4.692E-02
3.981E-03	1.109E-01	6.377E-02	4.714E-02
4.018E-03	1.114E-01	6.405E-02	4.736E-02
4.055E-03	1.119E-01	6.433E-02	4.758E-02
4.093E-03	1.124E-01	6.462E-02	4.780E-02
4.130E-03	1.129E-01	6.491E-02	4.802E-02
4.169E-03	1.134E-01	6.520E-02	4.824E-02
4.207E-03	1.140E-01	6.549E-02	4.847E-02
4.246E-03	1.145E-01	6.578E-02	4.869E-02
4.285E-03	1.150E-01	6.607E-02	4.892E-02
4.325E-03	1.155E-01	6.636E-02	4.914E-02
4.365E-03	1.160E-01	6.666E-02	4.937E-02
4.406E-03	1.166E-01	6.695E-02	4.960E-02
4.446E-03	1.171E-01	6.725E-02	4.983E-02
4.487E-03	1.176E-01	6.755E-02	5.006E-02
4.529E-03	1.181E-01	6.785E-02	5.030E-02
4.571E-03	1.187E-01	6.815E-02	5.053E-02
4.613E-03	1.192E-01	6.846E-02	5.077E-02
4.656E-03	1.198E-01	6.876E-02	5.100E-02
4.699E-03	1.203E-01	6.907E-02	5.124E-02
4.742E-03	1.209E-01	6.937E-02	5.148E-02
4.786E-03	1.214E-01	6.968E-02	5.172E-02
4.831E-03	1.220E-01	6.999E-02	5.196E-02
4.875E-03	1.225E-01	7.031E-02	5.220E-02
4.920E-03	1.231E-01	7.062E-02	5.245E-02
4.966E-03	1.236E-01	7.093E-02	5.269E-02
5.012E-03	1.242E-01	7.125E-02	5.294E-02
5.058E-03	1.247E-01	7.157E-02	5.318E-02
5.105E-03	1.253E-01	7.188E-02	5.343E-02
5.152E-03	1.259E-01	7.221E-02	5.368E-02
5.200E-03	1.265E-01	7.253E-02	5.393E-02
5.248E-03	1.270E-01	7.285E-02	5.418E-02
5.297E-03	1.276E-01	7.317E-02	5.443E-02
5.346E-03	1.282E-01	7.350E-02	5.469E-02
5.395E-03	1.288E-01	7.383E-02	5.494E-02
5.445E-03	1.294E-01	7.416E-02	5.520E-02
5.495E-03	1.299E-01	7.449E-02	5.546E-02
5.546E-03	1.305E-01	7.482E-02	5.572E-02
5.598E-03	1.311E-01	7.515E-02	5.598E-02
5.649E-03	1.317E-01	7.549E-02	5.624E-02
5.702E-03	1.323E-01	7.583E-02	5.650E-02
5.754E-03	1.329E-01	7.616E-02	5.677E-02
5.808E-03	1.335E-01	7.650E-02	5.703E-02
5.861E-03	1.341E-01	7.684E-02	5.730E-02
5.916E-03	1.348E-01	7.719E-02	5.757E-02
5.970E-03	1.354E-01	7.753E-02	5.784E-02
6.026E-03	1.360E-01	7.788E-02	5.811E-02
6.081E-03	1.366E-01	7.822E-02	5.838E-02
6.138E-03	1.372E-01	7.857E-02	5.865E-02
6.194E-03	1.379E-01	7.892E-02	5.893E-02
6.252E-03	1.385E-01	7.928E-02	5.920E-02
6.310E-03	1.391E-01	7.963E-02	5.948E-02
6.368E-03	1.397E-01	7.999E-02	5.976E-02
6.427E-03	1.404E-01	8.034E-02	6.004E-02
6.486E-03	1.410E-01	8.070E-02	6.032E-02
6.546E-03	1.417E-01	8.106E-02	6.061E-02
6.607E-03	1.423E-01	8.142E-02	6.089E-02
6.668E-03	1.430E-01	8.179E-02	6.118E-02
6.730E-03	1.436E-01	8.215E-02	6.146E-02
6.792E-03	1.443E-01	8.252E-02	6.175E-02
6.855E-03	1.449E-01	8.289E-02	6.204E-02
6.918E-03	1.456E-01	8.326E-02	6.233E-02
6.982E-03	1.463E-01	8.363E-02	6.262E-02
7.047E-03	1.469E-01	8.400E-02	6.292E-02
7.112E-03	1.476E-01	8.438E-02	6.321E-02
7.178E-03	1.483E-01	8.476E-02	6.351E-02
7.244E-03	1.489E-01	8.513E-02	6.381E-02
7.311E-03	1.496E-01	8.552E-02	6.411E-02
7.379E-03	1.503E-01	8.590E-02	6.441E-02
7.447E-03	1.510E-01	8.628E-02	6.472E-02
7.516E-03	1.517E-01	8.667E-02	6.502E-02
7.586E-03	1.524E-01	8.705E-02	6.533E-02
7.656E-03	1.531E-01	8.744E-02	6.563E-02
7.727E-03	1.538E-01	8.783E-02	6.594E-02
7.798E-03	1.545E-01	8.823E-02	6.625E-02
7.870E-03	1.552E-01	8.862E-02	6.657E-02
7.943E-03	1.559E-01	8.902E-02	6.688E-02
8.017E-03	1.566E-01	8.942E-02	6.719E-02
8.091E-03	1.573E-01	8.982E-02	6.751E-02
8.166E-03	1.580E-01	9.022E-02	6.783E-02
8.241E-03	1.588E-01	9.062E-02	6.815E-02
8.318E-03	1.595E-01	9.103E-02	6.847E-02
8.395E-03	1.602E-01	9.143E-02	6.879E-02
8.472E-03	1.610E-01	9.184E-02	6.912E-02
8.551E-03	1.617E-01	9.225E-02	6.945E-02
8.630E-03	1.624E-01	9.266E-02	6.977E-02
8.710E-03	1.632E-01	9.308E-02	7.010E-02
8.790E-03	1.639E-01	9.350E-02	7.043E-02
8.872E-03	1.647E-01	9.391E-02	7.077E-02
8.954E-03	1.654E-01	9.433E-02	7.110E-02
9.036E-03	1.662E-01	9.476E-02	7.144E-02
9.120E-03	1.670E-01	9.518E-02	7.178E-02
9.204E-03	1.677E-01	9.561E-02	7.212E-02
9.290E-03	1.685E-01	9.603E-02	7.246E-02
9.376E-03	1.693E-01	9.646E-02	7.280E-02
9.462E-03	1.700E-01	9.690E-02	7.314E-02
9.550E-03	1.708E-01	9.733E-02	7.349E-02
9.638E-03	1.716E-01	9.776E-02	7.384E-02
9.727E-03	1.724E-01	9.820E-02	7.419E-02
9.817E-03	1.732E-01	9.864E-02	7.454E-02
9.908E-03	1.740E-01	9.908E-02	7.489E-02
1.000E-02	1.748E-01	9.953E-02	7.525E-02
1.198E-02	1.913E-01	1.087E-01	8.260E-02
1.397E-02	2.064E-01	1.170E-01	8.941E-02
1.595E-02	2.206E-01	1.248E-01	9.580E-02
1.794E-02	2.339E-01	1.320E-01	1.018E-01
1.992E-02	2.465E-01	1.389E-01	1.076E-01
2.190E-02	2.584E-01	1.454E-01	1.131E-01
2.389E-02	2.698E-01	1.515E-01	1.183E-01
2.587E-02	2.808E-01	1.573E-01	1.234E-01
2.786E-02	2.912E-01	1.629E-01	1.283E-01
2.984E-02	3.013E-01	1.683E-01	1.331E-01
3.182E-02	3.111E-01	1.734E-01	1.376E-01
3.381E-02	3.205E-01	1.784E-01	1.421E-01
3.579E-02	3.296E-01	1.831E-01	1.465E-01
3.778E-02	3.384E-01	1.877E-01	1.507E-01
3.976E-02	3.469E-01	1.921E-01	1.548E-01
4.174E-02	3.552E-01	1.963E-01	1.588E-01
4.373E-02	3.632E-01	2.004E-01	1.628E-01
4.571E-02	3.710E-01	2.044E-01	1.666E-01
4.770E-02	3.786E-01	2.082E-01	1.704E-01
4.968E-02	3.860E-01	2.119E-01	1.741E-01
5.166E-02	3.932E-01	2.155E-01	1.777E-01
5.365E-02	4.002E-01	2.190E-01	1.812E-01
5.563E-02	4.070E-01	2.223E-01	1.847E-01
5.762E-02	4.136E-01	2.255E-01	1.881E-01
5.960E-02	4.201E-01	2.287E-01	1.914E-01
6.158E-02	4.264E-01	2.317E-01	1.947E-01
6.357E-02	4.326E-01	2.346E-01	1.979E-01
6.555E-02	4.386E-01	2.375E-01	2.011E-01
6.754E-02	4.444E-01	2.402E-01	2.042E-01
6.952E-02	4.501E-01	2.429E-01	2.072E-01
7.150E-02	4.557E-01	2.454E-01	2.102E-01
7.349E-02	4.611E-01	2.479E-01	2.132E-01
7.547E-02	4.663E-01	2.503E-01	2.161E-01
7.745E-02	4.715E-01	2.526E-01	2.189E-01
7.944E-02	4.765E-01	2.548E-01	2.217E-01
8.142E-02	4.814E-01	2.570E-01	2.245E-01
8.341E-02	4.862E-01	2.590E-01	2.272E-01
8.539E-02	4.908E-01	2.610E-01	2.298E-01
8.737E-02	4.954E-01	2.629E-01	2.324E-01
8.936E-02	4.998E-01	2.648E-01	2.350E-01
9.134E-02	5.041E-01	2.666E-01	2.375E-01
9.333E-02	5.083E-01	2.683E-01	2.400E-01
9.531E-02	5.123E-01	2.699E-01	2.424E-01
9.729E-02	5.163E-01	2.715E-01	2.448E-01
9.928E-02	5.202E-01	2.730E-01	2.472E-01
1.013E-01	5.239E-01	2.744E-01	2.495E-01
1.032E-01	5.276E-01	2.758E-01	2.518E-01
1.052E-01	5.311E-01	2.771E-01	2.540E-01
1.072E-01	5.345E-01	2.783E-01	2.562E-01
1.092E-01	5.379E-01	2.795E-01	2.584E-01
1.112E-01	5.411E-01	2.806E-01	2.605E-01
1.132E-01	5.443E-01	2.817E-01	2.626E-01
1.152E-01	5.474E-01	2.827E-01	2.646E-01
1.171E-01	5.503E-01	2.837E-01	2.666E-01
1.191E-01	5.532E-01	2.846E-01	2.686E-01
1.211E-01	5.560E-01	2.854E-01	2.706E-01
1.231E-01	5.587E-01	2.862E-01	2.725E-01
1.251E-01	5.613E-01	2.869E-01	2.743E-01
1.271E-01	5.638E-01	2.876E-01	2.762E-01
1.290E-01	5.662E-01	2.882E-01	2.780E-01
1.310E-01	5.686E-01	2.888E-01	2.797E-01
1.330E-01	5.708E-01	2.893E-01	2.815E-01
1.350E-01	5.730E-01	2.898E-01	2.832E-01
1.370E-01	5.751E-01	2.902E-01	2.848E-01
1.390E-01	5.771E-01	2.906E-01	2.865E-01
1.409E-01	5.790E-01	2.909E-01	2.881E-01
1.429E-01	5.808E-01	2.912E-01	2.896E-01
1.449E-01	5.826E-01	2.914E-01	2.912E-01
1.469E-01	5.843E-01	2.916E-01	2.927E-01
1.489E-01	5.859E-01	2.918E-01	2.941E-01
1.509E-01	5.874E-01	2.919E-01	2.956E-01
1.528E-01	5.889E-01	2.919E-01	2.970E-01
1.548E-01	5.903E-01	2.919E-01	2.983E-01
1.568E-01	5.916E-01	2.919E-01	2.997E-01
1.588E-01	5.928E-01	2.918E-01	3.010E-01
1.608E-01	5.940E-01	2.917E-01	3.023E-01
1.628E-01	5.951E-01	2.916E-01	3.035E-01
1.647E-01	5.961E-01	2.914E-01	3.047E-01
1.667E-01	5.970E-01	2.912E-01	3.059E-01
1.687E-01	5.979E-01	2.909E-01	3.071E-01
1.707E-01	5.987E-01	2.906E-01	3.082E-01
1.727E-01	5.995E-01	2.902E-01	3.093E-01
1.747E-01	6.002E-01	2.898E-01	3.103E-01
1.767E-01	6.008E-01	2.894E-01	3.114E-01
1.786E-01	6.013E-01	2.890E-01	3.124E-01
1.806E-01	6.018E-01	2.885E-01	3.133E-01
1.826E-01	6.022E-01	2.879E-01	3.143E-01
1.846E-01	6.026E-01	2.874E-01	3.152E-01
1.866E-01	6.029E-01	2.868E-01	3.161E-01
1.886E-01	6.031E-01	2.862E-01	3.169E-01
1.905E-01	6.033E-01	2.855E-01	3.177E-01
1.925E-01	6.034E-01	2.848E-01	3.185E-01
1.945E-01	6.034E-01	2.841E-01	3.193E-01
1.965E-01	6.034E-01	2.834E-01	3.200E-01
1.985E-01	6.033E-01	2.826E-01	3.208E-01
2.005E-01	6.032E-01	2.818E-01	3.214E-01
2.024E-01	6.030E-01	2.809E-01	3.221E-01
2.044E-01	6.028E-01	2.800E-01	3.227E-01
2.064E-01	6.025E-01	2.792E-01	3.233E-01
2.084E-01	6.021E-01	2.782E-01	3.239E-01
2.104E-01	6.017E-01	2.773E-01	3.244E-01
2.124E-01	6.012E-01	2.763E-01	3.249E-01
2.143E-01	6.007E-01	2.753E-01	3.254E-01
2.163E-01	6.002E-01	2.743E-01	3.259E-01
2.183E-01	5.995E-01	2.732E-01	3.263E-01
2.203E-01	5.989E-01	2.721E-01	3.267E-01
2.223E-01	5.981E-01	2.710E-01	3.271E-01
2.243E-01	5.974E-01	2.699E-01	3.274E-01
2.263E-01	5.965E-01	2.688E-01	3.278E-01
2.282E-01	5.957E-01	2.676E-01	3.281E-01
2.302E-01	5.948E-01	2.664E-01	3.283E-01
2.322E-01	5.938E-01	2.652E-01	3.286E-01
2.342E-01	5.928E-01	2.640E-01	3.288E-01
2.362E-01	5.917E-01	2.627E-01	3.290E-01
2.382E-01	5.906E-01	2.614E-01	3.292E-01
2.401E-01	5.895E-01	2.602E-01	3.293E-01
2.421E-01	5.883E-01	2.588E-01	3.294E-01
2.441E-01	5.870E-01	2.575E-01	3.295E-01
2.461E-01	5.857E-01	2.562E-01	3.296E-01
2.481E-01	5.844E-01	2.548E-01	3.296E-01
2.501E-01	5.830E-01	2.534E-01	3.296E-01
2.520E-01	5.816E-01	2.520E-01	3.296E-01
2.540E-01	5.802E-01	2.506E-01	3.296E-01
2.560E-01	5.787E-01	2.492E-01	3.295E-01
2.580E-01	5.772E-01	2.477E-01	3.294E-01
2.600E-01	5.756E-01	2.463E-01	3.293E-01
2.620E-01	5.740E-01	2.448E-01	3.292E-01
2.639E-01	5.724E-01	2.433E-01	3.290E-01
2.659E-01	5.707E-01	2.418E-01	3.289E-01
2.679E-01	5.690E-01	2.403E-01	3.287E-01
2.699E-01	5.672E-01	2.388E-01	3.284E-01
2.719E-01	5.654E-01	2.372E-01	3.282E-01
2.739E-01	5.636E-01	2.357E-01	3.279E-01
2.759E-01	5.617E-01	2.341E-01	3.276E-01
2.778E-01	5.598E-01	2.325E-01	3.273E-01
2.798E-01	5.579E-01	2.310E-01	3.269E-01
2.818E-01	5.559E-01	2.294E-01	3.266E-01
2.838E-01	5.540E-01	2.278E-01	3.262E-01
2.858E-01	5.519E-01	2.262E-01	3.258E-01
2.878E-01	5.499E-01	2.245E-01	3.253E-01
2.897E-01	5.478E-01	2.229E-01	3.249E-01
2.917E-01	5.457E-01	2.213E-01	3.244E-01
2.937E-01	5.435E-01	2.196E-01	3.239E-01
2.957E-01	5.414E-01	2.180E-01	3.234E-01
2.977E-01	5.392E-01	2.163E-01	3.229E-01
2.997E-01	5.369E-01	2.147E-01	3.223E-01
3.016E-01	5.347E-01	2.130E-01	3.217E-01
3.036E-01	5.324E-01	2.113E-01	3.211E-01
3.056E-01	5.301E-01	2.096E-01	3.205E-01
3.076E-01	5.278E-01	2.079E-01	3.198E-01
3.096E-01	5.254E-01	2.062E-01	3.192E-01
3.116E-01	5.230E-01	2.045E-01	3.185E-01
3.135E-01	5.206E-01	2.028E-01	3.178E-01
3.155E-01	5.182E-01	2.011E-01	3.171E-01
3.175E-01	5.157E-01	1.994E-01	3.163E-01
3.195E-01	5.133E-01	1.977E-01	3.155E-01
3.215E-01	5.108E-01	1.960E-01	3.148E-01
3.235E-01	5.083E-01	1.943E-01	3.140E-01
3.255E-01	5.057E-01	1.926E-01	3.131E-01
3.274E-01	5.032E-01	1.909E-01	3.123E-01
3.294E-01	5.006E-01	1.891E-01	3.114E-01
3.314E-01	4.980E-01	1.874E-01	3.106E-01
3.334E-01	4.954E-01	1.857E-01	3.097E-01
3.354E-01	4.927E-01	1.840E-01	3.088E-01
3.374E-01	4.901E-01	1.823E-01	3.078E-01
3.393E-01	4.874E-01	1.805E-01	3.069E-01
3.413E-01	4.847E-01	1.788E-01	3.059E-01
3.433E-01	4.820E-01	1.771E-01	3.049E-01
3.453E-01	4.793E-01	1.754E-01	3.039E-01
3.473E-01	4.766E-01	1.737E-01	3.029E-01
3.493E-01	4.738E-01	1.719E-01	3.019E-01
3.512E-01	4.711E-01	1.702E-01	3.008E-01
3.532E-01	4.683E-01	1.685E-01	2.998E-01
3.552E-01	4.655E-01	1.668E-01	2.987E-01
3.572E-01	4.627E-01	1.651E-01	2.976E-01
3.592E-01	4.599E-01	1.634E-01	2.965E-01
3.612E-01	4.571E-01	1.617E-01	2.954E-01
3.631E-01	4.542E-01	1.600E-01	2.942E-01
3.651E-01	4.514E-01	1.583E-01	2.931E-01
3.671E-01	4.485E-01	1.566E-01	2.919E-01
3.691E-01	4.456E-01	1.549E-01	2.907E-01
3.711E-01	4.428E-01	1.533E-01	2.895E-01
3.731E-01	4.399E-01	1.516E-01	2.883E-01
3.751E-01	4.370E-01	1.499E-01	2.871E-01
3.770E-01	4.341E-01	1.482E-01	2.858E-01
3.790E-01	4.312E-01	1.466E-01	2.846E-01
3.810E-01	4.282E-01	1.449E-01	2.833E-01
3.830E-01	4.253E-01	1.433E-01	2.820E-01
3.850E-01	4.224E-01	1.416E-01	2.807E-01
3.870E-01	4.194E-01	1.400E-01	2.794E-01
3.889E-01	4.165E-01	1.384E-01	2.781E-01
3.909E-01	4.135E-01	1.367E-01	2.768E-01
3.929E-01	4.106E-01	1.351E-01	2.754E-01
3.949E-01	4.076E-01	1.335E-01	2.741E-01
3.969E-01	4.046E-01	1.319E-01	2.727E-01
3.989E-01	4.016E-01	1.303E-01	2.713E-01
4.008E-01	3.987E-01	1.287E-01	2.699E-01
4.028E-01	3.957E-01	1.272E-01	2.685E-01
4.048E-01	3.927E-01	1.256E-01	2.671E-01
4.068E-01	3.897E-01	1.240E-01	2.657E-01
4.088E-01	3.867E-01	1.225E-01	2.643E-01
4.108E-01	3.837E-01	1.209E-01	2.628E-01
4.127E-01	3.808E-01	1.194E-01	2.614E-01
4.147E-01	3.778E-01	1.178E-01	2.599E-01
4.167E-01	3.748E-01	1.163E-01	2.584E-01
4.187E-01	3.718E-01	1.148E-01	2.570E-01
4.207E-01	3.688E-01	1.133E-01	2.555E-01
4.227E-01	3.658E-01	1.118E-01	2.540E-01
4.246E-01	3.628E-01	1.103E-01	2.525E-01
4.266E-01	3.598E-01	1.088E-01	2.510E-01
4.286E-01	3.568E-01	1.074E-01	2.494E-01
4.306E-01	3.538E-01	1.059E-01	2.479E-01
4.326E-01	3.508E-01	1.045E-01	2.464E-01
4.346E-01	3.479E-01	1.030E-01	2.448E-01
4.366E-01	3.449E-01	1.016E-01	2.433E-01
4.385E-01	3.419E-01	1.002E-01	2.417E-01
4.405E-01	3.389E-01	9.878E-02	2.402E-01
4.425E-01	3.360E-01	9.738E-02	2.386E-01
4.445E-01	3.330E-01	9.600E-02	2.370E-01
4.465E-01	3.300E-01	9.462E-02	2.354E-01
4.485E-01	3.271E-01	9.325E-02	2.338E-01
4.504E-01	3.241E-01	9.190E-02	2.322E-01
4.524E-01	3.212E-01	9.055E-02	2.306E-01
4.544E-01	3.182E-01	8.922E-02	2.290E-01
4.564E-01	3.153E-01	8.790E-02	2.274E-01
4.584E-01	3.124E-01	8.658E-02	2.258E-01
4.604E-01	3.095E-01	8.528E-02	2.242E-01
4.623E-01	3.065E-01	8.399E-02	2.225E-01
4.643E-01	3.036E-01	8.272E-02	2.209E-01
4.663E-01	3.007E-01	8.145E-02	2.193E-01
4.683E-01	2.978E-01	8.019E-02	2.176E-01
4.703E-01	2.949E-01	7.895E-02	2.160E-01
4.723E-01	2.921E-01	7.771E-02	2.144E-01
4.742E-01	2.892E-01	7.649E-02	2.127E-01
4.762E-01	2.863E-01	7.528E-02	2.111E-01
4.782E-01	2.835E-01	7.408E-02	2.094E-01
4.802E-01	2.806E-01	7.289E-02	2.077E-01
4.822E-01	2.778E-01	7.171E-02	2.061E-01
4.842E-01	2.750E-01	7.055E-02	2.044E-01
4.862E-01	2.722E-01	6.939E-02	2.028E-01
4.881E-01	2.693E-01	6.825E-02	2.011E-01
4.901E-01	2.665E-01	6.712E-02	1.994E-01
4.921E-01	2.638E-01	6.600E-02	1.978E-01
4.941E-01	2.610E-01	6.489E-02	1.961E-01
4.961E-01	2.582E-01	6.380E-02	1.944E-01
4.981E-01	2.555E-01	6.271E-02	1.928E-01
5.000E-01	2.527E-01	6.164E-02	1.911E-01
5.020E-01	2.500E-01	6.058E-02	1.894E-01
5.040E-01	2.473E-01	5.953E-02	1.877E-01
5.060E-01	2.446E-01	5.849E-02	1.861E-01
5.080E-01	2.419E-01	5.747E-02	1.844E-01
5.100E-01	2.392E-01	5.645E-02	1.827E-01
5.119E-01	2.365E-01	5.545E-02	1.811E-01
5.139E-01	2.338E-01	5.446E-02	1.794E-01
5.159E-01	2.312E-01	5.348E-02	1.777E-01
5.179E-01	2.286E-01	5.251E-02	1.761E-01
5.199E-01	2.259E-01	5.155E-02	1.744E-01
5.219E-01	2.233E-01	5.060E-02	1.727E-01
5.238E-01	2.207E-01	4.967E-02	1.711E-01
5.258E-01	2.182E-01	4.875E-02	1.694E-01
5.278E-01	2.156E-01	4.784E-02	1.677E-01
5.298E-01	2.130E-01	4.694E-02	1.661E-01
5.318E-01	2.105E-01	4.605E-02	1.644E-01
5.338E-01	2.080E-01	4.517E-02	1.628E-01
5.358E-01	2.054E-01	4.431E-02	1.611E-01
5.377E-01	2.029E-01	4.345E-02	1.595E-01
5.397E-01	2.005E-01	4.261E-02	1.579E-01
5.417E-01	1.980E-01	4.178E-02	1.562E-01
5.437E-01	1.955E-01	4.096E-02	1.546E-01
5.457E-01	1.931E-01	4.015E-02	1.530E-01
5.477E-01	1.907E-01	3.935E-02	1.513E-01
5.496E-01	1.883E-01	3.856E-02	1.497E-01
5.516E-01	1.859E-01	3.778E-02	1.481E-01
5.536E-01	1.835E-01	3.702E-02	1.465E-01
5.556E-01	1.811E-01	3.626E-02	1.449E-01
5.576E-01	1.788E-01	3.552E-02	1.433E-01
5.596E-01	1.764E-01	3.478E-02	1.417E-01
5.615E-01	1.741E-01	3.406E-02	1.401E-01
5.635E-01	1.718E-01	3.335E-02	1.385E-01
5.655E-01	1.695E-01	3.264E-02	1.369E-01
5.675E-01	1.673E-01	3.195E-02	1.353E-01
5.695E-01	1.650E-01	3.127E-02	1.337E-01
5.715E-01	1.628E-01	3.060E-02	1.322E-01
5.734E-01	1.606E-01	2.994E-02	1.306E-01
5.754E-01	1.584E-01	2.929E-02	1.291E-01
5.774E-01	1.562E-01	2.865E-02	1.275E-01
5.794E-01	1.540E-01	2.802E-02	1.260E-01
5.814E-01	1.518E-01	2.740E-02	1.244E-01
5.834E-01	1.497E-01	2.678E-02	1.229E-01
5.854E-01	1.476E-01	2.618E-02	1.214E-01
5.873E-01	1.455E-01	2.559E-02	1.199E-01
5.893E-01	1.434E-01	2.501E-02	1.184E-01
5.913E-01	1.413E-01	2.444E-02	1.169E-01
5.933E-01	1.392E-01	2.388E-02	1.154E-01
5.953E-01	1.372E-01	2.332E-02	1.139E-01
5.973E-01	1.352E-01	2.278E-02	1.124E-01
5.992E-01	1.332E-01	2.225E-02	1.109E-01
6.012E-01	1.312E-01	2.172E-02	1.095E-01
6.032E-01	1.292E-01	2.120E-02	1.080E-01
6.052E-01	1.273E-01	2.070E-02	1.066E-01
6.072E-01	1.253E-01	2.020E-02	1.051E-01
6.092E-01	1.234E-01	1.971E-02	1.037E-01
6.111E-01	1.215E-01	1.923E-02	1.023E-01
6.131E-01	1.196E-01	1.876E-02	1.009E-01
6.151E-01	1.178E-01	1.829E-02	9.946E-02
6.171E-01	1.159E-01	1.784E-02	9.806E-02
6.191E-01	1.141E-01	1.739E-02	9.668E-02
6.211E-01	1.123E-01	1.696E-02	9.530E-02
6.230E-01	1.105E-01	1.653E-02	9.393E-02
6.250E-01	1.087E-01	1.610E-02	9.257E-02
6.270E-01	1.069E-01	1.569E-02	9.121E-02
6.290E-01	1.052E-01	1.528E-02	8.987E-02
6.310E-01	1.034E-01	1.489E-02	8.854E-02
6.330E-01	1.017E-01	1.450E-02	8.722E-02
6.349E-01	1.000E-01	1.411E-02	8.590E-02
6.369E-01	9.834E-02	1.374E-02	8.460E-02
6.389E-01	9.667E-02	1.337E-02	8.330E-02
6.409E-01	9.503E-02	1.301E-02	8.202E-02
6.429E-01	9.340E-02	1.266E-02	8.074E-02
6.449E-01	9.179E-02	1.232E-02	7.948E-02
6.469E-01	9.020E-02	1.198E-02	7.822E-02
6.488E-01	8.862E-02	1.165E-02	7.697E-02
6.508E-01	8.706E-02	1.132E-02	7.574E-02
6.528E-01	8.552E-02	1.101E-02	7.451E-02
6.548E-01	8.399E-02	1.069E-02	7.330E-02
6.568E-01	8.248E-02	1.039E-02	7.209E-02
6.588E-01	8.099E-02	1.009E-02	7.090E-02
6.607E-01	7.952E-02	9.803E-03	6.972E-02
6.627E-01	7.806E-02	9.519E-03	6.854E-02
6.647E-01	7.662E-02	9.241E-03	6.738E-02
6.667E-01	7.520E-02	8.970E-03	6.623E-02
6.687E-01	7.379E-02	8.704E-03	6.508E-02
6.707E-01	7.240E-02	8.445E-03	6.395E-02
6.726E-01	7.102E-02	8.191E-03	6.283E-02
6.746E-01	6.967E-02	7.944E-03	6.172E-02
6.766E-01	6.833E-02	7.702E-03	6.062E-02
6.786E-01	6.700E-02	7.466E-03	5.954E-02
6.806E-01	6.569E-02	7.235E-03	5.846E-02
6.826E-01	6.440E-02	7.010E-03	5.739E-02
6.845E-01	6.313E-02	6.791E-03	5.634E-02
6.865E-01	6.187E-02	6.576E-03	5.529E-02
6.885E-01	6.062E-02	6.367E-03	5.426E-02
6.905E-01	5.940E-02	6.164E-03	5.323E-02
6.925E-01	5.819E-02	5.965E-03	5.222E-02
6.945E-01	5.699E-02	5.771E-03	5.122E-02
6.965E-01	5.581E-02	5.582E-03	5.023E-02
6.984E-01	5.465E-02	5.399E-03	4.925E-02
7.004E-01	5.351E-02	5.219E-03	4.829E-02
7.024E-01	5.237E-02	5.045E-03	4.733E-02
7.044E-01	5.126E-02	4.875E-03	4.638E-02
7.064E-01	5.016E-02	4.709E-03	4.545E-02
7.084E-01	4.907E-02	4.548E-03	4.453E-02
7.103E-01	4.800E-02	4.391E-03	4.361E-02
7.123E-01	4.695E-02	4.239E-03	4.271E-02
7.143E-01	4.591E-02	4.091E-03	4.182E-02
7.163E-01	4.489E-02	3.946E-03	4.094E-02
7.183E-01	4.388E-02	3.806E-03	4.008E-02
7.203E-01	4.289E-02	3.670E-03	3.922E-02
7.222E-01	4.191E-02	3.537E-03	3.837E-02
7.242E-01	4.095E-02	3.409E-03	3.754E-02
7.262E-01	4.000E-02	3.284E-03	3.671E-02
7.282E-01	3.906E-02	3.162E-03	3.590E-02
7.302E-01	3.814E-02	3.044E-03	3.510E-02
7.322E-01	3.724E-02	2.930E-03	3.431E-02
7.341E-01	3.635E-02	2.819E-03	3.353E-02
7.361E-01	3.547E-02	2.712E-03	3.276E-02
7.381E-01	3.461E-02	2.607E-03	3.200E-02
7.401E-01	3.376E-02	2.506E-03	3.125E-02
7.421E-01	3.293E-02	2.408E-03	3.052E-02
7.441E-01	3.211E-02	2.313E-03	2.979E-02
7.461E-01	3.130E-02	2.221E-03	2.908E-02
7.480E-01	3.051E-02	2.132E-03	2.837E-02
7.500E-01	2.973E-02	2.046E-03	2.768E-02
7.520E-01	2.896E-02	1.963E-03	2.700E-02
7.540E-01	2.821E-02	1.882E-03	2.633E-02
7.560E-01	2.747E-02	1.804E-03	2.567E-02
7.580E-01	2.674E-02	1.728E-03	2.501E-02
7.599E-01	2.603E-02	1.655E-03	2.437E-02
7.619E-01	2.533E-02	1.585E-03	2.374E-02
7.639E-01	2.464E-02	1.517E-03	2.313E-02
7.659E-01	2.397E-02	1.451E-03	2.252E-02
7.679E-01	2.331E-02	1.388E-03	2.192E-02
7.699E-01	2.266E-02	1.327E-03	2.133E-02
7.718E-01	2.202E-02	1.267E-03	2.075E-02
7.738E-01	2.139E-02	1.211E-03	2.018E-02
7.758E-01	2.078E-02	1.156E-03	1.962E-02
7.778E-01	2.018E-02	1.103E-03	1.908E-02
7.798E-01	1.959E-02	1.052E-03	1.854E-02
7.818E-01	1.901E-02	1.003E-03	1.801E-02
7.837E-01	1.845E-02	9.557E-04	1.749E-02
7.857E-01	1.789E-02	9.103E-04	1.698E-02
7.877E-01	1.735E-02	8.666E-04	1.649E-02
7.897E-01	1.682E-02	8.246E-04	1.600E-02
7.917E-01	1.630E-02	7.843E-04	1.552E-02
7.937E-01	1.579E-02	7.456E-04	1.505E-02
7.957E-01	1.529E-02	7.084E-04	1.459E-02
7.976E-01	1.481E-02	6.727E-04	1.413E-02
7.996E-01	1.433E-02	6.385E-04	1.369E-02
8.016E-01	1.386E-02	6.057E-04	1.326E-02
8.036E-01	1.341E-02	5.742E-04	1.284E-02
8.056E-01	1.296E-02	5.441E-04	1.242E-02
8.076E-01	1.253E-02	5.153E-04	1.201E-02
8.095E-01	1.211E-02	4.877E-04	1.162E-02
8.115E-01	1.169E-02	4.613E-04	1.123E-02
8.135E-01	1.129E-02	4.360E-04	1.085E-02
8.155E-01	1.089E-02	4.119E-04	1.048E-02
8.175E-01	1.051E-02	3.889E-04	1.012E-02
8.195E-01	1.013E-02	3.669E-04	9.763E-03
8.214E-01	9.763E-03	3.459E-04	9.417E-03
8.234E-01	9.406E-03	3.259E-04	9.080E-03
8.254E-01	9.058E-03	3.069E-04	8.751E-03
8.274E-01	8.719E-03	2.887E-04	8.430E-03
8.294E-01	8.389E-03	2.714E-04	8.117E-03
8.314E-01	8.067E-03	2.550E-04	7.812E-03
8.333E-01	7.754E-03	2.394E-04	7.515E-03
8.353E-01	7.450E-03	2.246E-04	7.225E-03
8.373E-01	7.154E-03	2.105E-04	6.943E-03
8.393E-01	6.866E-03	1.971E-04	6.669E-03
8.413E-01	6.587E-03	1.844E-04	6.402E-03
8.433E-01	6.315E-03	1.724E-04	6.142E-03
8.453E-01	6.051E-03	1.611E-04	5.890E-03
8.472E-01	5.795E-03	1.503E-04	5.645E-03
8.492E-01	5.547E-03	1.402E-04	5.407E-03
8.512E-01	5.306E-03	1.306E-04	5.175E-03
8.532E-01	5.072E-03	1.215E-04	4.951E-03
8.552E-01	4.846E-03	1.130E-04	4.733E-03
8.572E-01	4.627E-03	1.049E-04	4.522E-03
8.591E-01	4.415E-03	9.732E-05	4.317E-03
8.611E-01	4.209E-03	9.019E-05	4.119E-03
8.631E-01	4.011E-03	8.349E-05	3.927E-03
8.651E-01	3.819E-03	7.719E-05	3.742E-03
8.671E-01	3.633E-03	7.129E-05	3.562E-03
8.691E-01	3.454E-03	6.576E-05	3.388E-03
8.710E-01	3.281E-03	6.058E-05	3.221E-03
8.730E-01	3.115E-03	5.574E-05	3.059E-03
8.750E-01	2.954E-03	5.121E-05	2.903E-03
8.770E-01	2.799E-03	4.699E-05	2.752E-03
8.790E-01	2.650E-03	4.306E-05	2.607E-03
8.810E-01	2.507E-03	3.940E-05	2.467E-03
8.829E-01	2.369E-03	3.599E-05	2.333E-03
8.849E-01	2.236E-03	3.283E-05	2.203E-03
8.869E-01	2.109E-03	2.989E-05	2.079E-03
8.889E-01	1.987E-03	2.718E-05	1.960E-03
8.909E-01	1.870E-03	2.466E-05	1.845E-03
8.929E-01	1.758E-03	2.234E-05	1.735E-03
8.948E-01	1.650E-03	2.020E-05	1.630E-03
8.968E-01	1.548E-03	1.823E-05	1.529E-03
8.988E-01	1.449E-03	1.642E-05	1.433E-03
9.008E-01	1.356E-03	1.476E-05	1.341E-03
9.028E-01	1.266E-03	1.324E-05	1.253E-03
9.048E-01	1.181E-03	1.184E-05	1.169E-03
9.068E-01	1.100E-03	1.057E-05	1.090E-03
9.087E-01	1.023E-03	9.416E-06	1.014E-03
9.107E-01	9.499E-04	8.363E-06	9.416E-04
9.127E-01	8.805E-04	7.408E-06	8.731E-04
9.147E-01	8.147E-04	6.544E-06	8.081E-04
9.167E-01	7.524E-04	5.764E-06	7.466E-04
9.187E-01	6.936E-04	5.061E-06	6.885E-04
9.206E-01	6.380E-04	4.430E-06	6.336E-04
9.226E-01	5.857E-04	3.864E-06	5.818E-04
9.246E-01	5.364E-04	3.359E-06	5.331E-04
9.266E-01	4.902E-04	2.909E-06	4.873E-04
9.286E-01	4.468E-04	2.509E-06	4.443E-04
9.306E-01	4.062E-04	2.155E-06	4.040E-04
9.325E-01	3.682E-04	1.843E-06	3.664E-04
9.345E-01	3.329E-04	1.568E-06	3.313E-04
9.365E-01	2.999E-04	1.328E-06	2.986E-04
9.385E-01	2.694E-04	1.119E-06	2.683E-04
9.405E-01	2.411E-04	9.374E-07	2.401E-04
9.425E-01	2.149E-04	7.806E-07	2.142E-04
9.444E-01	1.909E-04	6.459E-07	1.902E-04
9.464E-01	1.687E-04	5.307E-07	1.682E-04
9.484E-01	1.485E-04	4.328E-07	1.481E-04
9.504E-01	1.300E-04	3.502E-07	1.297E-04
9.524E-01	1.132E-04	2.809E-07	1.130E-04
9.544E-01	9.803E-05	2.232E-07	9.781E-05
9.564E-01	8.433E-05	1.756E-07	8.415E-05
9.583E-01	7.203E-05	1.366E-07	7.189E-05
9.603E-01	6.105E-05	1.050E-07	6.095E-05
9.623E-01	5.131E-05	7.956E-08	5.123E-05
9.643E-01	4.272E-05	5.941E-08	4.266E-05
9.663E-01	3.520E-05	4.363E-08	3.515E-05
9.683E-01	2.866E-05	3.145E-08	2.863E-05
9.702E-01	2.303E-05	2.220E-08	2.300E-05
9.722E-01	1.822E-05	1.529E-08	1.821E-05
9.742E-01	1.418E-05	1.025E-08	1.417E-05
9.762E-01	1.081E-05	6.654E-09	1.080E-05
9.782E-01	8.045E-06	4.160E-09	8.041E-06
9.802E-01	5.823E-06	2.487E-09	5.821E-06
9.821E-01	4.074E-06	1.408E-09	4.072E-06
9.841E-01	2.732E-06	7.457E-10	2.731E-06
9.861E-01	1.737E-06	3.627E-10	1.737E-06
9.881E-01	1.030E-06	1.579E-10	1.030E-06
9.901E-01	5.547E-07	5.902E-11	5.546E-07
9.921E-01	2.605E-07	1.770E-11	2.605E-07
9.940E-01	9.812E-08	3.753E-12	9.811E-08
9.960E-01	2.447E-08	4.351E-13	2.447E-08
9.980E-01	2.525E-09	1.255E-14	2.525E-09
1.000E+00	0.000E+00	0.000E+00	0.000E+00
