Q0 = 0.5 GeV	 Q = 0.5 GeV
x	 x*uv	 x*dv	 x*(uv-dv)
1.000E-04	1.594E-02	9.375E-03	6.563E-03
1.009E-04	1.601E-02	9.418E-03	6.594E-03
1.019E-04	1.609E-02	9.461E-03	6.624E-03
1.028E-04	1.616E-02	9.505E-03	6.655E-03
1.038E-04	1.623E-02	9.549E-03	6.685E-03
1.047E-04	1.631E-02	9.593E-03	6.716E-03
1.057E-04	1.638E-02	9.637E-03	6.747E-03
1.067E-04	1.646E-02	9.682E-03	6.778E-03
1.076E-04	1.654E-02	9.726E-03	6.810E-03
1.086E-04	1.661E-02	9.771E-03	6.841E-03
1.096E-04	1.669E-02	9.816E-03	6.873E-03
1.107E-04	1.677E-02	9.862E-03	6.904E-03
1.117E-04	1.684E-02	9.907E-03	6.936E-03
1.127E-04	1.692E-02	9.953E-03	6.968E-03
1.138E-04	1.700E-02	9.999E-03	7.001E-03
1.148E-04	1.708E-02	1.004E-02	7.033E-03
1.159E-04	1.716E-02	1.009E-02	7.065E-03
1.169E-04	1.724E-02	1.014E-02	7.098E-03
1.180E-04	1.732E-02	1.018E-02	7.131E-03
1.191E-04	1.740E-02	1.023E-02	7.164E-03
1.202E-04	1.748E-02	1.028E-02	7.197E-03
1.213E-04	1.756E-02	1.033E-02	7.230E-03
1.225E-04	1.764E-02	1.037E-02	7.263E-03
1.236E-04	1.772E-02	1.042E-02	7.297E-03
1.247E-04	1.780E-02	1.047E-02	7.331E-03
1.259E-04	1.788E-02	1.052E-02	7.364E-03
1.271E-04	1.797E-02	1.057E-02	7.398E-03
1.282E-04	1.805E-02	1.062E-02	7.433E-03
1.294E-04	1.813E-02	1.066E-02	7.467E-03
1.306E-04	1.822E-02	1.071E-02	7.501E-03
1.318E-04	1.830E-02	1.076E-02	7.536E-03
1.330E-04	1.838E-02	1.081E-02	7.571E-03
1.343E-04	1.847E-02	1.086E-02	7.606E-03
1.355E-04	1.855E-02	1.091E-02	7.641E-03
1.368E-04	1.864E-02	1.096E-02	7.676E-03
1.380E-04	1.873E-02	1.101E-02	7.712E-03
1.393E-04	1.881E-02	1.106E-02	7.747E-03
1.406E-04	1.890E-02	1.112E-02	7.783E-03
1.419E-04	1.899E-02	1.117E-02	7.819E-03
1.432E-04	1.907E-02	1.122E-02	7.855E-03
1.445E-04	1.916E-02	1.127E-02	7.891E-03
1.459E-04	1.925E-02	1.132E-02	7.928E-03
1.472E-04	1.934E-02	1.137E-02	7.964E-03
1.486E-04	1.943E-02	1.143E-02	8.001E-03
1.500E-04	1.952E-02	1.148E-02	8.038E-03
1.514E-04	1.961E-02	1.153E-02	8.075E-03
1.528E-04	1.970E-02	1.159E-02	8.112E-03
1.542E-04	1.979E-02	1.164E-02	8.150E-03
1.556E-04	1.988E-02	1.169E-02	8.188E-03
1.570E-04	1.997E-02	1.175E-02	8.225E-03
1.585E-04	2.006E-02	1.180E-02	8.263E-03
1.600E-04	2.016E-02	1.186E-02	8.301E-03
1.614E-04	2.025E-02	1.191E-02	8.340E-03
1.629E-04	2.034E-02	1.197E-02	8.378E-03
1.644E-04	2.044E-02	1.202E-02	8.417E-03
1.660E-04	2.053E-02	1.208E-02	8.456E-03
1.675E-04	2.063E-02	1.213E-02	8.495E-03
1.690E-04	2.072E-02	1.219E-02	8.534E-03
1.706E-04	2.082E-02	1.224E-02	8.574E-03
1.722E-04	2.091E-02	1.230E-02	8.613E-03
1.738E-04	2.101E-02	1.236E-02	8.653E-03
1.754E-04	2.111E-02	1.241E-02	8.693E-03
1.770E-04	2.120E-02	1.247E-02	8.733E-03
1.786E-04	2.130E-02	1.253E-02	8.773E-03
1.803E-04	2.140E-02	1.259E-02	8.814E-03
1.820E-04	2.150E-02	1.265E-02	8.855E-03
1.837E-04	2.160E-02	1.270E-02	8.895E-03
1.854E-04	2.170E-02	1.276E-02	8.936E-03
1.871E-04	2.180E-02	1.282E-02	8.978E-03
1.888E-04	2.190E-02	1.288E-02	9.019E-03
1.905E-04	2.200E-02	1.294E-02	9.061E-03
1.923E-04	2.210E-02	1.300E-02	9.103E-03
1.941E-04	2.220E-02	1.306E-02	9.145E-03
1.959E-04	2.231E-02	1.312E-02	9.187E-03
1.977E-04	2.241E-02	1.318E-02	9.229E-03
1.995E-04	2.251E-02	1.324E-02	9.272E-03
2.014E-04	2.262E-02	1.330E-02	9.315E-03
2.032E-04	2.272E-02	1.336E-02	9.358E-03
2.051E-04	2.283E-02	1.343E-02	9.401E-03
2.070E-04	2.293E-02	1.349E-02	9.444E-03
2.089E-04	2.304E-02	1.355E-02	9.488E-03
2.109E-04	2.314E-02	1.361E-02	9.532E-03
2.128E-04	2.325E-02	1.367E-02	9.576E-03
2.148E-04	2.336E-02	1.374E-02	9.620E-03
2.168E-04	2.347E-02	1.380E-02	9.665E-03
2.188E-04	2.357E-02	1.387E-02	9.709E-03
2.208E-04	2.368E-02	1.393E-02	9.754E-03
2.228E-04	2.379E-02	1.399E-02	9.799E-03
2.249E-04	2.390E-02	1.406E-02	9.844E-03
2.270E-04	2.401E-02	1.412E-02	9.890E-03
2.291E-04	2.412E-02	1.419E-02	9.936E-03
2.312E-04	2.423E-02	1.425E-02	9.981E-03
2.333E-04	2.435E-02	1.432E-02	1.003E-02
2.355E-04	2.446E-02	1.439E-02	1.007E-02
2.377E-04	2.457E-02	1.445E-02	1.012E-02
2.399E-04	2.469E-02	1.452E-02	1.017E-02
2.421E-04	2.480E-02	1.459E-02	1.021E-02
2.443E-04	2.491E-02	1.465E-02	1.026E-02
2.466E-04	2.503E-02	1.472E-02	1.031E-02
2.489E-04	2.514E-02	1.479E-02	1.036E-02
2.512E-04	2.526E-02	1.486E-02	1.040E-02
2.535E-04	2.538E-02	1.493E-02	1.045E-02
2.559E-04	2.549E-02	1.499E-02	1.050E-02
2.582E-04	2.561E-02	1.506E-02	1.055E-02
2.606E-04	2.573E-02	1.513E-02	1.060E-02
2.630E-04	2.585E-02	1.520E-02	1.065E-02
2.655E-04	2.597E-02	1.527E-02	1.070E-02
2.679E-04	2.609E-02	1.534E-02	1.075E-02
2.704E-04	2.621E-02	1.541E-02	1.079E-02
2.729E-04	2.633E-02	1.549E-02	1.084E-02
2.754E-04	2.645E-02	1.556E-02	1.089E-02
2.780E-04	2.657E-02	1.563E-02	1.095E-02
2.805E-04	2.670E-02	1.570E-02	1.100E-02
2.831E-04	2.682E-02	1.577E-02	1.105E-02
2.858E-04	2.694E-02	1.585E-02	1.110E-02
2.884E-04	2.707E-02	1.592E-02	1.115E-02
2.911E-04	2.719E-02	1.599E-02	1.120E-02
2.938E-04	2.732E-02	1.607E-02	1.125E-02
2.965E-04	2.744E-02	1.614E-02	1.130E-02
2.992E-04	2.757E-02	1.621E-02	1.136E-02
3.020E-04	2.770E-02	1.629E-02	1.141E-02
3.048E-04	2.783E-02	1.636E-02	1.146E-02
3.076E-04	2.795E-02	1.644E-02	1.151E-02
3.105E-04	2.808E-02	1.652E-02	1.157E-02
3.133E-04	2.821E-02	1.659E-02	1.162E-02
3.162E-04	2.834E-02	1.667E-02	1.167E-02
3.192E-04	2.847E-02	1.675E-02	1.173E-02
3.221E-04	2.861E-02	1.682E-02	1.178E-02
3.251E-04	2.874E-02	1.690E-02	1.184E-02
3.281E-04	2.887E-02	1.698E-02	1.189E-02
3.311E-04	2.900E-02	1.706E-02	1.195E-02
3.342E-04	2.914E-02	1.714E-02	1.200E-02
3.373E-04	2.927E-02	1.721E-02	1.206E-02
3.404E-04	2.941E-02	1.729E-02	1.211E-02
3.436E-04	2.954E-02	1.737E-02	1.217E-02
3.467E-04	2.968E-02	1.745E-02	1.223E-02
3.499E-04	2.982E-02	1.753E-02	1.228E-02
3.532E-04	2.995E-02	1.762E-02	1.234E-02
3.565E-04	3.009E-02	1.770E-02	1.240E-02
3.597E-04	3.023E-02	1.778E-02	1.245E-02
3.631E-04	3.037E-02	1.786E-02	1.251E-02
3.664E-04	3.051E-02	1.794E-02	1.257E-02
3.698E-04	3.065E-02	1.803E-02	1.263E-02
3.733E-04	3.079E-02	1.811E-02	1.268E-02
3.767E-04	3.094E-02	1.819E-02	1.274E-02
3.802E-04	3.108E-02	1.828E-02	1.280E-02
3.837E-04	3.122E-02	1.836E-02	1.286E-02
3.873E-04	3.137E-02	1.845E-02	1.292E-02
3.908E-04	3.151E-02	1.853E-02	1.298E-02
3.945E-04	3.166E-02	1.862E-02	1.304E-02
3.981E-04	3.180E-02	1.870E-02	1.310E-02
4.018E-04	3.195E-02	1.879E-02	1.316E-02
4.055E-04	3.210E-02	1.887E-02	1.322E-02
4.093E-04	3.224E-02	1.896E-02	1.328E-02
4.130E-04	3.239E-02	1.905E-02	1.334E-02
4.169E-04	3.254E-02	1.914E-02	1.341E-02
4.207E-04	3.269E-02	1.923E-02	1.347E-02
4.246E-04	3.284E-02	1.931E-02	1.353E-02
4.285E-04	3.300E-02	1.940E-02	1.359E-02
4.325E-04	3.315E-02	1.949E-02	1.366E-02
4.365E-04	3.330E-02	1.958E-02	1.372E-02
4.406E-04	3.345E-02	1.967E-02	1.378E-02
4.446E-04	3.361E-02	1.976E-02	1.385E-02
4.487E-04	3.376E-02	1.986E-02	1.391E-02
4.529E-04	3.392E-02	1.995E-02	1.397E-02
4.571E-04	3.408E-02	2.004E-02	1.404E-02
4.613E-04	3.423E-02	2.013E-02	1.410E-02
4.656E-04	3.439E-02	2.022E-02	1.417E-02
4.699E-04	3.455E-02	2.032E-02	1.423E-02
4.742E-04	3.471E-02	2.041E-02	1.430E-02
4.786E-04	3.487E-02	2.051E-02	1.437E-02
4.831E-04	3.503E-02	2.060E-02	1.443E-02
4.875E-04	3.519E-02	2.069E-02	1.450E-02
4.920E-04	3.536E-02	2.079E-02	1.457E-02
4.966E-04	3.552E-02	2.089E-02	1.463E-02
5.012E-04	3.568E-02	2.098E-02	1.470E-02
5.058E-04	3.585E-02	2.108E-02	1.477E-02
5.105E-04	3.601E-02	2.118E-02	1.484E-02
5.152E-04	3.618E-02	2.127E-02	1.491E-02
5.200E-04	3.635E-02	2.137E-02	1.497E-02
5.248E-04	3.651E-02	2.147E-02	1.504E-02
5.297E-04	3.668E-02	2.157E-02	1.511E-02
5.346E-04	3.685E-02	2.167E-02	1.518E-02
5.395E-04	3.702E-02	2.177E-02	1.525E-02
5.445E-04	3.719E-02	2.187E-02	1.532E-02
5.495E-04	3.737E-02	2.197E-02	1.539E-02
5.546E-04	3.754E-02	2.207E-02	1.547E-02
5.598E-04	3.771E-02	2.217E-02	1.554E-02
5.649E-04	3.789E-02	2.228E-02	1.561E-02
5.702E-04	3.806E-02	2.238E-02	1.568E-02
5.754E-04	3.824E-02	2.248E-02	1.575E-02
5.808E-04	3.841E-02	2.259E-02	1.583E-02
5.861E-04	3.859E-02	2.269E-02	1.590E-02
5.916E-04	3.877E-02	2.280E-02	1.597E-02
5.970E-04	3.895E-02	2.290E-02	1.605E-02
6.026E-04	3.913E-02	2.301E-02	1.612E-02
6.081E-04	3.931E-02	2.311E-02	1.620E-02
6.138E-04	3.949E-02	2.322E-02	1.627E-02
6.194E-04	3.967E-02	2.333E-02	1.635E-02
6.252E-04	3.985E-02	2.343E-02	1.642E-02
6.310E-04	4.004E-02	2.354E-02	1.650E-02
6.368E-04	4.022E-02	2.365E-02	1.657E-02
6.427E-04	4.041E-02	2.376E-02	1.665E-02
6.486E-04	4.060E-02	2.387E-02	1.673E-02
6.546E-04	4.078E-02	2.398E-02	1.680E-02
6.607E-04	4.097E-02	2.409E-02	1.688E-02
6.668E-04	4.116E-02	2.420E-02	1.696E-02
6.730E-04	4.135E-02	2.431E-02	1.704E-02
6.792E-04	4.154E-02	2.442E-02	1.712E-02
6.855E-04	4.173E-02	2.454E-02	1.720E-02
6.918E-04	4.193E-02	2.465E-02	1.728E-02
6.982E-04	4.212E-02	2.476E-02	1.736E-02
7.047E-04	4.231E-02	2.488E-02	1.744E-02
7.112E-04	4.251E-02	2.499E-02	1.752E-02
7.178E-04	4.271E-02	2.511E-02	1.760E-02
7.244E-04	4.290E-02	2.522E-02	1.768E-02
7.311E-04	4.310E-02	2.534E-02	1.776E-02
7.379E-04	4.330E-02	2.546E-02	1.784E-02
7.447E-04	4.350E-02	2.557E-02	1.793E-02
7.516E-04	4.370E-02	2.569E-02	1.801E-02
7.586E-04	4.390E-02	2.581E-02	1.809E-02
7.656E-04	4.410E-02	2.593E-02	1.817E-02
7.727E-04	4.431E-02	2.605E-02	1.826E-02
7.798E-04	4.451E-02	2.617E-02	1.834E-02
7.870E-04	4.472E-02	2.629E-02	1.843E-02
7.943E-04	4.493E-02	2.641E-02	1.851E-02
8.017E-04	4.513E-02	2.653E-02	1.860E-02
8.091E-04	4.534E-02	2.666E-02	1.869E-02
8.166E-04	4.555E-02	2.678E-02	1.877E-02
8.241E-04	4.576E-02	2.690E-02	1.886E-02
8.318E-04	4.597E-02	2.703E-02	1.895E-02
8.395E-04	4.618E-02	2.715E-02	1.903E-02
8.472E-04	4.640E-02	2.728E-02	1.912E-02
8.551E-04	4.661E-02	2.740E-02	1.921E-02
8.630E-04	4.683E-02	2.753E-02	1.930E-02
8.710E-04	4.704E-02	2.766E-02	1.939E-02
8.790E-04	4.726E-02	2.778E-02	1.948E-02
8.872E-04	4.748E-02	2.791E-02	1.957E-02
8.954E-04	4.770E-02	2.804E-02	1.966E-02
9.036E-04	4.792E-02	2.817E-02	1.975E-02
9.120E-04	4.814E-02	2.830E-02	1.984E-02
9.204E-04	4.836E-02	2.843E-02	1.993E-02
9.290E-04	4.858E-02	2.856E-02	2.002E-02
9.376E-04	4.881E-02	2.869E-02	2.012E-02
9.462E-04	4.903E-02	2.882E-02	2.021E-02
9.550E-04	4.926E-02	2.896E-02	2.030E-02
9.638E-04	4.949E-02	2.909E-02	2.040E-02
9.727E-04	4.972E-02	2.923E-02	2.049E-02
9.817E-04	4.995E-02	2.936E-02	2.059E-02
9.908E-04	5.018E-02	2.950E-02	2.068E-02
1.000E-03	5.041E-02	2.963E-02	2.078E-02
1.009E-03	5.064E-02	2.977E-02	2.087E-02
1.019E-03	5.088E-02	2.991E-02	2.097E-02
1.028E-03	5.111E-02	3.004E-02	2.107E-02
1.038E-03	5.135E-02	3.018E-02	2.116E-02
1.047E-03	5.158E-02	3.032E-02	2.126E-02
1.057E-03	5.182E-02	3.046E-02	2.136E-02
1.067E-03	5.206E-02	3.060E-02	2.146E-02
1.076E-03	5.230E-02	3.074E-02	2.156E-02
1.086E-03	5.254E-02	3.088E-02	2.166E-02
1.096E-03	5.279E-02	3.103E-02	2.176E-02
1.107E-03	5.303E-02	3.117E-02	2.186E-02
1.117E-03	5.327E-02	3.131E-02	2.196E-02
1.127E-03	5.352E-02	3.146E-02	2.206E-02
1.138E-03	5.377E-02	3.160E-02	2.216E-02
1.148E-03	5.402E-02	3.175E-02	2.227E-02
1.159E-03	5.427E-02	3.189E-02	2.237E-02
1.169E-03	5.452E-02	3.204E-02	2.247E-02
1.180E-03	5.477E-02	3.219E-02	2.258E-02
1.191E-03	5.502E-02	3.234E-02	2.268E-02
1.202E-03	5.527E-02	3.249E-02	2.279E-02
1.213E-03	5.553E-02	3.264E-02	2.289E-02
1.225E-03	5.579E-02	3.279E-02	2.300E-02
1.236E-03	5.604E-02	3.294E-02	2.311E-02
1.247E-03	5.630E-02	3.309E-02	2.321E-02
1.259E-03	5.656E-02	3.324E-02	2.332E-02
1.271E-03	5.682E-02	3.340E-02	2.343E-02
1.282E-03	5.709E-02	3.355E-02	2.354E-02
1.294E-03	5.735E-02	3.370E-02	2.365E-02
1.306E-03	5.761E-02	3.386E-02	2.376E-02
1.318E-03	5.788E-02	3.402E-02	2.387E-02
1.330E-03	5.815E-02	3.417E-02	2.398E-02
1.343E-03	5.842E-02	3.433E-02	2.409E-02
1.355E-03	5.869E-02	3.449E-02	2.420E-02
1.368E-03	5.896E-02	3.465E-02	2.431E-02
1.380E-03	5.923E-02	3.481E-02	2.442E-02
1.393E-03	5.950E-02	3.497E-02	2.454E-02
1.406E-03	5.978E-02	3.513E-02	2.465E-02
1.419E-03	6.005E-02	3.529E-02	2.476E-02
1.432E-03	6.033E-02	3.545E-02	2.488E-02
1.445E-03	6.061E-02	3.562E-02	2.499E-02
1.459E-03	6.089E-02	3.578E-02	2.511E-02
1.472E-03	6.117E-02	3.595E-02	2.523E-02
1.486E-03	6.145E-02	3.611E-02	2.534E-02
1.500E-03	6.174E-02	3.628E-02	2.546E-02
1.514E-03	6.202E-02	3.644E-02	2.558E-02
1.528E-03	6.231E-02	3.661E-02	2.570E-02
1.542E-03	6.260E-02	3.678E-02	2.582E-02
1.556E-03	6.289E-02	3.695E-02	2.593E-02
1.570E-03	6.318E-02	3.712E-02	2.606E-02
1.585E-03	6.347E-02	3.729E-02	2.618E-02
1.600E-03	6.376E-02	3.746E-02	2.630E-02
1.614E-03	6.406E-02	3.764E-02	2.642E-02
1.629E-03	6.435E-02	3.781E-02	2.654E-02
1.644E-03	6.465E-02	3.798E-02	2.666E-02
1.660E-03	6.495E-02	3.816E-02	2.679E-02
1.675E-03	6.525E-02	3.834E-02	2.691E-02
1.690E-03	6.555E-02	3.851E-02	2.704E-02
1.706E-03	6.585E-02	3.869E-02	2.716E-02
1.722E-03	6.616E-02	3.887E-02	2.729E-02
1.738E-03	6.646E-02	3.905E-02	2.741E-02
1.754E-03	6.677E-02	3.923E-02	2.754E-02
1.770E-03	6.708E-02	3.941E-02	2.767E-02
1.786E-03	6.739E-02	3.959E-02	2.780E-02
1.803E-03	6.770E-02	3.977E-02	2.793E-02
1.820E-03	6.801E-02	3.995E-02	2.806E-02
1.837E-03	6.832E-02	4.014E-02	2.819E-02
1.854E-03	6.864E-02	4.032E-02	2.832E-02
1.871E-03	6.896E-02	4.051E-02	2.845E-02
1.888E-03	6.928E-02	4.070E-02	2.858E-02
1.905E-03	6.960E-02	4.088E-02	2.871E-02
1.923E-03	6.992E-02	4.107E-02	2.885E-02
1.941E-03	7.024E-02	4.126E-02	2.898E-02
1.959E-03	7.056E-02	4.145E-02	2.911E-02
1.977E-03	7.089E-02	4.164E-02	2.925E-02
1.995E-03	7.122E-02	4.183E-02	2.938E-02
2.014E-03	7.155E-02	4.203E-02	2.952E-02
2.032E-03	7.188E-02	4.222E-02	2.966E-02
2.051E-03	7.221E-02	4.241E-02	2.980E-02
2.070E-03	7.254E-02	4.261E-02	2.993E-02
2.089E-03	7.288E-02	4.281E-02	3.007E-02
2.109E-03	7.321E-02	4.300E-02	3.021E-02
2.128E-03	7.355E-02	4.320E-02	3.035E-02
2.148E-03	7.389E-02	4.340E-02	3.049E-02
2.168E-03	7.423E-02	4.360E-02	3.063E-02
2.188E-03	7.458E-02	4.380E-02	3.078E-02
2.208E-03	7.492E-02	4.400E-02	3.092E-02
2.228E-03	7.527E-02	4.421E-02	3.106E-02
2.249E-03	7.562E-02	4.441E-02	3.121E-02
2.270E-03	7.596E-02	4.461E-02	3.135E-02
2.291E-03	7.632E-02	4.482E-02	3.150E-02
2.312E-03	7.667E-02	4.503E-02	3.164E-02
2.333E-03	7.702E-02	4.523E-02	3.179E-02
2.355E-03	7.738E-02	4.544E-02	3.194E-02
2.377E-03	7.774E-02	4.565E-02	3.209E-02
2.399E-03	7.809E-02	4.586E-02	3.223E-02
2.421E-03	7.846E-02	4.607E-02	3.238E-02
2.443E-03	7.882E-02	4.628E-02	3.253E-02
2.466E-03	7.918E-02	4.650E-02	3.269E-02
2.489E-03	7.955E-02	4.671E-02	3.284E-02
2.512E-03	7.992E-02	4.693E-02	3.299E-02
2.535E-03	8.028E-02	4.714E-02	3.314E-02
2.559E-03	8.066E-02	4.736E-02	3.330E-02
2.582E-03	8.103E-02	4.758E-02	3.345E-02
2.606E-03	8.140E-02	4.780E-02	3.361E-02
2.630E-03	8.178E-02	4.802E-02	3.376E-02
2.655E-03	8.216E-02	4.824E-02	3.392E-02
2.679E-03	8.254E-02	4.846E-02	3.408E-02
2.704E-03	8.292E-02	4.868E-02	3.424E-02
2.729E-03	8.330E-02	4.891E-02	3.440E-02
2.754E-03	8.369E-02	4.913E-02	3.455E-02
2.780E-03	8.407E-02	4.936E-02	3.472E-02
2.805E-03	8.446E-02	4.958E-02	3.488E-02
2.831E-03	8.485E-02	4.981E-02	3.504E-02
2.858E-03	8.524E-02	5.004E-02	3.520E-02
2.884E-03	8.564E-02	5.027E-02	3.537E-02
2.911E-03	8.603E-02	5.050E-02	3.553E-02
2.938E-03	8.643E-02	5.074E-02	3.569E-02
2.965E-03	8.683E-02	5.097E-02	3.586E-02
2.992E-03	8.723E-02	5.120E-02	3.603E-02
3.020E-03	8.763E-02	5.144E-02	3.619E-02
3.048E-03	8.804E-02	5.168E-02	3.636E-02
3.076E-03	8.845E-02	5.191E-02	3.653E-02
3.105E-03	8.885E-02	5.215E-02	3.670E-02
3.133E-03	8.926E-02	5.239E-02	3.687E-02
3.162E-03	8.968E-02	5.263E-02	3.704E-02
3.192E-03	9.009E-02	5.288E-02	3.722E-02
3.221E-03	9.051E-02	5.312E-02	3.739E-02
3.251E-03	9.093E-02	5.336E-02	3.756E-02
3.281E-03	9.135E-02	5.361E-02	3.774E-02
3.311E-03	9.177E-02	5.385E-02	3.791E-02
3.342E-03	9.219E-02	5.410E-02	3.809E-02
3.373E-03	9.262E-02	5.435E-02	3.827E-02
3.404E-03	9.305E-02	5.460E-02	3.845E-02
3.436E-03	9.348E-02	5.485E-02	3.862E-02
3.467E-03	9.391E-02	5.510E-02	3.880E-02
3.499E-03	9.434E-02	5.536E-02	3.898E-02
3.532E-03	9.478E-02	5.561E-02	3.917E-02
3.565E-03	9.522E-02	5.587E-02	3.935E-02
3.597E-03	9.566E-02	5.613E-02	3.953E-02
3.631E-03	9.610E-02	5.638E-02	3.972E-02
3.664E-03	9.654E-02	5.664E-02	3.990E-02
3.698E-03	9.699E-02	5.690E-02	4.009E-02
3.733E-03	9.744E-02	5.716E-02	4.027E-02
3.767E-03	9.789E-02	5.743E-02	4.046E-02
3.802E-03	9.834E-02	5.769E-02	4.065E-02
3.837E-03	9.879E-02	5.796E-02	4.084E-02
3.873E-03	9.925E-02	5.822E-02	4.103E-02
3.908E-03	9.971E-02	5.849E-02	4.122E-02
3.945E-03	1.002E-01	5.876E-02	4.141E-02
3.981E-03	1.006E-01	5.903E-02	4.160E-02
4.018E-03	1.011E-01	5.930E-02	4.180E-02
4.055E-03	1.016E-01	5.957E-02	4.199E-02
4.093E-03	1.020E-01	5.985E-02	4.219E-02
4.130E-03	1.025E-01	6.012E-02	4.239E-02
4.169E-03	1.030E-01	6.040E-02	4.258E-02
4.207E-03	1.035E-01	6.068E-02	4.278E-02
4.246E-03	1.039E-01	6.095E-02	4.298E-02
4.285E-03	1.044E-01	6.123E-02	4.318E-02
4.325E-03	1.049E-01	6.152E-02	4.338E-02
4.365E-03	1.054E-01	6.180E-02	4.359E-02
4.406E-03	1.059E-01	6.208E-02	4.379E-02
4.446E-03	1.064E-01	6.237E-02	4.399E-02
4.487E-03	1.069E-01	6.265E-02	4.420E-02
4.529E-03	1.073E-01	6.294E-02	4.440E-02
4.571E-03	1.078E-01	6.323E-02	4.461E-02
4.613E-03	1.083E-01	6.352E-02	4.482E-02
4.656E-03	1.088E-01	6.381E-02	4.503E-02
4.699E-03	1.093E-01	6.411E-02	4.524E-02
4.742E-03	1.098E-01	6.440E-02	4.545E-02
4.786E-03	1.104E-01	6.470E-02	4.566E-02
4.831E-03	1.109E-01	6.499E-02	4.587E-02
4.875E-03	1.114E-01	6.529E-02	4.609E-02
4.920E-03	1.119E-01	6.559E-02	4.630E-02
4.966E-03	1.124E-01	6.589E-02	4.652E-02
5.012E-03	1.129E-01	6.619E-02	4.674E-02
5.058E-03	1.135E-01	6.650E-02	4.696E-02
5.105E-03	1.140E-01	6.680E-02	4.718E-02
5.152E-03	1.145E-01	6.711E-02	4.740E-02
5.200E-03	1.150E-01	6.742E-02	4.762E-02
5.248E-03	1.156E-01	6.773E-02	4.784E-02
5.297E-03	1.161E-01	6.804E-02	4.806E-02
5.346E-03	1.166E-01	6.835E-02	4.829E-02
5.395E-03	1.172E-01	6.866E-02	4.851E-02
5.445E-03	1.177E-01	6.898E-02	4.874E-02
5.495E-03	1.183E-01	6.929E-02	4.897E-02
5.546E-03	1.188E-01	6.961E-02	4.920E-02
5.598E-03	1.194E-01	6.993E-02	4.943E-02
5.649E-03	1.199E-01	7.025E-02	4.966E-02
5.702E-03	1.205E-01	7.057E-02	4.989E-02
5.754E-03	1.210E-01	7.090E-02	5.012E-02
5.808E-03	1.216E-01	7.122E-02	5.036E-02
5.861E-03	1.221E-01	7.155E-02	5.059E-02
5.916E-03	1.227E-01	7.188E-02	5.083E-02
5.970E-03	1.233E-01	7.221E-02	5.107E-02
6.026E-03	1.238E-01	7.254E-02	5.131E-02
6.081E-03	1.244E-01	7.287E-02	5.155E-02
6.138E-03	1.250E-01	7.320E-02	5.179E-02
6.194E-03	1.256E-01	7.354E-02	5.203E-02
6.252E-03	1.262E-01	7.388E-02	5.228E-02
6.310E-03	1.267E-01	7.422E-02	5.252E-02
6.368E-03	1.273E-01	7.456E-02	5.277E-02
6.427E-03	1.279E-01	7.490E-02	5.301E-02
6.486E-03	1.285E-01	7.524E-02	5.326E-02
6.546E-03	1.291E-01	7.559E-02	5.351E-02
6.607E-03	1.297E-01	7.593E-02	5.376E-02
6.668E-03	1.303E-01	7.628E-02	5.401E-02
6.730E-03	1.309E-01	7.663E-02	5.427E-02
6.792E-03	1.315E-01	7.698E-02	5.452E-02
6.855E-03	1.321E-01	7.733E-02	5.478E-02
6.918E-03	1.327E-01	7.769E-02	5.503E-02
6.982E-03	1.333E-01	7.804E-02	5.529E-02
7.047E-03	1.340E-01	7.840E-02	5.555E-02
7.112E-03	1.346E-01	7.876E-02	5.581E-02
7.178E-03	1.352E-01	7.912E-02	5.607E-02
7.244E-03	1.358E-01	7.948E-02	5.634E-02
7.311E-03	1.364E-01	7.984E-02	5.660E-02
7.379E-03	1.371E-01	8.021E-02	5.687E-02
7.447E-03	1.377E-01	8.058E-02	5.713E-02
7.516E-03	1.383E-01	8.095E-02	5.740E-02
7.586E-03	1.390E-01	8.132E-02	5.767E-02
7.656E-03	1.396E-01	8.169E-02	5.794E-02
7.727E-03	1.403E-01	8.206E-02	5.822E-02
7.798E-03	1.409E-01	8.244E-02	5.849E-02
7.870E-03	1.416E-01	8.281E-02	5.876E-02
7.943E-03	1.422E-01	8.319E-02	5.904E-02
8.017E-03	1.429E-01	8.357E-02	5.932E-02
8.091E-03	1.436E-01	8.395E-02	5.960E-02
8.166E-03	1.442E-01	8.434E-02	5.988E-02
8.241E-03	1.449E-01	8.472E-02	6.016E-02
8.318E-03	1.456E-01	8.511E-02	6.044E-02
8.395E-03	1.462E-01	8.550E-02	6.073E-02
8.472E-03	1.469E-01	8.589E-02	6.101E-02
8.551E-03	1.476E-01	8.628E-02	6.130E-02
8.630E-03	1.483E-01	8.668E-02	6.159E-02
8.710E-03	1.489E-01	8.707E-02	6.188E-02
8.790E-03	1.496E-01	8.747E-02	6.217E-02
8.872E-03	1.503E-01	8.787E-02	6.246E-02
8.954E-03	1.510E-01	8.827E-02	6.276E-02
9.036E-03	1.517E-01	8.867E-02	6.305E-02
9.120E-03	1.524E-01	8.908E-02	6.335E-02
9.204E-03	1.531E-01	8.949E-02	6.365E-02
9.290E-03	1.538E-01	8.989E-02	6.395E-02
9.376E-03	1.546E-01	9.030E-02	6.425E-02
9.462E-03	1.553E-01	9.072E-02	6.455E-02
9.550E-03	1.560E-01	9.113E-02	6.486E-02
9.638E-03	1.567E-01	9.155E-02	6.516E-02
9.727E-03	1.574E-01	9.196E-02	6.547E-02
9.817E-03	1.582E-01	9.238E-02	6.578E-02
9.908E-03	1.589E-01	9.280E-02	6.609E-02
1.000E-02	1.596E-01	9.323E-02	6.640E-02
1.009E-02	1.604E-01	9.365E-02	6.671E-02
1.019E-02	1.611E-01	9.408E-02	6.703E-02
1.028E-02	1.619E-01	9.451E-02	6.735E-02
1.038E-02	1.626E-01	9.494E-02	6.766E-02
1.047E-02	1.634E-01	9.537E-02	6.798E-02
1.057E-02	1.641E-01	9.580E-02	6.830E-02
1.067E-02	1.649E-01	9.624E-02	6.863E-02
1.076E-02	1.656E-01	9.668E-02	6.895E-02
1.086E-02	1.664E-01	9.712E-02	6.928E-02
1.096E-02	1.672E-01	9.756E-02	6.961E-02
1.107E-02	1.679E-01	9.801E-02	6.993E-02
1.117E-02	1.687E-01	9.845E-02	7.027E-02
1.127E-02	1.695E-01	9.890E-02	7.060E-02
1.138E-02	1.703E-01	9.935E-02	7.093E-02
1.148E-02	1.711E-01	9.980E-02	7.127E-02
1.159E-02	1.719E-01	1.003E-01	7.161E-02
1.169E-02	1.727E-01	1.007E-01	7.194E-02
1.180E-02	1.735E-01	1.012E-01	7.229E-02
1.191E-02	1.743E-01	1.016E-01	7.263E-02
1.202E-02	1.751E-01	1.021E-01	7.297E-02
1.213E-02	1.759E-01	1.026E-01	7.332E-02
1.225E-02	1.767E-01	1.030E-01	7.367E-02
1.236E-02	1.775E-01	1.035E-01	7.401E-02
1.247E-02	1.783E-01	1.040E-01	7.437E-02
1.259E-02	1.791E-01	1.044E-01	7.472E-02
1.271E-02	1.800E-01	1.049E-01	7.507E-02
1.282E-02	1.808E-01	1.054E-01	7.543E-02
1.294E-02	1.816E-01	1.059E-01	7.579E-02
1.306E-02	1.825E-01	1.063E-01	7.615E-02
1.318E-02	1.833E-01	1.068E-01	7.651E-02
1.330E-02	1.842E-01	1.073E-01	7.687E-02
1.343E-02	1.850E-01	1.078E-01	7.724E-02
1.355E-02	1.859E-01	1.083E-01	7.761E-02
1.368E-02	1.867E-01	1.088E-01	7.797E-02
1.380E-02	1.876E-01	1.093E-01	7.835E-02
1.393E-02	1.885E-01	1.098E-01	7.872E-02
1.406E-02	1.893E-01	1.103E-01	7.909E-02
1.419E-02	1.902E-01	1.108E-01	7.947E-02
1.432E-02	1.911E-01	1.113E-01	7.985E-02
1.445E-02	1.920E-01	1.118E-01	8.023E-02
1.459E-02	1.929E-01	1.123E-01	8.061E-02
1.472E-02	1.938E-01	1.128E-01	8.099E-02
1.486E-02	1.947E-01	1.133E-01	8.138E-02
1.500E-02	1.956E-01	1.138E-01	8.177E-02
1.514E-02	1.965E-01	1.143E-01	8.216E-02
1.528E-02	1.974E-01	1.148E-01	8.255E-02
1.542E-02	1.983E-01	1.153E-01	8.294E-02
1.556E-02	1.992E-01	1.159E-01	8.334E-02
1.570E-02	2.001E-01	1.164E-01	8.374E-02
1.585E-02	2.011E-01	1.169E-01	8.414E-02
1.600E-02	2.020E-01	1.174E-01	8.454E-02
1.614E-02	2.029E-01	1.180E-01	8.494E-02
1.629E-02	2.039E-01	1.185E-01	8.535E-02
1.644E-02	2.048E-01	1.190E-01	8.576E-02
1.660E-02	2.057E-01	1.196E-01	8.617E-02
1.675E-02	2.067E-01	1.201E-01	8.658E-02
1.690E-02	2.077E-01	1.207E-01	8.699E-02
1.706E-02	2.086E-01	1.212E-01	8.741E-02
1.722E-02	2.096E-01	1.217E-01	8.783E-02
1.738E-02	2.105E-01	1.223E-01	8.825E-02
1.754E-02	2.115E-01	1.228E-01	8.867E-02
1.770E-02	2.125E-01	1.234E-01	8.910E-02
1.786E-02	2.135E-01	1.240E-01	8.952E-02
1.803E-02	2.145E-01	1.245E-01	8.995E-02
1.820E-02	2.155E-01	1.251E-01	9.038E-02
1.837E-02	2.165E-01	1.256E-01	9.082E-02
1.854E-02	2.175E-01	1.262E-01	9.125E-02
1.871E-02	2.185E-01	1.268E-01	9.169E-02
1.888E-02	2.195E-01	1.273E-01	9.213E-02
1.905E-02	2.205E-01	1.279E-01	9.257E-02
1.923E-02	2.215E-01	1.285E-01	9.302E-02
1.941E-02	2.225E-01	1.291E-01	9.346E-02
1.959E-02	2.235E-01	1.296E-01	9.391E-02
1.977E-02	2.246E-01	1.302E-01	9.437E-02
1.995E-02	2.256E-01	1.308E-01	9.482E-02
2.014E-02	2.267E-01	1.314E-01	9.528E-02
2.032E-02	2.277E-01	1.320E-01	9.573E-02
2.051E-02	2.288E-01	1.326E-01	9.619E-02
2.070E-02	2.298E-01	1.332E-01	9.666E-02
2.089E-02	2.309E-01	1.338E-01	9.712E-02
2.109E-02	2.319E-01	1.343E-01	9.759E-02
2.128E-02	2.330E-01	1.349E-01	9.806E-02
2.148E-02	2.341E-01	1.356E-01	9.853E-02
2.168E-02	2.352E-01	1.362E-01	9.901E-02
2.188E-02	2.363E-01	1.368E-01	9.949E-02
2.208E-02	2.373E-01	1.374E-01	9.997E-02
2.228E-02	2.384E-01	1.380E-01	1.005E-01
2.249E-02	2.395E-01	1.386E-01	1.009E-01
2.270E-02	2.406E-01	1.392E-01	1.014E-01
2.291E-02	2.418E-01	1.398E-01	1.019E-01
2.312E-02	2.429E-01	1.405E-01	1.024E-01
2.333E-02	2.440E-01	1.411E-01	1.029E-01
2.355E-02	2.451E-01	1.417E-01	1.034E-01
2.377E-02	2.462E-01	1.423E-01	1.039E-01
2.399E-02	2.474E-01	1.430E-01	1.044E-01
2.421E-02	2.485E-01	1.436E-01	1.049E-01
2.443E-02	2.497E-01	1.442E-01	1.054E-01
2.466E-02	2.508E-01	1.449E-01	1.059E-01
2.489E-02	2.520E-01	1.455E-01	1.064E-01
2.512E-02	2.531E-01	1.462E-01	1.070E-01
2.535E-02	2.543E-01	1.468E-01	1.075E-01
2.559E-02	2.555E-01	1.475E-01	1.080E-01
2.582E-02	2.566E-01	1.481E-01	1.085E-01
2.606E-02	2.578E-01	1.488E-01	1.091E-01
2.630E-02	2.590E-01	1.494E-01	1.096E-01
2.655E-02	2.602E-01	1.501E-01	1.101E-01
2.679E-02	2.614E-01	1.508E-01	1.106E-01
2.704E-02	2.626E-01	1.514E-01	1.112E-01
2.729E-02	2.638E-01	1.521E-01	1.117E-01
2.754E-02	2.650E-01	1.528E-01	1.123E-01
2.780E-02	2.663E-01	1.534E-01	1.128E-01
2.805E-02	2.675E-01	1.541E-01	1.134E-01
2.831E-02	2.687E-01	1.548E-01	1.139E-01
2.858E-02	2.699E-01	1.555E-01	1.145E-01
2.884E-02	2.712E-01	1.562E-01	1.150E-01
2.911E-02	2.724E-01	1.568E-01	1.156E-01
2.938E-02	2.737E-01	1.575E-01	1.162E-01
2.965E-02	2.749E-01	1.582E-01	1.167E-01
2.992E-02	2.762E-01	1.589E-01	1.173E-01
3.020E-02	2.775E-01	1.596E-01	1.179E-01
3.048E-02	2.787E-01	1.603E-01	1.184E-01
3.076E-02	2.800E-01	1.610E-01	1.190E-01
3.105E-02	2.813E-01	1.617E-01	1.196E-01
3.133E-02	2.826E-01	1.624E-01	1.202E-01
3.162E-02	2.839E-01	1.631E-01	1.208E-01
3.192E-02	2.852E-01	1.638E-01	1.214E-01
3.221E-02	2.865E-01	1.645E-01	1.220E-01
3.251E-02	2.878E-01	1.653E-01	1.226E-01
3.281E-02	2.891E-01	1.660E-01	1.232E-01
3.311E-02	2.905E-01	1.667E-01	1.238E-01
3.342E-02	2.918E-01	1.674E-01	1.244E-01
3.373E-02	2.931E-01	1.681E-01	1.250E-01
3.404E-02	2.945E-01	1.689E-01	1.256E-01
3.436E-02	2.958E-01	1.696E-01	1.262E-01
3.467E-02	2.972E-01	1.703E-01	1.268E-01
3.499E-02	2.985E-01	1.711E-01	1.275E-01
3.532E-02	2.999E-01	1.718E-01	1.281E-01
3.565E-02	3.013E-01	1.726E-01	1.287E-01
3.597E-02	3.027E-01	1.733E-01	1.294E-01
3.631E-02	3.040E-01	1.740E-01	1.300E-01
3.664E-02	3.054E-01	1.748E-01	1.306E-01
3.698E-02	3.068E-01	1.755E-01	1.313E-01
3.733E-02	3.082E-01	1.763E-01	1.319E-01
3.767E-02	3.096E-01	1.771E-01	1.326E-01
3.802E-02	3.110E-01	1.778E-01	1.332E-01
3.837E-02	3.125E-01	1.786E-01	1.339E-01
3.873E-02	3.139E-01	1.793E-01	1.345E-01
3.908E-02	3.153E-01	1.801E-01	1.352E-01
3.945E-02	3.167E-01	1.809E-01	1.359E-01
3.981E-02	3.182E-01	1.816E-01	1.366E-01
4.018E-02	3.196E-01	1.824E-01	1.372E-01
4.055E-02	3.211E-01	1.832E-01	1.379E-01
4.093E-02	3.226E-01	1.840E-01	1.386E-01
4.130E-02	3.240E-01	1.847E-01	1.393E-01
4.169E-02	3.255E-01	1.855E-01	1.400E-01
4.207E-02	3.270E-01	1.863E-01	1.407E-01
4.246E-02	3.285E-01	1.871E-01	1.414E-01
4.285E-02	3.299E-01	1.879E-01	1.421E-01
4.325E-02	3.314E-01	1.887E-01	1.428E-01
4.365E-02	3.329E-01	1.895E-01	1.435E-01
4.406E-02	3.345E-01	1.903E-01	1.442E-01
4.446E-02	3.360E-01	1.911E-01	1.449E-01
4.487E-02	3.375E-01	1.919E-01	1.456E-01
4.529E-02	3.390E-01	1.927E-01	1.463E-01
4.571E-02	3.405E-01	1.935E-01	1.471E-01
4.613E-02	3.421E-01	1.943E-01	1.478E-01
4.656E-02	3.436E-01	1.951E-01	1.485E-01
4.699E-02	3.452E-01	1.959E-01	1.493E-01
4.742E-02	3.467E-01	1.967E-01	1.500E-01
4.786E-02	3.483E-01	1.975E-01	1.508E-01
4.831E-02	3.499E-01	1.983E-01	1.515E-01
4.875E-02	3.514E-01	1.992E-01	1.523E-01
4.920E-02	3.530E-01	2.000E-01	1.530E-01
4.966E-02	3.546E-01	2.008E-01	1.538E-01
5.012E-02	3.562E-01	2.016E-01	1.546E-01
5.058E-02	3.578E-01	2.025E-01	1.553E-01
5.105E-02	3.594E-01	2.033E-01	1.561E-01
5.152E-02	3.610E-01	2.041E-01	1.569E-01
5.200E-02	3.626E-01	2.050E-01	1.577E-01
5.248E-02	3.643E-01	2.058E-01	1.585E-01
5.297E-02	3.659E-01	2.066E-01	1.593E-01
5.346E-02	3.675E-01	2.075E-01	1.601E-01
5.395E-02	3.692E-01	2.083E-01	1.609E-01
5.445E-02	3.708E-01	2.091E-01	1.617E-01
5.495E-02	3.725E-01	2.100E-01	1.625E-01
5.546E-02	3.741E-01	2.108E-01	1.633E-01
5.598E-02	3.758E-01	2.117E-01	1.641E-01
5.649E-02	3.775E-01	2.125E-01	1.649E-01
5.702E-02	3.791E-01	2.134E-01	1.658E-01
5.754E-02	3.808E-01	2.142E-01	1.666E-01
5.808E-02	3.825E-01	2.151E-01	1.674E-01
5.861E-02	3.842E-01	2.159E-01	1.683E-01
5.916E-02	3.859E-01	2.168E-01	1.691E-01
5.970E-02	3.876E-01	2.176E-01	1.700E-01
6.026E-02	3.893E-01	2.185E-01	1.708E-01
6.081E-02	3.910E-01	2.194E-01	1.717E-01
6.138E-02	3.928E-01	2.202E-01	1.725E-01
6.194E-02	3.945E-01	2.211E-01	1.734E-01
6.252E-02	3.962E-01	2.219E-01	1.743E-01
6.310E-02	3.980E-01	2.228E-01	1.751E-01
6.368E-02	3.997E-01	2.237E-01	1.760E-01
6.427E-02	4.015E-01	2.245E-01	1.769E-01
6.486E-02	4.032E-01	2.254E-01	1.778E-01
6.546E-02	4.050E-01	2.263E-01	1.787E-01
6.607E-02	4.067E-01	2.271E-01	1.796E-01
6.668E-02	4.085E-01	2.280E-01	1.805E-01
6.730E-02	4.103E-01	2.289E-01	1.814E-01
6.792E-02	4.121E-01	2.297E-01	1.823E-01
6.855E-02	4.139E-01	2.306E-01	1.832E-01
6.918E-02	4.157E-01	2.315E-01	1.842E-01
6.982E-02	4.175E-01	2.324E-01	1.851E-01
7.047E-02	4.193E-01	2.332E-01	1.860E-01
7.112E-02	4.211E-01	2.341E-01	1.870E-01
7.178E-02	4.229E-01	2.350E-01	1.879E-01
7.244E-02	4.247E-01	2.358E-01	1.889E-01
7.311E-02	4.265E-01	2.367E-01	1.898E-01
7.379E-02	4.283E-01	2.376E-01	1.908E-01
7.447E-02	4.302E-01	2.385E-01	1.917E-01
7.516E-02	4.320E-01	2.393E-01	1.927E-01
7.586E-02	4.339E-01	2.402E-01	1.937E-01
7.656E-02	4.357E-01	2.411E-01	1.946E-01
7.727E-02	4.376E-01	2.419E-01	1.956E-01
7.798E-02	4.394E-01	2.428E-01	1.966E-01
7.870E-02	4.413E-01	2.437E-01	1.976E-01
7.943E-02	4.431E-01	2.445E-01	1.986E-01
8.017E-02	4.450E-01	2.454E-01	1.996E-01
8.091E-02	4.469E-01	2.463E-01	2.006E-01
8.166E-02	4.487E-01	2.471E-01	2.016E-01
8.241E-02	4.506E-01	2.480E-01	2.026E-01
8.318E-02	4.525E-01	2.489E-01	2.037E-01
8.395E-02	4.544E-01	2.497E-01	2.047E-01
8.472E-02	4.563E-01	2.506E-01	2.057E-01
8.551E-02	4.582E-01	2.514E-01	2.067E-01
8.630E-02	4.601E-01	2.523E-01	2.078E-01
8.710E-02	4.620E-01	2.531E-01	2.088E-01
8.790E-02	4.639E-01	2.540E-01	2.099E-01
8.872E-02	4.658E-01	2.548E-01	2.109E-01
8.954E-02	4.677E-01	2.557E-01	2.120E-01
9.036E-02	4.696E-01	2.565E-01	2.131E-01
9.120E-02	4.715E-01	2.574E-01	2.141E-01
9.204E-02	4.734E-01	2.582E-01	2.152E-01
9.290E-02	4.753E-01	2.591E-01	2.163E-01
9.376E-02	4.773E-01	2.599E-01	2.174E-01
9.462E-02	4.792E-01	2.607E-01	2.185E-01
9.550E-02	4.811E-01	2.615E-01	2.196E-01
9.638E-02	4.830E-01	2.624E-01	2.207E-01
9.727E-02	4.850E-01	2.632E-01	2.218E-01
9.817E-02	4.869E-01	2.640E-01	2.229E-01
9.908E-02	4.888E-01	2.648E-01	2.240E-01
1.000E-01	4.907E-01	2.656E-01	2.251E-01
1.009E-01	4.927E-01	2.664E-01	2.262E-01
1.019E-01	4.946E-01	2.672E-01	2.274E-01
1.028E-01	4.965E-01	2.680E-01	2.285E-01
1.038E-01	4.985E-01	2.688E-01	2.296E-01
1.047E-01	5.004E-01	2.696E-01	2.308E-01
1.057E-01	5.023E-01	2.704E-01	2.319E-01
1.067E-01	5.043E-01	2.712E-01	2.331E-01
1.076E-01	5.062E-01	2.720E-01	2.342E-01
1.086E-01	5.081E-01	2.727E-01	2.354E-01
1.096E-01	5.100E-01	2.735E-01	2.366E-01
1.107E-01	5.120E-01	2.742E-01	2.377E-01
1.117E-01	5.139E-01	2.750E-01	2.389E-01
1.127E-01	5.158E-01	2.757E-01	2.401E-01
1.138E-01	5.177E-01	2.765E-01	2.413E-01
1.148E-01	5.197E-01	2.772E-01	2.425E-01
1.159E-01	5.216E-01	2.779E-01	2.437E-01
1.169E-01	5.235E-01	2.786E-01	2.449E-01
1.180E-01	5.254E-01	2.793E-01	2.461E-01
1.191E-01	5.273E-01	2.800E-01	2.473E-01
1.202E-01	5.292E-01	2.807E-01	2.485E-01
1.213E-01	5.311E-01	2.814E-01	2.497E-01
1.225E-01	5.330E-01	2.821E-01	2.509E-01
1.236E-01	5.349E-01	2.828E-01	2.521E-01
1.247E-01	5.368E-01	2.834E-01	2.534E-01
1.259E-01	5.386E-01	2.841E-01	2.546E-01
1.271E-01	5.405E-01	2.847E-01	2.558E-01
1.282E-01	5.424E-01	2.853E-01	2.571E-01
1.294E-01	5.442E-01	2.860E-01	2.583E-01
1.306E-01	5.461E-01	2.866E-01	2.595E-01
1.318E-01	5.479E-01	2.872E-01	2.608E-01
1.330E-01	5.498E-01	2.878E-01	2.620E-01
1.343E-01	5.516E-01	2.883E-01	2.633E-01
1.355E-01	5.534E-01	2.889E-01	2.645E-01
1.368E-01	5.553E-01	2.895E-01	2.658E-01
1.380E-01	5.571E-01	2.900E-01	2.671E-01
1.393E-01	5.589E-01	2.905E-01	2.683E-01
1.406E-01	5.606E-01	2.910E-01	2.696E-01
1.419E-01	5.624E-01	2.916E-01	2.709E-01
1.432E-01	5.642E-01	2.920E-01	2.721E-01
1.445E-01	5.659E-01	2.925E-01	2.734E-01
1.459E-01	5.677E-01	2.930E-01	2.747E-01
1.472E-01	5.694E-01	2.934E-01	2.760E-01
1.486E-01	5.711E-01	2.939E-01	2.772E-01
1.500E-01	5.728E-01	2.943E-01	2.785E-01
1.514E-01	5.745E-01	2.947E-01	2.798E-01
1.528E-01	5.762E-01	2.951E-01	2.811E-01
1.542E-01	5.779E-01	2.955E-01	2.824E-01
1.556E-01	5.795E-01	2.958E-01	2.837E-01
1.570E-01	5.811E-01	2.962E-01	2.850E-01
1.585E-01	5.827E-01	2.965E-01	2.862E-01
1.600E-01	5.843E-01	2.968E-01	2.875E-01
1.614E-01	5.859E-01	2.971E-01	2.888E-01
1.629E-01	5.875E-01	2.974E-01	2.901E-01
1.644E-01	5.890E-01	2.976E-01	2.914E-01
1.660E-01	5.905E-01	2.979E-01	2.927E-01
1.675E-01	5.920E-01	2.981E-01	2.940E-01
1.690E-01	5.935E-01	2.983E-01	2.952E-01
1.706E-01	5.950E-01	2.985E-01	2.965E-01
1.722E-01	5.964E-01	2.986E-01	2.978E-01
1.738E-01	5.978E-01	2.988E-01	2.991E-01
1.754E-01	5.992E-01	2.989E-01	3.004E-01
1.770E-01	6.006E-01	2.990E-01	3.016E-01
1.786E-01	6.019E-01	2.990E-01	3.029E-01
1.803E-01	6.033E-01	2.991E-01	3.042E-01
1.820E-01	6.046E-01	2.991E-01	3.055E-01
1.837E-01	6.058E-01	2.991E-01	3.067E-01
1.854E-01	6.071E-01	2.991E-01	3.080E-01
1.871E-01	6.083E-01	2.990E-01	3.092E-01
1.888E-01	6.095E-01	2.990E-01	3.105E-01
1.905E-01	6.106E-01	2.989E-01	3.117E-01
1.923E-01	6.117E-01	2.987E-01	3.130E-01
1.941E-01	6.128E-01	2.986E-01	3.142E-01
1.959E-01	6.139E-01	2.984E-01	3.154E-01
1.977E-01	6.149E-01	2.982E-01	3.167E-01
1.995E-01	6.159E-01	2.980E-01	3.179E-01
2.014E-01	6.168E-01	2.977E-01	3.191E-01
2.032E-01	6.177E-01	2.974E-01	3.203E-01
2.051E-01	6.186E-01	2.971E-01	3.215E-01
2.070E-01	6.195E-01	2.968E-01	3.227E-01
2.089E-01	6.203E-01	2.964E-01	3.238E-01
2.109E-01	6.210E-01	2.960E-01	3.250E-01
2.128E-01	6.217E-01	2.956E-01	3.262E-01
2.148E-01	6.224E-01	2.951E-01	3.273E-01
2.168E-01	6.231E-01	2.946E-01	3.284E-01
2.188E-01	6.236E-01	2.941E-01	3.296E-01
2.208E-01	6.242E-01	2.935E-01	3.307E-01
2.228E-01	6.247E-01	2.929E-01	3.318E-01
2.249E-01	6.252E-01	2.923E-01	3.329E-01
2.270E-01	6.256E-01	2.916E-01	3.339E-01
2.291E-01	6.259E-01	2.909E-01	3.350E-01
2.312E-01	6.262E-01	2.902E-01	3.360E-01
2.333E-01	6.265E-01	2.894E-01	3.370E-01
2.355E-01	6.267E-01	2.886E-01	3.381E-01
2.377E-01	6.268E-01	2.878E-01	3.390E-01
2.399E-01	6.269E-01	2.869E-01	3.400E-01
2.421E-01	6.270E-01	2.860E-01	3.410E-01
2.443E-01	6.270E-01	2.851E-01	3.419E-01
2.466E-01	6.269E-01	2.841E-01	3.428E-01
2.489E-01	6.268E-01	2.830E-01	3.437E-01
2.512E-01	6.266E-01	2.820E-01	3.446E-01
2.535E-01	6.263E-01	2.809E-01	3.455E-01
2.559E-01	6.260E-01	2.797E-01	3.463E-01
2.582E-01	6.256E-01	2.786E-01	3.471E-01
2.606E-01	6.252E-01	2.773E-01	3.479E-01
2.630E-01	6.247E-01	2.761E-01	3.486E-01
2.655E-01	6.241E-01	2.748E-01	3.494E-01
2.679E-01	6.235E-01	2.734E-01	3.501E-01
2.704E-01	6.228E-01	2.720E-01	3.507E-01
2.729E-01	6.220E-01	2.706E-01	3.514E-01
2.754E-01	6.211E-01	2.691E-01	3.520E-01
2.780E-01	6.202E-01	2.676E-01	3.526E-01
2.805E-01	6.192E-01	2.661E-01	3.531E-01
2.831E-01	6.181E-01	2.645E-01	3.537E-01
2.858E-01	6.170E-01	2.628E-01	3.541E-01
2.884E-01	6.157E-01	2.611E-01	3.546E-01
2.911E-01	6.144E-01	2.594E-01	3.550E-01
2.938E-01	6.130E-01	2.576E-01	3.554E-01
2.965E-01	6.116E-01	2.558E-01	3.557E-01
2.992E-01	6.100E-01	2.540E-01	3.560E-01
3.020E-01	6.084E-01	2.521E-01	3.563E-01
3.048E-01	6.067E-01	2.501E-01	3.565E-01
3.076E-01	6.048E-01	2.481E-01	3.567E-01
3.105E-01	6.029E-01	2.461E-01	3.568E-01
3.133E-01	6.010E-01	2.440E-01	3.569E-01
3.162E-01	5.989E-01	2.419E-01	3.570E-01
3.192E-01	5.967E-01	2.398E-01	3.570E-01
3.221E-01	5.945E-01	2.376E-01	3.569E-01
3.251E-01	5.921E-01	2.353E-01	3.568E-01
3.281E-01	5.897E-01	2.330E-01	3.567E-01
3.311E-01	5.871E-01	2.307E-01	3.564E-01
3.342E-01	5.845E-01	2.283E-01	3.562E-01
3.373E-01	5.818E-01	2.259E-01	3.559E-01
3.404E-01	5.790E-01	2.235E-01	3.555E-01
3.436E-01	5.760E-01	2.210E-01	3.551E-01
3.467E-01	5.730E-01	2.184E-01	3.546E-01
3.499E-01	5.699E-01	2.158E-01	3.541E-01
3.532E-01	5.667E-01	2.132E-01	3.535E-01
3.565E-01	5.634E-01	2.106E-01	3.528E-01
3.597E-01	5.599E-01	2.079E-01	3.521E-01
3.631E-01	5.564E-01	2.052E-01	3.513E-01
3.664E-01	5.528E-01	2.024E-01	3.504E-01
3.698E-01	5.491E-01	1.996E-01	3.495E-01
3.733E-01	5.452E-01	1.968E-01	3.485E-01
3.767E-01	5.413E-01	1.939E-01	3.474E-01
3.802E-01	5.372E-01	1.910E-01	3.463E-01
3.837E-01	5.331E-01	1.880E-01	3.450E-01
3.873E-01	5.288E-01	1.851E-01	3.438E-01
3.908E-01	5.245E-01	1.821E-01	3.424E-01
3.945E-01	5.200E-01	1.791E-01	3.410E-01
3.981E-01	5.154E-01	1.760E-01	3.394E-01
4.018E-01	5.108E-01	1.729E-01	3.378E-01
4.055E-01	5.060E-01	1.698E-01	3.362E-01
4.093E-01	5.011E-01	1.667E-01	3.344E-01
4.130E-01	4.961E-01	1.635E-01	3.326E-01
4.169E-01	4.910E-01	1.604E-01	3.307E-01
4.207E-01	4.858E-01	1.572E-01	3.286E-01
4.246E-01	4.805E-01	1.540E-01	3.266E-01
4.285E-01	4.751E-01	1.508E-01	3.244E-01
4.325E-01	4.696E-01	1.475E-01	3.221E-01
4.365E-01	4.640E-01	1.443E-01	3.198E-01
4.406E-01	4.583E-01	1.410E-01	3.173E-01
4.446E-01	4.525E-01	1.377E-01	3.148E-01
4.487E-01	4.466E-01	1.345E-01	3.122E-01
4.529E-01	4.407E-01	1.312E-01	3.095E-01
4.571E-01	4.346E-01	1.279E-01	3.067E-01
4.613E-01	4.284E-01	1.246E-01	3.038E-01
4.656E-01	4.221E-01	1.214E-01	3.008E-01
4.699E-01	4.158E-01	1.181E-01	2.977E-01
4.742E-01	4.093E-01	1.148E-01	2.945E-01
4.786E-01	4.028E-01	1.115E-01	2.913E-01
4.831E-01	3.962E-01	1.083E-01	2.879E-01
4.875E-01	3.895E-01	1.051E-01	2.845E-01
4.920E-01	3.828E-01	1.018E-01	2.809E-01
4.966E-01	3.759E-01	9.863E-02	2.773E-01
5.012E-01	3.690E-01	9.545E-02	2.736E-01
5.058E-01	3.621E-01	9.229E-02	2.698E-01
5.105E-01	3.550E-01	8.915E-02	2.659E-01
5.152E-01	3.479E-01	8.604E-02	2.619E-01
5.200E-01	3.408E-01	8.295E-02	2.578E-01
5.248E-01	3.336E-01	7.990E-02	2.537E-01
5.297E-01	3.263E-01	7.689E-02	2.494E-01
5.346E-01	3.190E-01	7.391E-02	2.451E-01
5.395E-01	3.117E-01	7.096E-02	2.407E-01
5.445E-01	3.043E-01	6.806E-02	2.362E-01
5.495E-01	2.969E-01	6.521E-02	2.317E-01
5.546E-01	2.894E-01	6.240E-02	2.270E-01
5.598E-01	2.820E-01	5.963E-02	2.223E-01
5.649E-01	2.745E-01	5.692E-02	2.175E-01
5.702E-01	2.670E-01	5.426E-02	2.127E-01
5.754E-01	2.595E-01	5.165E-02	2.078E-01
5.808E-01	2.519E-01	4.910E-02	2.028E-01
5.861E-01	2.444E-01	4.661E-02	1.978E-01
5.916E-01	2.369E-01	4.418E-02	1.927E-01
5.970E-01	2.294E-01	4.181E-02	1.876E-01
6.026E-01	2.220E-01	3.950E-02	1.825E-01
6.081E-01	2.145E-01	3.725E-02	1.773E-01
6.138E-01	2.071E-01	3.508E-02	1.720E-01
6.194E-01	1.997E-01	3.297E-02	1.668E-01
6.252E-01	1.924E-01	3.092E-02	1.615E-01
6.310E-01	1.851E-01	2.895E-02	1.562E-01
6.368E-01	1.779E-01	2.705E-02	1.508E-01
6.427E-01	1.707E-01	2.522E-02	1.455E-01
6.486E-01	1.636E-01	2.346E-02	1.402E-01
6.546E-01	1.566E-01	2.177E-02	1.348E-01
6.607E-01	1.497E-01	2.016E-02	1.295E-01
6.668E-01	1.428E-01	1.862E-02	1.242E-01
6.730E-01	1.361E-01	1.715E-02	1.190E-01
6.792E-01	1.295E-01	1.575E-02	1.137E-01
6.855E-01	1.229E-01	1.443E-02	1.085E-01
6.918E-01	1.165E-01	1.317E-02	1.034E-01
6.982E-01	1.102E-01	1.199E-02	9.824E-02
7.047E-01	1.041E-01	1.087E-02	9.320E-02
7.112E-01	9.805E-02	9.828E-03	8.822E-02
7.178E-01	9.217E-02	8.850E-03	8.332E-02
7.244E-01	8.643E-02	7.937E-03	7.850E-02
7.311E-01	8.086E-02	7.089E-03	7.377E-02
7.379E-01	7.544E-02	6.304E-03	6.914E-02
7.447E-01	7.019E-02	5.579E-03	6.461E-02
7.516E-01	6.511E-02	4.913E-03	6.019E-02
7.586E-01	6.020E-02	4.304E-03	5.590E-02
7.656E-01	5.548E-02	3.749E-03	5.173E-02
7.727E-01	5.095E-02	3.245E-03	4.770E-02
7.798E-01	4.660E-02	2.791E-03	4.381E-02
7.870E-01	4.245E-02	2.384E-03	4.006E-02
7.943E-01	3.849E-02	2.021E-03	3.647E-02
8.017E-01	3.473E-02	1.699E-03	3.303E-02
8.091E-01	3.118E-02	1.416E-03	2.976E-02
8.166E-01	2.783E-02	1.169E-03	2.666E-02
8.241E-01	2.468E-02	9.545E-04	2.373E-02
8.318E-01	2.174E-02	7.707E-04	2.097E-02
8.395E-01	1.901E-02	6.144E-04	1.839E-02
8.472E-01	1.648E-02	4.830E-04	1.599E-02
8.551E-01	1.415E-02	3.738E-04	1.378E-02
8.630E-01	1.203E-02	2.842E-04	1.174E-02
8.710E-01	1.010E-02	2.119E-04	9.890E-03
8.790E-01	8.372E-03	1.545E-04	8.218E-03
8.872E-01	6.832E-03	1.098E-04	6.723E-03
8.954E-01	5.477E-03	7.568E-05	5.401E-03
9.036E-01	4.299E-03	5.038E-05	4.249E-03
9.120E-01	3.291E-03	3.217E-05	3.259E-03
9.204E-01	2.445E-03	1.953E-05	2.425E-03
9.290E-01	1.750E-03	1.114E-05	1.738E-03
9.376E-01	1.194E-03	5.871E-06	1.188E-03
9.462E-01	7.660E-04	2.791E-06	7.632E-04
9.550E-01	4.515E-04	1.152E-06	4.504E-04
9.638E-01	2.355E-04	3.876E-07	2.351E-04
9.727E-01	1.012E-04	9.440E-08	1.011E-04
9.817E-01	3.052E-05	1.276E-08	3.051E-05
9.908E-01	3.885E-06	4.090E-10	3.885E-06
