Q0 = 0.8 GeV	 Q = 3.2 GeV
x	 x*uv	 x*dv	 x*(uv-dv)
5.000E-04	3.987E-02	2.309E-02	1.679E-02
1.500E-03	6.431E-02	3.683E-02	2.748E-02
2.500E-03	7.972E-02	4.539E-02	3.433E-02
3.500E-03	9.151E-02	5.186E-02	3.964E-02
4.500E-03	1.012E-01	5.713E-02	4.405E-02
5.500E-03	1.095E-01	6.159E-02	4.787E-02
6.500E-03	1.167E-01	6.546E-02	5.124E-02
7.500E-03	1.231E-01	6.887E-02	5.428E-02
8.500E-03	1.290E-01	7.192E-02	5.704E-02
9.500E-03	1.342E-01	7.467E-02	5.958E-02
1.050E-02	1.391E-01	7.716E-02	6.194E-02
1.150E-02	1.436E-01	7.944E-02	6.413E-02
1.250E-02	1.477E-01	8.153E-02	6.619E-02
1.350E-02	1.516E-01	8.346E-02	6.812E-02
1.450E-02	1.552E-01	8.524E-02	6.995E-02
1.550E-02	1.586E-01	8.689E-02	7.167E-02
1.650E-02	1.617E-01	8.842E-02	7.331E-02
1.750E-02	1.647E-01	8.985E-02	7.487E-02
1.850E-02	1.675E-01	9.118E-02	7.636E-02
1.950E-02	1.702E-01	9.241E-02	7.778E-02
2.050E-02	1.727E-01	9.357E-02	7.913E-02
2.150E-02	1.751E-01	9.466E-02	8.043E-02
2.250E-02	1.773E-01	9.567E-02	8.168E-02
2.350E-02	1.795E-01	9.662E-02	8.287E-02
2.450E-02	1.815E-01	9.750E-02	8.402E-02
2.550E-02	1.835E-01	9.833E-02	8.513E-02
2.650E-02	1.853E-01	9.911E-02	8.620E-02
2.750E-02	1.871E-01	9.984E-02	8.722E-02
2.850E-02	1.887E-01	1.005E-01	8.821E-02
2.950E-02	1.903E-01	1.012E-01	8.917E-02
3.050E-02	1.918E-01	1.018E-01	9.009E-02
3.150E-02	1.933E-01	1.023E-01	9.098E-02
3.250E-02	1.947E-01	1.028E-01	9.184E-02
3.350E-02	1.960E-01	1.033E-01	9.267E-02
3.450E-02	1.972E-01	1.038E-01	9.348E-02
3.550E-02	1.984E-01	1.042E-01	9.426E-02
3.650E-02	1.996E-01	1.046E-01	9.501E-02
3.750E-02	2.007E-01	1.049E-01	9.575E-02
3.850E-02	2.017E-01	1.053E-01	9.645E-02
3.950E-02	2.027E-01	1.056E-01	9.714E-02
4.050E-02	2.036E-01	1.058E-01	9.781E-02
4.150E-02	2.045E-01	1.061E-01	9.845E-02
4.250E-02	2.054E-01	1.063E-01	9.908E-02
4.350E-02	2.062E-01	1.065E-01	9.968E-02
4.450E-02	2.070E-01	1.067E-01	1.003E-01
4.550E-02	2.077E-01	1.069E-01	1.008E-01
4.650E-02	2.084E-01	1.070E-01	1.014E-01
4.750E-02	2.091E-01	1.072E-01	1.019E-01
4.850E-02	2.097E-01	1.073E-01	1.025E-01
4.950E-02	2.103E-01	1.074E-01	1.030E-01
5.050E-02	2.109E-01	1.074E-01	1.035E-01
5.150E-02	2.114E-01	1.075E-01	1.039E-01
5.250E-02	2.119E-01	1.076E-01	1.044E-01
5.350E-02	2.124E-01	1.076E-01	1.048E-01
5.450E-02	2.129E-01	1.076E-01	1.053E-01
5.550E-02	2.133E-01	1.076E-01	1.057E-01
5.650E-02	2.137E-01	1.076E-01	1.061E-01
5.750E-02	2.141E-01	1.076E-01	1.065E-01
5.850E-02	2.144E-01	1.075E-01	1.069E-01
5.950E-02	2.148E-01	1.075E-01	1.073E-01
6.050E-02	2.151E-01	1.074E-01	1.076E-01
6.150E-02	2.153E-01	1.074E-01	1.080E-01
6.250E-02	2.156E-01	1.073E-01	1.083E-01
6.350E-02	2.158E-01	1.072E-01	1.086E-01
6.450E-02	2.161E-01	1.071E-01	1.090E-01
6.550E-02	2.162E-01	1.070E-01	1.093E-01
6.650E-02	2.164E-01	1.069E-01	1.096E-01
6.750E-02	2.166E-01	1.067E-01	1.099E-01
6.850E-02	2.167E-01	1.066E-01	1.101E-01
6.950E-02	2.169E-01	1.064E-01	1.104E-01
7.050E-02	2.170E-01	1.063E-01	1.107E-01
7.150E-02	2.171E-01	1.061E-01	1.109E-01
7.250E-02	2.171E-01	1.059E-01	1.112E-01
7.350E-02	2.172E-01	1.058E-01	1.114E-01
7.450E-02	2.172E-01	1.056E-01	1.117E-01
7.550E-02	2.173E-01	1.054E-01	1.119E-01
7.650E-02	2.173E-01	1.052E-01	1.121E-01
7.750E-02	2.173E-01	1.050E-01	1.123E-01
7.850E-02	2.173E-01	1.048E-01	1.125E-01
7.950E-02	2.172E-01	1.045E-01	1.127E-01
8.050E-02	2.172E-01	1.043E-01	1.129E-01
8.150E-02	2.171E-01	1.041E-01	1.130E-01
8.250E-02	2.171E-01	1.039E-01	1.132E-01
8.350E-02	2.170E-01	1.036E-01	1.134E-01
8.450E-02	2.169E-01	1.034E-01	1.135E-01
8.550E-02	2.168E-01	1.031E-01	1.137E-01
8.650E-02	2.167E-01	1.029E-01	1.138E-01
8.750E-02	2.166E-01	1.026E-01	1.140E-01
8.850E-02	2.164E-01	1.023E-01	1.141E-01
8.950E-02	2.163E-01	1.021E-01	1.142E-01
9.050E-02	2.161E-01	1.018E-01	1.143E-01
9.150E-02	2.159E-01	1.015E-01	1.144E-01
9.250E-02	2.158E-01	1.012E-01	1.145E-01
9.350E-02	2.156E-01	1.009E-01	1.146E-01
9.450E-02	2.154E-01	1.006E-01	1.147E-01
9.550E-02	2.152E-01	1.004E-01	1.148E-01
9.650E-02	2.150E-01	1.001E-01	1.149E-01
9.750E-02	2.147E-01	9.975E-02	1.150E-01
9.850E-02	2.145E-01	9.945E-02	1.151E-01
9.950E-02	2.143E-01	9.914E-02	1.151E-01
1.005E-01	2.140E-01	9.883E-02	1.152E-01
1.015E-01	2.138E-01	9.852E-02	1.153E-01
1.025E-01	2.135E-01	9.820E-02	1.153E-01
1.035E-01	2.132E-01	9.788E-02	1.154E-01
1.045E-01	2.130E-01	9.756E-02	1.154E-01
1.055E-01	2.127E-01	9.723E-02	1.154E-01
1.065E-01	2.124E-01	9.691E-02	1.155E-01
1.075E-01	2.121E-01	9.658E-02	1.155E-01
1.085E-01	2.118E-01	9.624E-02	1.155E-01
1.095E-01	2.115E-01	9.591E-02	1.155E-01
1.105E-01	2.111E-01	9.557E-02	1.156E-01
1.115E-01	2.108E-01	9.524E-02	1.156E-01
1.125E-01	2.105E-01	9.489E-02	1.156E-01
1.135E-01	2.101E-01	9.455E-02	1.156E-01
1.145E-01	2.098E-01	9.421E-02	1.156E-01
1.155E-01	2.094E-01	9.386E-02	1.156E-01
1.165E-01	2.091E-01	9.351E-02	1.156E-01
1.175E-01	2.087E-01	9.317E-02	1.156E-01
1.185E-01	2.084E-01	9.281E-02	1.155E-01
1.195E-01	2.080E-01	9.246E-02	1.155E-01
1.205E-01	2.076E-01	9.211E-02	1.155E-01
1.215E-01	2.072E-01	9.175E-02	1.155E-01
1.225E-01	2.068E-01	9.140E-02	1.154E-01
1.235E-01	2.064E-01	9.104E-02	1.154E-01
1.245E-01	2.060E-01	9.068E-02	1.154E-01
1.255E-01	2.056E-01	9.032E-02	1.153E-01
1.265E-01	2.052E-01	8.996E-02	1.153E-01
1.275E-01	2.048E-01	8.960E-02	1.152E-01
1.285E-01	2.044E-01	8.923E-02	1.152E-01
1.295E-01	2.040E-01	8.887E-02	1.151E-01
1.305E-01	2.036E-01	8.851E-02	1.151E-01
1.315E-01	2.031E-01	8.814E-02	1.150E-01
1.325E-01	2.027E-01	8.777E-02	1.149E-01
1.335E-01	2.023E-01	8.741E-02	1.149E-01
1.345E-01	2.018E-01	8.704E-02	1.148E-01
1.355E-01	2.014E-01	8.667E-02	1.147E-01
1.365E-01	2.009E-01	8.630E-02	1.146E-01
1.375E-01	2.005E-01	8.593E-02	1.146E-01
1.385E-01	2.000E-01	8.556E-02	1.145E-01
1.395E-01	1.996E-01	8.519E-02	1.144E-01
1.405E-01	1.991E-01	8.482E-02	1.143E-01
1.415E-01	1.987E-01	8.445E-02	1.142E-01
1.425E-01	1.982E-01	8.408E-02	1.141E-01
1.435E-01	1.977E-01	8.370E-02	1.140E-01
1.445E-01	1.973E-01	8.333E-02	1.139E-01
1.455E-01	1.968E-01	8.296E-02	1.138E-01
1.465E-01	1.963E-01	8.259E-02	1.137E-01
1.475E-01	1.958E-01	8.221E-02	1.136E-01
1.485E-01	1.953E-01	8.184E-02	1.135E-01
1.495E-01	1.949E-01	8.147E-02	1.134E-01
1.505E-01	1.944E-01	8.109E-02	1.133E-01
1.515E-01	1.939E-01	8.072E-02	1.132E-01
1.525E-01	1.934E-01	8.035E-02	1.130E-01
1.535E-01	1.929E-01	7.997E-02	1.129E-01
1.545E-01	1.924E-01	7.960E-02	1.128E-01
1.555E-01	1.919E-01	7.923E-02	1.127E-01
1.565E-01	1.914E-01	7.886E-02	1.125E-01
1.575E-01	1.909E-01	7.848E-02	1.124E-01
1.585E-01	1.904E-01	7.811E-02	1.123E-01
1.595E-01	1.899E-01	7.774E-02	1.121E-01
1.605E-01	1.894E-01	7.737E-02	1.120E-01
1.615E-01	1.888E-01	7.699E-02	1.118E-01
1.625E-01	1.883E-01	7.662E-02	1.117E-01
1.635E-01	1.878E-01	7.625E-02	1.116E-01
1.645E-01	1.873E-01	7.588E-02	1.114E-01
1.655E-01	1.868E-01	7.551E-02	1.113E-01
1.665E-01	1.863E-01	7.514E-02	1.111E-01
1.675E-01	1.857E-01	7.477E-02	1.110E-01
1.685E-01	1.852E-01	7.440E-02	1.108E-01
1.695E-01	1.847E-01	7.403E-02	1.106E-01
1.705E-01	1.842E-01	7.366E-02	1.105E-01
1.715E-01	1.836E-01	7.329E-02	1.103E-01
1.725E-01	1.831E-01	7.293E-02	1.102E-01
1.735E-01	1.826E-01	7.256E-02	1.100E-01
1.745E-01	1.820E-01	7.219E-02	1.098E-01
1.755E-01	1.815E-01	7.183E-02	1.097E-01
1.765E-01	1.810E-01	7.146E-02	1.095E-01
1.775E-01	1.804E-01	7.110E-02	1.093E-01
1.785E-01	1.799E-01	7.073E-02	1.092E-01
1.795E-01	1.793E-01	7.037E-02	1.090E-01
1.805E-01	1.788E-01	7.000E-02	1.088E-01
1.815E-01	1.783E-01	6.964E-02	1.086E-01
1.825E-01	1.777E-01	6.928E-02	1.084E-01
1.835E-01	1.772E-01	6.892E-02	1.083E-01
1.845E-01	1.766E-01	6.856E-02	1.081E-01
1.855E-01	1.761E-01	6.820E-02	1.079E-01
1.865E-01	1.756E-01	6.784E-02	1.077E-01
1.875E-01	1.750E-01	6.748E-02	1.075E-01
1.885E-01	1.745E-01	6.712E-02	1.073E-01
1.895E-01	1.739E-01	6.677E-02	1.071E-01
1.905E-01	1.734E-01	6.641E-02	1.070E-01
1.915E-01	1.728E-01	6.606E-02	1.068E-01
1.925E-01	1.723E-01	6.570E-02	1.066E-01
1.935E-01	1.717E-01	6.535E-02	1.064E-01
1.945E-01	1.712E-01	6.500E-02	1.062E-01
1.955E-01	1.706E-01	6.464E-02	1.060E-01
1.965E-01	1.701E-01	6.429E-02	1.058E-01
1.975E-01	1.695E-01	6.394E-02	1.056E-01
1.985E-01	1.690E-01	6.359E-02	1.054E-01
1.995E-01	1.684E-01	6.324E-02	1.052E-01
2.005E-01	1.679E-01	6.290E-02	1.050E-01
2.015E-01	1.673E-01	6.255E-02	1.048E-01
2.025E-01	1.667E-01	6.220E-02	1.045E-01
2.035E-01	1.662E-01	6.186E-02	1.043E-01
2.045E-01	1.656E-01	6.152E-02	1.041E-01
2.055E-01	1.651E-01	6.117E-02	1.039E-01
2.065E-01	1.645E-01	6.083E-02	1.037E-01
2.075E-01	1.640E-01	6.049E-02	1.035E-01
2.085E-01	1.634E-01	6.015E-02	1.033E-01
2.095E-01	1.629E-01	5.981E-02	1.031E-01
2.105E-01	1.623E-01	5.947E-02	1.028E-01
2.115E-01	1.618E-01	5.914E-02	1.026E-01
2.125E-01	1.612E-01	5.880E-02	1.024E-01
2.135E-01	1.606E-01	5.847E-02	1.022E-01
2.145E-01	1.601E-01	5.813E-02	1.020E-01
2.155E-01	1.595E-01	5.780E-02	1.017E-01
2.165E-01	1.590E-01	5.747E-02	1.015E-01
2.175E-01	1.584E-01	5.714E-02	1.013E-01
2.185E-01	1.579E-01	5.681E-02	1.011E-01
2.195E-01	1.573E-01	5.648E-02	1.008E-01
2.205E-01	1.568E-01	5.615E-02	1.006E-01
2.215E-01	1.562E-01	5.582E-02	1.004E-01
2.225E-01	1.556E-01	5.550E-02	1.001E-01
2.235E-01	1.551E-01	5.517E-02	9.992E-02
2.245E-01	1.545E-01	5.485E-02	9.968E-02
2.255E-01	1.540E-01	5.453E-02	9.945E-02
2.265E-01	1.534E-01	5.420E-02	9.922E-02
2.275E-01	1.529E-01	5.388E-02	9.899E-02
2.285E-01	1.523E-01	5.356E-02	9.875E-02
2.295E-01	1.518E-01	5.325E-02	9.852E-02
2.305E-01	1.512E-01	5.293E-02	9.828E-02
2.315E-01	1.507E-01	5.261E-02	9.804E-02
2.325E-01	1.501E-01	5.230E-02	9.780E-02
2.335E-01	1.496E-01	5.198E-02	9.757E-02
2.345E-01	1.490E-01	5.167E-02	9.733E-02
2.355E-01	1.484E-01	5.136E-02	9.709E-02
2.365E-01	1.479E-01	5.105E-02	9.685E-02
2.375E-01	1.473E-01	5.074E-02	9.660E-02
2.385E-01	1.468E-01	5.043E-02	9.636E-02
2.395E-01	1.462E-01	5.013E-02	9.612E-02
2.405E-01	1.457E-01	4.982E-02	9.587E-02
2.415E-01	1.451E-01	4.952E-02	9.563E-02
2.425E-01	1.446E-01	4.921E-02	9.538E-02
2.435E-01	1.440E-01	4.891E-02	9.514E-02
2.445E-01	1.435E-01	4.861E-02	9.489E-02
2.455E-01	1.430E-01	4.831E-02	9.465E-02
2.465E-01	1.424E-01	4.801E-02	9.440E-02
2.475E-01	1.419E-01	4.771E-02	9.415E-02
2.485E-01	1.413E-01	4.742E-02	9.390E-02
2.495E-01	1.408E-01	4.712E-02	9.365E-02
2.505E-01	1.402E-01	4.683E-02	9.340E-02
2.515E-01	1.397E-01	4.653E-02	9.315E-02
2.525E-01	1.391E-01	4.624E-02	9.290E-02
2.535E-01	1.386E-01	4.595E-02	9.265E-02
2.545E-01	1.381E-01	4.566E-02	9.240E-02
2.555E-01	1.375E-01	4.537E-02	9.214E-02
2.565E-01	1.370E-01	4.509E-02	9.189E-02
2.575E-01	1.364E-01	4.480E-02	9.164E-02
2.585E-01	1.359E-01	4.452E-02	9.138E-02
2.595E-01	1.354E-01	4.423E-02	9.113E-02
2.605E-01	1.348E-01	4.395E-02	9.087E-02
2.615E-01	1.343E-01	4.367E-02	9.062E-02
2.625E-01	1.338E-01	4.339E-02	9.036E-02
2.635E-01	1.332E-01	4.311E-02	9.011E-02
2.645E-01	1.327E-01	4.283E-02	8.985E-02
2.655E-01	1.321E-01	4.255E-02	8.959E-02
2.665E-01	1.316E-01	4.228E-02	8.933E-02
2.675E-01	1.311E-01	4.201E-02	8.908E-02
2.685E-01	1.306E-01	4.173E-02	8.882E-02
2.695E-01	1.300E-01	4.146E-02	8.856E-02
2.705E-01	1.295E-01	4.119E-02	8.830E-02
2.715E-01	1.290E-01	4.092E-02	8.804E-02
2.725E-01	1.284E-01	4.065E-02	8.778E-02
2.735E-01	1.279E-01	4.038E-02	8.752E-02
2.745E-01	1.274E-01	4.012E-02	8.726E-02
2.755E-01	1.269E-01	3.985E-02	8.700E-02
2.765E-01	1.263E-01	3.959E-02	8.674E-02
2.775E-01	1.258E-01	3.933E-02	8.648E-02
2.785E-01	1.253E-01	3.907E-02	8.622E-02
2.795E-01	1.248E-01	3.881E-02	8.595E-02
2.805E-01	1.242E-01	3.855E-02	8.569E-02
2.815E-01	1.237E-01	3.829E-02	8.543E-02
2.825E-01	1.232E-01	3.803E-02	8.517E-02
2.835E-01	1.227E-01	3.778E-02	8.490E-02
2.845E-01	1.222E-01	3.753E-02	8.464E-02
2.855E-01	1.217E-01	3.727E-02	8.438E-02
2.865E-01	1.211E-01	3.702E-02	8.411E-02
2.875E-01	1.206E-01	3.677E-02	8.385E-02
2.885E-01	1.201E-01	3.652E-02	8.359E-02
2.895E-01	1.196E-01	3.627E-02	8.332E-02
2.905E-01	1.191E-01	3.603E-02	8.306E-02
2.915E-01	1.186E-01	3.578E-02	8.279E-02
2.925E-01	1.181E-01	3.554E-02	8.253E-02
2.935E-01	1.176E-01	3.529E-02	8.226E-02
2.945E-01	1.170E-01	3.505E-02	8.200E-02
2.955E-01	1.165E-01	3.481E-02	8.173E-02
2.965E-01	1.160E-01	3.457E-02	8.147E-02
2.975E-01	1.155E-01	3.433E-02	8.120E-02
2.985E-01	1.150E-01	3.409E-02	8.094E-02
2.995E-01	1.145E-01	3.386E-02	8.067E-02
3.005E-01	1.140E-01	3.362E-02	8.041E-02
3.015E-01	1.135E-01	3.339E-02	8.014E-02
3.025E-01	1.130E-01	3.315E-02	7.987E-02
3.035E-01	1.125E-01	3.292E-02	7.961E-02
3.045E-01	1.120E-01	3.269E-02	7.934E-02
3.055E-01	1.115E-01	3.246E-02	7.907E-02
3.065E-01	1.110E-01	3.223E-02	7.881E-02
3.075E-01	1.105E-01	3.200E-02	7.854E-02
3.085E-01	1.101E-01	3.178E-02	7.828E-02
3.095E-01	1.096E-01	3.155E-02	7.801E-02
3.105E-01	1.091E-01	3.133E-02	7.774E-02
3.115E-01	1.086E-01	3.111E-02	7.748E-02
3.125E-01	1.081E-01	3.089E-02	7.721E-02
3.135E-01	1.076E-01	3.067E-02	7.694E-02
3.145E-01	1.071E-01	3.045E-02	7.668E-02
3.155E-01	1.066E-01	3.023E-02	7.641E-02
3.165E-01	1.062E-01	3.001E-02	7.614E-02
3.175E-01	1.057E-01	2.979E-02	7.588E-02
3.185E-01	1.052E-01	2.958E-02	7.561E-02
3.195E-01	1.047E-01	2.937E-02	7.534E-02
3.205E-01	1.042E-01	2.915E-02	7.508E-02
3.215E-01	1.038E-01	2.894E-02	7.481E-02
3.225E-01	1.033E-01	2.873E-02	7.454E-02
3.235E-01	1.028E-01	2.852E-02	7.428E-02
3.245E-01	1.023E-01	2.831E-02	7.401E-02
3.255E-01	1.019E-01	2.811E-02	7.375E-02
3.265E-01	1.014E-01	2.790E-02	7.348E-02
3.275E-01	1.009E-01	2.770E-02	7.321E-02
3.285E-01	1.004E-01	2.749E-02	7.295E-02
3.295E-01	9.997E-02	2.729E-02	7.268E-02
3.305E-01	9.951E-02	2.709E-02	7.242E-02
3.315E-01	9.904E-02	2.689E-02	7.215E-02
3.325E-01	9.857E-02	2.669E-02	7.188E-02
3.335E-01	9.811E-02	2.649E-02	7.162E-02
3.345E-01	9.765E-02	2.629E-02	7.135E-02
3.355E-01	9.719E-02	2.610E-02	7.109E-02
3.365E-01	9.673E-02	2.590E-02	7.082E-02
3.375E-01	9.627E-02	2.571E-02	7.056E-02
3.385E-01	9.581E-02	2.552E-02	7.029E-02
3.395E-01	9.535E-02	2.532E-02	7.003E-02
3.405E-01	9.490E-02	2.513E-02	6.976E-02
3.415E-01	9.444E-02	2.494E-02	6.950E-02
3.425E-01	9.399E-02	2.476E-02	6.924E-02
3.435E-01	9.354E-02	2.457E-02	6.897E-02
3.445E-01	9.309E-02	2.438E-02	6.871E-02
3.455E-01	9.264E-02	2.420E-02	6.844E-02
3.465E-01	9.219E-02	2.401E-02	6.818E-02
3.475E-01	9.175E-02	2.383E-02	6.792E-02
3.485E-01	9.130E-02	2.365E-02	6.765E-02
3.495E-01	9.086E-02	2.346E-02	6.739E-02
3.505E-01	9.041E-02	2.328E-02	6.713E-02
3.515E-01	8.997E-02	2.310E-02	6.687E-02
3.525E-01	8.953E-02	2.293E-02	6.660E-02
3.535E-01	8.909E-02	2.275E-02	6.634E-02
3.545E-01	8.865E-02	2.257E-02	6.608E-02
3.555E-01	8.822E-02	2.240E-02	6.582E-02
3.565E-01	8.778E-02	2.222E-02	6.556E-02
3.575E-01	8.735E-02	2.205E-02	6.530E-02
3.585E-01	8.691E-02	2.188E-02	6.504E-02
3.595E-01	8.648E-02	2.171E-02	6.477E-02
3.605E-01	8.605E-02	2.154E-02	6.451E-02
3.615E-01	8.562E-02	2.137E-02	6.425E-02
3.625E-01	8.519E-02	2.120E-02	6.399E-02
3.635E-01	8.477E-02	2.103E-02	6.373E-02
3.645E-01	8.434E-02	2.087E-02	6.348E-02
3.655E-01	8.392E-02	2.070E-02	6.322E-02
3.665E-01	8.350E-02	2.054E-02	6.296E-02
3.675E-01	8.307E-02	2.038E-02	6.270E-02
3.685E-01	8.265E-02	2.021E-02	6.244E-02
3.695E-01	8.223E-02	2.005E-02	6.218E-02
3.705E-01	8.182E-02	1.989E-02	6.193E-02
3.715E-01	8.140E-02	1.973E-02	6.167E-02
3.725E-01	8.099E-02	1.957E-02	6.141E-02
3.735E-01	8.057E-02	1.942E-02	6.115E-02
3.745E-01	8.016E-02	1.926E-02	6.090E-02
3.755E-01	7.975E-02	1.911E-02	6.064E-02
3.765E-01	7.934E-02	1.895E-02	6.039E-02
3.775E-01	7.893E-02	1.880E-02	6.013E-02
3.785E-01	7.852E-02	1.864E-02	5.988E-02
3.795E-01	7.811E-02	1.849E-02	5.962E-02
3.805E-01	7.771E-02	1.834E-02	5.937E-02
3.815E-01	7.731E-02	1.819E-02	5.911E-02
3.825E-01	7.690E-02	1.804E-02	5.886E-02
3.835E-01	7.650E-02	1.790E-02	5.861E-02
3.845E-01	7.610E-02	1.775E-02	5.835E-02
3.855E-01	7.570E-02	1.760E-02	5.810E-02
3.865E-01	7.531E-02	1.746E-02	5.785E-02
3.875E-01	7.491E-02	1.731E-02	5.760E-02
3.885E-01	7.451E-02	1.717E-02	5.734E-02
3.895E-01	7.412E-02	1.703E-02	5.709E-02
3.905E-01	7.373E-02	1.689E-02	5.684E-02
3.915E-01	7.334E-02	1.675E-02	5.659E-02
3.925E-01	7.295E-02	1.661E-02	5.634E-02
3.935E-01	7.256E-02	1.647E-02	5.609E-02
3.945E-01	7.217E-02	1.633E-02	5.584E-02
3.955E-01	7.179E-02	1.619E-02	5.559E-02
3.965E-01	7.140E-02	1.606E-02	5.535E-02
3.975E-01	7.102E-02	1.592E-02	5.510E-02
3.985E-01	7.064E-02	1.579E-02	5.485E-02
3.995E-01	7.026E-02	1.565E-02	5.460E-02
4.005E-01	6.988E-02	1.552E-02	5.436E-02
4.015E-01	6.950E-02	1.539E-02	5.411E-02
4.025E-01	6.912E-02	1.526E-02	5.386E-02
4.035E-01	6.875E-02	1.513E-02	5.362E-02
4.045E-01	6.837E-02	1.500E-02	5.337E-02
4.055E-01	6.800E-02	1.487E-02	5.313E-02
4.065E-01	6.763E-02	1.474E-02	5.289E-02
4.075E-01	6.726E-02	1.462E-02	5.264E-02
4.085E-01	6.689E-02	1.449E-02	5.240E-02
4.095E-01	6.652E-02	1.436E-02	5.216E-02
4.105E-01	6.615E-02	1.424E-02	5.191E-02
4.115E-01	6.579E-02	1.412E-02	5.167E-02
4.125E-01	6.542E-02	1.399E-02	5.143E-02
4.135E-01	6.506E-02	1.387E-02	5.119E-02
4.145E-01	6.470E-02	1.375E-02	5.095E-02
4.155E-01	6.434E-02	1.363E-02	5.071E-02
4.165E-01	6.398E-02	1.351E-02	5.047E-02
4.175E-01	6.362E-02	1.339E-02	5.023E-02
4.185E-01	6.327E-02	1.328E-02	4.999E-02
4.195E-01	6.291E-02	1.316E-02	4.975E-02
4.205E-01	6.256E-02	1.304E-02	4.951E-02
4.215E-01	6.220E-02	1.293E-02	4.928E-02
4.225E-01	6.185E-02	1.281E-02	4.904E-02
4.235E-01	6.150E-02	1.270E-02	4.880E-02
4.245E-01	6.115E-02	1.259E-02	4.857E-02
4.255E-01	6.081E-02	1.247E-02	4.833E-02
4.265E-01	6.046E-02	1.236E-02	4.810E-02
4.275E-01	6.012E-02	1.225E-02	4.786E-02
4.285E-01	5.977E-02	1.214E-02	4.763E-02
4.295E-01	5.943E-02	1.203E-02	4.740E-02
4.305E-01	5.909E-02	1.193E-02	4.716E-02
4.315E-01	5.875E-02	1.182E-02	4.693E-02
4.325E-01	5.841E-02	1.171E-02	4.670E-02
4.335E-01	5.807E-02	1.160E-02	4.647E-02
4.345E-01	5.774E-02	1.150E-02	4.624E-02
4.355E-01	5.740E-02	1.139E-02	4.601E-02
4.365E-01	5.707E-02	1.129E-02	4.578E-02
4.375E-01	5.673E-02	1.119E-02	4.555E-02
4.385E-01	5.640E-02	1.109E-02	4.532E-02
4.395E-01	5.607E-02	1.098E-02	4.509E-02
4.405E-01	5.575E-02	1.088E-02	4.486E-02
4.415E-01	5.542E-02	1.078E-02	4.463E-02
4.425E-01	5.509E-02	1.068E-02	4.441E-02
4.435E-01	5.477E-02	1.058E-02	4.418E-02
4.445E-01	5.444E-02	1.049E-02	4.396E-02
4.455E-01	5.412E-02	1.039E-02	4.373E-02
4.465E-01	5.380E-02	1.029E-02	4.351E-02
4.475E-01	5.348E-02	1.020E-02	4.328E-02
4.485E-01	5.316E-02	1.010E-02	4.306E-02
4.495E-01	5.284E-02	1.001E-02	4.284E-02
4.505E-01	5.253E-02	9.913E-03	4.261E-02
4.515E-01	5.221E-02	9.820E-03	4.239E-02
4.525E-01	5.190E-02	9.728E-03	4.217E-02
4.535E-01	5.159E-02	9.636E-03	4.195E-02
4.545E-01	5.128E-02	9.545E-03	4.173E-02
4.555E-01	5.097E-02	9.454E-03	4.151E-02
4.565E-01	5.066E-02	9.365E-03	4.129E-02
4.575E-01	5.035E-02	9.276E-03	4.107E-02
4.585E-01	5.004E-02	9.187E-03	4.086E-02
4.595E-01	4.974E-02	9.099E-03	4.064E-02
4.605E-01	4.943E-02	9.012E-03	4.042E-02
4.615E-01	4.913E-02	8.926E-03	4.021E-02
4.625E-01	4.883E-02	8.840E-03	3.999E-02
4.635E-01	4.853E-02	8.755E-03	3.978E-02
4.645E-01	4.823E-02	8.670E-03	3.956E-02
4.655E-01	4.793E-02	8.586E-03	3.935E-02
4.665E-01	4.764E-02	8.503E-03	3.913E-02
4.675E-01	4.734E-02	8.421E-03	3.892E-02
4.685E-01	4.705E-02	8.339E-03	3.871E-02
4.695E-01	4.675E-02	8.257E-03	3.850E-02
4.705E-01	4.646E-02	8.177E-03	3.829E-02
4.715E-01	4.617E-02	8.097E-03	3.808E-02
4.725E-01	4.588E-02	8.017E-03	3.787E-02
4.735E-01	4.560E-02	7.938E-03	3.766E-02
4.745E-01	4.531E-02	7.860E-03	3.745E-02
4.755E-01	4.502E-02	7.782E-03	3.724E-02
4.765E-01	4.474E-02	7.705E-03	3.703E-02
4.775E-01	4.445E-02	7.629E-03	3.683E-02
4.785E-01	4.417E-02	7.553E-03	3.662E-02
4.795E-01	4.389E-02	7.478E-03	3.641E-02
4.805E-01	4.361E-02	7.403E-03	3.621E-02
4.815E-01	4.333E-02	7.329E-03	3.600E-02
4.825E-01	4.306E-02	7.255E-03	3.580E-02
4.835E-01	4.278E-02	7.183E-03	3.560E-02
4.845E-01	4.251E-02	7.110E-03	3.540E-02
4.855E-01	4.223E-02	7.038E-03	3.519E-02
4.865E-01	4.196E-02	6.967E-03	3.499E-02
4.875E-01	4.169E-02	6.897E-03	3.479E-02
4.885E-01	4.142E-02	6.827E-03	3.459E-02
4.895E-01	4.115E-02	6.757E-03	3.439E-02
4.905E-01	4.088E-02	6.688E-03	3.419E-02
4.915E-01	4.061E-02	6.620E-03	3.399E-02
4.925E-01	4.035E-02	6.552E-03	3.380E-02
4.935E-01	4.008E-02	6.485E-03	3.360E-02
4.945E-01	3.982E-02	6.418E-03	3.340E-02
4.955E-01	3.956E-02	6.352E-03	3.321E-02
4.965E-01	3.930E-02	6.286E-03	3.301E-02
4.975E-01	3.904E-02	6.221E-03	3.282E-02
4.985E-01	3.878E-02	6.156E-03	3.262E-02
4.995E-01	3.852E-02	6.092E-03	3.243E-02
5.005E-01	3.827E-02	6.029E-03	3.224E-02
5.015E-01	3.801E-02	5.966E-03	3.204E-02
5.025E-01	3.776E-02	5.903E-03	3.185E-02
5.035E-01	3.750E-02	5.841E-03	3.166E-02
5.045E-01	3.725E-02	5.780E-03	3.147E-02
5.055E-01	3.700E-02	5.719E-03	3.128E-02
5.065E-01	3.675E-02	5.659E-03	3.109E-02
5.075E-01	3.650E-02	5.599E-03	3.090E-02
5.085E-01	3.626E-02	5.539E-03	3.072E-02
5.095E-01	3.601E-02	5.480E-03	3.053E-02
5.105E-01	3.576E-02	5.422E-03	3.034E-02
5.115E-01	3.552E-02	5.364E-03	3.016E-02
5.125E-01	3.528E-02	5.307E-03	2.997E-02
5.135E-01	3.504E-02	5.250E-03	2.979E-02
5.145E-01	3.480E-02	5.193E-03	2.960E-02
5.155E-01	3.456E-02	5.137E-03	2.942E-02
5.165E-01	3.432E-02	5.082E-03	2.924E-02
5.175E-01	3.408E-02	5.027E-03	2.905E-02
5.185E-01	3.385E-02	4.972E-03	2.887E-02
5.195E-01	3.361E-02	4.918E-03	2.869E-02
5.205E-01	3.338E-02	4.864E-03	2.851E-02
5.215E-01	3.314E-02	4.811E-03	2.833E-02
5.225E-01	3.291E-02	4.759E-03	2.815E-02
5.235E-01	3.268E-02	4.706E-03	2.798E-02
5.245E-01	3.245E-02	4.655E-03	2.780E-02
5.255E-01	3.222E-02	4.603E-03	2.762E-02
5.265E-01	3.200E-02	4.552E-03	2.744E-02
5.275E-01	3.177E-02	4.502E-03	2.727E-02
5.285E-01	3.155E-02	4.452E-03	2.709E-02
5.295E-01	3.132E-02	4.403E-03	2.692E-02
5.305E-01	3.110E-02	4.353E-03	2.675E-02
5.315E-01	3.088E-02	4.305E-03	2.657E-02
5.325E-01	3.066E-02	4.257E-03	2.640E-02
5.335E-01	3.044E-02	4.209E-03	2.623E-02
5.345E-01	3.022E-02	4.161E-03	2.606E-02
5.355E-01	3.000E-02	4.114E-03	2.589E-02
5.365E-01	2.978E-02	4.068E-03	2.572E-02
5.375E-01	2.957E-02	4.022E-03	2.555E-02
5.385E-01	2.935E-02	3.976E-03	2.538E-02
5.395E-01	2.914E-02	3.931E-03	2.521E-02
5.405E-01	2.893E-02	3.886E-03	2.504E-02
5.415E-01	2.872E-02	3.842E-03	2.488E-02
5.425E-01	2.851E-02	3.797E-03	2.471E-02
5.435E-01	2.830E-02	3.754E-03	2.455E-02
5.445E-01	2.809E-02	3.711E-03	2.438E-02
5.455E-01	2.788E-02	3.668E-03	2.422E-02
5.465E-01	2.768E-02	3.625E-03	2.405E-02
5.475E-01	2.747E-02	3.583E-03	2.389E-02
5.485E-01	2.727E-02	3.542E-03	2.373E-02
5.495E-01	2.707E-02	3.500E-03	2.357E-02
5.505E-01	2.686E-02	3.459E-03	2.341E-02
5.515E-01	2.666E-02	3.419E-03	2.325E-02
5.525E-01	2.646E-02	3.379E-03	2.309E-02
5.535E-01	2.627E-02	3.339E-03	2.293E-02
5.545E-01	2.607E-02	3.299E-03	2.277E-02
5.555E-01	2.587E-02	3.260E-03	2.261E-02
5.565E-01	2.568E-02	3.222E-03	2.245E-02
5.575E-01	2.548E-02	3.184E-03	2.230E-02
5.585E-01	2.529E-02	3.146E-03	2.214E-02
5.595E-01	2.510E-02	3.108E-03	2.199E-02
5.605E-01	2.490E-02	3.071E-03	2.183E-02
5.615E-01	2.471E-02	3.034E-03	2.168E-02
5.625E-01	2.452E-02	2.997E-03	2.153E-02
5.635E-01	2.433E-02	2.961E-03	2.137E-02
5.645E-01	2.415E-02	2.926E-03	2.122E-02
5.655E-01	2.396E-02	2.890E-03	2.107E-02
5.665E-01	2.377E-02	2.855E-03	2.092E-02
5.675E-01	2.359E-02	2.820E-03	2.077E-02
5.685E-01	2.341E-02	2.786E-03	2.062E-02
5.695E-01	2.322E-02	2.752E-03	2.047E-02
5.705E-01	2.304E-02	2.718E-03	2.032E-02
5.715E-01	2.286E-02	2.685E-03	2.018E-02
5.725E-01	2.268E-02	2.651E-03	2.003E-02
5.735E-01	2.250E-02	2.619E-03	1.988E-02
5.745E-01	2.233E-02	2.586E-03	1.974E-02
5.755E-01	2.215E-02	2.554E-03	1.959E-02
5.765E-01	2.197E-02	2.522E-03	1.945E-02
5.775E-01	2.180E-02	2.491E-03	1.931E-02
5.785E-01	2.162E-02	2.460E-03	1.916E-02
5.795E-01	2.145E-02	2.429E-03	1.902E-02
5.805E-01	2.128E-02	2.398E-03	1.888E-02
5.815E-01	2.111E-02	2.368E-03	1.874E-02
5.825E-01	2.094E-02	2.338E-03	1.860E-02
5.835E-01	2.077E-02	2.308E-03	1.846E-02
5.845E-01	2.060E-02	2.279E-03	1.832E-02
5.855E-01	2.043E-02	2.250E-03	1.818E-02
5.865E-01	2.027E-02	2.221E-03	1.805E-02
5.875E-01	2.010E-02	2.193E-03	1.791E-02
5.885E-01	1.994E-02	2.165E-03	1.777E-02
5.895E-01	1.977E-02	2.137E-03	1.764E-02
5.905E-01	1.961E-02	2.109E-03	1.750E-02
5.915E-01	1.945E-02	2.082E-03	1.737E-02
5.925E-01	1.929E-02	2.055E-03	1.723E-02
5.935E-01	1.913E-02	2.028E-03	1.710E-02
5.945E-01	1.897E-02	2.002E-03	1.697E-02
5.955E-01	1.881E-02	1.976E-03	1.684E-02
5.965E-01	1.865E-02	1.950E-03	1.670E-02
5.975E-01	1.850E-02	1.924E-03	1.657E-02
5.985E-01	1.834E-02	1.899E-03	1.644E-02
5.995E-01	1.819E-02	1.874E-03	1.631E-02
6.005E-01	1.803E-02	1.849E-03	1.619E-02
6.015E-01	1.788E-02	1.824E-03	1.606E-02
6.025E-01	1.773E-02	1.800E-03	1.593E-02
6.035E-01	1.758E-02	1.776E-03	1.580E-02
6.045E-01	1.743E-02	1.752E-03	1.568E-02
6.055E-01	1.728E-02	1.729E-03	1.555E-02
6.065E-01	1.713E-02	1.706E-03	1.543E-02
6.075E-01	1.698E-02	1.683E-03	1.530E-02
6.085E-01	1.684E-02	1.660E-03	1.518E-02
6.095E-01	1.669E-02	1.637E-03	1.506E-02
6.105E-01	1.655E-02	1.615E-03	1.493E-02
6.115E-01	1.640E-02	1.593E-03	1.481E-02
6.125E-01	1.626E-02	1.571E-03	1.469E-02
6.135E-01	1.612E-02	1.550E-03	1.457E-02
6.145E-01	1.598E-02	1.528E-03	1.445E-02
6.155E-01	1.584E-02	1.507E-03	1.433E-02
6.165E-01	1.570E-02	1.487E-03	1.421E-02
6.175E-01	1.556E-02	1.466E-03	1.409E-02
6.185E-01	1.542E-02	1.446E-03	1.398E-02
6.195E-01	1.528E-02	1.425E-03	1.386E-02
6.205E-01	1.515E-02	1.405E-03	1.374E-02
6.215E-01	1.501E-02	1.386E-03	1.363E-02
6.225E-01	1.488E-02	1.366E-03	1.351E-02
6.235E-01	1.474E-02	1.347E-03	1.340E-02
6.245E-01	1.461E-02	1.328E-03	1.328E-02
6.255E-01	1.448E-02	1.309E-03	1.317E-02
6.265E-01	1.435E-02	1.291E-03	1.306E-02
6.275E-01	1.422E-02	1.272E-03	1.295E-02
6.285E-01	1.409E-02	1.254E-03	1.284E-02
6.295E-01	1.396E-02	1.236E-03	1.272E-02
6.305E-01	1.383E-02	1.218E-03	1.261E-02
6.315E-01	1.371E-02	1.201E-03	1.250E-02
6.325E-01	1.358E-02	1.183E-03	1.240E-02
6.335E-01	1.345E-02	1.166E-03	1.229E-02
6.345E-01	1.333E-02	1.149E-03	1.218E-02
6.355E-01	1.321E-02	1.133E-03	1.207E-02
6.365E-01	1.308E-02	1.116E-03	1.197E-02
6.375E-01	1.296E-02	1.100E-03	1.186E-02
6.385E-01	1.284E-02	1.083E-03	1.176E-02
6.395E-01	1.272E-02	1.068E-03	1.165E-02
6.405E-01	1.260E-02	1.052E-03	1.155E-02
6.415E-01	1.248E-02	1.036E-03	1.144E-02
6.425E-01	1.236E-02	1.021E-03	1.134E-02
6.435E-01	1.224E-02	1.006E-03	1.124E-02
6.445E-01	1.213E-02	9.905E-04	1.114E-02
6.455E-01	1.201E-02	9.756E-04	1.104E-02
6.465E-01	1.190E-02	9.609E-04	1.094E-02
6.475E-01	1.178E-02	9.464E-04	1.084E-02
6.485E-01	1.167E-02	9.321E-04	1.074E-02
6.495E-01	1.156E-02	9.180E-04	1.064E-02
6.505E-01	1.144E-02	9.040E-04	1.054E-02
6.515E-01	1.133E-02	8.902E-04	1.044E-02
6.525E-01	1.122E-02	8.765E-04	1.034E-02
6.535E-01	1.111E-02	8.631E-04	1.025E-02
6.545E-01	1.100E-02	8.498E-04	1.015E-02
6.555E-01	1.089E-02	8.367E-04	1.006E-02
6.565E-01	1.079E-02	8.237E-04	9.963E-03
6.575E-01	1.068E-02	8.109E-04	9.869E-03
6.585E-01	1.057E-02	7.982E-04	9.775E-03
6.595E-01	1.047E-02	7.858E-04	9.682E-03
6.605E-01	1.036E-02	7.734E-04	9.590E-03
6.615E-01	1.026E-02	7.613E-04	9.498E-03
6.625E-01	1.016E-02	7.492E-04	9.407E-03
6.635E-01	1.005E-02	7.374E-04	9.316E-03
6.645E-01	9.952E-03	7.257E-04	9.226E-03
6.655E-01	9.851E-03	7.141E-04	9.137E-03
6.665E-01	9.751E-03	7.027E-04	9.048E-03
6.675E-01	9.651E-03	6.914E-04	8.960E-03
6.685E-01	9.552E-03	6.803E-04	8.872E-03
6.695E-01	9.454E-03	6.693E-04	8.785E-03
6.705E-01	9.357E-03	6.585E-04	8.698E-03
6.715E-01	9.260E-03	6.478E-04	8.612E-03
6.725E-01	9.164E-03	6.373E-04	8.527E-03
6.735E-01	9.068E-03	6.269E-04	8.442E-03
6.745E-01	8.974E-03	6.166E-04	8.357E-03
6.755E-01	8.880E-03	6.065E-04	8.273E-03
6.765E-01	8.786E-03	5.965E-04	8.190E-03
6.775E-01	8.694E-03	5.866E-04	8.107E-03
6.785E-01	8.602E-03	5.769E-04	8.025E-03
6.795E-01	8.511E-03	5.673E-04	7.943E-03
6.805E-01	8.420E-03	5.578E-04	7.862E-03
6.815E-01	8.330E-03	5.484E-04	7.782E-03
6.825E-01	8.241E-03	5.392E-04	7.702E-03
6.835E-01	8.152E-03	5.301E-04	7.622E-03
6.845E-01	8.065E-03	5.211E-04	7.543E-03
6.855E-01	7.977E-03	5.123E-04	7.465E-03
6.865E-01	7.891E-03	5.036E-04	7.387E-03
6.875E-01	7.805E-03	4.950E-04	7.310E-03
6.885E-01	7.720E-03	4.865E-04	7.233E-03
6.895E-01	7.635E-03	4.781E-04	7.157E-03
6.905E-01	7.551E-03	4.699E-04	7.081E-03
6.915E-01	7.468E-03	4.617E-04	7.006E-03
6.925E-01	7.385E-03	4.537E-04	6.931E-03
6.935E-01	7.303E-03	4.458E-04	6.857E-03
6.945E-01	7.222E-03	4.380E-04	6.784E-03
6.955E-01	7.141E-03	4.303E-04	6.711E-03
6.965E-01	7.061E-03	4.227E-04	6.638E-03
6.975E-01	6.981E-03	4.153E-04	6.566E-03
6.985E-01	6.902E-03	4.079E-04	6.495E-03
6.995E-01	6.824E-03	4.007E-04	6.424E-03
7.005E-01	6.747E-03	3.935E-04	6.353E-03
7.015E-01	6.670E-03	3.865E-04	6.283E-03
7.025E-01	6.593E-03	3.795E-04	6.214E-03
7.035E-01	6.517E-03	3.727E-04	6.145E-03
7.045E-01	6.442E-03	3.659E-04	6.076E-03
7.055E-01	6.368E-03	3.593E-04	6.008E-03
7.065E-01	6.294E-03	3.527E-04	5.941E-03
7.075E-01	6.220E-03	3.463E-04	5.874E-03
7.085E-01	6.148E-03	3.399E-04	5.808E-03
7.095E-01	6.076E-03	3.337E-04	5.742E-03
7.105E-01	6.004E-03	3.275E-04	5.677E-03
7.115E-01	5.933E-03	3.214E-04	5.612E-03
7.125E-01	5.863E-03	3.154E-04	5.547E-03
7.135E-01	5.793E-03	3.095E-04	5.483E-03
7.145E-01	5.724E-03	3.037E-04	5.420E-03
7.155E-01	5.655E-03	2.980E-04	5.357E-03
7.165E-01	5.587E-03	2.924E-04	5.295E-03
7.175E-01	5.520E-03	2.869E-04	5.233E-03
7.185E-01	5.453E-03	2.814E-04	5.171E-03
7.195E-01	5.386E-03	2.760E-04	5.110E-03
7.205E-01	5.321E-03	2.707E-04	5.050E-03
7.215E-01	5.255E-03	2.655E-04	4.990E-03
7.225E-01	5.191E-03	2.604E-04	4.930E-03
7.235E-01	5.127E-03	2.554E-04	4.871E-03
7.245E-01	5.063E-03	2.504E-04	4.813E-03
7.255E-01	5.000E-03	2.455E-04	4.755E-03
7.265E-01	4.938E-03	2.407E-04	4.697E-03
7.275E-01	4.876E-03	2.360E-04	4.640E-03
7.285E-01	4.815E-03	2.313E-04	4.583E-03
7.295E-01	4.754E-03	2.267E-04	4.527E-03
7.305E-01	4.694E-03	2.222E-04	4.471E-03
7.315E-01	4.634E-03	2.178E-04	4.416E-03
7.325E-01	4.575E-03	2.134E-04	4.361E-03
7.335E-01	4.516E-03	2.091E-04	4.307E-03
7.345E-01	4.458E-03	2.049E-04	4.253E-03
7.355E-01	4.400E-03	2.008E-04	4.200E-03
7.365E-01	4.343E-03	1.967E-04	4.147E-03
7.375E-01	4.287E-03	1.927E-04	4.094E-03
7.385E-01	4.231E-03	1.887E-04	4.042E-03
7.395E-01	4.175E-03	1.848E-04	3.990E-03
7.405E-01	4.120E-03	1.810E-04	3.939E-03
7.415E-01	4.066E-03	1.773E-04	3.889E-03
7.425E-01	4.012E-03	1.736E-04	3.838E-03
7.435E-01	3.958E-03	1.699E-04	3.788E-03
7.445E-01	3.905E-03	1.664E-04	3.739E-03
7.455E-01	3.853E-03	1.629E-04	3.690E-03
7.465E-01	3.801E-03	1.594E-04	3.642E-03
7.475E-01	3.749E-03	1.560E-04	3.593E-03
7.485E-01	3.698E-03	1.527E-04	3.546E-03
7.495E-01	3.648E-03	1.494E-04	3.499E-03
7.505E-01	3.598E-03	1.462E-04	3.452E-03
7.515E-01	3.548E-03	1.431E-04	3.405E-03
7.525E-01	3.499E-03	1.400E-04	3.359E-03
7.535E-01	3.451E-03	1.369E-04	3.314E-03
7.545E-01	3.403E-03	1.339E-04	3.269E-03
7.555E-01	3.355E-03	1.310E-04	3.224E-03
7.565E-01	3.308E-03	1.281E-04	3.180E-03
7.575E-01	3.261E-03	1.253E-04	3.136E-03
7.585E-01	3.215E-03	1.225E-04	3.093E-03
7.595E-01	3.169E-03	1.197E-04	3.049E-03
7.605E-01	3.124E-03	1.171E-04	3.007E-03
7.615E-01	3.079E-03	1.144E-04	2.965E-03
7.625E-01	3.035E-03	1.118E-04	2.923E-03
7.635E-01	2.991E-03	1.093E-04	2.881E-03
7.645E-01	2.947E-03	1.068E-04	2.840E-03
7.655E-01	2.904E-03	1.044E-04	2.800E-03
7.665E-01	2.862E-03	1.020E-04	2.760E-03
7.675E-01	2.819E-03	9.961E-05	2.720E-03
7.685E-01	2.778E-03	9.729E-05	2.680E-03
7.695E-01	2.736E-03	9.503E-05	2.641E-03
7.705E-01	2.696E-03	9.280E-05	2.603E-03
7.715E-01	2.655E-03	9.062E-05	2.565E-03
7.725E-01	2.615E-03	8.848E-05	2.527E-03
7.735E-01	2.576E-03	8.638E-05	2.489E-03
7.745E-01	2.536E-03	8.433E-05	2.452E-03
7.755E-01	2.498E-03	8.231E-05	2.415E-03
7.765E-01	2.459E-03	8.033E-05	2.379E-03
7.775E-01	2.422E-03	7.839E-05	2.343E-03
7.785E-01	2.384E-03	7.649E-05	2.308E-03
7.795E-01	2.347E-03	7.462E-05	2.272E-03
7.805E-01	2.310E-03	7.280E-05	2.238E-03
7.815E-01	2.274E-03	7.101E-05	2.203E-03
7.825E-01	2.238E-03	6.925E-05	2.169E-03
7.835E-01	2.203E-03	6.753E-05	2.135E-03
7.845E-01	2.168E-03	6.585E-05	2.102E-03
7.855E-01	2.133E-03	6.420E-05	2.069E-03
7.865E-01	2.099E-03	6.258E-05	2.036E-03
7.875E-01	2.065E-03	6.100E-05	2.004E-03
7.885E-01	2.031E-03	5.945E-05	1.972E-03
7.895E-01	1.998E-03	5.793E-05	1.940E-03
7.905E-01	1.966E-03	5.645E-05	1.909E-03
7.915E-01	1.933E-03	5.499E-05	1.878E-03
7.925E-01	1.901E-03	5.357E-05	1.848E-03
7.935E-01	1.870E-03	5.217E-05	1.817E-03
7.945E-01	1.838E-03	5.081E-05	1.788E-03
7.955E-01	1.808E-03	4.947E-05	1.758E-03
7.965E-01	1.777E-03	4.816E-05	1.729E-03
7.975E-01	1.747E-03	4.689E-05	1.700E-03
7.985E-01	1.717E-03	4.563E-05	1.672E-03
7.995E-01	1.688E-03	4.441E-05	1.643E-03
8.005E-01	1.659E-03	4.321E-05	1.616E-03
8.015E-01	1.630E-03	4.204E-05	1.588E-03
8.025E-01	1.602E-03	4.090E-05	1.561E-03
8.035E-01	1.574E-03	3.978E-05	1.534E-03
8.045E-01	1.546E-03	3.868E-05	1.507E-03
8.055E-01	1.519E-03	3.762E-05	1.481E-03
8.065E-01	1.492E-03	3.657E-05	1.455E-03
8.075E-01	1.465E-03	3.555E-05	1.430E-03
8.085E-01	1.439E-03	3.455E-05	1.404E-03
8.095E-01	1.413E-03	3.357E-05	1.379E-03
8.105E-01	1.387E-03	3.262E-05	1.355E-03
8.115E-01	1.362E-03	3.169E-05	1.330E-03
8.125E-01	1.337E-03	3.078E-05	1.306E-03
8.135E-01	1.312E-03	2.989E-05	1.283E-03
8.145E-01	1.288E-03	2.903E-05	1.259E-03
8.155E-01	1.264E-03	2.818E-05	1.236E-03
8.165E-01	1.240E-03	2.735E-05	1.213E-03
8.175E-01	1.217E-03	2.655E-05	1.191E-03
8.185E-01	1.194E-03	2.576E-05	1.168E-03
8.195E-01	1.171E-03	2.499E-05	1.146E-03
8.205E-01	1.149E-03	2.425E-05	1.125E-03
8.215E-01	1.127E-03	2.351E-05	1.103E-03
8.225E-01	1.105E-03	2.280E-05	1.082E-03
8.235E-01	1.083E-03	2.211E-05	1.061E-03
8.245E-01	1.062E-03	2.143E-05	1.041E-03
8.255E-01	1.041E-03	2.077E-05	1.020E-03
8.265E-01	1.021E-03	2.013E-05	1.000E-03
8.275E-01	1.000E-03	1.950E-05	9.807E-04
8.285E-01	9.802E-04	1.889E-05	9.613E-04
8.295E-01	9.604E-04	1.829E-05	9.421E-04
8.305E-01	9.409E-04	1.771E-05	9.232E-04
8.315E-01	9.217E-04	1.714E-05	9.046E-04
8.325E-01	9.028E-04	1.659E-05	8.862E-04
8.335E-01	8.841E-04	1.606E-05	8.681E-04
8.345E-01	8.657E-04	1.554E-05	8.502E-04
8.355E-01	8.476E-04	1.503E-05	8.326E-04
8.365E-01	8.298E-04	1.453E-05	8.153E-04
8.375E-01	8.122E-04	1.405E-05	7.982E-04
8.385E-01	7.949E-04	1.359E-05	7.813E-04
8.395E-01	7.779E-04	1.313E-05	7.647E-04
8.405E-01	7.611E-04	1.269E-05	7.484E-04
8.415E-01	7.446E-04	1.226E-05	7.323E-04
8.425E-01	7.283E-04	1.184E-05	7.165E-04
8.435E-01	7.123E-04	1.143E-05	7.008E-04
8.445E-01	6.965E-04	1.104E-05	6.855E-04
8.455E-01	6.810E-04	1.065E-05	6.703E-04
8.465E-01	6.657E-04	1.028E-05	6.554E-04
8.475E-01	6.507E-04	9.916E-06	6.408E-04
8.485E-01	6.359E-04	9.565E-06	6.263E-04
8.495E-01	6.214E-04	9.223E-06	6.121E-04
8.505E-01	6.070E-04	8.891E-06	5.982E-04
8.515E-01	5.930E-04	8.569E-06	5.844E-04
8.525E-01	5.791E-04	8.257E-06	5.709E-04
8.535E-01	5.655E-04	7.954E-06	5.576E-04
8.545E-01	5.521E-04	7.660E-06	5.445E-04
8.555E-01	5.390E-04	7.375E-06	5.316E-04
8.565E-01	5.260E-04	7.099E-06	5.189E-04
8.575E-01	5.133E-04	6.831E-06	5.065E-04
8.585E-01	5.008E-04	6.572E-06	4.943E-04
8.595E-01	4.886E-04	6.320E-06	4.822E-04
8.605E-01	4.765E-04	6.077E-06	4.704E-04
8.615E-01	4.646E-04	5.841E-06	4.588E-04
8.625E-01	4.530E-04	5.613E-06	4.474E-04
8.635E-01	4.416E-04	5.392E-06	4.362E-04
8.645E-01	4.304E-04	5.178E-06	4.252E-04
8.655E-01	4.193E-04	4.972E-06	4.144E-04
8.665E-01	4.085E-04	4.771E-06	4.037E-04
8.675E-01	3.979E-04	4.578E-06	3.933E-04
8.685E-01	3.875E-04	4.391E-06	3.831E-04
8.695E-01	3.772E-04	4.210E-06	3.730E-04
8.705E-01	3.672E-04	4.036E-06	3.632E-04
8.715E-01	3.574E-04	3.867E-06	3.535E-04
8.725E-01	3.477E-04	3.704E-06	3.440E-04
8.735E-01	3.382E-04	3.547E-06	3.347E-04
8.745E-01	3.290E-04	3.396E-06	3.256E-04
8.755E-01	3.199E-04	3.249E-06	3.166E-04
8.765E-01	3.109E-04	3.108E-06	3.078E-04
8.775E-01	3.022E-04	2.972E-06	2.992E-04
8.785E-01	2.936E-04	2.841E-06	2.908E-04
8.795E-01	2.852E-04	2.714E-06	2.825E-04
8.805E-01	2.770E-04	2.592E-06	2.744E-04
8.815E-01	2.690E-04	2.475E-06	2.665E-04
8.825E-01	2.611E-04	2.362E-06	2.587E-04
8.835E-01	2.534E-04	2.253E-06	2.511E-04
8.845E-01	2.458E-04	2.149E-06	2.437E-04
8.855E-01	2.384E-04	2.048E-06	2.364E-04
8.865E-01	2.312E-04	1.951E-06	2.292E-04
8.875E-01	2.241E-04	1.858E-06	2.222E-04
8.885E-01	2.172E-04	1.769E-06	2.154E-04
8.895E-01	2.104E-04	1.683E-06	2.087E-04
8.905E-01	2.038E-04	1.601E-06	2.022E-04
8.915E-01	1.973E-04	1.522E-06	1.958E-04
8.925E-01	1.910E-04	1.446E-06	1.896E-04
8.935E-01	1.848E-04	1.374E-06	1.835E-04
8.945E-01	1.788E-04	1.304E-06	1.775E-04
8.955E-01	1.729E-04	1.237E-06	1.717E-04
8.965E-01	1.672E-04	1.173E-06	1.660E-04
8.975E-01	1.615E-04	1.112E-06	1.604E-04
8.985E-01	1.561E-04	1.053E-06	1.550E-04
8.995E-01	1.507E-04	9.973E-07	1.497E-04
9.005E-01	1.455E-04	9.437E-07	1.446E-04
9.015E-01	1.404E-04	8.925E-07	1.395E-04
9.025E-01	1.355E-04	8.436E-07	1.346E-04
9.035E-01	1.306E-04	7.969E-07	1.298E-04
9.045E-01	1.259E-04	7.523E-07	1.252E-04
9.055E-01	1.213E-04	7.098E-07	1.206E-04
9.065E-01	1.169E-04	6.693E-07	1.162E-04
9.075E-01	1.125E-04	6.307E-07	1.119E-04
9.085E-01	1.083E-04	5.939E-07	1.077E-04
9.095E-01	1.042E-04	5.589E-07	1.036E-04
9.105E-01	1.002E-04	5.256E-07	9.966E-05
9.115E-01	9.629E-05	4.939E-07	9.580E-05
9.125E-01	9.251E-05	4.639E-07	9.205E-05
9.135E-01	8.884E-05	4.353E-07	8.840E-05
9.145E-01	8.527E-05	4.082E-07	8.486E-05
9.155E-01	8.180E-05	3.825E-07	8.142E-05
9.165E-01	7.843E-05	3.581E-07	7.807E-05
9.175E-01	7.517E-05	3.350E-07	7.483E-05
9.185E-01	7.200E-05	3.131E-07	7.169E-05
9.195E-01	6.893E-05	2.925E-07	6.864E-05
9.205E-01	6.595E-05	2.729E-07	6.568E-05
9.215E-01	6.307E-05	2.545E-07	6.281E-05
9.225E-01	6.028E-05	2.370E-07	6.004E-05
9.235E-01	5.757E-05	2.206E-07	5.735E-05
9.245E-01	5.496E-05	2.051E-07	5.475E-05
9.255E-01	5.243E-05	1.905E-07	5.224E-05
9.265E-01	4.998E-05	1.768E-07	4.981E-05
9.275E-01	4.762E-05	1.638E-07	4.746E-05
9.285E-01	4.534E-05	1.517E-07	4.519E-05
9.295E-01	4.313E-05	1.403E-07	4.299E-05
9.305E-01	4.101E-05	1.296E-07	4.088E-05
9.315E-01	3.896E-05	1.196E-07	3.884E-05
9.325E-01	3.698E-05	1.103E-07	3.687E-05
9.335E-01	3.508E-05	1.015E-07	3.498E-05
9.345E-01	3.325E-05	9.335E-08	3.316E-05
9.355E-01	3.149E-05	8.572E-08	3.140E-05
9.365E-01	2.979E-05	7.861E-08	2.971E-05
9.375E-01	2.816E-05	7.199E-08	2.809E-05
9.385E-01	2.660E-05	6.583E-08	2.654E-05
9.395E-01	2.510E-05	6.011E-08	2.504E-05
9.405E-01	2.366E-05	5.480E-08	2.361E-05
9.415E-01	2.228E-05	4.988E-08	2.223E-05
9.425E-01	2.096E-05	4.533E-08	2.092E-05
9.435E-01	1.970E-05	4.113E-08	1.966E-05
9.445E-01	1.849E-05	3.725E-08	1.845E-05
9.455E-01	1.733E-05	3.368E-08	1.730E-05
9.465E-01	1.623E-05	3.039E-08	1.620E-05
9.475E-01	1.518E-05	2.737E-08	1.515E-05
9.485E-01	1.418E-05	2.460E-08	1.416E-05
9.495E-01	1.323E-05	2.206E-08	1.321E-05
9.505E-01	1.232E-05	1.974E-08	1.230E-05
9.515E-01	1.146E-05	1.763E-08	1.144E-05
9.525E-01	1.064E-05	1.570E-08	1.063E-05
9.535E-01	9.869E-06	1.395E-08	9.855E-06
9.545E-01	9.135E-06	1.236E-08	9.123E-06
9.555E-01	8.442E-06	1.093E-08	8.431E-06
9.565E-01	7.787E-06	9.632E-09	7.777E-06
9.575E-01	7.169E-06	8.464E-09	7.161E-06
9.585E-01	6.588E-06	7.415E-09	6.580E-06
9.595E-01	6.041E-06	6.475E-09	6.034E-06
9.605E-01	5.527E-06	5.635E-09	5.521E-06
9.615E-01	5.045E-06	4.887E-09	5.040E-06
9.625E-01	4.595E-06	4.222E-09	4.590E-06
9.635E-01	4.173E-06	3.633E-09	4.170E-06
9.645E-01	3.781E-06	3.113E-09	3.778E-06
9.655E-01	3.415E-06	2.656E-09	3.413E-06
9.665E-01	3.076E-06	2.255E-09	3.073E-06
9.675E-01	2.761E-06	1.905E-09	2.759E-06
9.685E-01	2.470E-06	1.601E-09	2.469E-06
9.695E-01	2.202E-06	1.338E-09	2.201E-06
9.705E-01	1.956E-06	1.112E-09	1.955E-06
9.715E-01	1.730E-06	9.175E-10	1.729E-06
9.725E-01	1.523E-06	7.521E-10	1.522E-06
9.735E-01	1.335E-06	6.120E-10	1.334E-06
9.745E-01	1.164E-06	4.940E-10	1.163E-06
9.755E-01	1.009E-06	3.954E-10	1.009E-06
9.765E-01	8.697E-07	3.135E-10	8.694E-07
9.775E-01	7.448E-07	2.461E-10	7.445E-07
9.785E-01	6.333E-07	1.911E-10	6.331E-07
9.795E-01	5.343E-07	1.466E-10	5.342E-07
9.805E-01	4.470E-07	1.109E-10	4.469E-07
9.815E-01	3.705E-07	8.273E-11	3.704E-07
9.825E-01	3.038E-07	6.071E-11	3.037E-07
9.835E-01	2.462E-07	4.374E-11	2.462E-07
9.845E-01	1.970E-07	3.087E-11	1.969E-07
9.855E-01	1.552E-07	2.129E-11	1.552E-07
9.865E-01	1.203E-07	1.430E-11	1.202E-07
9.875E-01	9.135E-08	9.309E-12	9.134E-08
9.885E-01	6.780E-08	5.848E-12	6.779E-08
9.895E-01	4.897E-08	3.522E-12	4.897E-08
9.905E-01	3.425E-08	2.015E-12	3.425E-08
9.915E-01	2.303E-08	1.084E-12	2.303E-08
9.925E-01	1.474E-08	5.390E-13	1.474E-08
9.935E-01	8.823E-09	2.430E-13	8.823E-09
9.945E-01	4.828E-09	9.629E-14	4.828E-09
9.955E-01	2.338E-09	3.224E-14	2.338E-09
9.965E-01	9.471E-10	8.400E-15	9.471E-10
9.975E-01	2.945E-10	1.374E-15	2.945E-10
9.985E-01	7.003E-11	2.714E-16	7.003E-11
9.995E-01	2.050E-11	5.402E-16	2.050E-11
