Q0 = 1.4 GeV	 Q = 3.2 GeV
x	 x*uv	 x*dv	 x*(uv-dv)
5.000E-04	4.807E-02	3.298E-02	1.508E-02
1.500E-03	8.116E-02	5.529E-02	2.587E-02
2.500E-03	1.032E-01	6.998E-02	3.323E-02
3.500E-03	1.207E-01	8.153E-02	3.920E-02
4.500E-03	1.356E-01	9.124E-02	4.434E-02
5.500E-03	1.486E-01	9.970E-02	4.894E-02
6.500E-03	1.604E-01	1.072E-01	5.313E-02
7.500E-03	1.710E-01	1.140E-01	5.701E-02
8.500E-03	1.809E-01	1.203E-01	6.064E-02
9.500E-03	1.901E-01	1.260E-01	6.406E-02
1.050E-02	1.986E-01	1.313E-01	6.731E-02
1.150E-02	2.067E-01	1.363E-01	7.041E-02
1.250E-02	2.143E-01	1.410E-01	7.338E-02
1.350E-02	2.216E-01	1.454E-01	7.623E-02
1.450E-02	2.285E-01	1.495E-01	7.899E-02
1.550E-02	2.351E-01	1.534E-01	8.165E-02
1.650E-02	2.414E-01	1.572E-01	8.423E-02
1.750E-02	2.474E-01	1.607E-01	8.674E-02
1.850E-02	2.532E-01	1.641E-01	8.918E-02
1.950E-02	2.588E-01	1.673E-01	9.155E-02
2.050E-02	2.642E-01	1.704E-01	9.387E-02
2.150E-02	2.694E-01	1.733E-01	9.613E-02
2.250E-02	2.745E-01	1.761E-01	9.835E-02
2.350E-02	2.793E-01	1.788E-01	1.005E-01
2.450E-02	2.840E-01	1.814E-01	1.026E-01
2.550E-02	2.886E-01	1.839E-01	1.047E-01
2.650E-02	2.930E-01	1.863E-01	1.068E-01
2.750E-02	2.973E-01	1.886E-01	1.088E-01
2.850E-02	3.015E-01	1.908E-01	1.107E-01
2.950E-02	3.056E-01	1.929E-01	1.127E-01
3.050E-02	3.095E-01	1.949E-01	1.146E-01
3.150E-02	3.134E-01	1.969E-01	1.165E-01
3.250E-02	3.171E-01	1.988E-01	1.183E-01
3.350E-02	3.208E-01	2.006E-01	1.202E-01
3.450E-02	3.244E-01	2.024E-01	1.220E-01
3.550E-02	3.278E-01	2.041E-01	1.237E-01
3.650E-02	3.312E-01	2.057E-01	1.255E-01
3.750E-02	3.345E-01	2.073E-01	1.272E-01
3.850E-02	3.378E-01	2.089E-01	1.289E-01
3.950E-02	3.409E-01	2.103E-01	1.306E-01
4.050E-02	3.440E-01	2.118E-01	1.323E-01
4.150E-02	3.470E-01	2.131E-01	1.339E-01
4.250E-02	3.500E-01	2.145E-01	1.355E-01
4.350E-02	3.529E-01	2.157E-01	1.371E-01
4.450E-02	3.557E-01	2.170E-01	1.387E-01
4.550E-02	3.585E-01	2.182E-01	1.403E-01
4.650E-02	3.612E-01	2.193E-01	1.419E-01
4.750E-02	3.638E-01	2.204E-01	1.434E-01
4.850E-02	3.664E-01	2.215E-01	1.449E-01
4.950E-02	3.689E-01	2.225E-01	1.464E-01
5.050E-02	3.714E-01	2.235E-01	1.479E-01
5.150E-02	3.739E-01	2.245E-01	1.494E-01
5.250E-02	3.762E-01	2.254E-01	1.509E-01
5.350E-02	3.786E-01	2.263E-01	1.523E-01
5.450E-02	3.809E-01	2.271E-01	1.537E-01
5.550E-02	3.831E-01	2.280E-01	1.552E-01
5.650E-02	3.853E-01	2.287E-01	1.566E-01
5.750E-02	3.875E-01	2.295E-01	1.580E-01
5.850E-02	3.896E-01	2.302E-01	1.594E-01
5.950E-02	3.917E-01	2.309E-01	1.607E-01
6.050E-02	3.937E-01	2.316E-01	1.621E-01
6.150E-02	3.957E-01	2.323E-01	1.635E-01
6.250E-02	3.977E-01	2.329E-01	1.648E-01
6.350E-02	3.996E-01	2.335E-01	1.661E-01
6.450E-02	4.015E-01	2.341E-01	1.674E-01
6.550E-02	4.034E-01	2.346E-01	1.688E-01
6.650E-02	4.052E-01	2.351E-01	1.701E-01
6.750E-02	4.070E-01	2.356E-01	1.713E-01
6.850E-02	4.087E-01	2.361E-01	1.726E-01
6.950E-02	4.105E-01	2.366E-01	1.739E-01
7.050E-02	4.121E-01	2.370E-01	1.751E-01
7.150E-02	4.138E-01	2.374E-01	1.764E-01
7.250E-02	4.154E-01	2.378E-01	1.776E-01
7.350E-02	4.170E-01	2.382E-01	1.789E-01
7.450E-02	4.186E-01	2.385E-01	1.801E-01
7.550E-02	4.202E-01	2.389E-01	1.813E-01
7.650E-02	4.217E-01	2.392E-01	1.825E-01
7.750E-02	4.232E-01	2.395E-01	1.837E-01
7.850E-02	4.246E-01	2.397E-01	1.849E-01
7.950E-02	4.261E-01	2.400E-01	1.861E-01
8.050E-02	4.275E-01	2.402E-01	1.872E-01
8.150E-02	4.288E-01	2.405E-01	1.884E-01
8.250E-02	4.302E-01	2.407E-01	1.895E-01
8.350E-02	4.315E-01	2.408E-01	1.907E-01
8.450E-02	4.328E-01	2.410E-01	1.918E-01
8.550E-02	4.341E-01	2.412E-01	1.930E-01
8.650E-02	4.354E-01	2.413E-01	1.941E-01
8.750E-02	4.366E-01	2.414E-01	1.952E-01
8.850E-02	4.379E-01	2.415E-01	1.963E-01
8.950E-02	4.391E-01	2.416E-01	1.974E-01
9.050E-02	4.402E-01	2.417E-01	1.985E-01
9.150E-02	4.414E-01	2.418E-01	1.996E-01
9.250E-02	4.425E-01	2.418E-01	2.007E-01
9.350E-02	4.436E-01	2.419E-01	2.017E-01
9.450E-02	4.447E-01	2.419E-01	2.028E-01
9.550E-02	4.458E-01	2.419E-01	2.039E-01
9.650E-02	4.468E-01	2.419E-01	2.049E-01
9.750E-02	4.479E-01	2.419E-01	2.059E-01
9.850E-02	4.489E-01	2.419E-01	2.070E-01
9.950E-02	4.499E-01	2.419E-01	2.080E-01
1.005E-01	4.509E-01	2.418E-01	2.090E-01
1.015E-01	4.518E-01	2.418E-01	2.101E-01
1.025E-01	4.528E-01	2.417E-01	2.111E-01
1.035E-01	4.537E-01	2.416E-01	2.121E-01
1.045E-01	4.546E-01	2.415E-01	2.131E-01
1.055E-01	4.555E-01	2.414E-01	2.141E-01
1.065E-01	4.563E-01	2.413E-01	2.150E-01
1.075E-01	4.572E-01	2.412E-01	2.160E-01
1.085E-01	4.580E-01	2.410E-01	2.170E-01
1.095E-01	4.589E-01	2.409E-01	2.180E-01
1.105E-01	4.597E-01	2.407E-01	2.189E-01
1.115E-01	4.605E-01	2.406E-01	2.199E-01
1.125E-01	4.612E-01	2.404E-01	2.208E-01
1.135E-01	4.620E-01	2.402E-01	2.218E-01
1.145E-01	4.627E-01	2.400E-01	2.227E-01
1.155E-01	4.635E-01	2.398E-01	2.237E-01
1.165E-01	4.642E-01	2.396E-01	2.246E-01
1.175E-01	4.649E-01	2.394E-01	2.255E-01
1.185E-01	4.656E-01	2.392E-01	2.264E-01
1.195E-01	4.663E-01	2.389E-01	2.273E-01
1.205E-01	4.669E-01	2.387E-01	2.282E-01
1.215E-01	4.676E-01	2.384E-01	2.291E-01
1.225E-01	4.682E-01	2.382E-01	2.300E-01
1.235E-01	4.688E-01	2.379E-01	2.309E-01
1.245E-01	4.694E-01	2.376E-01	2.318E-01
1.255E-01	4.700E-01	2.373E-01	2.327E-01
1.265E-01	4.706E-01	2.371E-01	2.335E-01
1.275E-01	4.712E-01	2.368E-01	2.344E-01
1.285E-01	4.717E-01	2.364E-01	2.353E-01
1.295E-01	4.723E-01	2.361E-01	2.361E-01
1.305E-01	4.728E-01	2.358E-01	2.370E-01
1.315E-01	4.733E-01	2.355E-01	2.378E-01
1.325E-01	4.738E-01	2.352E-01	2.387E-01
1.335E-01	4.743E-01	2.348E-01	2.395E-01
1.345E-01	4.748E-01	2.345E-01	2.403E-01
1.355E-01	4.753E-01	2.341E-01	2.411E-01
1.365E-01	4.757E-01	2.338E-01	2.420E-01
1.375E-01	4.762E-01	2.334E-01	2.428E-01
1.385E-01	4.766E-01	2.330E-01	2.436E-01
1.395E-01	4.770E-01	2.326E-01	2.444E-01
1.405E-01	4.774E-01	2.323E-01	2.452E-01
1.415E-01	4.779E-01	2.319E-01	2.460E-01
1.425E-01	4.782E-01	2.315E-01	2.468E-01
1.435E-01	4.786E-01	2.311E-01	2.476E-01
1.445E-01	4.790E-01	2.307E-01	2.483E-01
1.455E-01	4.794E-01	2.303E-01	2.491E-01
1.465E-01	4.797E-01	2.298E-01	2.499E-01
1.475E-01	4.801E-01	2.294E-01	2.506E-01
1.485E-01	4.804E-01	2.290E-01	2.514E-01
1.495E-01	4.807E-01	2.286E-01	2.522E-01
1.505E-01	4.810E-01	2.281E-01	2.529E-01
1.515E-01	4.814E-01	2.277E-01	2.537E-01
1.525E-01	4.816E-01	2.272E-01	2.544E-01
1.535E-01	4.819E-01	2.268E-01	2.551E-01
1.545E-01	4.822E-01	2.263E-01	2.559E-01
1.555E-01	4.825E-01	2.259E-01	2.566E-01
1.565E-01	4.827E-01	2.254E-01	2.573E-01
1.575E-01	4.830E-01	2.249E-01	2.580E-01
1.585E-01	4.832E-01	2.245E-01	2.588E-01
1.595E-01	4.835E-01	2.240E-01	2.595E-01
1.605E-01	4.837E-01	2.235E-01	2.602E-01
1.615E-01	4.839E-01	2.230E-01	2.609E-01
1.625E-01	4.841E-01	2.225E-01	2.616E-01
1.635E-01	4.843E-01	2.220E-01	2.623E-01
1.645E-01	4.845E-01	2.215E-01	2.630E-01
1.655E-01	4.847E-01	2.210E-01	2.636E-01
1.665E-01	4.849E-01	2.205E-01	2.643E-01
1.675E-01	4.850E-01	2.200E-01	2.650E-01
1.685E-01	4.852E-01	2.195E-01	2.657E-01
1.695E-01	4.853E-01	2.190E-01	2.663E-01
1.705E-01	4.855E-01	2.185E-01	2.670E-01
1.715E-01	4.856E-01	2.180E-01	2.676E-01
1.725E-01	4.857E-01	2.174E-01	2.683E-01
1.735E-01	4.859E-01	2.169E-01	2.689E-01
1.745E-01	4.860E-01	2.164E-01	2.696E-01
1.755E-01	4.861E-01	2.158E-01	2.702E-01
1.765E-01	4.862E-01	2.153E-01	2.709E-01
1.775E-01	4.863E-01	2.148E-01	2.715E-01
1.785E-01	4.863E-01	2.142E-01	2.721E-01
1.795E-01	4.864E-01	2.137E-01	2.727E-01
1.805E-01	4.865E-01	2.131E-01	2.734E-01
1.815E-01	4.865E-01	2.126E-01	2.740E-01
1.825E-01	4.866E-01	2.120E-01	2.746E-01
1.835E-01	4.866E-01	2.115E-01	2.752E-01
1.845E-01	4.867E-01	2.109E-01	2.758E-01
1.855E-01	4.867E-01	2.103E-01	2.764E-01
1.865E-01	4.868E-01	2.098E-01	2.770E-01
1.875E-01	4.868E-01	2.092E-01	2.776E-01
1.885E-01	4.868E-01	2.086E-01	2.782E-01
1.895E-01	4.868E-01	2.081E-01	2.787E-01
1.905E-01	4.868E-01	2.075E-01	2.793E-01
1.915E-01	4.868E-01	2.069E-01	2.799E-01
1.925E-01	4.868E-01	2.063E-01	2.805E-01
1.935E-01	4.868E-01	2.057E-01	2.810E-01
1.945E-01	4.867E-01	2.051E-01	2.816E-01
1.955E-01	4.867E-01	2.046E-01	2.821E-01
1.965E-01	4.867E-01	2.040E-01	2.827E-01
1.975E-01	4.866E-01	2.034E-01	2.833E-01
1.985E-01	4.866E-01	2.028E-01	2.838E-01
1.995E-01	4.865E-01	2.022E-01	2.843E-01
2.005E-01	4.865E-01	2.016E-01	2.849E-01
2.015E-01	4.864E-01	2.010E-01	2.854E-01
2.025E-01	4.863E-01	2.004E-01	2.859E-01
2.035E-01	4.863E-01	1.998E-01	2.865E-01
2.045E-01	4.862E-01	1.992E-01	2.870E-01
2.055E-01	4.861E-01	1.986E-01	2.875E-01
2.065E-01	4.860E-01	1.980E-01	2.880E-01
2.075E-01	4.859E-01	1.974E-01	2.885E-01
2.085E-01	4.858E-01	1.968E-01	2.890E-01
2.095E-01	4.857E-01	1.962E-01	2.895E-01
2.105E-01	4.856E-01	1.955E-01	2.900E-01
2.115E-01	4.855E-01	1.949E-01	2.905E-01
2.125E-01	4.853E-01	1.943E-01	2.910E-01
2.135E-01	4.852E-01	1.937E-01	2.915E-01
2.145E-01	4.851E-01	1.931E-01	2.920E-01
2.155E-01	4.849E-01	1.925E-01	2.925E-01
2.165E-01	4.848E-01	1.918E-01	2.930E-01
2.175E-01	4.846E-01	1.912E-01	2.934E-01
2.185E-01	4.845E-01	1.906E-01	2.939E-01
2.195E-01	4.843E-01	1.900E-01	2.944E-01
2.205E-01	4.842E-01	1.893E-01	2.948E-01
2.215E-01	4.840E-01	1.887E-01	2.953E-01
2.225E-01	4.838E-01	1.881E-01	2.957E-01
2.235E-01	4.836E-01	1.875E-01	2.962E-01
2.245E-01	4.835E-01	1.868E-01	2.966E-01
2.255E-01	4.833E-01	1.862E-01	2.971E-01
2.265E-01	4.831E-01	1.856E-01	2.975E-01
2.275E-01	4.829E-01	1.849E-01	2.979E-01
2.285E-01	4.827E-01	1.843E-01	2.984E-01
2.295E-01	4.825E-01	1.837E-01	2.988E-01
2.305E-01	4.823E-01	1.830E-01	2.992E-01
2.315E-01	4.820E-01	1.824E-01	2.996E-01
2.325E-01	4.818E-01	1.818E-01	3.001E-01
2.335E-01	4.816E-01	1.811E-01	3.005E-01
2.345E-01	4.814E-01	1.805E-01	3.009E-01
2.355E-01	4.811E-01	1.798E-01	3.013E-01
2.365E-01	4.809E-01	1.792E-01	3.017E-01
2.375E-01	4.807E-01	1.786E-01	3.021E-01
2.385E-01	4.804E-01	1.779E-01	3.025E-01
2.395E-01	4.802E-01	1.773E-01	3.029E-01
2.405E-01	4.799E-01	1.766E-01	3.033E-01
2.415E-01	4.796E-01	1.760E-01	3.037E-01
2.425E-01	4.794E-01	1.754E-01	3.040E-01
2.435E-01	4.791E-01	1.747E-01	3.044E-01
2.445E-01	4.788E-01	1.741E-01	3.048E-01
2.455E-01	4.786E-01	1.734E-01	3.052E-01
2.465E-01	4.783E-01	1.728E-01	3.055E-01
2.475E-01	4.780E-01	1.721E-01	3.059E-01
2.485E-01	4.777E-01	1.715E-01	3.062E-01
2.495E-01	4.774E-01	1.708E-01	3.066E-01
2.505E-01	4.772E-01	1.702E-01	3.070E-01
2.515E-01	4.769E-01	1.695E-01	3.073E-01
2.525E-01	4.766E-01	1.689E-01	3.077E-01
2.535E-01	4.763E-01	1.683E-01	3.080E-01
2.545E-01	4.759E-01	1.676E-01	3.083E-01
2.555E-01	4.756E-01	1.670E-01	3.087E-01
2.565E-01	4.753E-01	1.663E-01	3.090E-01
2.575E-01	4.750E-01	1.657E-01	3.093E-01
2.585E-01	4.747E-01	1.650E-01	3.097E-01
2.595E-01	4.744E-01	1.644E-01	3.100E-01
2.605E-01	4.740E-01	1.637E-01	3.103E-01
2.615E-01	4.737E-01	1.631E-01	3.106E-01
2.625E-01	4.734E-01	1.624E-01	3.109E-01
2.635E-01	4.730E-01	1.618E-01	3.112E-01
2.645E-01	4.727E-01	1.611E-01	3.115E-01
2.655E-01	4.723E-01	1.605E-01	3.118E-01
2.665E-01	4.720E-01	1.598E-01	3.121E-01
2.675E-01	4.716E-01	1.592E-01	3.124E-01
2.685E-01	4.713E-01	1.586E-01	3.127E-01
2.695E-01	4.709E-01	1.579E-01	3.130E-01
2.705E-01	4.706E-01	1.573E-01	3.133E-01
2.715E-01	4.702E-01	1.566E-01	3.136E-01
2.725E-01	4.698E-01	1.560E-01	3.139E-01
2.735E-01	4.694E-01	1.553E-01	3.141E-01
2.745E-01	4.691E-01	1.547E-01	3.144E-01
2.755E-01	4.687E-01	1.540E-01	3.147E-01
2.765E-01	4.683E-01	1.534E-01	3.149E-01
2.775E-01	4.679E-01	1.527E-01	3.152E-01
2.785E-01	4.675E-01	1.521E-01	3.155E-01
2.795E-01	4.672E-01	1.514E-01	3.157E-01
2.805E-01	4.668E-01	1.508E-01	3.160E-01
2.815E-01	4.664E-01	1.502E-01	3.162E-01
2.825E-01	4.660E-01	1.495E-01	3.165E-01
2.835E-01	4.656E-01	1.489E-01	3.167E-01
2.845E-01	4.652E-01	1.482E-01	3.169E-01
2.855E-01	4.648E-01	1.476E-01	3.172E-01
2.865E-01	4.644E-01	1.469E-01	3.174E-01
2.875E-01	4.639E-01	1.463E-01	3.176E-01
2.885E-01	4.635E-01	1.457E-01	3.179E-01
2.895E-01	4.631E-01	1.450E-01	3.181E-01
2.905E-01	4.627E-01	1.444E-01	3.183E-01
2.915E-01	4.623E-01	1.437E-01	3.185E-01
2.925E-01	4.618E-01	1.431E-01	3.187E-01
2.935E-01	4.614E-01	1.425E-01	3.189E-01
2.945E-01	4.610E-01	1.418E-01	3.191E-01
2.955E-01	4.605E-01	1.412E-01	3.193E-01
2.965E-01	4.601E-01	1.406E-01	3.195E-01
2.975E-01	4.597E-01	1.399E-01	3.197E-01
2.985E-01	4.592E-01	1.393E-01	3.199E-01
2.995E-01	4.588E-01	1.387E-01	3.201E-01
3.005E-01	4.583E-01	1.380E-01	3.203E-01
3.015E-01	4.579E-01	1.374E-01	3.205E-01
3.025E-01	4.574E-01	1.367E-01	3.207E-01
3.035E-01	4.570E-01	1.361E-01	3.209E-01
3.045E-01	4.565E-01	1.355E-01	3.210E-01
3.055E-01	4.561E-01	1.349E-01	3.212E-01
3.065E-01	4.556E-01	1.342E-01	3.214E-01
3.075E-01	4.551E-01	1.336E-01	3.215E-01
3.085E-01	4.547E-01	1.330E-01	3.217E-01
3.095E-01	4.542E-01	1.323E-01	3.219E-01
3.105E-01	4.537E-01	1.317E-01	3.220E-01
3.115E-01	4.533E-01	1.311E-01	3.222E-01
3.125E-01	4.528E-01	1.305E-01	3.223E-01
3.135E-01	4.523E-01	1.298E-01	3.225E-01
3.145E-01	4.518E-01	1.292E-01	3.226E-01
3.155E-01	4.513E-01	1.286E-01	3.228E-01
3.165E-01	4.509E-01	1.280E-01	3.229E-01
3.175E-01	4.504E-01	1.273E-01	3.230E-01
3.185E-01	4.499E-01	1.267E-01	3.232E-01
3.195E-01	4.494E-01	1.261E-01	3.233E-01
3.205E-01	4.489E-01	1.255E-01	3.234E-01
3.215E-01	4.484E-01	1.249E-01	3.235E-01
3.225E-01	4.479E-01	1.242E-01	3.237E-01
3.235E-01	4.474E-01	1.236E-01	3.238E-01
3.245E-01	4.469E-01	1.230E-01	3.239E-01
3.255E-01	4.464E-01	1.224E-01	3.240E-01
3.265E-01	4.459E-01	1.218E-01	3.241E-01
3.275E-01	4.454E-01	1.212E-01	3.242E-01
3.285E-01	4.449E-01	1.206E-01	3.243E-01
3.295E-01	4.444E-01	1.199E-01	3.244E-01
3.305E-01	4.438E-01	1.193E-01	3.245E-01
3.315E-01	4.433E-01	1.187E-01	3.246E-01
3.325E-01	4.428E-01	1.181E-01	3.247E-01
3.335E-01	4.423E-01	1.175E-01	3.248E-01
3.345E-01	4.418E-01	1.169E-01	3.249E-01
3.355E-01	4.412E-01	1.163E-01	3.249E-01
3.365E-01	4.407E-01	1.157E-01	3.250E-01
3.375E-01	4.402E-01	1.151E-01	3.251E-01
3.385E-01	4.397E-01	1.145E-01	3.252E-01
3.395E-01	4.391E-01	1.139E-01	3.252E-01
3.405E-01	4.386E-01	1.133E-01	3.253E-01
3.415E-01	4.381E-01	1.127E-01	3.254E-01
3.425E-01	4.375E-01	1.121E-01	3.254E-01
3.435E-01	4.370E-01	1.115E-01	3.255E-01
3.445E-01	4.364E-01	1.109E-01	3.255E-01
3.455E-01	4.359E-01	1.103E-01	3.256E-01
3.465E-01	4.354E-01	1.097E-01	3.256E-01
3.475E-01	4.348E-01	1.091E-01	3.257E-01
3.485E-01	4.343E-01	1.085E-01	3.257E-01
3.495E-01	4.337E-01	1.079E-01	3.258E-01
3.505E-01	4.332E-01	1.074E-01	3.258E-01
3.515E-01	4.326E-01	1.068E-01	3.258E-01
3.525E-01	4.321E-01	1.062E-01	3.259E-01
3.535E-01	4.315E-01	1.056E-01	3.259E-01
3.545E-01	4.309E-01	1.050E-01	3.259E-01
3.555E-01	4.304E-01	1.044E-01	3.260E-01
3.565E-01	4.298E-01	1.038E-01	3.260E-01
3.575E-01	4.293E-01	1.033E-01	3.260E-01
3.585E-01	4.287E-01	1.027E-01	3.260E-01
3.595E-01	4.281E-01	1.021E-01	3.260E-01
3.605E-01	4.276E-01	1.015E-01	3.260E-01
3.615E-01	4.270E-01	1.010E-01	3.260E-01
3.625E-01	4.264E-01	1.004E-01	3.260E-01
3.635E-01	4.258E-01	9.980E-02	3.260E-01
3.645E-01	4.253E-01	9.923E-02	3.260E-01
3.655E-01	4.247E-01	9.866E-02	3.260E-01
3.665E-01	4.241E-01	9.809E-02	3.260E-01
3.675E-01	4.235E-01	9.752E-02	3.260E-01
3.685E-01	4.230E-01	9.695E-02	3.260E-01
3.695E-01	4.224E-01	9.639E-02	3.260E-01
3.705E-01	4.218E-01	9.582E-02	3.260E-01
3.715E-01	4.212E-01	9.526E-02	3.260E-01
3.725E-01	4.206E-01	9.470E-02	3.259E-01
3.735E-01	4.200E-01	9.413E-02	3.259E-01
3.745E-01	4.194E-01	9.358E-02	3.259E-01
3.755E-01	4.189E-01	9.302E-02	3.258E-01
3.765E-01	4.183E-01	9.246E-02	3.258E-01
3.775E-01	4.177E-01	9.190E-02	3.258E-01
3.785E-01	4.171E-01	9.135E-02	3.257E-01
3.795E-01	4.165E-01	9.080E-02	3.257E-01
3.805E-01	4.159E-01	9.024E-02	3.256E-01
3.815E-01	4.153E-01	8.969E-02	3.256E-01
3.825E-01	4.147E-01	8.914E-02	3.255E-01
3.835E-01	4.141E-01	8.860E-02	3.255E-01
3.845E-01	4.135E-01	8.805E-02	3.254E-01
3.855E-01	4.129E-01	8.750E-02	3.254E-01
3.865E-01	4.123E-01	8.696E-02	3.253E-01
3.875E-01	4.117E-01	8.642E-02	3.252E-01
3.885E-01	4.111E-01	8.588E-02	3.252E-01
3.895E-01	4.104E-01	8.534E-02	3.251E-01
3.905E-01	4.098E-01	8.480E-02	3.250E-01
3.915E-01	4.092E-01	8.426E-02	3.250E-01
3.925E-01	4.086E-01	8.373E-02	3.249E-01
3.935E-01	4.080E-01	8.319E-02	3.248E-01
3.945E-01	4.074E-01	8.266E-02	3.247E-01
3.955E-01	4.068E-01	8.213E-02	3.246E-01
3.965E-01	4.061E-01	8.160E-02	3.246E-01
3.975E-01	4.055E-01	8.107E-02	3.245E-01
3.985E-01	4.049E-01	8.054E-02	3.244E-01
3.995E-01	4.043E-01	8.001E-02	3.243E-01
4.005E-01	4.037E-01	7.949E-02	3.242E-01
4.015E-01	4.030E-01	7.897E-02	3.241E-01
4.025E-01	4.024E-01	7.844E-02	3.240E-01
4.035E-01	4.018E-01	7.792E-02	3.239E-01
4.045E-01	4.012E-01	7.740E-02	3.238E-01
4.055E-01	4.005E-01	7.689E-02	3.236E-01
4.065E-01	3.999E-01	7.637E-02	3.235E-01
4.075E-01	3.993E-01	7.586E-02	3.234E-01
4.085E-01	3.986E-01	7.534E-02	3.233E-01
4.095E-01	3.980E-01	7.483E-02	3.232E-01
4.105E-01	3.974E-01	7.432E-02	3.231E-01
4.115E-01	3.967E-01	7.381E-02	3.229E-01
4.125E-01	3.961E-01	7.330E-02	3.228E-01
4.135E-01	3.955E-01	7.280E-02	3.227E-01
4.145E-01	3.948E-01	7.229E-02	3.225E-01
4.155E-01	3.942E-01	7.179E-02	3.224E-01
4.165E-01	3.935E-01	7.129E-02	3.223E-01
4.175E-01	3.929E-01	7.079E-02	3.221E-01
4.185E-01	3.923E-01	7.029E-02	3.220E-01
4.195E-01	3.916E-01	6.979E-02	3.218E-01
4.205E-01	3.910E-01	6.930E-02	3.217E-01
4.215E-01	3.903E-01	6.880E-02	3.215E-01
4.225E-01	3.897E-01	6.831E-02	3.214E-01
4.235E-01	3.890E-01	6.782E-02	3.212E-01
4.245E-01	3.884E-01	6.733E-02	3.211E-01
4.255E-01	3.877E-01	6.684E-02	3.209E-01
4.265E-01	3.871E-01	6.635E-02	3.207E-01
4.275E-01	3.864E-01	6.587E-02	3.206E-01
4.285E-01	3.858E-01	6.538E-02	3.204E-01
4.295E-01	3.851E-01	6.490E-02	3.202E-01
4.305E-01	3.845E-01	6.442E-02	3.201E-01
4.315E-01	3.838E-01	6.394E-02	3.199E-01
4.325E-01	3.832E-01	6.346E-02	3.197E-01
4.335E-01	3.825E-01	6.298E-02	3.195E-01
4.345E-01	3.818E-01	6.251E-02	3.193E-01
4.355E-01	3.812E-01	6.204E-02	3.191E-01
4.365E-01	3.805E-01	6.156E-02	3.190E-01
4.375E-01	3.799E-01	6.109E-02	3.188E-01
4.385E-01	3.792E-01	6.062E-02	3.186E-01
4.395E-01	3.785E-01	6.016E-02	3.184E-01
4.405E-01	3.779E-01	5.969E-02	3.182E-01
4.415E-01	3.772E-01	5.922E-02	3.180E-01
4.425E-01	3.765E-01	5.876E-02	3.178E-01
4.435E-01	3.759E-01	5.830E-02	3.176E-01
4.445E-01	3.752E-01	5.784E-02	3.174E-01
4.455E-01	3.745E-01	5.738E-02	3.172E-01
4.465E-01	3.739E-01	5.692E-02	3.169E-01
4.475E-01	3.732E-01	5.647E-02	3.167E-01
4.485E-01	3.725E-01	5.602E-02	3.165E-01
4.495E-01	3.719E-01	5.556E-02	3.163E-01
4.505E-01	3.712E-01	5.511E-02	3.161E-01
4.515E-01	3.705E-01	5.466E-02	3.159E-01
4.525E-01	3.698E-01	5.421E-02	3.156E-01
4.535E-01	3.692E-01	5.377E-02	3.154E-01
4.545E-01	3.685E-01	5.332E-02	3.152E-01
4.555E-01	3.678E-01	5.288E-02	3.149E-01
4.565E-01	3.671E-01	5.244E-02	3.147E-01
4.575E-01	3.665E-01	5.200E-02	3.145E-01
4.585E-01	3.658E-01	5.156E-02	3.142E-01
4.595E-01	3.651E-01	5.112E-02	3.140E-01
4.605E-01	3.644E-01	5.069E-02	3.137E-01
4.615E-01	3.637E-01	5.025E-02	3.135E-01
4.625E-01	3.631E-01	4.982E-02	3.132E-01
4.635E-01	3.624E-01	4.939E-02	3.130E-01
4.645E-01	3.617E-01	4.896E-02	3.127E-01
4.655E-01	3.610E-01	4.853E-02	3.125E-01
4.665E-01	3.603E-01	4.810E-02	3.122E-01
4.675E-01	3.596E-01	4.768E-02	3.120E-01
4.685E-01	3.590E-01	4.726E-02	3.117E-01
4.695E-01	3.583E-01	4.683E-02	3.114E-01
4.705E-01	3.576E-01	4.641E-02	3.112E-01
4.715E-01	3.569E-01	4.600E-02	3.109E-01
4.725E-01	3.562E-01	4.558E-02	3.106E-01
4.735E-01	3.555E-01	4.516E-02	3.104E-01
4.745E-01	3.548E-01	4.475E-02	3.101E-01
4.755E-01	3.541E-01	4.434E-02	3.098E-01
4.765E-01	3.535E-01	4.392E-02	3.095E-01
4.775E-01	3.528E-01	4.351E-02	3.093E-01
4.785E-01	3.521E-01	4.311E-02	3.090E-01
4.795E-01	3.514E-01	4.270E-02	3.087E-01
4.805E-01	3.507E-01	4.230E-02	3.084E-01
4.815E-01	3.500E-01	4.189E-02	3.081E-01
4.825E-01	3.493E-01	4.149E-02	3.078E-01
4.835E-01	3.486E-01	4.109E-02	3.075E-01
4.845E-01	3.479E-01	4.069E-02	3.072E-01
4.855E-01	3.472E-01	4.029E-02	3.069E-01
4.865E-01	3.465E-01	3.990E-02	3.066E-01
4.875E-01	3.458E-01	3.950E-02	3.063E-01
4.885E-01	3.451E-01	3.911E-02	3.060E-01
4.895E-01	3.444E-01	3.872E-02	3.057E-01
4.905E-01	3.437E-01	3.833E-02	3.054E-01
4.915E-01	3.430E-01	3.794E-02	3.051E-01
4.925E-01	3.423E-01	3.756E-02	3.048E-01
4.935E-01	3.416E-01	3.717E-02	3.044E-01
4.945E-01	3.409E-01	3.679E-02	3.041E-01
4.955E-01	3.402E-01	3.641E-02	3.038E-01
4.965E-01	3.395E-01	3.603E-02	3.035E-01
4.975E-01	3.388E-01	3.565E-02	3.032E-01
4.985E-01	3.381E-01	3.527E-02	3.028E-01
4.995E-01	3.374E-01	3.490E-02	3.025E-01
5.005E-01	3.367E-01	3.452E-02	3.022E-01
5.015E-01	3.360E-01	3.415E-02	3.018E-01
5.025E-01	3.353E-01	3.378E-02	3.015E-01
5.035E-01	3.346E-01	3.341E-02	3.012E-01
5.045E-01	3.339E-01	3.304E-02	3.008E-01
5.055E-01	3.332E-01	3.268E-02	3.005E-01
5.065E-01	3.325E-01	3.231E-02	3.001E-01
5.075E-01	3.317E-01	3.195E-02	2.998E-01
5.085E-01	3.310E-01	3.159E-02	2.994E-01
5.095E-01	3.303E-01	3.123E-02	2.991E-01
5.105E-01	3.296E-01	3.087E-02	2.987E-01
5.115E-01	3.289E-01	3.051E-02	2.984E-01
5.125E-01	3.282E-01	3.016E-02	2.980E-01
5.135E-01	3.275E-01	2.980E-02	2.977E-01
5.145E-01	3.268E-01	2.945E-02	2.973E-01
5.155E-01	3.261E-01	2.910E-02	2.970E-01
5.165E-01	3.253E-01	2.875E-02	2.966E-01
5.175E-01	3.246E-01	2.840E-02	2.962E-01
5.185E-01	3.239E-01	2.805E-02	2.959E-01
5.195E-01	3.232E-01	2.771E-02	2.955E-01
5.205E-01	3.225E-01	2.737E-02	2.951E-01
5.215E-01	3.218E-01	2.702E-02	2.947E-01
5.225E-01	3.211E-01	2.668E-02	2.944E-01
5.235E-01	3.203E-01	2.635E-02	2.940E-01
5.245E-01	3.196E-01	2.601E-02	2.936E-01
5.255E-01	3.189E-01	2.567E-02	2.932E-01
5.265E-01	3.182E-01	2.534E-02	2.929E-01
5.275E-01	3.175E-01	2.501E-02	2.925E-01
5.285E-01	3.168E-01	2.468E-02	2.921E-01
5.295E-01	3.160E-01	2.435E-02	2.917E-01
5.305E-01	3.153E-01	2.402E-02	2.913E-01
5.315E-01	3.146E-01	2.369E-02	2.909E-01
5.325E-01	3.139E-01	2.337E-02	2.905E-01
5.335E-01	3.132E-01	2.304E-02	2.901E-01
5.345E-01	3.124E-01	2.272E-02	2.897E-01
5.355E-01	3.117E-01	2.240E-02	2.893E-01
5.365E-01	3.110E-01	2.208E-02	2.889E-01
5.375E-01	3.103E-01	2.177E-02	2.885E-01
5.385E-01	3.096E-01	2.145E-02	2.881E-01
5.395E-01	3.088E-01	2.114E-02	2.877E-01
5.405E-01	3.081E-01	2.082E-02	2.873E-01
5.415E-01	3.074E-01	2.051E-02	2.869E-01
5.425E-01	3.067E-01	2.020E-02	2.865E-01
5.435E-01	3.059E-01	1.989E-02	2.860E-01
5.445E-01	3.052E-01	1.959E-02	2.856E-01
5.455E-01	3.045E-01	1.928E-02	2.852E-01
5.465E-01	3.038E-01	1.898E-02	2.848E-01
5.475E-01	3.030E-01	1.868E-02	2.844E-01
5.485E-01	3.023E-01	1.838E-02	2.839E-01
5.495E-01	3.016E-01	1.808E-02	2.835E-01
5.505E-01	3.009E-01	1.778E-02	2.831E-01
5.515E-01	3.001E-01	1.748E-02	2.827E-01
5.525E-01	2.994E-01	1.719E-02	2.822E-01
5.535E-01	2.987E-01	1.689E-02	2.818E-01
5.545E-01	2.980E-01	1.660E-02	2.814E-01
5.555E-01	2.972E-01	1.631E-02	2.809E-01
5.565E-01	2.965E-01	1.602E-02	2.805E-01
5.575E-01	2.958E-01	1.574E-02	2.800E-01
5.585E-01	2.950E-01	1.545E-02	2.796E-01
5.595E-01	2.943E-01	1.517E-02	2.791E-01
5.605E-01	2.936E-01	1.488E-02	2.787E-01
5.615E-01	2.929E-01	1.460E-02	2.783E-01
5.625E-01	2.921E-01	1.432E-02	2.778E-01
5.635E-01	2.914E-01	1.404E-02	2.774E-01
5.645E-01	2.907E-01	1.377E-02	2.769E-01
5.655E-01	2.899E-01	1.349E-02	2.764E-01
5.665E-01	2.892E-01	1.322E-02	2.760E-01
5.675E-01	2.885E-01	1.295E-02	2.755E-01
5.685E-01	2.877E-01	1.268E-02	2.751E-01
5.695E-01	2.870E-01	1.241E-02	2.746E-01
5.705E-01	2.863E-01	1.214E-02	2.741E-01
5.715E-01	2.855E-01	1.187E-02	2.737E-01
5.725E-01	2.848E-01	1.161E-02	2.732E-01
5.735E-01	2.841E-01	1.134E-02	2.727E-01
5.745E-01	2.833E-01	1.108E-02	2.723E-01
5.755E-01	2.826E-01	1.082E-02	2.718E-01
5.765E-01	2.819E-01	1.056E-02	2.713E-01
5.775E-01	2.811E-01	1.030E-02	2.708E-01
5.785E-01	2.804E-01	1.005E-02	2.704E-01
5.795E-01	2.797E-01	9.792E-03	2.699E-01
5.805E-01	2.789E-01	9.539E-03	2.694E-01
5.815E-01	2.782E-01	9.287E-03	2.689E-01
5.825E-01	2.775E-01	9.036E-03	2.684E-01
5.835E-01	2.767E-01	8.787E-03	2.680E-01
5.845E-01	2.760E-01	8.540E-03	2.675E-01
5.855E-01	2.753E-01	8.294E-03	2.670E-01
5.865E-01	2.745E-01	8.049E-03	2.665E-01
5.875E-01	2.738E-01	7.806E-03	2.660E-01
5.885E-01	2.731E-01	7.564E-03	2.655E-01
5.895E-01	2.723E-01	7.324E-03	2.650E-01
5.905E-01	2.716E-01	7.085E-03	2.645E-01
5.915E-01	2.709E-01	6.848E-03	2.640E-01
5.925E-01	2.701E-01	6.612E-03	2.635E-01
5.935E-01	2.694E-01	6.377E-03	2.630E-01
5.945E-01	2.686E-01	6.144E-03	2.625E-01
5.955E-01	2.679E-01	5.912E-03	2.620E-01
5.965E-01	2.672E-01	5.682E-03	2.615E-01
5.975E-01	2.664E-01	5.453E-03	2.610E-01
5.985E-01	2.657E-01	5.225E-03	2.605E-01
5.995E-01	2.650E-01	4.999E-03	2.600E-01
6.005E-01	2.642E-01	4.775E-03	2.594E-01
6.015E-01	2.635E-01	4.551E-03	2.589E-01
6.025E-01	2.627E-01	4.330E-03	2.584E-01
6.035E-01	2.620E-01	4.109E-03	2.579E-01
6.045E-01	2.613E-01	3.890E-03	2.574E-01
6.055E-01	2.605E-01	3.673E-03	2.569E-01
6.065E-01	2.598E-01	3.457E-03	2.563E-01
6.075E-01	2.591E-01	3.242E-03	2.558E-01
6.085E-01	2.583E-01	3.028E-03	2.553E-01
6.095E-01	2.576E-01	2.817E-03	2.548E-01
6.105E-01	2.568E-01	2.606E-03	2.542E-01
6.115E-01	2.561E-01	2.397E-03	2.537E-01
6.125E-01	2.554E-01	2.189E-03	2.532E-01
6.135E-01	2.546E-01	1.983E-03	2.526E-01
6.145E-01	2.539E-01	1.778E-03	2.521E-01
6.155E-01	2.531E-01	1.574E-03	2.516E-01
6.165E-01	2.524E-01	1.372E-03	2.510E-01
6.175E-01	2.517E-01	1.171E-03	2.505E-01
6.185E-01	2.509E-01	9.719E-04	2.499E-01
6.195E-01	2.502E-01	7.738E-04	2.494E-01
6.205E-01	2.494E-01	5.771E-04	2.489E-01
6.215E-01	2.487E-01	3.819E-04	2.483E-01
6.225E-01	2.480E-01	1.879E-04	2.478E-01
6.235E-01	2.472E-01	-4.595E-06	2.472E-01
6.245E-01	2.465E-01	-1.958E-04	2.467E-01
6.255E-01	2.457E-01	-3.856E-04	2.461E-01
6.265E-01	2.450E-01	-5.740E-04	2.456E-01
6.275E-01	2.443E-01	-7.611E-04	2.450E-01
6.285E-01	2.435E-01	-9.468E-04	2.445E-01
6.295E-01	2.428E-01	-1.131E-03	2.439E-01
6.305E-01	2.420E-01	-1.314E-03	2.433E-01
6.315E-01	2.413E-01	-1.496E-03	2.428E-01
6.325E-01	2.405E-01	-1.676E-03	2.422E-01
6.335E-01	2.398E-01	-1.855E-03	2.417E-01
6.345E-01	2.391E-01	-2.033E-03	2.411E-01
6.355E-01	2.383E-01	-2.209E-03	2.405E-01
6.365E-01	2.376E-01	-2.384E-03	2.400E-01
6.375E-01	2.368E-01	-2.557E-03	2.394E-01
6.385E-01	2.361E-01	-2.730E-03	2.388E-01
6.395E-01	2.354E-01	-2.901E-03	2.383E-01
6.405E-01	2.346E-01	-3.070E-03	2.377E-01
6.415E-01	2.339E-01	-3.238E-03	2.371E-01
6.425E-01	2.331E-01	-3.405E-03	2.365E-01
6.435E-01	2.324E-01	-3.571E-03	2.360E-01
6.445E-01	2.316E-01	-3.735E-03	2.354E-01
6.455E-01	2.309E-01	-3.898E-03	2.348E-01
6.465E-01	2.302E-01	-4.060E-03	2.342E-01
6.475E-01	2.294E-01	-4.220E-03	2.336E-01
6.485E-01	2.287E-01	-4.379E-03	2.331E-01
6.495E-01	2.279E-01	-4.537E-03	2.325E-01
6.505E-01	2.272E-01	-4.693E-03	2.319E-01
6.515E-01	2.265E-01	-4.848E-03	2.313E-01
6.525E-01	2.257E-01	-5.002E-03	2.307E-01
6.535E-01	2.250E-01	-5.154E-03	2.301E-01
6.545E-01	2.242E-01	-5.305E-03	2.295E-01
6.555E-01	2.235E-01	-5.455E-03	2.289E-01
6.565E-01	2.227E-01	-5.604E-03	2.283E-01
6.575E-01	2.220E-01	-5.751E-03	2.278E-01
6.585E-01	2.213E-01	-5.897E-03	2.272E-01
6.595E-01	2.205E-01	-6.042E-03	2.266E-01
6.605E-01	2.198E-01	-6.185E-03	2.260E-01
6.615E-01	2.190E-01	-6.327E-03	2.254E-01
6.625E-01	2.183E-01	-6.468E-03	2.248E-01
6.635E-01	2.176E-01	-6.607E-03	2.242E-01
6.645E-01	2.168E-01	-6.746E-03	2.236E-01
6.655E-01	2.161E-01	-6.883E-03	2.230E-01
6.665E-01	2.153E-01	-7.018E-03	2.223E-01
6.675E-01	2.146E-01	-7.153E-03	2.217E-01
6.685E-01	2.138E-01	-7.286E-03	2.211E-01
6.695E-01	2.131E-01	-7.418E-03	2.205E-01
6.705E-01	2.124E-01	-7.548E-03	2.199E-01
6.715E-01	2.116E-01	-7.678E-03	2.193E-01
6.725E-01	2.109E-01	-7.806E-03	2.187E-01
6.735E-01	2.101E-01	-7.933E-03	2.181E-01
6.745E-01	2.094E-01	-8.058E-03	2.175E-01
6.755E-01	2.087E-01	-8.183E-03	2.168E-01
6.765E-01	2.079E-01	-8.306E-03	2.162E-01
6.775E-01	2.072E-01	-8.428E-03	2.156E-01
6.785E-01	2.064E-01	-8.548E-03	2.150E-01
6.795E-01	2.057E-01	-8.668E-03	2.144E-01
6.805E-01	2.050E-01	-8.786E-03	2.137E-01
6.815E-01	2.042E-01	-8.903E-03	2.131E-01
6.825E-01	2.035E-01	-9.018E-03	2.125E-01
6.835E-01	2.027E-01	-9.133E-03	2.119E-01
6.845E-01	2.020E-01	-9.246E-03	2.112E-01
6.855E-01	2.012E-01	-9.358E-03	2.106E-01
6.865E-01	2.005E-01	-9.469E-03	2.100E-01
6.875E-01	1.998E-01	-9.578E-03	2.093E-01
6.885E-01	1.990E-01	-9.687E-03	2.087E-01
6.895E-01	1.983E-01	-9.794E-03	2.081E-01
6.905E-01	1.975E-01	-9.900E-03	2.074E-01
6.915E-01	1.968E-01	-1.000E-02	2.068E-01
6.925E-01	1.961E-01	-1.011E-02	2.062E-01
6.935E-01	1.953E-01	-1.021E-02	2.055E-01
6.945E-01	1.946E-01	-1.031E-02	2.049E-01
6.955E-01	1.939E-01	-1.041E-02	2.043E-01
6.965E-01	1.931E-01	-1.051E-02	2.036E-01
6.975E-01	1.924E-01	-1.061E-02	2.030E-01
6.985E-01	1.916E-01	-1.070E-02	2.023E-01
6.995E-01	1.909E-01	-1.080E-02	2.017E-01
7.005E-01	1.902E-01	-1.089E-02	2.011E-01
7.015E-01	1.894E-01	-1.098E-02	2.004E-01
7.025E-01	1.887E-01	-1.108E-02	1.998E-01
7.035E-01	1.879E-01	-1.117E-02	1.991E-01
7.045E-01	1.872E-01	-1.126E-02	1.985E-01
7.055E-01	1.865E-01	-1.134E-02	1.978E-01
7.065E-01	1.857E-01	-1.143E-02	1.972E-01
7.075E-01	1.850E-01	-1.152E-02	1.965E-01
7.085E-01	1.843E-01	-1.160E-02	1.959E-01
7.095E-01	1.835E-01	-1.168E-02	1.952E-01
7.105E-01	1.828E-01	-1.177E-02	1.945E-01
7.115E-01	1.820E-01	-1.185E-02	1.939E-01
7.125E-01	1.813E-01	-1.193E-02	1.932E-01
7.135E-01	1.806E-01	-1.201E-02	1.926E-01
7.145E-01	1.798E-01	-1.208E-02	1.919E-01
7.155E-01	1.791E-01	-1.216E-02	1.913E-01
7.165E-01	1.784E-01	-1.223E-02	1.906E-01
7.175E-01	1.776E-01	-1.231E-02	1.899E-01
7.185E-01	1.769E-01	-1.238E-02	1.893E-01
7.195E-01	1.762E-01	-1.245E-02	1.886E-01
7.205E-01	1.754E-01	-1.252E-02	1.879E-01
7.215E-01	1.747E-01	-1.259E-02	1.873E-01
7.225E-01	1.740E-01	-1.266E-02	1.866E-01
7.235E-01	1.732E-01	-1.273E-02	1.859E-01
7.245E-01	1.725E-01	-1.280E-02	1.853E-01
7.255E-01	1.718E-01	-1.286E-02	1.846E-01
7.265E-01	1.710E-01	-1.292E-02	1.839E-01
7.275E-01	1.703E-01	-1.299E-02	1.833E-01
7.285E-01	1.696E-01	-1.305E-02	1.826E-01
7.295E-01	1.688E-01	-1.311E-02	1.819E-01
7.305E-01	1.681E-01	-1.317E-02	1.813E-01
7.315E-01	1.674E-01	-1.323E-02	1.806E-01
7.325E-01	1.666E-01	-1.328E-02	1.799E-01
7.335E-01	1.659E-01	-1.334E-02	1.792E-01
7.345E-01	1.652E-01	-1.340E-02	1.786E-01
7.355E-01	1.644E-01	-1.345E-02	1.779E-01
7.365E-01	1.637E-01	-1.350E-02	1.772E-01
7.375E-01	1.630E-01	-1.355E-02	1.765E-01
7.385E-01	1.622E-01	-1.360E-02	1.758E-01
7.395E-01	1.615E-01	-1.365E-02	1.752E-01
7.405E-01	1.608E-01	-1.370E-02	1.745E-01
7.415E-01	1.600E-01	-1.375E-02	1.738E-01
7.425E-01	1.593E-01	-1.380E-02	1.731E-01
7.435E-01	1.586E-01	-1.384E-02	1.724E-01
7.445E-01	1.579E-01	-1.389E-02	1.717E-01
7.455E-01	1.571E-01	-1.393E-02	1.711E-01
7.465E-01	1.564E-01	-1.397E-02	1.704E-01
7.475E-01	1.557E-01	-1.401E-02	1.697E-01
7.485E-01	1.549E-01	-1.405E-02	1.690E-01
7.495E-01	1.542E-01	-1.409E-02	1.683E-01
7.505E-01	1.535E-01	-1.413E-02	1.676E-01
7.515E-01	1.528E-01	-1.416E-02	1.669E-01
7.525E-01	1.520E-01	-1.420E-02	1.662E-01
7.535E-01	1.513E-01	-1.424E-02	1.655E-01
7.545E-01	1.506E-01	-1.427E-02	1.648E-01
7.555E-01	1.499E-01	-1.430E-02	1.642E-01
7.565E-01	1.491E-01	-1.433E-02	1.635E-01
7.575E-01	1.484E-01	-1.436E-02	1.628E-01
7.585E-01	1.477E-01	-1.439E-02	1.621E-01
7.595E-01	1.470E-01	-1.442E-02	1.614E-01
7.605E-01	1.462E-01	-1.445E-02	1.607E-01
7.615E-01	1.455E-01	-1.447E-02	1.600E-01
7.625E-01	1.448E-01	-1.450E-02	1.593E-01
7.635E-01	1.441E-01	-1.452E-02	1.586E-01
7.645E-01	1.433E-01	-1.455E-02	1.579E-01
7.655E-01	1.426E-01	-1.457E-02	1.572E-01
7.665E-01	1.419E-01	-1.459E-02	1.565E-01
7.675E-01	1.412E-01	-1.461E-02	1.558E-01
7.685E-01	1.404E-01	-1.463E-02	1.551E-01
7.695E-01	1.397E-01	-1.465E-02	1.544E-01
7.705E-01	1.390E-01	-1.467E-02	1.537E-01
7.715E-01	1.383E-01	-1.468E-02	1.530E-01
7.725E-01	1.376E-01	-1.470E-02	1.523E-01
7.735E-01	1.368E-01	-1.471E-02	1.516E-01
7.745E-01	1.361E-01	-1.472E-02	1.509E-01
7.755E-01	1.354E-01	-1.474E-02	1.501E-01
7.765E-01	1.347E-01	-1.475E-02	1.494E-01
7.775E-01	1.340E-01	-1.476E-02	1.487E-01
7.785E-01	1.333E-01	-1.477E-02	1.480E-01
7.795E-01	1.325E-01	-1.478E-02	1.473E-01
7.805E-01	1.318E-01	-1.478E-02	1.466E-01
7.815E-01	1.311E-01	-1.479E-02	1.459E-01
7.825E-01	1.304E-01	-1.479E-02	1.452E-01
7.835E-01	1.297E-01	-1.480E-02	1.445E-01
7.845E-01	1.290E-01	-1.480E-02	1.438E-01
7.855E-01	1.282E-01	-1.481E-02	1.431E-01
7.865E-01	1.275E-01	-1.481E-02	1.423E-01
7.875E-01	1.268E-01	-1.481E-02	1.416E-01
7.885E-01	1.261E-01	-1.481E-02	1.409E-01
7.895E-01	1.254E-01	-1.481E-02	1.402E-01
7.905E-01	1.247E-01	-1.480E-02	1.395E-01
7.915E-01	1.240E-01	-1.480E-02	1.388E-01
7.925E-01	1.233E-01	-1.480E-02	1.381E-01
7.935E-01	1.225E-01	-1.479E-02	1.373E-01
7.945E-01	1.218E-01	-1.478E-02	1.366E-01
7.955E-01	1.211E-01	-1.478E-02	1.359E-01
7.965E-01	1.204E-01	-1.477E-02	1.352E-01
7.975E-01	1.197E-01	-1.476E-02	1.345E-01
7.985E-01	1.190E-01	-1.475E-02	1.338E-01
7.995E-01	1.183E-01	-1.474E-02	1.330E-01
8.005E-01	1.176E-01	-1.473E-02	1.323E-01
8.015E-01	1.169E-01	-1.472E-02	1.316E-01
8.025E-01	1.162E-01	-1.470E-02	1.309E-01
8.035E-01	1.155E-01	-1.469E-02	1.302E-01
8.045E-01	1.148E-01	-1.467E-02	1.294E-01
8.055E-01	1.141E-01	-1.466E-02	1.287E-01
8.065E-01	1.134E-01	-1.464E-02	1.280E-01
8.075E-01	1.126E-01	-1.462E-02	1.273E-01
8.085E-01	1.119E-01	-1.460E-02	1.266E-01
8.095E-01	1.112E-01	-1.458E-02	1.258E-01
8.105E-01	1.105E-01	-1.456E-02	1.251E-01
8.115E-01	1.098E-01	-1.454E-02	1.244E-01
8.125E-01	1.091E-01	-1.452E-02	1.237E-01
8.135E-01	1.084E-01	-1.450E-02	1.229E-01
8.145E-01	1.077E-01	-1.447E-02	1.222E-01
8.155E-01	1.070E-01	-1.445E-02	1.215E-01
8.165E-01	1.063E-01	-1.442E-02	1.208E-01
8.175E-01	1.056E-01	-1.440E-02	1.200E-01
8.185E-01	1.049E-01	-1.437E-02	1.193E-01
8.195E-01	1.043E-01	-1.434E-02	1.186E-01
8.205E-01	1.036E-01	-1.431E-02	1.179E-01
8.215E-01	1.029E-01	-1.428E-02	1.171E-01
8.225E-01	1.022E-01	-1.425E-02	1.164E-01
8.235E-01	1.015E-01	-1.422E-02	1.157E-01
8.245E-01	1.008E-01	-1.419E-02	1.150E-01
8.255E-01	1.001E-01	-1.415E-02	1.142E-01
8.265E-01	9.939E-02	-1.412E-02	1.135E-01
8.275E-01	9.870E-02	-1.408E-02	1.128E-01
8.285E-01	9.801E-02	-1.405E-02	1.121E-01
8.295E-01	9.732E-02	-1.401E-02	1.113E-01
8.305E-01	9.663E-02	-1.397E-02	1.106E-01
8.315E-01	9.594E-02	-1.393E-02	1.099E-01
8.325E-01	9.525E-02	-1.389E-02	1.091E-01
8.335E-01	9.456E-02	-1.385E-02	1.084E-01
8.345E-01	9.388E-02	-1.381E-02	1.077E-01
8.355E-01	9.319E-02	-1.377E-02	1.070E-01
8.365E-01	9.251E-02	-1.373E-02	1.062E-01
8.375E-01	9.182E-02	-1.369E-02	1.055E-01
8.385E-01	9.114E-02	-1.364E-02	1.048E-01
8.395E-01	9.045E-02	-1.360E-02	1.041E-01
8.405E-01	8.977E-02	-1.355E-02	1.033E-01
8.415E-01	8.909E-02	-1.351E-02	1.026E-01
8.425E-01	8.841E-02	-1.346E-02	1.019E-01
8.435E-01	8.773E-02	-1.341E-02	1.011E-01
8.445E-01	8.705E-02	-1.336E-02	1.004E-01
8.455E-01	8.637E-02	-1.331E-02	9.968E-02
8.465E-01	8.569E-02	-1.326E-02	9.895E-02
8.475E-01	8.501E-02	-1.321E-02	9.822E-02
8.485E-01	8.434E-02	-1.316E-02	9.749E-02
8.495E-01	8.366E-02	-1.311E-02	9.677E-02
8.505E-01	8.299E-02	-1.305E-02	9.604E-02
8.515E-01	8.231E-02	-1.300E-02	9.531E-02
8.525E-01	8.164E-02	-1.294E-02	9.458E-02
8.535E-01	8.097E-02	-1.289E-02	9.385E-02
8.545E-01	8.029E-02	-1.283E-02	9.312E-02
8.555E-01	7.962E-02	-1.277E-02	9.240E-02
8.565E-01	7.895E-02	-1.272E-02	9.167E-02
8.575E-01	7.828E-02	-1.266E-02	9.094E-02
8.585E-01	7.761E-02	-1.260E-02	9.021E-02
8.595E-01	7.695E-02	-1.254E-02	8.949E-02
8.605E-01	7.628E-02	-1.248E-02	8.876E-02
8.615E-01	7.561E-02	-1.242E-02	8.803E-02
8.625E-01	7.495E-02	-1.235E-02	8.730E-02
8.635E-01	7.429E-02	-1.229E-02	8.658E-02
8.645E-01	7.362E-02	-1.223E-02	8.585E-02
8.655E-01	7.296E-02	-1.216E-02	8.512E-02
8.665E-01	7.230E-02	-1.210E-02	8.440E-02
8.675E-01	7.164E-02	-1.203E-02	8.367E-02
8.685E-01	7.098E-02	-1.197E-02	8.295E-02
8.695E-01	7.032E-02	-1.190E-02	8.222E-02
8.705E-01	6.966E-02	-1.183E-02	8.150E-02
8.715E-01	6.901E-02	-1.176E-02	8.077E-02
8.725E-01	6.835E-02	-1.169E-02	8.005E-02
8.735E-01	6.770E-02	-1.162E-02	7.932E-02
8.745E-01	6.704E-02	-1.155E-02	7.860E-02
8.755E-01	6.639E-02	-1.148E-02	7.787E-02
8.765E-01	6.574E-02	-1.141E-02	7.715E-02
8.775E-01	6.509E-02	-1.134E-02	7.643E-02
8.785E-01	6.444E-02	-1.127E-02	7.571E-02
8.795E-01	6.379E-02	-1.119E-02	7.498E-02
8.805E-01	6.314E-02	-1.112E-02	7.426E-02
8.815E-01	6.250E-02	-1.104E-02	7.354E-02
8.825E-01	6.185E-02	-1.097E-02	7.282E-02
8.835E-01	6.121E-02	-1.089E-02	7.210E-02
8.845E-01	6.056E-02	-1.081E-02	7.138E-02
8.855E-01	5.992E-02	-1.074E-02	7.066E-02
8.865E-01	5.928E-02	-1.066E-02	6.994E-02
8.875E-01	5.864E-02	-1.058E-02	6.922E-02
8.885E-01	5.800E-02	-1.050E-02	6.851E-02
8.895E-01	5.737E-02	-1.042E-02	6.779E-02
8.905E-01	5.673E-02	-1.034E-02	6.707E-02
8.915E-01	5.609E-02	-1.026E-02	6.636E-02
8.925E-01	5.546E-02	-1.018E-02	6.564E-02
8.935E-01	5.483E-02	-1.010E-02	6.493E-02
8.945E-01	5.420E-02	-1.001E-02	6.421E-02
8.955E-01	5.357E-02	-9.931E-03	6.350E-02
8.965E-01	5.294E-02	-9.847E-03	6.278E-02
8.975E-01	5.231E-02	-9.763E-03	6.207E-02
8.985E-01	5.168E-02	-9.678E-03	6.136E-02
8.995E-01	5.106E-02	-9.592E-03	6.065E-02
9.005E-01	5.043E-02	-9.506E-03	5.994E-02
9.015E-01	4.981E-02	-9.420E-03	5.923E-02
9.025E-01	4.919E-02	-9.333E-03	5.852E-02
9.035E-01	4.857E-02	-9.245E-03	5.781E-02
9.045E-01	4.795E-02	-9.157E-03	5.711E-02
9.055E-01	4.733E-02	-9.069E-03	5.640E-02
9.065E-01	4.672E-02	-8.979E-03	5.570E-02
9.075E-01	4.610E-02	-8.890E-03	5.499E-02
9.085E-01	4.549E-02	-8.800E-03	5.429E-02
9.095E-01	4.488E-02	-8.709E-03	5.359E-02
9.105E-01	4.427E-02	-8.618E-03	5.289E-02
9.115E-01	4.366E-02	-8.526E-03	5.218E-02
9.125E-01	4.305E-02	-8.434E-03	5.149E-02
9.135E-01	4.245E-02	-8.342E-03	5.079E-02
9.145E-01	4.184E-02	-8.249E-03	5.009E-02
9.155E-01	4.124E-02	-8.155E-03	4.939E-02
9.165E-01	4.064E-02	-8.062E-03	4.870E-02
9.175E-01	4.004E-02	-7.967E-03	4.800E-02
9.185E-01	3.944E-02	-7.873E-03	4.731E-02
9.195E-01	3.884E-02	-7.777E-03	4.662E-02
9.205E-01	3.825E-02	-7.682E-03	4.593E-02
9.215E-01	3.765E-02	-7.586E-03	4.524E-02
9.225E-01	3.706E-02	-7.490E-03	4.455E-02
9.235E-01	3.647E-02	-7.393E-03	4.386E-02
9.245E-01	3.588E-02	-7.296E-03	4.318E-02
9.255E-01	3.530E-02	-7.198E-03	4.249E-02
9.265E-01	3.471E-02	-7.100E-03	4.181E-02
9.275E-01	3.413E-02	-7.002E-03	4.113E-02
9.285E-01	3.355E-02	-6.903E-03	4.045E-02
9.295E-01	3.297E-02	-6.804E-03	3.977E-02
9.305E-01	3.239E-02	-6.705E-03	3.909E-02
9.315E-01	3.181E-02	-6.605E-03	3.842E-02
9.325E-01	3.124E-02	-6.506E-03	3.774E-02
9.335E-01	3.067E-02	-6.405E-03	3.707E-02
9.345E-01	3.010E-02	-6.305E-03	3.640E-02
9.355E-01	2.953E-02	-6.204E-03	3.573E-02
9.365E-01	2.896E-02	-6.103E-03	3.506E-02
9.375E-01	2.840E-02	-6.001E-03	3.440E-02
9.385E-01	2.784E-02	-5.900E-03	3.374E-02
9.395E-01	2.728E-02	-5.798E-03	3.307E-02
9.405E-01	2.672E-02	-5.696E-03	3.241E-02
9.415E-01	2.616E-02	-5.593E-03	3.175E-02
9.425E-01	2.561E-02	-5.491E-03	3.110E-02
9.435E-01	2.506E-02	-5.388E-03	3.044E-02
9.445E-01	2.451E-02	-5.285E-03	2.979E-02
9.455E-01	2.396E-02	-5.182E-03	2.914E-02
9.465E-01	2.341E-02	-5.078E-03	2.849E-02
9.475E-01	2.287E-02	-4.975E-03	2.785E-02
9.485E-01	2.233E-02	-4.871E-03	2.720E-02
9.495E-01	2.179E-02	-4.767E-03	2.656E-02
9.505E-01	2.126E-02	-4.663E-03	2.592E-02
9.515E-01	2.073E-02	-4.559E-03	2.529E-02
9.525E-01	2.020E-02	-4.455E-03	2.465E-02
9.535E-01	1.967E-02	-4.351E-03	2.402E-02
9.545E-01	1.914E-02	-4.247E-03	2.339E-02
9.555E-01	1.862E-02	-4.142E-03	2.277E-02
9.565E-01	1.810E-02	-4.038E-03	2.214E-02
9.575E-01	1.759E-02	-3.934E-03	2.152E-02
9.585E-01	1.707E-02	-3.829E-03	2.090E-02
9.595E-01	1.656E-02	-3.725E-03	2.029E-02
9.605E-01	1.605E-02	-3.621E-03	1.968E-02
9.615E-01	1.555E-02	-3.516E-03	1.907E-02
9.625E-01	1.505E-02	-3.412E-03	1.846E-02
9.635E-01	1.455E-02	-3.308E-03	1.786E-02
9.645E-01	1.405E-02	-3.204E-03	1.726E-02
9.655E-01	1.356E-02	-3.101E-03	1.666E-02
9.665E-01	1.307E-02	-2.997E-03	1.607E-02
9.675E-01	1.259E-02	-2.894E-03	1.548E-02
9.685E-01	1.211E-02	-2.790E-03	1.490E-02
9.695E-01	1.163E-02	-2.688E-03	1.432E-02
9.705E-01	1.116E-02	-2.585E-03	1.374E-02
9.715E-01	1.069E-02	-2.483E-03	1.317E-02
9.725E-01	1.022E-02	-2.381E-03	1.260E-02
9.735E-01	9.759E-03	-2.279E-03	1.204E-02
9.745E-01	9.301E-03	-2.178E-03	1.148E-02
9.755E-01	8.848E-03	-2.077E-03	1.093E-02
9.765E-01	8.399E-03	-1.977E-03	1.038E-02
9.775E-01	7.954E-03	-1.877E-03	9.831E-03
9.785E-01	7.515E-03	-1.778E-03	9.293E-03
9.795E-01	7.081E-03	-1.680E-03	8.761E-03
9.805E-01	6.652E-03	-1.582E-03	8.235E-03
9.815E-01	6.227E-03	-1.485E-03	7.713E-03
9.825E-01	5.807E-03	-1.389E-03	7.196E-03
9.835E-01	5.395E-03	-1.293E-03	6.688E-03
9.845E-01	4.993E-03	-1.200E-03	6.193E-03
9.855E-01	4.595E-03	-1.107E-03	5.702E-03
9.865E-01	4.198E-03	-1.014E-03	5.212E-03
9.875E-01	3.806E-03	-9.219E-04	4.728E-03
9.885E-01	3.427E-03	-8.321E-04	4.259E-03
9.895E-01	3.067E-03	-7.467E-04	3.814E-03
9.905E-01	2.718E-03	-6.634E-04	3.381E-03
9.915E-01	2.356E-03	-5.766E-04	2.933E-03
9.925E-01	1.995E-03	-4.893E-04	2.484E-03
9.935E-01	1.658E-03	-4.076E-04	2.065E-03
9.945E-01	1.352E-03	-3.333E-04	1.685E-03
9.955E-01	1.079E-03	-2.667E-04	1.345E-03
9.965E-01	8.001E-04	-1.984E-04	9.985E-04
9.975E-01	5.003E-04	-1.243E-04	6.246E-04
9.985E-01	2.052E-04	-5.105E-05	2.563E-04
9.995E-01	8.127E-06	-2.001E-06	1.013E-05
