Q0 = 0.8 GeV	 Q = 3.2 GeV
x	 x*uv	 x*dv	 x*(uv-dv)
5.000E-04	5.905E-02	3.700E-02	2.205E-02
1.500E-03	9.836E-02	6.081E-02	3.755E-02
2.500E-03	1.240E-01	7.609E-02	4.790E-02
3.500E-03	1.440E-01	8.789E-02	5.613E-02
4.500E-03	1.608E-01	9.765E-02	6.313E-02
5.500E-03	1.753E-01	1.060E-01	6.928E-02
6.500E-03	1.883E-01	1.134E-01	7.482E-02
7.500E-03	1.999E-01	1.200E-01	7.989E-02
8.500E-03	2.106E-01	1.260E-01	8.457E-02
9.500E-03	2.204E-01	1.315E-01	8.894E-02
1.050E-02	2.295E-01	1.365E-01	9.305E-02
1.150E-02	2.381E-01	1.411E-01	9.692E-02
1.250E-02	2.461E-01	1.455E-01	1.006E-01
1.350E-02	2.536E-01	1.495E-01	1.041E-01
1.450E-02	2.607E-01	1.533E-01	1.074E-01
1.550E-02	2.675E-01	1.568E-01	1.106E-01
1.650E-02	2.739E-01	1.602E-01	1.137E-01
1.750E-02	2.800E-01	1.633E-01	1.167E-01
1.850E-02	2.858E-01	1.663E-01	1.195E-01
1.950E-02	2.914E-01	1.691E-01	1.223E-01
2.050E-02	2.968E-01	1.718E-01	1.250E-01
2.150E-02	3.019E-01	1.743E-01	1.276E-01
2.250E-02	3.068E-01	1.767E-01	1.301E-01
2.350E-02	3.115E-01	1.790E-01	1.325E-01
2.450E-02	3.161E-01	1.812E-01	1.349E-01
2.550E-02	3.205E-01	1.833E-01	1.372E-01
2.650E-02	3.247E-01	1.853E-01	1.394E-01
2.750E-02	3.288E-01	1.872E-01	1.416E-01
2.850E-02	3.328E-01	1.890E-01	1.438E-01
2.950E-02	3.366E-01	1.907E-01	1.459E-01
3.050E-02	3.403E-01	1.924E-01	1.479E-01
3.150E-02	3.438E-01	1.940E-01	1.499E-01
3.250E-02	3.473E-01	1.955E-01	1.518E-01
3.350E-02	3.507E-01	1.969E-01	1.537E-01
3.450E-02	3.539E-01	1.983E-01	1.556E-01
3.550E-02	3.571E-01	1.996E-01	1.574E-01
3.650E-02	3.601E-01	2.009E-01	1.592E-01
3.750E-02	3.631E-01	2.021E-01	1.610E-01
3.850E-02	3.660E-01	2.033E-01	1.627E-01
3.950E-02	3.688E-01	2.044E-01	1.644E-01
4.050E-02	3.715E-01	2.054E-01	1.660E-01
4.150E-02	3.741E-01	2.064E-01	1.677E-01
4.250E-02	3.767E-01	2.074E-01	1.693E-01
4.350E-02	3.792E-01	2.083E-01	1.708E-01
4.450E-02	3.816E-01	2.092E-01	1.724E-01
4.550E-02	3.840E-01	2.101E-01	1.739E-01
4.650E-02	3.863E-01	2.109E-01	1.754E-01
4.750E-02	3.885E-01	2.116E-01	1.768E-01
4.850E-02	3.907E-01	2.124E-01	1.783E-01
4.950E-02	3.928E-01	2.131E-01	1.797E-01
5.050E-02	3.948E-01	2.138E-01	1.811E-01
5.150E-02	3.969E-01	2.144E-01	1.825E-01
5.250E-02	3.988E-01	2.150E-01	1.838E-01
5.350E-02	4.007E-01	2.156E-01	1.851E-01
5.450E-02	4.026E-01	2.161E-01	1.864E-01
5.550E-02	4.044E-01	2.166E-01	1.877E-01
5.650E-02	4.061E-01	2.171E-01	1.890E-01
5.750E-02	4.078E-01	2.176E-01	1.902E-01
5.850E-02	4.095E-01	2.180E-01	1.915E-01
5.950E-02	4.111E-01	2.185E-01	1.927E-01
6.050E-02	4.127E-01	2.188E-01	1.939E-01
6.150E-02	4.143E-01	2.192E-01	1.951E-01
6.250E-02	4.158E-01	2.196E-01	1.962E-01
6.350E-02	4.172E-01	2.199E-01	1.974E-01
6.450E-02	4.187E-01	2.202E-01	1.985E-01
6.550E-02	4.201E-01	2.205E-01	1.996E-01
6.650E-02	4.214E-01	2.207E-01	2.007E-01
6.750E-02	4.227E-01	2.210E-01	2.018E-01
6.850E-02	4.240E-01	2.212E-01	2.028E-01
6.950E-02	4.253E-01	2.214E-01	2.039E-01
7.050E-02	4.265E-01	2.216E-01	2.049E-01
7.150E-02	4.277E-01	2.217E-01	2.060E-01
7.250E-02	4.288E-01	2.219E-01	2.070E-01
7.350E-02	4.300E-01	2.220E-01	2.080E-01
7.450E-02	4.311E-01	2.221E-01	2.089E-01
7.550E-02	4.321E-01	2.222E-01	2.099E-01
7.650E-02	4.332E-01	2.223E-01	2.109E-01
7.750E-02	4.342E-01	2.224E-01	2.118E-01
7.850E-02	4.352E-01	2.224E-01	2.127E-01
7.950E-02	4.361E-01	2.225E-01	2.136E-01
8.050E-02	4.371E-01	2.225E-01	2.146E-01
8.150E-02	4.380E-01	2.225E-01	2.154E-01
8.250E-02	4.388E-01	2.225E-01	2.163E-01
8.350E-02	4.397E-01	2.225E-01	2.172E-01
8.450E-02	4.405E-01	2.225E-01	2.181E-01
8.550E-02	4.413E-01	2.224E-01	2.189E-01
8.650E-02	4.421E-01	2.224E-01	2.197E-01
8.750E-02	4.429E-01	2.223E-01	2.206E-01
8.850E-02	4.436E-01	2.222E-01	2.214E-01
8.950E-02	4.443E-01	2.222E-01	2.222E-01
9.050E-02	4.450E-01	2.221E-01	2.230E-01
9.150E-02	4.457E-01	2.219E-01	2.238E-01
9.250E-02	4.464E-01	2.218E-01	2.245E-01
9.350E-02	4.470E-01	2.217E-01	2.253E-01
9.450E-02	4.476E-01	2.216E-01	2.261E-01
9.550E-02	4.482E-01	2.214E-01	2.268E-01
9.650E-02	4.488E-01	2.213E-01	2.275E-01
9.750E-02	4.493E-01	2.211E-01	2.283E-01
9.850E-02	4.499E-01	2.209E-01	2.290E-01
9.950E-02	4.504E-01	2.207E-01	2.297E-01
1.005E-01	4.509E-01	2.205E-01	2.304E-01
1.015E-01	4.514E-01	2.203E-01	2.311E-01
1.025E-01	4.519E-01	2.201E-01	2.318E-01
1.035E-01	4.523E-01	2.199E-01	2.324E-01
1.045E-01	4.527E-01	2.197E-01	2.331E-01
1.055E-01	4.532E-01	2.194E-01	2.337E-01
1.065E-01	4.536E-01	2.192E-01	2.344E-01
1.075E-01	4.540E-01	2.189E-01	2.350E-01
1.085E-01	4.543E-01	2.187E-01	2.357E-01
1.095E-01	4.547E-01	2.184E-01	2.363E-01
1.105E-01	4.550E-01	2.181E-01	2.369E-01
1.115E-01	4.553E-01	2.178E-01	2.375E-01
1.125E-01	4.557E-01	2.176E-01	2.381E-01
1.135E-01	4.559E-01	2.173E-01	2.387E-01
1.145E-01	4.562E-01	2.170E-01	2.393E-01
1.155E-01	4.565E-01	2.167E-01	2.398E-01
1.165E-01	4.568E-01	2.163E-01	2.404E-01
1.175E-01	4.570E-01	2.160E-01	2.410E-01
1.185E-01	4.572E-01	2.157E-01	2.415E-01
1.195E-01	4.574E-01	2.154E-01	2.421E-01
1.205E-01	4.576E-01	2.150E-01	2.426E-01
1.215E-01	4.578E-01	2.147E-01	2.431E-01
1.225E-01	4.580E-01	2.143E-01	2.436E-01
1.235E-01	4.582E-01	2.140E-01	2.442E-01
1.245E-01	4.583E-01	2.136E-01	2.447E-01
1.255E-01	4.584E-01	2.133E-01	2.452E-01
1.265E-01	4.586E-01	2.129E-01	2.457E-01
1.275E-01	4.587E-01	2.125E-01	2.462E-01
1.285E-01	4.588E-01	2.122E-01	2.466E-01
1.295E-01	4.589E-01	2.118E-01	2.471E-01
1.305E-01	4.590E-01	2.114E-01	2.476E-01
1.315E-01	4.590E-01	2.110E-01	2.480E-01
1.325E-01	4.591E-01	2.106E-01	2.485E-01
1.335E-01	4.591E-01	2.102E-01	2.489E-01
1.345E-01	4.592E-01	2.098E-01	2.494E-01
1.355E-01	4.592E-01	2.094E-01	2.498E-01
1.365E-01	4.592E-01	2.090E-01	2.502E-01
1.375E-01	4.592E-01	2.086E-01	2.507E-01
1.385E-01	4.592E-01	2.081E-01	2.511E-01
1.395E-01	4.592E-01	2.077E-01	2.515E-01
1.405E-01	4.592E-01	2.073E-01	2.519E-01
1.415E-01	4.592E-01	2.069E-01	2.523E-01
1.425E-01	4.591E-01	2.064E-01	2.527E-01
1.435E-01	4.591E-01	2.060E-01	2.531E-01
1.445E-01	4.590E-01	2.055E-01	2.535E-01
1.455E-01	4.589E-01	2.051E-01	2.538E-01
1.465E-01	4.589E-01	2.047E-01	2.542E-01
1.475E-01	4.588E-01	2.042E-01	2.546E-01
1.485E-01	4.587E-01	2.037E-01	2.549E-01
1.495E-01	4.586E-01	2.033E-01	2.553E-01
1.505E-01	4.585E-01	2.028E-01	2.556E-01
1.515E-01	4.583E-01	2.024E-01	2.560E-01
1.525E-01	4.582E-01	2.019E-01	2.563E-01
1.535E-01	4.581E-01	2.014E-01	2.566E-01
1.545E-01	4.579E-01	2.010E-01	2.569E-01
1.555E-01	4.578E-01	2.005E-01	2.573E-01
1.565E-01	4.576E-01	2.000E-01	2.576E-01
1.575E-01	4.574E-01	1.995E-01	2.579E-01
1.585E-01	4.573E-01	1.991E-01	2.582E-01
1.595E-01	4.571E-01	1.986E-01	2.585E-01
1.605E-01	4.569E-01	1.981E-01	2.588E-01
1.615E-01	4.567E-01	1.976E-01	2.591E-01
1.625E-01	4.565E-01	1.971E-01	2.593E-01
1.635E-01	4.562E-01	1.966E-01	2.596E-01
1.645E-01	4.560E-01	1.961E-01	2.599E-01
1.655E-01	4.558E-01	1.956E-01	2.602E-01
1.665E-01	4.556E-01	1.951E-01	2.604E-01
1.675E-01	4.553E-01	1.946E-01	2.607E-01
1.685E-01	4.551E-01	1.941E-01	2.609E-01
1.695E-01	4.548E-01	1.936E-01	2.612E-01
1.705E-01	4.546E-01	1.931E-01	2.614E-01
1.715E-01	4.543E-01	1.926E-01	2.617E-01
1.725E-01	4.540E-01	1.921E-01	2.619E-01
1.735E-01	4.537E-01	1.916E-01	2.621E-01
1.745E-01	4.534E-01	1.911E-01	2.623E-01
1.755E-01	4.531E-01	1.906E-01	2.626E-01
1.765E-01	4.528E-01	1.901E-01	2.628E-01
1.775E-01	4.525E-01	1.895E-01	2.630E-01
1.785E-01	4.522E-01	1.890E-01	2.632E-01
1.795E-01	4.519E-01	1.885E-01	2.634E-01
1.805E-01	4.516E-01	1.880E-01	2.636E-01
1.815E-01	4.512E-01	1.875E-01	2.638E-01
1.825E-01	4.509E-01	1.869E-01	2.640E-01
1.835E-01	4.506E-01	1.864E-01	2.641E-01
1.845E-01	4.502E-01	1.859E-01	2.643E-01
1.855E-01	4.499E-01	1.854E-01	2.645E-01
1.865E-01	4.495E-01	1.848E-01	2.647E-01
1.875E-01	4.491E-01	1.843E-01	2.648E-01
1.885E-01	4.488E-01	1.838E-01	2.650E-01
1.895E-01	4.484E-01	1.833E-01	2.651E-01
1.905E-01	4.480E-01	1.827E-01	2.653E-01
1.915E-01	4.476E-01	1.822E-01	2.654E-01
1.925E-01	4.472E-01	1.817E-01	2.656E-01
1.935E-01	4.468E-01	1.811E-01	2.657E-01
1.945E-01	4.464E-01	1.806E-01	2.658E-01
1.955E-01	4.460E-01	1.801E-01	2.660E-01
1.965E-01	4.456E-01	1.795E-01	2.661E-01
1.975E-01	4.452E-01	1.790E-01	2.662E-01
1.985E-01	4.448E-01	1.785E-01	2.663E-01
1.995E-01	4.444E-01	1.779E-01	2.665E-01
2.005E-01	4.439E-01	1.774E-01	2.666E-01
2.015E-01	4.435E-01	1.768E-01	2.667E-01
2.025E-01	4.431E-01	1.763E-01	2.668E-01
2.035E-01	4.426E-01	1.758E-01	2.669E-01
2.045E-01	4.422E-01	1.752E-01	2.670E-01
2.055E-01	4.417E-01	1.747E-01	2.670E-01
2.065E-01	4.413E-01	1.741E-01	2.671E-01
2.075E-01	4.408E-01	1.736E-01	2.672E-01
2.085E-01	4.403E-01	1.731E-01	2.673E-01
2.095E-01	4.399E-01	1.725E-01	2.674E-01
2.105E-01	4.394E-01	1.720E-01	2.674E-01
2.115E-01	4.389E-01	1.714E-01	2.675E-01
2.125E-01	4.384E-01	1.709E-01	2.676E-01
2.135E-01	4.380E-01	1.703E-01	2.676E-01
2.145E-01	4.375E-01	1.698E-01	2.677E-01
2.155E-01	4.370E-01	1.692E-01	2.677E-01
2.165E-01	4.365E-01	1.687E-01	2.678E-01
2.175E-01	4.360E-01	1.682E-01	2.678E-01
2.185E-01	4.355E-01	1.676E-01	2.679E-01
2.195E-01	4.350E-01	1.671E-01	2.679E-01
2.205E-01	4.344E-01	1.665E-01	2.679E-01
2.215E-01	4.339E-01	1.660E-01	2.680E-01
2.225E-01	4.334E-01	1.654E-01	2.680E-01
2.235E-01	4.329E-01	1.649E-01	2.680E-01
2.245E-01	4.324E-01	1.643E-01	2.680E-01
2.255E-01	4.318E-01	1.638E-01	2.680E-01
2.265E-01	4.313E-01	1.633E-01	2.680E-01
2.275E-01	4.308E-01	1.627E-01	2.681E-01
2.285E-01	4.302E-01	1.622E-01	2.681E-01
2.295E-01	4.297E-01	1.616E-01	2.681E-01
2.305E-01	4.291E-01	1.611E-01	2.681E-01
2.315E-01	4.286E-01	1.605E-01	2.681E-01
2.325E-01	4.280E-01	1.600E-01	2.680E-01
2.335E-01	4.275E-01	1.594E-01	2.680E-01
2.345E-01	4.269E-01	1.589E-01	2.680E-01
2.355E-01	4.263E-01	1.584E-01	2.680E-01
2.365E-01	4.258E-01	1.578E-01	2.680E-01
2.375E-01	4.252E-01	1.573E-01	2.679E-01
2.385E-01	4.246E-01	1.567E-01	2.679E-01
2.395E-01	4.241E-01	1.562E-01	2.679E-01
2.405E-01	4.235E-01	1.556E-01	2.678E-01
2.415E-01	4.229E-01	1.551E-01	2.678E-01
2.425E-01	4.223E-01	1.545E-01	2.678E-01
2.435E-01	4.217E-01	1.540E-01	2.677E-01
2.445E-01	4.211E-01	1.535E-01	2.677E-01
2.455E-01	4.205E-01	1.529E-01	2.676E-01
2.465E-01	4.199E-01	1.524E-01	2.676E-01
2.475E-01	4.193E-01	1.518E-01	2.675E-01
2.485E-01	4.187E-01	1.513E-01	2.674E-01
2.495E-01	4.181E-01	1.508E-01	2.674E-01
2.505E-01	4.175E-01	1.502E-01	2.673E-01
2.515E-01	4.169E-01	1.497E-01	2.672E-01
2.525E-01	4.163E-01	1.491E-01	2.672E-01
2.535E-01	4.157E-01	1.486E-01	2.671E-01
2.545E-01	4.151E-01	1.481E-01	2.670E-01
2.555E-01	4.145E-01	1.475E-01	2.669E-01
2.565E-01	4.138E-01	1.470E-01	2.668E-01
2.575E-01	4.132E-01	1.465E-01	2.667E-01
2.585E-01	4.126E-01	1.459E-01	2.667E-01
2.595E-01	4.120E-01	1.454E-01	2.666E-01
2.605E-01	4.113E-01	1.449E-01	2.665E-01
2.615E-01	4.107E-01	1.443E-01	2.664E-01
2.625E-01	4.100E-01	1.438E-01	2.663E-01
2.635E-01	4.094E-01	1.433E-01	2.662E-01
2.645E-01	4.088E-01	1.427E-01	2.660E-01
2.655E-01	4.081E-01	1.422E-01	2.659E-01
2.665E-01	4.075E-01	1.417E-01	2.658E-01
2.675E-01	4.068E-01	1.411E-01	2.657E-01
2.685E-01	4.062E-01	1.406E-01	2.656E-01
2.695E-01	4.055E-01	1.401E-01	2.654E-01
2.705E-01	4.049E-01	1.396E-01	2.653E-01
2.715E-01	4.042E-01	1.390E-01	2.652E-01
2.725E-01	4.036E-01	1.385E-01	2.651E-01
2.735E-01	4.029E-01	1.380E-01	2.649E-01
2.745E-01	4.022E-01	1.374E-01	2.648E-01
2.755E-01	4.016E-01	1.369E-01	2.646E-01
2.765E-01	4.009E-01	1.364E-01	2.645E-01
2.775E-01	4.002E-01	1.359E-01	2.644E-01
2.785E-01	3.996E-01	1.354E-01	2.642E-01
2.795E-01	3.989E-01	1.348E-01	2.641E-01
2.805E-01	3.982E-01	1.343E-01	2.639E-01
2.815E-01	3.975E-01	1.338E-01	2.637E-01
2.825E-01	3.969E-01	1.333E-01	2.636E-01
2.835E-01	3.962E-01	1.328E-01	2.634E-01
2.845E-01	3.955E-01	1.322E-01	2.633E-01
2.855E-01	3.948E-01	1.317E-01	2.631E-01
2.865E-01	3.941E-01	1.312E-01	2.629E-01
2.875E-01	3.934E-01	1.307E-01	2.627E-01
2.885E-01	3.927E-01	1.302E-01	2.626E-01
2.895E-01	3.921E-01	1.297E-01	2.624E-01
2.905E-01	3.914E-01	1.291E-01	2.622E-01
2.915E-01	3.907E-01	1.286E-01	2.620E-01
2.925E-01	3.900E-01	1.281E-01	2.618E-01
2.935E-01	3.893E-01	1.276E-01	2.617E-01
2.945E-01	3.886E-01	1.271E-01	2.615E-01
2.955E-01	3.879E-01	1.266E-01	2.613E-01
2.965E-01	3.872E-01	1.261E-01	2.611E-01
2.975E-01	3.865E-01	1.256E-01	2.609E-01
2.985E-01	3.858E-01	1.251E-01	2.607E-01
2.995E-01	3.850E-01	1.246E-01	2.605E-01
3.005E-01	3.843E-01	1.241E-01	2.603E-01
3.015E-01	3.836E-01	1.236E-01	2.601E-01
3.025E-01	3.829E-01	1.231E-01	2.599E-01
3.035E-01	3.822E-01	1.226E-01	2.596E-01
3.045E-01	3.815E-01	1.221E-01	2.594E-01
3.055E-01	3.808E-01	1.216E-01	2.592E-01
3.065E-01	3.801E-01	1.211E-01	2.590E-01
3.075E-01	3.793E-01	1.206E-01	2.588E-01
3.085E-01	3.786E-01	1.201E-01	2.585E-01
3.095E-01	3.779E-01	1.196E-01	2.583E-01
3.105E-01	3.772E-01	1.191E-01	2.581E-01
3.115E-01	3.764E-01	1.186E-01	2.579E-01
3.125E-01	3.757E-01	1.181E-01	2.576E-01
3.135E-01	3.750E-01	1.176E-01	2.574E-01
3.145E-01	3.743E-01	1.171E-01	2.571E-01
3.155E-01	3.735E-01	1.166E-01	2.569E-01
3.165E-01	3.728E-01	1.161E-01	2.567E-01
3.175E-01	3.721E-01	1.157E-01	2.564E-01
3.185E-01	3.713E-01	1.152E-01	2.562E-01
3.195E-01	3.706E-01	1.147E-01	2.559E-01
3.205E-01	3.699E-01	1.142E-01	2.557E-01
3.215E-01	3.691E-01	1.137E-01	2.554E-01
3.225E-01	3.684E-01	1.132E-01	2.552E-01
3.235E-01	3.677E-01	1.128E-01	2.549E-01
3.245E-01	3.669E-01	1.123E-01	2.546E-01
3.255E-01	3.662E-01	1.118E-01	2.544E-01
3.265E-01	3.654E-01	1.113E-01	2.541E-01
3.275E-01	3.647E-01	1.108E-01	2.538E-01
3.285E-01	3.639E-01	1.104E-01	2.536E-01
3.295E-01	3.632E-01	1.099E-01	2.533E-01
3.305E-01	3.624E-01	1.094E-01	2.530E-01
3.315E-01	3.617E-01	1.089E-01	2.528E-01
3.325E-01	3.610E-01	1.085E-01	2.525E-01
3.335E-01	3.602E-01	1.080E-01	2.522E-01
3.345E-01	3.595E-01	1.075E-01	2.519E-01
3.355E-01	3.587E-01	1.071E-01	2.516E-01
3.365E-01	3.579E-01	1.066E-01	2.513E-01
3.375E-01	3.572E-01	1.061E-01	2.511E-01
3.385E-01	3.564E-01	1.057E-01	2.508E-01
3.395E-01	3.557E-01	1.052E-01	2.505E-01
3.405E-01	3.549E-01	1.047E-01	2.502E-01
3.415E-01	3.542E-01	1.043E-01	2.499E-01
3.425E-01	3.534E-01	1.038E-01	2.496E-01
3.435E-01	3.527E-01	1.034E-01	2.493E-01
3.445E-01	3.519E-01	1.029E-01	2.490E-01
3.455E-01	3.511E-01	1.024E-01	2.487E-01
3.465E-01	3.504E-01	1.020E-01	2.484E-01
3.475E-01	3.496E-01	1.015E-01	2.481E-01
3.485E-01	3.488E-01	1.011E-01	2.478E-01
3.495E-01	3.481E-01	1.006E-01	2.475E-01
3.505E-01	3.473E-01	1.002E-01	2.471E-01
3.515E-01	3.466E-01	9.973E-02	2.468E-01
3.525E-01	3.458E-01	9.928E-02	2.465E-01
3.535E-01	3.450E-01	9.883E-02	2.462E-01
3.545E-01	3.443E-01	9.838E-02	2.459E-01
3.555E-01	3.435E-01	9.794E-02	2.455E-01
3.565E-01	3.427E-01	9.749E-02	2.452E-01
3.575E-01	3.419E-01	9.705E-02	2.449E-01
3.585E-01	3.412E-01	9.661E-02	2.446E-01
3.595E-01	3.404E-01	9.617E-02	2.442E-01
3.605E-01	3.396E-01	9.573E-02	2.439E-01
3.615E-01	3.389E-01	9.529E-02	2.436E-01
3.625E-01	3.381E-01	9.485E-02	2.432E-01
3.635E-01	3.373E-01	9.441E-02	2.429E-01
3.645E-01	3.365E-01	9.398E-02	2.426E-01
3.655E-01	3.358E-01	9.354E-02	2.422E-01
3.665E-01	3.350E-01	9.311E-02	2.419E-01
3.675E-01	3.342E-01	9.268E-02	2.415E-01
3.685E-01	3.334E-01	9.225E-02	2.412E-01
3.695E-01	3.327E-01	9.182E-02	2.408E-01
3.705E-01	3.319E-01	9.139E-02	2.405E-01
3.715E-01	3.311E-01	9.096E-02	2.401E-01
3.725E-01	3.303E-01	9.054E-02	2.398E-01
3.735E-01	3.295E-01	9.011E-02	2.394E-01
3.745E-01	3.288E-01	8.969E-02	2.391E-01
3.755E-01	3.280E-01	8.927E-02	2.387E-01
3.765E-01	3.272E-01	8.885E-02	2.384E-01
3.775E-01	3.264E-01	8.842E-02	2.380E-01
3.785E-01	3.256E-01	8.801E-02	2.376E-01
3.795E-01	3.249E-01	8.759E-02	2.373E-01
3.805E-01	3.241E-01	8.717E-02	2.369E-01
3.815E-01	3.233E-01	8.676E-02	2.365E-01
3.825E-01	3.225E-01	8.634E-02	2.362E-01
3.835E-01	3.217E-01	8.593E-02	2.358E-01
3.845E-01	3.209E-01	8.552E-02	2.354E-01
3.855E-01	3.202E-01	8.511E-02	2.350E-01
3.865E-01	3.194E-01	8.470E-02	2.347E-01
3.875E-01	3.186E-01	8.429E-02	2.343E-01
3.885E-01	3.178E-01	8.388E-02	2.339E-01
3.895E-01	3.170E-01	8.348E-02	2.335E-01
3.905E-01	3.162E-01	8.307E-02	2.332E-01
3.915E-01	3.154E-01	8.267E-02	2.328E-01
3.925E-01	3.147E-01	8.226E-02	2.324E-01
3.935E-01	3.139E-01	8.186E-02	2.320E-01
3.945E-01	3.131E-01	8.146E-02	2.316E-01
3.955E-01	3.123E-01	8.106E-02	2.312E-01
3.965E-01	3.115E-01	8.067E-02	2.308E-01
3.975E-01	3.107E-01	8.027E-02	2.304E-01
3.985E-01	3.099E-01	7.987E-02	2.300E-01
3.995E-01	3.091E-01	7.948E-02	2.297E-01
4.005E-01	3.083E-01	7.909E-02	2.293E-01
4.015E-01	3.076E-01	7.870E-02	2.289E-01
4.025E-01	3.068E-01	7.831E-02	2.285E-01
4.035E-01	3.060E-01	7.792E-02	2.281E-01
4.045E-01	3.052E-01	7.753E-02	2.277E-01
4.055E-01	3.044E-01	7.714E-02	2.272E-01
4.065E-01	3.036E-01	7.676E-02	2.268E-01
4.075E-01	3.028E-01	7.637E-02	2.264E-01
4.085E-01	3.020E-01	7.599E-02	2.260E-01
4.095E-01	3.012E-01	7.561E-02	2.256E-01
4.105E-01	3.004E-01	7.522E-02	2.252E-01
4.115E-01	2.996E-01	7.484E-02	2.248E-01
4.125E-01	2.988E-01	7.447E-02	2.244E-01
4.135E-01	2.981E-01	7.409E-02	2.240E-01
4.145E-01	2.973E-01	7.371E-02	2.236E-01
4.155E-01	2.965E-01	7.334E-02	2.231E-01
4.165E-01	2.957E-01	7.296E-02	2.227E-01
4.175E-01	2.949E-01	7.259E-02	2.223E-01
4.185E-01	2.941E-01	7.222E-02	2.219E-01
4.195E-01	2.933E-01	7.185E-02	2.215E-01
4.205E-01	2.925E-01	7.148E-02	2.210E-01
4.215E-01	2.917E-01	7.111E-02	2.206E-01
4.225E-01	2.909E-01	7.074E-02	2.202E-01
4.235E-01	2.901E-01	7.038E-02	2.197E-01
4.245E-01	2.893E-01	7.001E-02	2.193E-01
4.255E-01	2.885E-01	6.965E-02	2.189E-01
4.265E-01	2.877E-01	6.929E-02	2.185E-01
4.275E-01	2.870E-01	6.893E-02	2.180E-01
4.285E-01	2.862E-01	6.857E-02	2.176E-01
4.295E-01	2.854E-01	6.821E-02	2.172E-01
4.305E-01	2.846E-01	6.785E-02	2.167E-01
4.315E-01	2.838E-01	6.750E-02	2.163E-01
4.325E-01	2.830E-01	6.714E-02	2.158E-01
4.335E-01	2.822E-01	6.679E-02	2.154E-01
4.345E-01	2.814E-01	6.644E-02	2.150E-01
4.355E-01	2.806E-01	6.608E-02	2.145E-01
4.365E-01	2.798E-01	6.573E-02	2.141E-01
4.375E-01	2.790E-01	6.539E-02	2.136E-01
4.385E-01	2.782E-01	6.504E-02	2.132E-01
4.395E-01	2.774E-01	6.469E-02	2.127E-01
4.405E-01	2.766E-01	6.435E-02	2.123E-01
4.415E-01	2.758E-01	6.400E-02	2.118E-01
4.425E-01	2.750E-01	6.366E-02	2.114E-01
4.435E-01	2.743E-01	6.332E-02	2.109E-01
4.445E-01	2.735E-01	6.298E-02	2.105E-01
4.455E-01	2.727E-01	6.264E-02	2.100E-01
4.465E-01	2.719E-01	6.230E-02	2.096E-01
4.475E-01	2.711E-01	6.196E-02	2.091E-01
4.485E-01	2.703E-01	6.162E-02	2.087E-01
4.495E-01	2.695E-01	6.129E-02	2.082E-01
4.505E-01	2.687E-01	6.096E-02	2.077E-01
4.515E-01	2.679E-01	6.062E-02	2.073E-01
4.525E-01	2.671E-01	6.029E-02	2.068E-01
4.535E-01	2.663E-01	5.996E-02	2.064E-01
4.545E-01	2.655E-01	5.963E-02	2.059E-01
4.555E-01	2.647E-01	5.930E-02	2.054E-01
4.565E-01	2.639E-01	5.898E-02	2.050E-01
4.575E-01	2.632E-01	5.865E-02	2.045E-01
4.585E-01	2.624E-01	5.833E-02	2.040E-01
4.595E-01	2.616E-01	5.800E-02	2.036E-01
4.605E-01	2.608E-01	5.768E-02	2.031E-01
4.615E-01	2.600E-01	5.736E-02	2.026E-01
4.625E-01	2.592E-01	5.704E-02	2.022E-01
4.635E-01	2.584E-01	5.672E-02	2.017E-01
4.645E-01	2.576E-01	5.640E-02	2.012E-01
4.655E-01	2.568E-01	5.609E-02	2.007E-01
4.665E-01	2.560E-01	5.577E-02	2.003E-01
4.675E-01	2.552E-01	5.546E-02	1.998E-01
4.685E-01	2.545E-01	5.514E-02	1.993E-01
4.695E-01	2.537E-01	5.483E-02	1.988E-01
4.705E-01	2.529E-01	5.452E-02	1.984E-01
4.715E-01	2.521E-01	5.421E-02	1.979E-01
4.725E-01	2.513E-01	5.390E-02	1.974E-01
4.735E-01	2.505E-01	5.360E-02	1.969E-01
4.745E-01	2.497E-01	5.329E-02	1.964E-01
4.755E-01	2.489E-01	5.299E-02	1.959E-01
4.765E-01	2.481E-01	5.268E-02	1.955E-01
4.775E-01	2.474E-01	5.238E-02	1.950E-01
4.785E-01	2.466E-01	5.208E-02	1.945E-01
4.795E-01	2.458E-01	5.178E-02	1.940E-01
4.805E-01	2.450E-01	5.148E-02	1.935E-01
4.815E-01	2.442E-01	5.118E-02	1.930E-01
4.825E-01	2.434E-01	5.088E-02	1.925E-01
4.835E-01	2.426E-01	5.059E-02	1.921E-01
4.845E-01	2.419E-01	5.029E-02	1.916E-01
4.855E-01	2.411E-01	5.000E-02	1.911E-01
4.865E-01	2.403E-01	4.970E-02	1.906E-01
4.875E-01	2.395E-01	4.941E-02	1.901E-01
4.885E-01	2.387E-01	4.912E-02	1.896E-01
4.895E-01	2.379E-01	4.883E-02	1.891E-01
4.905E-01	2.371E-01	4.854E-02	1.886E-01
4.915E-01	2.364E-01	4.826E-02	1.881E-01
4.925E-01	2.356E-01	4.797E-02	1.876E-01
4.935E-01	2.348E-01	4.769E-02	1.871E-01
4.945E-01	2.340E-01	4.740E-02	1.866E-01
4.955E-01	2.332E-01	4.712E-02	1.861E-01
4.965E-01	2.325E-01	4.684E-02	1.856E-01
4.975E-01	2.317E-01	4.656E-02	1.851E-01
4.985E-01	2.309E-01	4.628E-02	1.846E-01
4.995E-01	2.301E-01	4.600E-02	1.841E-01
5.005E-01	2.293E-01	4.572E-02	1.836E-01
5.015E-01	2.286E-01	4.545E-02	1.831E-01
5.025E-01	2.278E-01	4.517E-02	1.826E-01
5.035E-01	2.270E-01	4.490E-02	1.821E-01
5.045E-01	2.262E-01	4.462E-02	1.816E-01
5.055E-01	2.254E-01	4.435E-02	1.811E-01
5.065E-01	2.247E-01	4.408E-02	1.806E-01
5.075E-01	2.239E-01	4.381E-02	1.801E-01
5.085E-01	2.231E-01	4.354E-02	1.796E-01
5.095E-01	2.223E-01	4.328E-02	1.791E-01
5.105E-01	2.216E-01	4.301E-02	1.786E-01
5.115E-01	2.208E-01	4.274E-02	1.780E-01
5.125E-01	2.200E-01	4.248E-02	1.775E-01
5.135E-01	2.192E-01	4.222E-02	1.770E-01
5.145E-01	2.185E-01	4.195E-02	1.765E-01
5.155E-01	2.177E-01	4.169E-02	1.760E-01
5.165E-01	2.169E-01	4.143E-02	1.755E-01
5.175E-01	2.162E-01	4.117E-02	1.750E-01
5.185E-01	2.154E-01	4.092E-02	1.745E-01
5.195E-01	2.146E-01	4.066E-02	1.740E-01
5.205E-01	2.138E-01	4.040E-02	1.734E-01
5.215E-01	2.131E-01	4.015E-02	1.729E-01
5.225E-01	2.123E-01	3.990E-02	1.724E-01
5.235E-01	2.115E-01	3.964E-02	1.719E-01
5.245E-01	2.108E-01	3.939E-02	1.714E-01
5.255E-01	2.100E-01	3.914E-02	1.709E-01
5.265E-01	2.092E-01	3.889E-02	1.703E-01
5.275E-01	2.085E-01	3.864E-02	1.698E-01
5.285E-01	2.077E-01	3.840E-02	1.693E-01
5.295E-01	2.069E-01	3.815E-02	1.688E-01
5.305E-01	2.062E-01	3.790E-02	1.683E-01
5.315E-01	2.054E-01	3.766E-02	1.677E-01
5.325E-01	2.046E-01	3.742E-02	1.672E-01
5.335E-01	2.039E-01	3.717E-02	1.667E-01
5.345E-01	2.031E-01	3.693E-02	1.662E-01
5.355E-01	2.024E-01	3.669E-02	1.657E-01
5.365E-01	2.016E-01	3.645E-02	1.651E-01
5.375E-01	2.008E-01	3.622E-02	1.646E-01
5.385E-01	2.001E-01	3.598E-02	1.641E-01
5.395E-01	1.993E-01	3.574E-02	1.636E-01
5.405E-01	1.986E-01	3.551E-02	1.631E-01
5.415E-01	1.978E-01	3.527E-02	1.625E-01
5.425E-01	1.970E-01	3.504E-02	1.620E-01
5.435E-01	1.963E-01	3.481E-02	1.615E-01
5.445E-01	1.955E-01	3.458E-02	1.610E-01
5.455E-01	1.948E-01	3.435E-02	1.604E-01
5.465E-01	1.940E-01	3.412E-02	1.599E-01
5.475E-01	1.933E-01	3.389E-02	1.594E-01
5.485E-01	1.925E-01	3.366E-02	1.588E-01
5.495E-01	1.918E-01	3.344E-02	1.583E-01
5.505E-01	1.910E-01	3.321E-02	1.578E-01
5.515E-01	1.903E-01	3.299E-02	1.573E-01
5.525E-01	1.895E-01	3.277E-02	1.567E-01
5.535E-01	1.888E-01	3.254E-02	1.562E-01
5.545E-01	1.880E-01	3.232E-02	1.557E-01
5.555E-01	1.873E-01	3.210E-02	1.552E-01
5.565E-01	1.865E-01	3.188E-02	1.546E-01
5.575E-01	1.858E-01	3.167E-02	1.541E-01
5.585E-01	1.850E-01	3.145E-02	1.536E-01
5.595E-01	1.843E-01	3.123E-02	1.530E-01
5.605E-01	1.835E-01	3.102E-02	1.525E-01
5.615E-01	1.828E-01	3.080E-02	1.520E-01
5.625E-01	1.820E-01	3.059E-02	1.514E-01
5.635E-01	1.813E-01	3.038E-02	1.509E-01
5.645E-01	1.805E-01	3.017E-02	1.504E-01
5.655E-01	1.798E-01	2.996E-02	1.499E-01
5.665E-01	1.791E-01	2.975E-02	1.493E-01
5.675E-01	1.783E-01	2.954E-02	1.488E-01
5.685E-01	1.776E-01	2.933E-02	1.483E-01
5.695E-01	1.768E-01	2.912E-02	1.477E-01
5.705E-01	1.761E-01	2.892E-02	1.472E-01
5.715E-01	1.754E-01	2.871E-02	1.467E-01
5.725E-01	1.746E-01	2.851E-02	1.461E-01
5.735E-01	1.739E-01	2.831E-02	1.456E-01
5.745E-01	1.732E-01	2.811E-02	1.451E-01
5.755E-01	1.724E-01	2.791E-02	1.445E-01
5.765E-01	1.717E-01	2.771E-02	1.440E-01
5.775E-01	1.710E-01	2.751E-02	1.435E-01
5.785E-01	1.702E-01	2.731E-02	1.429E-01
5.795E-01	1.695E-01	2.711E-02	1.424E-01
5.805E-01	1.688E-01	2.692E-02	1.419E-01
5.815E-01	1.680E-01	2.672E-02	1.413E-01
5.825E-01	1.673E-01	2.653E-02	1.408E-01
5.835E-01	1.666E-01	2.633E-02	1.403E-01
5.845E-01	1.659E-01	2.614E-02	1.397E-01
5.855E-01	1.651E-01	2.595E-02	1.392E-01
5.865E-01	1.644E-01	2.576E-02	1.387E-01
5.875E-01	1.637E-01	2.557E-02	1.381E-01
5.885E-01	1.630E-01	2.538E-02	1.376E-01
5.895E-01	1.622E-01	2.519E-02	1.370E-01
5.905E-01	1.615E-01	2.501E-02	1.365E-01
5.915E-01	1.608E-01	2.482E-02	1.360E-01
5.925E-01	1.601E-01	2.464E-02	1.354E-01
5.935E-01	1.594E-01	2.445E-02	1.349E-01
5.945E-01	1.586E-01	2.427E-02	1.344E-01
5.955E-01	1.579E-01	2.409E-02	1.338E-01
5.965E-01	1.572E-01	2.390E-02	1.333E-01
5.975E-01	1.565E-01	2.372E-02	1.328E-01
5.985E-01	1.558E-01	2.354E-02	1.322E-01
5.995E-01	1.551E-01	2.337E-02	1.317E-01
6.005E-01	1.544E-01	2.319E-02	1.312E-01
6.015E-01	1.536E-01	2.301E-02	1.306E-01
6.025E-01	1.529E-01	2.283E-02	1.301E-01
6.035E-01	1.522E-01	2.266E-02	1.296E-01
6.045E-01	1.515E-01	2.249E-02	1.290E-01
6.055E-01	1.508E-01	2.231E-02	1.285E-01
6.065E-01	1.501E-01	2.214E-02	1.280E-01
6.075E-01	1.494E-01	2.197E-02	1.274E-01
6.085E-01	1.487E-01	2.180E-02	1.269E-01
6.095E-01	1.480E-01	2.163E-02	1.264E-01
6.105E-01	1.473E-01	2.146E-02	1.258E-01
6.115E-01	1.466E-01	2.129E-02	1.253E-01
6.125E-01	1.459E-01	2.112E-02	1.247E-01
6.135E-01	1.452E-01	2.096E-02	1.242E-01
6.145E-01	1.445E-01	2.079E-02	1.237E-01
6.155E-01	1.438E-01	2.063E-02	1.231E-01
6.165E-01	1.431E-01	2.046E-02	1.226E-01
6.175E-01	1.424E-01	2.030E-02	1.221E-01
6.185E-01	1.417E-01	2.014E-02	1.215E-01
6.195E-01	1.410E-01	1.997E-02	1.210E-01
6.205E-01	1.403E-01	1.981E-02	1.205E-01
6.215E-01	1.396E-01	1.965E-02	1.199E-01
6.225E-01	1.389E-01	1.950E-02	1.194E-01
6.235E-01	1.382E-01	1.934E-02	1.189E-01
6.245E-01	1.375E-01	1.918E-02	1.183E-01
6.255E-01	1.368E-01	1.902E-02	1.178E-01
6.265E-01	1.362E-01	1.887E-02	1.173E-01
6.275E-01	1.355E-01	1.871E-02	1.168E-01
6.285E-01	1.348E-01	1.856E-02	1.162E-01
6.295E-01	1.341E-01	1.841E-02	1.157E-01
6.305E-01	1.334E-01	1.826E-02	1.152E-01
6.315E-01	1.327E-01	1.810E-02	1.146E-01
6.325E-01	1.320E-01	1.795E-02	1.141E-01
6.335E-01	1.314E-01	1.780E-02	1.136E-01
6.345E-01	1.307E-01	1.766E-02	1.130E-01
6.355E-01	1.300E-01	1.751E-02	1.125E-01
6.365E-01	1.293E-01	1.736E-02	1.120E-01
6.375E-01	1.287E-01	1.721E-02	1.114E-01
6.385E-01	1.280E-01	1.707E-02	1.109E-01
6.395E-01	1.273E-01	1.692E-02	1.104E-01
6.405E-01	1.266E-01	1.678E-02	1.099E-01
6.415E-01	1.260E-01	1.664E-02	1.093E-01
6.425E-01	1.253E-01	1.649E-02	1.088E-01
6.435E-01	1.246E-01	1.635E-02	1.083E-01
6.445E-01	1.240E-01	1.621E-02	1.077E-01
6.455E-01	1.233E-01	1.607E-02	1.072E-01
6.465E-01	1.226E-01	1.593E-02	1.067E-01
6.475E-01	1.220E-01	1.579E-02	1.062E-01
6.485E-01	1.213E-01	1.566E-02	1.056E-01
6.495E-01	1.206E-01	1.552E-02	1.051E-01
6.505E-01	1.200E-01	1.538E-02	1.046E-01
6.515E-01	1.193E-01	1.525E-02	1.041E-01
6.525E-01	1.187E-01	1.511E-02	1.035E-01
6.535E-01	1.180E-01	1.498E-02	1.030E-01
6.545E-01	1.173E-01	1.485E-02	1.025E-01
6.555E-01	1.167E-01	1.471E-02	1.020E-01
6.565E-01	1.160E-01	1.458E-02	1.014E-01
6.575E-01	1.154E-01	1.445E-02	1.009E-01
6.585E-01	1.147E-01	1.432E-02	1.004E-01
6.595E-01	1.141E-01	1.419E-02	9.988E-02
6.605E-01	1.134E-01	1.406E-02	9.936E-02
6.615E-01	1.128E-01	1.394E-02	9.884E-02
6.625E-01	1.121E-01	1.381E-02	9.832E-02
6.635E-01	1.115E-01	1.368E-02	9.780E-02
6.645E-01	1.108E-01	1.356E-02	9.728E-02
6.655E-01	1.102E-01	1.343E-02	9.676E-02
6.665E-01	1.095E-01	1.331E-02	9.624E-02
6.675E-01	1.089E-01	1.319E-02	9.572E-02
6.685E-01	1.083E-01	1.306E-02	9.520E-02
6.695E-01	1.076E-01	1.294E-02	9.469E-02
6.705E-01	1.070E-01	1.282E-02	9.417E-02
6.715E-01	1.064E-01	1.270E-02	9.365E-02
6.725E-01	1.057E-01	1.258E-02	9.314E-02
6.735E-01	1.051E-01	1.246E-02	9.262E-02
6.745E-01	1.045E-01	1.234E-02	9.211E-02
6.755E-01	1.038E-01	1.223E-02	9.159E-02
6.765E-01	1.032E-01	1.211E-02	9.108E-02
6.775E-01	1.026E-01	1.200E-02	9.057E-02
6.785E-01	1.019E-01	1.188E-02	9.006E-02
6.795E-01	1.013E-01	1.177E-02	8.954E-02
6.805E-01	1.007E-01	1.165E-02	8.903E-02
6.815E-01	1.001E-01	1.154E-02	8.852E-02
6.825E-01	9.944E-02	1.143E-02	8.801E-02
6.835E-01	9.882E-02	1.132E-02	8.750E-02
6.845E-01	9.820E-02	1.120E-02	8.700E-02
6.855E-01	9.758E-02	1.109E-02	8.649E-02
6.865E-01	9.696E-02	1.098E-02	8.598E-02
6.875E-01	9.635E-02	1.088E-02	8.547E-02
6.885E-01	9.574E-02	1.077E-02	8.497E-02
6.895E-01	9.512E-02	1.066E-02	8.446E-02
6.905E-01	9.451E-02	1.055E-02	8.396E-02
6.915E-01	9.390E-02	1.045E-02	8.345E-02
6.925E-01	9.329E-02	1.034E-02	8.295E-02
6.935E-01	9.268E-02	1.024E-02	8.245E-02
6.945E-01	9.208E-02	1.013E-02	8.194E-02
6.955E-01	9.147E-02	1.003E-02	8.144E-02
6.965E-01	9.087E-02	9.928E-03	8.094E-02
6.975E-01	9.027E-02	9.827E-03	8.044E-02
6.985E-01	8.967E-02	9.725E-03	7.994E-02
6.995E-01	8.907E-02	9.625E-03	7.944E-02
7.005E-01	8.847E-02	9.525E-03	7.895E-02
7.015E-01	8.787E-02	9.426E-03	7.845E-02
7.025E-01	8.728E-02	9.327E-03	7.795E-02
7.035E-01	8.669E-02	9.230E-03	7.746E-02
7.045E-01	8.609E-02	9.132E-03	7.696E-02
7.055E-01	8.550E-02	9.036E-03	7.647E-02
7.065E-01	8.491E-02	8.940E-03	7.597E-02
7.075E-01	8.433E-02	8.845E-03	7.548E-02
7.085E-01	8.374E-02	8.750E-03	7.499E-02
7.095E-01	8.316E-02	8.657E-03	7.450E-02
7.105E-01	8.257E-02	8.563E-03	7.401E-02
7.115E-01	8.199E-02	8.471E-03	7.352E-02
7.125E-01	8.141E-02	8.379E-03	7.303E-02
7.135E-01	8.083E-02	8.288E-03	7.254E-02
7.145E-01	8.025E-02	8.197E-03	7.206E-02
7.155E-01	7.968E-02	8.107E-03	7.157E-02
7.165E-01	7.910E-02	8.018E-03	7.109E-02
7.175E-01	7.853E-02	7.929E-03	7.060E-02
7.185E-01	7.796E-02	7.841E-03	7.012E-02
7.195E-01	7.739E-02	7.753E-03	6.964E-02
7.205E-01	7.682E-02	7.667E-03	6.915E-02
7.215E-01	7.625E-02	7.580E-03	6.867E-02
7.225E-01	7.569E-02	7.495E-03	6.819E-02
7.235E-01	7.512E-02	7.410E-03	6.771E-02
7.245E-01	7.456E-02	7.326E-03	6.724E-02
7.255E-01	7.400E-02	7.242E-03	6.676E-02
7.265E-01	7.344E-02	7.159E-03	6.628E-02
7.275E-01	7.288E-02	7.076E-03	6.581E-02
7.285E-01	7.233E-02	6.995E-03	6.533E-02
7.295E-01	7.177E-02	6.913E-03	6.486E-02
7.305E-01	7.122E-02	6.833E-03	6.439E-02
7.315E-01	7.067E-02	6.753E-03	6.392E-02
7.325E-01	7.012E-02	6.673E-03	6.345E-02
7.335E-01	6.957E-02	6.594E-03	6.298E-02
7.345E-01	6.902E-02	6.516E-03	6.251E-02
7.355E-01	6.848E-02	6.439E-03	6.204E-02
7.365E-01	6.794E-02	6.362E-03	6.157E-02
7.375E-01	6.739E-02	6.285E-03	6.111E-02
7.385E-01	6.685E-02	6.209E-03	6.064E-02
7.395E-01	6.632E-02	6.134E-03	6.018E-02
7.405E-01	6.578E-02	6.060E-03	5.972E-02
7.415E-01	6.524E-02	5.985E-03	5.926E-02
7.425E-01	6.471E-02	5.912E-03	5.880E-02
7.435E-01	6.418E-02	5.839E-03	5.834E-02
7.445E-01	6.365E-02	5.767E-03	5.788E-02
7.455E-01	6.312E-02	5.695E-03	5.742E-02
7.465E-01	6.259E-02	5.624E-03	5.697E-02
7.475E-01	6.207E-02	5.553E-03	5.651E-02
7.485E-01	6.154E-02	5.483E-03	5.606E-02
7.495E-01	6.102E-02	5.414E-03	5.561E-02
7.505E-01	6.050E-02	5.345E-03	5.516E-02
7.515E-01	5.998E-02	5.277E-03	5.471E-02
7.525E-01	5.947E-02	5.209E-03	5.426E-02
7.535E-01	5.895E-02	5.142E-03	5.381E-02
7.545E-01	5.844E-02	5.075E-03	5.336E-02
7.555E-01	5.793E-02	5.009E-03	5.292E-02
7.565E-01	5.742E-02	4.943E-03	5.247E-02
7.575E-01	5.691E-02	4.878E-03	5.203E-02
7.585E-01	5.640E-02	4.814E-03	5.159E-02
7.595E-01	5.590E-02	4.750E-03	5.115E-02
7.605E-01	5.539E-02	4.687E-03	5.071E-02
7.615E-01	5.489E-02	4.624E-03	5.027E-02
7.625E-01	5.439E-02	4.562E-03	4.983E-02
7.635E-01	5.390E-02	4.500E-03	4.940E-02
7.645E-01	5.340E-02	4.439E-03	4.896E-02
7.655E-01	5.291E-02	4.378E-03	4.853E-02
7.665E-01	5.241E-02	4.318E-03	4.810E-02
7.675E-01	5.192E-02	4.259E-03	4.766E-02
7.685E-01	5.143E-02	4.200E-03	4.724E-02
7.695E-01	5.095E-02	4.141E-03	4.681E-02
7.705E-01	5.046E-02	4.083E-03	4.638E-02
7.715E-01	4.998E-02	4.026E-03	4.595E-02
7.725E-01	4.950E-02	3.969E-03	4.553E-02
7.735E-01	4.902E-02	3.912E-03	4.511E-02
7.745E-01	4.854E-02	3.856E-03	4.469E-02
7.755E-01	4.807E-02	3.801E-03	4.427E-02
7.765E-01	4.759E-02	3.746E-03	4.385E-02
7.775E-01	4.712E-02	3.692E-03	4.343E-02
7.785E-01	4.665E-02	3.638E-03	4.301E-02
7.795E-01	4.618E-02	3.584E-03	4.260E-02
7.805E-01	4.572E-02	3.532E-03	4.218E-02
7.815E-01	4.525E-02	3.479E-03	4.177E-02
7.825E-01	4.479E-02	3.427E-03	4.136E-02
7.835E-01	4.433E-02	3.376E-03	4.095E-02
7.845E-01	4.387E-02	3.325E-03	4.055E-02
7.855E-01	4.341E-02	3.275E-03	4.014E-02
7.865E-01	4.296E-02	3.225E-03	3.973E-02
7.875E-01	4.251E-02	3.176E-03	3.933E-02
7.885E-01	4.206E-02	3.127E-03	3.893E-02
7.895E-01	4.161E-02	3.078E-03	3.853E-02
7.905E-01	4.116E-02	3.030E-03	3.813E-02
7.915E-01	4.071E-02	2.983E-03	3.773E-02
7.925E-01	4.027E-02	2.936E-03	3.734E-02
7.935E-01	3.983E-02	2.890E-03	3.694E-02
7.945E-01	3.939E-02	2.843E-03	3.655E-02
7.955E-01	3.896E-02	2.798E-03	3.616E-02
7.965E-01	3.852E-02	2.753E-03	3.577E-02
7.975E-01	3.809E-02	2.708E-03	3.538E-02
7.985E-01	3.766E-02	2.664E-03	3.499E-02
7.995E-01	3.723E-02	2.620E-03	3.461E-02
8.005E-01	3.680E-02	2.577E-03	3.422E-02
8.015E-01	3.638E-02	2.534E-03	3.384E-02
8.025E-01	3.595E-02	2.492E-03	3.346E-02
8.035E-01	3.553E-02	2.450E-03	3.308E-02
8.045E-01	3.511E-02	2.409E-03	3.271E-02
8.055E-01	3.470E-02	2.368E-03	3.233E-02
8.065E-01	3.428E-02	2.328E-03	3.196E-02
8.075E-01	3.387E-02	2.287E-03	3.158E-02
8.085E-01	3.346E-02	2.248E-03	3.121E-02
8.095E-01	3.305E-02	2.209E-03	3.085E-02
8.105E-01	3.265E-02	2.170E-03	3.048E-02
8.115E-01	3.224E-02	2.132E-03	3.011E-02
8.125E-01	3.184E-02	2.094E-03	2.975E-02
8.135E-01	3.144E-02	2.056E-03	2.939E-02
8.145E-01	3.105E-02	2.020E-03	2.903E-02
8.155E-01	3.065E-02	1.983E-03	2.867E-02
8.165E-01	3.026E-02	1.947E-03	2.831E-02
8.175E-01	2.987E-02	1.911E-03	2.796E-02
8.185E-01	2.948E-02	1.876E-03	2.760E-02
8.195E-01	2.909E-02	1.841E-03	2.725E-02
8.205E-01	2.871E-02	1.807E-03	2.690E-02
8.215E-01	2.833E-02	1.773E-03	2.655E-02
8.225E-01	2.795E-02	1.739E-03	2.621E-02
8.235E-01	2.757E-02	1.706E-03	2.586E-02
8.245E-01	2.719E-02	1.673E-03	2.552E-02
8.255E-01	2.682E-02	1.641E-03	2.518E-02
8.265E-01	2.645E-02	1.609E-03	2.484E-02
8.275E-01	2.608E-02	1.577E-03	2.450E-02
8.285E-01	2.571E-02	1.546E-03	2.417E-02
8.295E-01	2.535E-02	1.515E-03	2.383E-02
8.305E-01	2.499E-02	1.485E-03	2.350E-02
8.315E-01	2.463E-02	1.455E-03	2.317E-02
8.325E-01	2.427E-02	1.425E-03	2.285E-02
8.335E-01	2.392E-02	1.396E-03	2.252E-02
8.345E-01	2.356E-02	1.367E-03	2.220E-02
8.355E-01	2.321E-02	1.339E-03	2.188E-02
8.365E-01	2.287E-02	1.311E-03	2.156E-02
8.375E-01	2.252E-02	1.283E-03	2.124E-02
8.385E-01	2.218E-02	1.256E-03	2.092E-02
8.395E-01	2.184E-02	1.229E-03	2.061E-02
8.405E-01	2.150E-02	1.202E-03	2.030E-02
8.415E-01	2.116E-02	1.176E-03	1.999E-02
8.425E-01	2.083E-02	1.151E-03	1.968E-02
8.435E-01	2.050E-02	1.125E-03	1.937E-02
8.445E-01	2.017E-02	1.100E-03	1.907E-02
8.455E-01	1.984E-02	1.075E-03	1.877E-02
8.465E-01	1.952E-02	1.051E-03	1.847E-02
8.475E-01	1.920E-02	1.027E-03	1.817E-02
8.485E-01	1.888E-02	1.003E-03	1.787E-02
8.495E-01	1.856E-02	9.802E-04	1.758E-02
8.505E-01	1.825E-02	9.573E-04	1.729E-02
8.515E-01	1.793E-02	9.348E-04	1.700E-02
8.525E-01	1.763E-02	9.126E-04	1.671E-02
8.535E-01	1.732E-02	8.907E-04	1.643E-02
8.545E-01	1.701E-02	8.692E-04	1.615E-02
8.555E-01	1.671E-02	8.480E-04	1.586E-02
8.565E-01	1.641E-02	8.271E-04	1.559E-02
8.575E-01	1.612E-02	8.066E-04	1.531E-02
8.585E-01	1.582E-02	7.864E-04	1.504E-02
8.595E-01	1.553E-02	7.666E-04	1.476E-02
8.605E-01	1.524E-02	7.471E-04	1.449E-02
8.615E-01	1.495E-02	7.279E-04	1.423E-02
8.625E-01	1.467E-02	7.090E-04	1.396E-02
8.635E-01	1.439E-02	6.905E-04	1.370E-02
8.645E-01	1.411E-02	6.722E-04	1.344E-02
8.655E-01	1.383E-02	6.543E-04	1.318E-02
8.665E-01	1.356E-02	6.367E-04	1.292E-02
8.675E-01	1.329E-02	6.194E-04	1.267E-02
8.685E-01	1.302E-02	6.024E-04	1.242E-02
8.695E-01	1.275E-02	5.858E-04	1.217E-02
8.705E-01	1.249E-02	5.694E-04	1.192E-02
8.715E-01	1.223E-02	5.533E-04	1.168E-02
8.725E-01	1.197E-02	5.375E-04	1.144E-02
8.735E-01	1.172E-02	5.221E-04	1.120E-02
8.745E-01	1.146E-02	5.069E-04	1.096E-02
8.755E-01	1.121E-02	4.920E-04	1.072E-02
8.765E-01	1.097E-02	4.774E-04	1.049E-02
8.775E-01	1.072E-02	4.631E-04	1.026E-02
8.785E-01	1.048E-02	4.490E-04	1.003E-02
8.795E-01	1.024E-02	4.353E-04	9.806E-03
8.805E-01	1.001E-02	4.218E-04	9.583E-03
8.815E-01	9.771E-03	4.086E-04	9.363E-03
8.825E-01	9.540E-03	3.957E-04	9.144E-03
8.835E-01	9.312E-03	3.830E-04	8.929E-03
8.845E-01	9.086E-03	3.707E-04	8.716E-03
8.855E-01	8.864E-03	3.585E-04	8.505E-03
8.865E-01	8.643E-03	3.467E-04	8.297E-03
8.875E-01	8.426E-03	3.351E-04	8.091E-03
8.885E-01	8.212E-03	3.238E-04	7.888E-03
8.895E-01	8.000E-03	3.127E-04	7.687E-03
8.905E-01	7.791E-03	3.019E-04	7.489E-03
8.915E-01	7.585E-03	2.913E-04	7.294E-03
8.925E-01	7.382E-03	2.810E-04	7.101E-03
8.935E-01	7.181E-03	2.709E-04	6.910E-03
8.945E-01	6.983E-03	2.611E-04	6.722E-03
8.955E-01	6.788E-03	2.515E-04	6.537E-03
8.965E-01	6.596E-03	2.421E-04	6.354E-03
8.975E-01	6.407E-03	2.330E-04	6.174E-03
8.985E-01	6.221E-03	2.241E-04	5.997E-03
8.995E-01	6.037E-03	2.154E-04	5.822E-03
9.005E-01	5.857E-03	2.070E-04	5.650E-03
9.015E-01	5.679E-03	1.987E-04	5.480E-03
9.025E-01	5.504E-03	1.907E-04	5.313E-03
9.035E-01	5.332E-03	1.830E-04	5.149E-03
9.045E-01	5.163E-03	1.754E-04	4.987E-03
9.055E-01	4.996E-03	1.680E-04	4.828E-03
9.065E-01	4.833E-03	1.609E-04	4.672E-03
9.075E-01	4.672E-03	1.540E-04	4.518E-03
9.085E-01	4.514E-03	1.472E-04	4.367E-03
9.095E-01	4.360E-03	1.407E-04	4.219E-03
9.105E-01	4.208E-03	1.343E-04	4.073E-03
9.115E-01	4.059E-03	1.282E-04	3.931E-03
9.125E-01	3.913E-03	1.223E-04	3.790E-03
9.135E-01	3.769E-03	1.165E-04	3.653E-03
9.145E-01	3.629E-03	1.109E-04	3.518E-03
9.155E-01	3.492E-03	1.055E-04	3.386E-03
9.165E-01	3.357E-03	1.003E-04	3.257E-03
9.175E-01	3.225E-03	9.528E-05	3.130E-03
9.185E-01	3.097E-03	9.042E-05	3.006E-03
9.195E-01	2.971E-03	8.573E-05	2.885E-03
9.205E-01	2.848E-03	8.121E-05	2.767E-03
9.215E-01	2.728E-03	7.685E-05	2.651E-03
9.225E-01	2.611E-03	7.266E-05	2.538E-03
9.235E-01	2.496E-03	6.862E-05	2.428E-03
9.245E-01	2.385E-03	6.474E-05	2.320E-03
9.255E-01	2.276E-03	6.102E-05	2.215E-03
9.265E-01	2.171E-03	5.744E-05	2.113E-03
9.275E-01	2.068E-03	5.401E-05	2.014E-03
9.285E-01	1.968E-03	5.073E-05	1.917E-03
9.295E-01	1.871E-03	4.758E-05	1.823E-03
9.305E-01	1.776E-03	4.457E-05	1.732E-03
9.315E-01	1.685E-03	4.170E-05	1.643E-03
9.325E-01	1.596E-03	3.895E-05	1.557E-03
9.335E-01	1.510E-03	3.634E-05	1.474E-03
9.345E-01	1.427E-03	3.385E-05	1.393E-03
9.355E-01	1.347E-03	3.148E-05	1.315E-03
9.365E-01	1.269E-03	2.922E-05	1.240E-03
9.375E-01	1.194E-03	2.709E-05	1.167E-03
9.385E-01	1.122E-03	2.506E-05	1.097E-03
9.395E-01	1.052E-03	2.315E-05	1.029E-03
9.405E-01	9.853E-04	2.134E-05	9.640E-04
9.415E-01	9.211E-04	1.963E-05	9.015E-04
9.425E-01	8.595E-04	1.802E-05	8.415E-04
9.435E-01	8.005E-04	1.650E-05	7.840E-04
9.445E-01	7.440E-04	1.508E-05	7.289E-04
9.455E-01	6.900E-04	1.375E-05	6.763E-04
9.465E-01	6.386E-04	1.250E-05	6.261E-04
9.475E-01	5.896E-04	1.134E-05	5.783E-04
9.485E-01	5.431E-04	1.026E-05	5.328E-04
9.495E-01	4.989E-04	9.248E-06	4.896E-04
9.505E-01	4.571E-04	8.313E-06	4.487E-04
9.515E-01	4.175E-04	7.449E-06	4.101E-04
9.525E-01	3.803E-04	6.652E-06	3.736E-04
9.535E-01	3.452E-04	5.918E-06	3.393E-04
9.545E-01	3.123E-04	5.245E-06	3.071E-04
9.555E-01	2.816E-04	4.630E-06	2.769E-04
9.565E-01	2.528E-04	4.069E-06	2.488E-04
9.575E-01	2.261E-04	3.560E-06	2.226E-04
9.585E-01	2.014E-04	3.099E-06	1.983E-04
9.595E-01	1.785E-04	2.684E-06	1.758E-04
9.605E-01	1.574E-04	2.311E-06	1.551E-04
9.615E-01	1.381E-04	1.979E-06	1.361E-04
9.625E-01	1.204E-04	1.683E-06	1.187E-04
9.635E-01	1.044E-04	1.422E-06	1.029E-04
9.645E-01	8.986E-05	1.193E-06	8.867E-05
9.655E-01	7.682E-05	9.924E-07	7.583E-05
9.665E-01	6.517E-05	8.187E-07	6.435E-05
9.675E-01	5.482E-05	6.691E-07	5.415E-05
9.685E-01	4.569E-05	5.413E-07	4.515E-05
9.695E-01	3.770E-05	4.331E-07	3.727E-05
9.705E-01	3.077E-05	3.424E-07	3.043E-05
9.715E-01	2.481E-05	2.672E-07	2.454E-05
9.725E-01	1.974E-05	2.054E-07	1.953E-05
9.735E-01	1.547E-05	1.554E-07	1.532E-05
9.745E-01	1.193E-05	1.155E-07	1.181E-05
9.755E-01	9.028E-06	8.416E-08	8.944E-06
9.765E-01	6.694E-06	5.999E-08	6.634E-06
9.775E-01	4.849E-06	4.173E-08	4.807E-06
9.785E-01	3.423E-06	2.824E-08	3.394E-06
9.795E-01	2.347E-06	1.853E-08	2.328E-06
9.805E-01	1.557E-06	1.175E-08	1.546E-06
9.815E-01	9.969E-07	7.183E-09	9.897E-07
9.825E-01	6.093E-07	4.185E-09	6.051E-07
9.835E-01	3.542E-07	2.313E-09	3.519E-07
9.845E-01	1.956E-07	1.210E-09	1.944E-07
9.855E-01	1.024E-07	5.996E-10	1.018E-07
9.865E-01	4.851E-08	2.827E-10	4.823E-08
9.875E-01	2.083E-08	1.256E-10	2.070E-08
9.885E-01	8.044E-09	4.589E-11	7.998E-09
9.895E-01	3.539E-09	2.197E-11	3.517E-09
9.905E-01	2.503E-09	2.386E-11	2.479E-09
9.915E-01	1.678E-09	1.801E-11	1.660E-09
9.925E-01	2.217E-10	2.315E-12	2.194E-10
9.935E-01	-1.514E-09	-1.632E-11	-1.498E-09
9.945E-01	-2.576E-09	-2.713E-11	-2.549E-09
9.955E-01	-1.989E-09	-2.054E-11	-1.968E-09
9.965E-01	6.767E-10	6.875E-12	6.698E-10
9.975E-01	4.736E-09	4.746E-11	4.689E-09
9.985E-01	7.842E-09	7.766E-11	7.764E-09
9.995E-01	5.434E-09	5.328E-11	5.380E-09
