Q0 = 0.6 GeV	 Q = 5.2 GeV
x	 x*uv	 x*dv	 x*(uv-dv)
5.000E-04	3.461E-02	-3.461E-02	6.921E-02
1.500E-03	5.561E-02	-5.561E-02	1.112E-01
2.500E-03	6.874E-02	-6.874E-02	1.375E-01
3.500E-03	7.874E-02	-7.874E-02	1.575E-01
4.500E-03	8.694E-02	-8.694E-02	1.739E-01
5.500E-03	9.395E-02	-9.395E-02	1.879E-01
6.500E-03	1.001E-01	-1.001E-01	2.002E-01
7.500E-03	1.056E-01	-1.056E-01	2.111E-01
8.500E-03	1.105E-01	-1.105E-01	2.210E-01
9.500E-03	1.150E-01	-1.150E-01	2.301E-01
1.050E-02	1.192E-01	-1.192E-01	2.384E-01
1.150E-02	1.231E-01	-1.231E-01	2.461E-01
1.250E-02	1.266E-01	-1.266E-01	2.533E-01
1.350E-02	1.300E-01	-1.300E-01	2.600E-01
1.450E-02	1.332E-01	-1.332E-01	2.663E-01
1.550E-02	1.361E-01	-1.361E-01	2.722E-01
1.650E-02	1.389E-01	-1.389E-01	2.778E-01
1.750E-02	1.416E-01	-1.416E-01	2.832E-01
1.850E-02	1.441E-01	-1.441E-01	2.882E-01
1.950E-02	1.465E-01	-1.465E-01	2.930E-01
2.050E-02	1.488E-01	-1.488E-01	2.976E-01
2.150E-02	1.510E-01	-1.510E-01	3.019E-01
2.250E-02	1.530E-01	-1.530E-01	3.061E-01
2.350E-02	1.550E-01	-1.550E-01	3.101E-01
2.450E-02	1.569E-01	-1.569E-01	3.139E-01
2.550E-02	1.588E-01	-1.588E-01	3.176E-01
2.650E-02	1.605E-01	-1.605E-01	3.211E-01
2.750E-02	1.622E-01	-1.622E-01	3.245E-01
2.850E-02	1.639E-01	-1.639E-01	3.277E-01
2.950E-02	1.654E-01	-1.654E-01	3.308E-01
3.050E-02	1.669E-01	-1.669E-01	3.339E-01
3.150E-02	1.684E-01	-1.684E-01	3.368E-01
3.250E-02	1.698E-01	-1.698E-01	3.396E-01
3.350E-02	1.711E-01	-1.711E-01	3.423E-01
3.450E-02	1.724E-01	-1.724E-01	3.449E-01
3.550E-02	1.737E-01	-1.737E-01	3.474E-01
3.650E-02	1.749E-01	-1.749E-01	3.499E-01
3.750E-02	1.761E-01	-1.761E-01	3.522E-01
3.850E-02	1.772E-01	-1.772E-01	3.545E-01
3.950E-02	1.784E-01	-1.784E-01	3.567E-01
4.050E-02	1.794E-01	-1.794E-01	3.588E-01
4.150E-02	1.805E-01	-1.805E-01	3.609E-01
4.250E-02	1.815E-01	-1.815E-01	3.629E-01
4.350E-02	1.824E-01	-1.824E-01	3.649E-01
4.450E-02	1.834E-01	-1.834E-01	3.668E-01
4.550E-02	1.843E-01	-1.843E-01	3.686E-01
4.650E-02	1.852E-01	-1.852E-01	3.704E-01
4.750E-02	1.860E-01	-1.860E-01	3.721E-01
4.850E-02	1.869E-01	-1.869E-01	3.737E-01
4.950E-02	1.877E-01	-1.877E-01	3.754E-01
5.050E-02	1.885E-01	-1.885E-01	3.769E-01
5.150E-02	1.892E-01	-1.892E-01	3.784E-01
5.250E-02	1.900E-01	-1.900E-01	3.799E-01
5.350E-02	1.907E-01	-1.907E-01	3.814E-01
5.450E-02	1.914E-01	-1.914E-01	3.827E-01
5.550E-02	1.921E-01	-1.921E-01	3.841E-01
5.650E-02	1.927E-01	-1.927E-01	3.854E-01
5.750E-02	1.933E-01	-1.933E-01	3.867E-01
5.850E-02	1.940E-01	-1.940E-01	3.879E-01
5.950E-02	1.946E-01	-1.946E-01	3.891E-01
6.050E-02	1.951E-01	-1.951E-01	3.903E-01
6.150E-02	1.957E-01	-1.957E-01	3.914E-01
6.250E-02	1.963E-01	-1.963E-01	3.925E-01
6.350E-02	1.968E-01	-1.968E-01	3.936E-01
6.450E-02	1.973E-01	-1.973E-01	3.946E-01
6.550E-02	1.978E-01	-1.978E-01	3.956E-01
6.650E-02	1.983E-01	-1.983E-01	3.966E-01
6.750E-02	1.988E-01	-1.988E-01	3.976E-01
6.850E-02	1.992E-01	-1.992E-01	3.985E-01
6.950E-02	1.997E-01	-1.997E-01	3.994E-01
7.050E-02	2.001E-01	-2.001E-01	4.002E-01
7.150E-02	2.005E-01	-2.005E-01	4.011E-01
7.250E-02	2.009E-01	-2.009E-01	4.019E-01
7.350E-02	2.013E-01	-2.013E-01	4.027E-01
7.450E-02	2.017E-01	-2.017E-01	4.035E-01
7.550E-02	2.021E-01	-2.021E-01	4.042E-01
7.650E-02	2.025E-01	-2.025E-01	4.049E-01
7.750E-02	2.028E-01	-2.028E-01	4.056E-01
7.850E-02	2.031E-01	-2.031E-01	4.063E-01
7.950E-02	2.035E-01	-2.035E-01	4.069E-01
8.050E-02	2.038E-01	-2.038E-01	4.076E-01
8.150E-02	2.041E-01	-2.041E-01	4.082E-01
8.250E-02	2.044E-01	-2.044E-01	4.088E-01
8.350E-02	2.047E-01	-2.047E-01	4.094E-01
8.450E-02	2.050E-01	-2.050E-01	4.099E-01
8.550E-02	2.052E-01	-2.052E-01	4.105E-01
8.650E-02	2.055E-01	-2.055E-01	4.110E-01
8.750E-02	2.057E-01	-2.057E-01	4.115E-01
8.850E-02	2.060E-01	-2.060E-01	4.120E-01
8.950E-02	2.062E-01	-2.062E-01	4.124E-01
9.050E-02	2.064E-01	-2.064E-01	4.129E-01
9.150E-02	2.067E-01	-2.067E-01	4.133E-01
9.250E-02	2.069E-01	-2.069E-01	4.137E-01
9.350E-02	2.071E-01	-2.071E-01	4.141E-01
9.450E-02	2.073E-01	-2.073E-01	4.145E-01
9.550E-02	2.074E-01	-2.074E-01	4.149E-01
9.650E-02	2.076E-01	-2.076E-01	4.152E-01
9.750E-02	2.078E-01	-2.078E-01	4.156E-01
9.850E-02	2.080E-01	-2.080E-01	4.159E-01
9.950E-02	2.081E-01	-2.081E-01	4.162E-01
1.005E-01	2.083E-01	-2.083E-01	4.165E-01
1.015E-01	2.084E-01	-2.084E-01	4.168E-01
1.025E-01	2.085E-01	-2.085E-01	4.171E-01
1.035E-01	2.087E-01	-2.087E-01	4.173E-01
1.045E-01	2.088E-01	-2.088E-01	4.176E-01
1.055E-01	2.089E-01	-2.089E-01	4.178E-01
1.065E-01	2.090E-01	-2.090E-01	4.181E-01
1.075E-01	2.091E-01	-2.091E-01	4.183E-01
1.085E-01	2.092E-01	-2.092E-01	4.185E-01
1.095E-01	2.093E-01	-2.093E-01	4.187E-01
1.105E-01	2.094E-01	-2.094E-01	4.188E-01
1.115E-01	2.095E-01	-2.095E-01	4.190E-01
1.125E-01	2.096E-01	-2.096E-01	4.191E-01
1.135E-01	2.096E-01	-2.096E-01	4.193E-01
1.145E-01	2.097E-01	-2.097E-01	4.194E-01
1.155E-01	2.098E-01	-2.098E-01	4.195E-01
1.165E-01	2.098E-01	-2.098E-01	4.197E-01
1.175E-01	2.099E-01	-2.099E-01	4.198E-01
1.185E-01	2.099E-01	-2.099E-01	4.198E-01
1.195E-01	2.100E-01	-2.100E-01	4.199E-01
1.205E-01	2.100E-01	-2.100E-01	4.200E-01
1.215E-01	2.100E-01	-2.100E-01	4.201E-01
1.225E-01	2.101E-01	-2.101E-01	4.201E-01
1.235E-01	2.101E-01	-2.101E-01	4.202E-01
1.245E-01	2.101E-01	-2.101E-01	4.202E-01
1.255E-01	2.101E-01	-2.101E-01	4.202E-01
1.265E-01	2.101E-01	-2.101E-01	4.202E-01
1.275E-01	2.101E-01	-2.101E-01	4.203E-01
1.285E-01	2.101E-01	-2.101E-01	4.203E-01
1.295E-01	2.101E-01	-2.101E-01	4.202E-01
1.305E-01	2.101E-01	-2.101E-01	4.202E-01
1.315E-01	2.101E-01	-2.101E-01	4.202E-01
1.325E-01	2.101E-01	-2.101E-01	4.202E-01
1.335E-01	2.101E-01	-2.101E-01	4.201E-01
1.345E-01	2.100E-01	-2.100E-01	4.201E-01
1.355E-01	2.100E-01	-2.100E-01	4.200E-01
1.365E-01	2.100E-01	-2.100E-01	4.200E-01
1.375E-01	2.099E-01	-2.099E-01	4.199E-01
1.385E-01	2.099E-01	-2.099E-01	4.198E-01
1.395E-01	2.099E-01	-2.099E-01	4.197E-01
1.405E-01	2.098E-01	-2.098E-01	4.196E-01
1.415E-01	2.098E-01	-2.098E-01	4.195E-01
1.425E-01	2.097E-01	-2.097E-01	4.194E-01
1.435E-01	2.097E-01	-2.097E-01	4.193E-01
1.445E-01	2.096E-01	-2.096E-01	4.192E-01
1.455E-01	2.095E-01	-2.095E-01	4.191E-01
1.465E-01	2.095E-01	-2.095E-01	4.190E-01
1.475E-01	2.094E-01	-2.094E-01	4.188E-01
1.485E-01	2.093E-01	-2.093E-01	4.187E-01
1.495E-01	2.093E-01	-2.093E-01	4.185E-01
1.505E-01	2.092E-01	-2.092E-01	4.184E-01
1.515E-01	2.091E-01	-2.091E-01	4.182E-01
1.525E-01	2.090E-01	-2.090E-01	4.180E-01
1.535E-01	2.089E-01	-2.089E-01	4.179E-01
1.545E-01	2.088E-01	-2.088E-01	4.177E-01
1.555E-01	2.087E-01	-2.087E-01	4.175E-01
1.565E-01	2.087E-01	-2.087E-01	4.173E-01
1.575E-01	2.086E-01	-2.086E-01	4.171E-01
1.585E-01	2.085E-01	-2.085E-01	4.169E-01
1.595E-01	2.083E-01	-2.083E-01	4.167E-01
1.605E-01	2.082E-01	-2.082E-01	4.165E-01
1.615E-01	2.081E-01	-2.081E-01	4.163E-01
1.625E-01	2.080E-01	-2.080E-01	4.160E-01
1.635E-01	2.079E-01	-2.079E-01	4.158E-01
1.645E-01	2.078E-01	-2.078E-01	4.156E-01
1.655E-01	2.077E-01	-2.077E-01	4.153E-01
1.665E-01	2.076E-01	-2.076E-01	4.151E-01
1.675E-01	2.074E-01	-2.074E-01	4.149E-01
1.685E-01	2.073E-01	-2.073E-01	4.146E-01
1.695E-01	2.072E-01	-2.072E-01	4.143E-01
1.705E-01	2.070E-01	-2.070E-01	4.141E-01
1.715E-01	2.069E-01	-2.069E-01	4.138E-01
1.725E-01	2.068E-01	-2.068E-01	4.135E-01
1.735E-01	2.066E-01	-2.066E-01	4.133E-01
1.745E-01	2.065E-01	-2.065E-01	4.130E-01
1.755E-01	2.063E-01	-2.063E-01	4.127E-01
1.765E-01	2.062E-01	-2.062E-01	4.124E-01
1.775E-01	2.061E-01	-2.061E-01	4.121E-01
1.785E-01	2.059E-01	-2.059E-01	4.118E-01
1.795E-01	2.058E-01	-2.058E-01	4.115E-01
1.805E-01	2.056E-01	-2.056E-01	4.112E-01
1.815E-01	2.054E-01	-2.054E-01	4.109E-01
1.825E-01	2.053E-01	-2.053E-01	4.106E-01
1.835E-01	2.051E-01	-2.051E-01	4.103E-01
1.845E-01	2.050E-01	-2.050E-01	4.099E-01
1.855E-01	2.048E-01	-2.048E-01	4.096E-01
1.865E-01	2.046E-01	-2.046E-01	4.093E-01
1.875E-01	2.045E-01	-2.045E-01	4.090E-01
1.885E-01	2.043E-01	-2.043E-01	4.086E-01
1.895E-01	2.041E-01	-2.041E-01	4.083E-01
1.905E-01	2.040E-01	-2.040E-01	4.079E-01
1.915E-01	2.038E-01	-2.038E-01	4.076E-01
1.925E-01	2.036E-01	-2.036E-01	4.072E-01
1.935E-01	2.034E-01	-2.034E-01	4.069E-01
1.945E-01	2.033E-01	-2.033E-01	4.065E-01
1.955E-01	2.031E-01	-2.031E-01	4.062E-01
1.965E-01	2.029E-01	-2.029E-01	4.058E-01
1.975E-01	2.027E-01	-2.027E-01	4.054E-01
1.985E-01	2.025E-01	-2.025E-01	4.050E-01
1.995E-01	2.023E-01	-2.023E-01	4.047E-01
2.005E-01	2.021E-01	-2.021E-01	4.043E-01
2.015E-01	2.020E-01	-2.020E-01	4.039E-01
2.025E-01	2.018E-01	-2.018E-01	4.035E-01
2.035E-01	2.016E-01	-2.016E-01	4.031E-01
2.045E-01	2.014E-01	-2.014E-01	4.027E-01
2.055E-01	2.012E-01	-2.012E-01	4.023E-01
2.065E-01	2.010E-01	-2.010E-01	4.020E-01
2.075E-01	2.008E-01	-2.008E-01	4.016E-01
2.085E-01	2.006E-01	-2.006E-01	4.011E-01
2.095E-01	2.004E-01	-2.004E-01	4.007E-01
2.105E-01	2.002E-01	-2.002E-01	4.003E-01
2.115E-01	2.000E-01	-2.000E-01	3.999E-01
2.125E-01	1.998E-01	-1.998E-01	3.995E-01
2.135E-01	1.995E-01	-1.995E-01	3.991E-01
2.145E-01	1.993E-01	-1.993E-01	3.987E-01
2.155E-01	1.991E-01	-1.991E-01	3.982E-01
2.165E-01	1.989E-01	-1.989E-01	3.978E-01
2.175E-01	1.987E-01	-1.987E-01	3.974E-01
2.185E-01	1.985E-01	-1.985E-01	3.970E-01
2.195E-01	1.983E-01	-1.983E-01	3.965E-01
2.205E-01	1.980E-01	-1.980E-01	3.961E-01
2.215E-01	1.978E-01	-1.978E-01	3.956E-01
2.225E-01	1.976E-01	-1.976E-01	3.952E-01
2.235E-01	1.974E-01	-1.974E-01	3.948E-01
2.245E-01	1.972E-01	-1.972E-01	3.943E-01
2.255E-01	1.969E-01	-1.969E-01	3.939E-01
2.265E-01	1.967E-01	-1.967E-01	3.934E-01
2.275E-01	1.965E-01	-1.965E-01	3.930E-01
2.285E-01	1.963E-01	-1.963E-01	3.925E-01
2.295E-01	1.960E-01	-1.960E-01	3.920E-01
2.305E-01	1.958E-01	-1.958E-01	3.916E-01
2.315E-01	1.956E-01	-1.956E-01	3.911E-01
2.325E-01	1.953E-01	-1.953E-01	3.907E-01
2.335E-01	1.951E-01	-1.951E-01	3.902E-01
2.345E-01	1.949E-01	-1.949E-01	3.897E-01
2.355E-01	1.946E-01	-1.946E-01	3.892E-01
2.365E-01	1.944E-01	-1.944E-01	3.888E-01
2.375E-01	1.941E-01	-1.941E-01	3.883E-01
2.385E-01	1.939E-01	-1.939E-01	3.878E-01
2.395E-01	1.937E-01	-1.937E-01	3.873E-01
2.405E-01	1.934E-01	-1.934E-01	3.869E-01
2.415E-01	1.932E-01	-1.932E-01	3.864E-01
2.425E-01	1.929E-01	-1.929E-01	3.859E-01
2.435E-01	1.927E-01	-1.927E-01	3.854E-01
2.445E-01	1.924E-01	-1.924E-01	3.849E-01
2.455E-01	1.922E-01	-1.922E-01	3.844E-01
2.465E-01	1.920E-01	-1.920E-01	3.839E-01
2.475E-01	1.917E-01	-1.917E-01	3.834E-01
2.485E-01	1.915E-01	-1.915E-01	3.829E-01
2.495E-01	1.912E-01	-1.912E-01	3.824E-01
2.505E-01	1.910E-01	-1.910E-01	3.819E-01
2.515E-01	1.907E-01	-1.907E-01	3.814E-01
2.525E-01	1.904E-01	-1.904E-01	3.809E-01
2.535E-01	1.902E-01	-1.902E-01	3.804E-01
2.545E-01	1.899E-01	-1.899E-01	3.799E-01
2.555E-01	1.897E-01	-1.897E-01	3.794E-01
2.565E-01	1.894E-01	-1.894E-01	3.789E-01
2.575E-01	1.892E-01	-1.892E-01	3.783E-01
2.585E-01	1.889E-01	-1.889E-01	3.778E-01
2.595E-01	1.887E-01	-1.887E-01	3.773E-01
2.605E-01	1.884E-01	-1.884E-01	3.768E-01
2.615E-01	1.881E-01	-1.881E-01	3.763E-01
2.625E-01	1.879E-01	-1.879E-01	3.757E-01
2.635E-01	1.876E-01	-1.876E-01	3.752E-01
2.645E-01	1.873E-01	-1.873E-01	3.747E-01
2.655E-01	1.871E-01	-1.871E-01	3.742E-01
2.665E-01	1.868E-01	-1.868E-01	3.736E-01
2.675E-01	1.865E-01	-1.865E-01	3.731E-01
2.685E-01	1.863E-01	-1.863E-01	3.726E-01
2.695E-01	1.860E-01	-1.860E-01	3.720E-01
2.705E-01	1.857E-01	-1.857E-01	3.715E-01
2.715E-01	1.855E-01	-1.855E-01	3.709E-01
2.725E-01	1.852E-01	-1.852E-01	3.704E-01
2.735E-01	1.849E-01	-1.849E-01	3.699E-01
2.745E-01	1.847E-01	-1.847E-01	3.693E-01
2.755E-01	1.844E-01	-1.844E-01	3.688E-01
2.765E-01	1.841E-01	-1.841E-01	3.682E-01
2.775E-01	1.838E-01	-1.838E-01	3.677E-01
2.785E-01	1.836E-01	-1.836E-01	3.671E-01
2.795E-01	1.833E-01	-1.833E-01	3.666E-01
2.805E-01	1.830E-01	-1.830E-01	3.660E-01
2.815E-01	1.827E-01	-1.827E-01	3.655E-01
2.825E-01	1.825E-01	-1.825E-01	3.649E-01
2.835E-01	1.822E-01	-1.822E-01	3.644E-01
2.845E-01	1.819E-01	-1.819E-01	3.638E-01
2.855E-01	1.816E-01	-1.816E-01	3.633E-01
2.865E-01	1.814E-01	-1.814E-01	3.627E-01
2.875E-01	1.811E-01	-1.811E-01	3.621E-01
2.885E-01	1.808E-01	-1.808E-01	3.616E-01
2.895E-01	1.805E-01	-1.805E-01	3.610E-01
2.905E-01	1.802E-01	-1.802E-01	3.605E-01
2.915E-01	1.799E-01	-1.799E-01	3.599E-01
2.925E-01	1.797E-01	-1.797E-01	3.593E-01
2.935E-01	1.794E-01	-1.794E-01	3.588E-01
2.945E-01	1.791E-01	-1.791E-01	3.582E-01
2.955E-01	1.788E-01	-1.788E-01	3.576E-01
2.965E-01	1.785E-01	-1.785E-01	3.570E-01
2.975E-01	1.782E-01	-1.782E-01	3.565E-01
2.985E-01	1.779E-01	-1.779E-01	3.559E-01
2.995E-01	1.777E-01	-1.777E-01	3.553E-01
3.005E-01	1.774E-01	-1.774E-01	3.547E-01
3.015E-01	1.771E-01	-1.771E-01	3.542E-01
3.025E-01	1.768E-01	-1.768E-01	3.536E-01
3.035E-01	1.765E-01	-1.765E-01	3.530E-01
3.045E-01	1.762E-01	-1.762E-01	3.524E-01
3.055E-01	1.759E-01	-1.759E-01	3.518E-01
3.065E-01	1.756E-01	-1.756E-01	3.513E-01
3.075E-01	1.753E-01	-1.753E-01	3.507E-01
3.085E-01	1.750E-01	-1.750E-01	3.501E-01
3.095E-01	1.748E-01	-1.748E-01	3.495E-01
3.105E-01	1.745E-01	-1.745E-01	3.489E-01
3.115E-01	1.742E-01	-1.742E-01	3.483E-01
3.125E-01	1.739E-01	-1.739E-01	3.477E-01
3.135E-01	1.736E-01	-1.736E-01	3.472E-01
3.145E-01	1.733E-01	-1.733E-01	3.466E-01
3.155E-01	1.730E-01	-1.730E-01	3.460E-01
3.165E-01	1.727E-01	-1.727E-01	3.454E-01
3.175E-01	1.724E-01	-1.724E-01	3.448E-01
3.185E-01	1.721E-01	-1.721E-01	3.442E-01
3.195E-01	1.718E-01	-1.718E-01	3.436E-01
3.205E-01	1.715E-01	-1.715E-01	3.430E-01
3.215E-01	1.712E-01	-1.712E-01	3.424E-01
3.225E-01	1.709E-01	-1.709E-01	3.418E-01
3.235E-01	1.706E-01	-1.706E-01	3.412E-01
3.245E-01	1.703E-01	-1.703E-01	3.406E-01
3.255E-01	1.700E-01	-1.700E-01	3.400E-01
3.265E-01	1.697E-01	-1.697E-01	3.394E-01
3.275E-01	1.694E-01	-1.694E-01	3.388E-01
3.285E-01	1.691E-01	-1.691E-01	3.382E-01
3.295E-01	1.688E-01	-1.688E-01	3.376E-01
3.305E-01	1.685E-01	-1.685E-01	3.370E-01
3.315E-01	1.682E-01	-1.682E-01	3.364E-01
3.325E-01	1.679E-01	-1.679E-01	3.358E-01
3.335E-01	1.676E-01	-1.676E-01	3.352E-01
3.345E-01	1.673E-01	-1.673E-01	3.346E-01
3.355E-01	1.670E-01	-1.670E-01	3.339E-01
3.365E-01	1.667E-01	-1.667E-01	3.333E-01
3.375E-01	1.664E-01	-1.664E-01	3.327E-01
3.385E-01	1.661E-01	-1.661E-01	3.321E-01
3.395E-01	1.657E-01	-1.657E-01	3.315E-01
3.405E-01	1.654E-01	-1.654E-01	3.309E-01
3.415E-01	1.651E-01	-1.651E-01	3.303E-01
3.425E-01	1.648E-01	-1.648E-01	3.297E-01
3.435E-01	1.645E-01	-1.645E-01	3.290E-01
3.445E-01	1.642E-01	-1.642E-01	3.284E-01
3.455E-01	1.639E-01	-1.639E-01	3.278E-01
3.465E-01	1.636E-01	-1.636E-01	3.272E-01
3.475E-01	1.633E-01	-1.633E-01	3.266E-01
3.485E-01	1.630E-01	-1.630E-01	3.259E-01
3.495E-01	1.627E-01	-1.627E-01	3.253E-01
3.505E-01	1.624E-01	-1.624E-01	3.247E-01
3.515E-01	1.620E-01	-1.620E-01	3.241E-01
3.525E-01	1.617E-01	-1.617E-01	3.235E-01
3.535E-01	1.614E-01	-1.614E-01	3.228E-01
3.545E-01	1.611E-01	-1.611E-01	3.222E-01
3.555E-01	1.608E-01	-1.608E-01	3.216E-01
3.565E-01	1.605E-01	-1.605E-01	3.210E-01
3.575E-01	1.602E-01	-1.602E-01	3.203E-01
3.585E-01	1.599E-01	-1.599E-01	3.197E-01
3.595E-01	1.595E-01	-1.595E-01	3.191E-01
3.605E-01	1.592E-01	-1.592E-01	3.185E-01
3.615E-01	1.589E-01	-1.589E-01	3.178E-01
3.625E-01	1.586E-01	-1.586E-01	3.172E-01
3.635E-01	1.583E-01	-1.583E-01	3.166E-01
3.645E-01	1.580E-01	-1.580E-01	3.160E-01
3.655E-01	1.577E-01	-1.577E-01	3.153E-01
3.665E-01	1.573E-01	-1.573E-01	3.147E-01
3.675E-01	1.570E-01	-1.570E-01	3.141E-01
3.685E-01	1.567E-01	-1.567E-01	3.134E-01
3.695E-01	1.564E-01	-1.564E-01	3.128E-01
3.705E-01	1.561E-01	-1.561E-01	3.122E-01
3.715E-01	1.558E-01	-1.558E-01	3.115E-01
3.725E-01	1.554E-01	-1.554E-01	3.109E-01
3.735E-01	1.551E-01	-1.551E-01	3.103E-01
3.745E-01	1.548E-01	-1.548E-01	3.096E-01
3.755E-01	1.545E-01	-1.545E-01	3.090E-01
3.765E-01	1.542E-01	-1.542E-01	3.084E-01
3.775E-01	1.539E-01	-1.539E-01	3.077E-01
3.785E-01	1.535E-01	-1.535E-01	3.071E-01
3.795E-01	1.532E-01	-1.532E-01	3.064E-01
3.805E-01	1.529E-01	-1.529E-01	3.058E-01
3.815E-01	1.526E-01	-1.526E-01	3.052E-01
3.825E-01	1.523E-01	-1.523E-01	3.045E-01
3.835E-01	1.519E-01	-1.519E-01	3.039E-01
3.845E-01	1.516E-01	-1.516E-01	3.033E-01
3.855E-01	1.513E-01	-1.513E-01	3.026E-01
3.865E-01	1.510E-01	-1.510E-01	3.020E-01
3.875E-01	1.507E-01	-1.507E-01	3.013E-01
3.885E-01	1.503E-01	-1.503E-01	3.007E-01
3.895E-01	1.500E-01	-1.500E-01	3.001E-01
3.905E-01	1.497E-01	-1.497E-01	2.994E-01
3.915E-01	1.494E-01	-1.494E-01	2.988E-01
3.925E-01	1.491E-01	-1.491E-01	2.981E-01
3.935E-01	1.487E-01	-1.487E-01	2.975E-01
3.945E-01	1.484E-01	-1.484E-01	2.968E-01
3.955E-01	1.481E-01	-1.481E-01	2.962E-01
3.965E-01	1.478E-01	-1.478E-01	2.955E-01
3.975E-01	1.475E-01	-1.475E-01	2.949E-01
3.985E-01	1.471E-01	-1.471E-01	2.943E-01
3.995E-01	1.468E-01	-1.468E-01	2.936E-01
4.005E-01	1.465E-01	-1.465E-01	2.930E-01
4.015E-01	1.462E-01	-1.462E-01	2.923E-01
4.025E-01	1.458E-01	-1.458E-01	2.917E-01
4.035E-01	1.455E-01	-1.455E-01	2.910E-01
4.045E-01	1.452E-01	-1.452E-01	2.904E-01
4.055E-01	1.449E-01	-1.449E-01	2.897E-01
4.065E-01	1.445E-01	-1.445E-01	2.891E-01
4.075E-01	1.442E-01	-1.442E-01	2.884E-01
4.085E-01	1.439E-01	-1.439E-01	2.878E-01
4.095E-01	1.436E-01	-1.436E-01	2.871E-01
4.105E-01	1.432E-01	-1.432E-01	2.865E-01
4.115E-01	1.429E-01	-1.429E-01	2.858E-01
4.125E-01	1.426E-01	-1.426E-01	2.852E-01
4.135E-01	1.423E-01	-1.423E-01	2.845E-01
4.145E-01	1.419E-01	-1.419E-01	2.839E-01
4.155E-01	1.416E-01	-1.416E-01	2.832E-01
4.165E-01	1.413E-01	-1.413E-01	2.826E-01
4.175E-01	1.410E-01	-1.410E-01	2.819E-01
4.185E-01	1.406E-01	-1.406E-01	2.813E-01
4.195E-01	1.403E-01	-1.403E-01	2.806E-01
4.205E-01	1.400E-01	-1.400E-01	2.800E-01
4.215E-01	1.397E-01	-1.397E-01	2.793E-01
4.225E-01	1.393E-01	-1.393E-01	2.787E-01
4.235E-01	1.390E-01	-1.390E-01	2.780E-01
4.245E-01	1.387E-01	-1.387E-01	2.774E-01
4.255E-01	1.384E-01	-1.384E-01	2.767E-01
4.265E-01	1.380E-01	-1.380E-01	2.761E-01
4.275E-01	1.377E-01	-1.377E-01	2.754E-01
4.285E-01	1.374E-01	-1.374E-01	2.748E-01
4.295E-01	1.371E-01	-1.371E-01	2.741E-01
4.305E-01	1.367E-01	-1.367E-01	2.734E-01
4.315E-01	1.364E-01	-1.364E-01	2.728E-01
4.325E-01	1.361E-01	-1.361E-01	2.721E-01
4.335E-01	1.357E-01	-1.357E-01	2.715E-01
4.345E-01	1.354E-01	-1.354E-01	2.708E-01
4.355E-01	1.351E-01	-1.351E-01	2.702E-01
4.365E-01	1.348E-01	-1.348E-01	2.695E-01
4.375E-01	1.344E-01	-1.344E-01	2.689E-01
4.385E-01	1.341E-01	-1.341E-01	2.682E-01
4.395E-01	1.338E-01	-1.338E-01	2.676E-01
4.405E-01	1.334E-01	-1.334E-01	2.669E-01
4.415E-01	1.331E-01	-1.331E-01	2.662E-01
4.425E-01	1.328E-01	-1.328E-01	2.656E-01
4.435E-01	1.325E-01	-1.325E-01	2.649E-01
4.445E-01	1.321E-01	-1.321E-01	2.643E-01
4.455E-01	1.318E-01	-1.318E-01	2.636E-01
4.465E-01	1.315E-01	-1.315E-01	2.630E-01
4.475E-01	1.312E-01	-1.312E-01	2.623E-01
4.485E-01	1.308E-01	-1.308E-01	2.616E-01
4.495E-01	1.305E-01	-1.305E-01	2.610E-01
4.505E-01	1.302E-01	-1.302E-01	2.603E-01
4.515E-01	1.298E-01	-1.298E-01	2.597E-01
4.525E-01	1.295E-01	-1.295E-01	2.590E-01
4.535E-01	1.292E-01	-1.292E-01	2.584E-01
4.545E-01	1.288E-01	-1.288E-01	2.577E-01
4.555E-01	1.285E-01	-1.285E-01	2.570E-01
4.565E-01	1.282E-01	-1.282E-01	2.564E-01
4.575E-01	1.279E-01	-1.279E-01	2.557E-01
4.585E-01	1.275E-01	-1.275E-01	2.551E-01
4.595E-01	1.272E-01	-1.272E-01	2.544E-01
4.605E-01	1.269E-01	-1.269E-01	2.537E-01
4.615E-01	1.265E-01	-1.265E-01	2.531E-01
4.625E-01	1.262E-01	-1.262E-01	2.524E-01
4.635E-01	1.259E-01	-1.259E-01	2.518E-01
4.645E-01	1.256E-01	-1.256E-01	2.511E-01
4.655E-01	1.252E-01	-1.252E-01	2.505E-01
4.665E-01	1.249E-01	-1.249E-01	2.498E-01
4.675E-01	1.246E-01	-1.246E-01	2.491E-01
4.685E-01	1.242E-01	-1.242E-01	2.485E-01
4.695E-01	1.239E-01	-1.239E-01	2.478E-01
4.705E-01	1.236E-01	-1.236E-01	2.472E-01
4.715E-01	1.233E-01	-1.233E-01	2.465E-01
4.725E-01	1.229E-01	-1.229E-01	2.458E-01
4.735E-01	1.226E-01	-1.226E-01	2.452E-01
4.745E-01	1.223E-01	-1.223E-01	2.445E-01
4.755E-01	1.219E-01	-1.219E-01	2.439E-01
4.765E-01	1.216E-01	-1.216E-01	2.432E-01
4.775E-01	1.213E-01	-1.213E-01	2.426E-01
4.785E-01	1.209E-01	-1.209E-01	2.419E-01
4.795E-01	1.206E-01	-1.206E-01	2.412E-01
4.805E-01	1.203E-01	-1.203E-01	2.406E-01
4.815E-01	1.200E-01	-1.200E-01	2.399E-01
4.825E-01	1.196E-01	-1.196E-01	2.393E-01
4.835E-01	1.193E-01	-1.193E-01	2.386E-01
4.845E-01	1.190E-01	-1.190E-01	2.379E-01
4.855E-01	1.186E-01	-1.186E-01	2.373E-01
4.865E-01	1.183E-01	-1.183E-01	2.366E-01
4.875E-01	1.180E-01	-1.180E-01	2.360E-01
4.885E-01	1.177E-01	-1.177E-01	2.353E-01
4.895E-01	1.173E-01	-1.173E-01	2.346E-01
4.905E-01	1.170E-01	-1.170E-01	2.340E-01
4.915E-01	1.167E-01	-1.167E-01	2.333E-01
4.925E-01	1.163E-01	-1.163E-01	2.327E-01
4.935E-01	1.160E-01	-1.160E-01	2.320E-01
4.945E-01	1.157E-01	-1.157E-01	2.314E-01
4.955E-01	1.153E-01	-1.153E-01	2.307E-01
4.965E-01	1.150E-01	-1.150E-01	2.300E-01
4.975E-01	1.147E-01	-1.147E-01	2.294E-01
4.985E-01	1.144E-01	-1.144E-01	2.287E-01
4.995E-01	1.140E-01	-1.140E-01	2.281E-01
5.005E-01	1.137E-01	-1.137E-01	2.274E-01
5.015E-01	1.134E-01	-1.134E-01	2.268E-01
5.025E-01	1.130E-01	-1.130E-01	2.261E-01
5.035E-01	1.127E-01	-1.127E-01	2.254E-01
5.045E-01	1.124E-01	-1.124E-01	2.248E-01
5.055E-01	1.121E-01	-1.121E-01	2.241E-01
5.065E-01	1.117E-01	-1.117E-01	2.235E-01
5.075E-01	1.114E-01	-1.114E-01	2.228E-01
5.085E-01	1.111E-01	-1.111E-01	2.222E-01
5.095E-01	1.107E-01	-1.107E-01	2.215E-01
5.105E-01	1.104E-01	-1.104E-01	2.208E-01
5.115E-01	1.101E-01	-1.101E-01	2.202E-01
5.125E-01	1.098E-01	-1.098E-01	2.195E-01
5.135E-01	1.094E-01	-1.094E-01	2.189E-01
5.145E-01	1.091E-01	-1.091E-01	2.182E-01
5.155E-01	1.088E-01	-1.088E-01	2.176E-01
5.165E-01	1.085E-01	-1.085E-01	2.169E-01
5.175E-01	1.081E-01	-1.081E-01	2.162E-01
5.185E-01	1.078E-01	-1.078E-01	2.156E-01
5.195E-01	1.075E-01	-1.075E-01	2.149E-01
5.205E-01	1.071E-01	-1.071E-01	2.143E-01
5.215E-01	1.068E-01	-1.068E-01	2.136E-01
5.225E-01	1.065E-01	-1.065E-01	2.130E-01
5.235E-01	1.062E-01	-1.062E-01	2.123E-01
5.245E-01	1.058E-01	-1.058E-01	2.117E-01
5.255E-01	1.055E-01	-1.055E-01	2.110E-01
5.265E-01	1.052E-01	-1.052E-01	2.104E-01
5.275E-01	1.049E-01	-1.049E-01	2.097E-01
5.285E-01	1.045E-01	-1.045E-01	2.090E-01
5.295E-01	1.042E-01	-1.042E-01	2.084E-01
5.305E-01	1.039E-01	-1.039E-01	2.077E-01
5.315E-01	1.035E-01	-1.035E-01	2.071E-01
5.325E-01	1.032E-01	-1.032E-01	2.064E-01
5.335E-01	1.029E-01	-1.029E-01	2.058E-01
5.345E-01	1.026E-01	-1.026E-01	2.051E-01
5.355E-01	1.022E-01	-1.022E-01	2.045E-01
5.365E-01	1.019E-01	-1.019E-01	2.038E-01
5.375E-01	1.016E-01	-1.016E-01	2.032E-01
5.385E-01	1.013E-01	-1.013E-01	2.025E-01
5.395E-01	1.009E-01	-1.009E-01	2.019E-01
5.405E-01	1.006E-01	-1.006E-01	2.012E-01
5.415E-01	1.003E-01	-1.003E-01	2.006E-01
5.425E-01	9.996E-02	-9.996E-02	1.999E-01
5.435E-01	9.964E-02	-9.964E-02	1.993E-01
5.445E-01	9.931E-02	-9.931E-02	1.986E-01
5.455E-01	9.899E-02	-9.899E-02	1.980E-01
5.465E-01	9.866E-02	-9.866E-02	1.973E-01
5.475E-01	9.834E-02	-9.834E-02	1.967E-01
5.485E-01	9.801E-02	-9.801E-02	1.960E-01
5.495E-01	9.769E-02	-9.769E-02	1.954E-01
5.505E-01	9.737E-02	-9.737E-02	1.947E-01
5.515E-01	9.704E-02	-9.704E-02	1.941E-01
5.525E-01	9.672E-02	-9.672E-02	1.934E-01
5.535E-01	9.639E-02	-9.639E-02	1.928E-01
5.545E-01	9.607E-02	-9.607E-02	1.921E-01
5.555E-01	9.575E-02	-9.575E-02	1.915E-01
5.565E-01	9.542E-02	-9.542E-02	1.908E-01
5.575E-01	9.510E-02	-9.510E-02	1.902E-01
5.585E-01	9.478E-02	-9.478E-02	1.896E-01
5.595E-01	9.446E-02	-9.446E-02	1.889E-01
5.605E-01	9.413E-02	-9.413E-02	1.883E-01
5.615E-01	9.381E-02	-9.381E-02	1.876E-01
5.625E-01	9.349E-02	-9.349E-02	1.870E-01
5.635E-01	9.317E-02	-9.317E-02	1.863E-01
5.645E-01	9.285E-02	-9.285E-02	1.857E-01
5.655E-01	9.252E-02	-9.252E-02	1.850E-01
5.665E-01	9.220E-02	-9.220E-02	1.844E-01
5.675E-01	9.188E-02	-9.188E-02	1.838E-01
5.685E-01	9.156E-02	-9.156E-02	1.831E-01
5.695E-01	9.124E-02	-9.124E-02	1.825E-01
5.705E-01	9.092E-02	-9.092E-02	1.818E-01
5.715E-01	9.060E-02	-9.060E-02	1.812E-01
5.725E-01	9.028E-02	-9.028E-02	1.806E-01
5.735E-01	8.996E-02	-8.996E-02	1.799E-01
5.745E-01	8.964E-02	-8.964E-02	1.793E-01
5.755E-01	8.932E-02	-8.932E-02	1.786E-01
5.765E-01	8.900E-02	-8.900E-02	1.780E-01
5.775E-01	8.868E-02	-8.868E-02	1.774E-01
5.785E-01	8.836E-02	-8.836E-02	1.767E-01
5.795E-01	8.804E-02	-8.804E-02	1.761E-01
5.805E-01	8.772E-02	-8.772E-02	1.754E-01
5.815E-01	8.740E-02	-8.740E-02	1.748E-01
5.825E-01	8.708E-02	-8.708E-02	1.742E-01
5.835E-01	8.677E-02	-8.677E-02	1.735E-01
5.845E-01	8.645E-02	-8.645E-02	1.729E-01
5.855E-01	8.613E-02	-8.613E-02	1.723E-01
5.865E-01	8.581E-02	-8.581E-02	1.716E-01
5.875E-01	8.550E-02	-8.550E-02	1.710E-01
5.885E-01	8.518E-02	-8.518E-02	1.704E-01
5.895E-01	8.486E-02	-8.486E-02	1.697E-01
5.905E-01	8.455E-02	-8.455E-02	1.691E-01
5.915E-01	8.423E-02	-8.423E-02	1.685E-01
5.925E-01	8.391E-02	-8.391E-02	1.678E-01
5.935E-01	8.360E-02	-8.360E-02	1.672E-01
5.945E-01	8.328E-02	-8.328E-02	1.666E-01
5.955E-01	8.297E-02	-8.297E-02	1.659E-01
5.965E-01	8.265E-02	-8.265E-02	1.653E-01
5.975E-01	8.234E-02	-8.234E-02	1.647E-01
5.985E-01	8.202E-02	-8.202E-02	1.640E-01
5.995E-01	8.171E-02	-8.171E-02	1.634E-01
6.005E-01	8.139E-02	-8.139E-02	1.628E-01
6.015E-01	8.108E-02	-8.108E-02	1.622E-01
6.025E-01	8.076E-02	-8.076E-02	1.615E-01
6.035E-01	8.045E-02	-8.045E-02	1.609E-01
6.045E-01	8.014E-02	-8.014E-02	1.603E-01
6.055E-01	7.982E-02	-7.982E-02	1.596E-01
6.065E-01	7.951E-02	-7.951E-02	1.590E-01
6.075E-01	7.920E-02	-7.920E-02	1.584E-01
6.085E-01	7.889E-02	-7.889E-02	1.578E-01
6.095E-01	7.857E-02	-7.857E-02	1.571E-01
6.105E-01	7.826E-02	-7.826E-02	1.565E-01
6.115E-01	7.795E-02	-7.795E-02	1.559E-01
6.125E-01	7.764E-02	-7.764E-02	1.553E-01
6.135E-01	7.733E-02	-7.733E-02	1.547E-01
6.145E-01	7.702E-02	-7.702E-02	1.540E-01
6.155E-01	7.671E-02	-7.671E-02	1.534E-01
6.165E-01	7.640E-02	-7.640E-02	1.528E-01
6.175E-01	7.609E-02	-7.609E-02	1.522E-01
6.185E-01	7.578E-02	-7.578E-02	1.516E-01
6.195E-01	7.547E-02	-7.547E-02	1.509E-01
6.205E-01	7.516E-02	-7.516E-02	1.503E-01
6.215E-01	7.485E-02	-7.485E-02	1.497E-01
6.225E-01	7.454E-02	-7.454E-02	1.491E-01
6.235E-01	7.423E-02	-7.423E-02	1.485E-01
6.245E-01	7.392E-02	-7.392E-02	1.478E-01
6.255E-01	7.362E-02	-7.362E-02	1.472E-01
6.265E-01	7.331E-02	-7.331E-02	1.466E-01
6.275E-01	7.300E-02	-7.300E-02	1.460E-01
6.285E-01	7.269E-02	-7.269E-02	1.454E-01
6.295E-01	7.239E-02	-7.239E-02	1.448E-01
6.305E-01	7.208E-02	-7.208E-02	1.442E-01
6.315E-01	7.178E-02	-7.178E-02	1.436E-01
6.325E-01	7.147E-02	-7.147E-02	1.429E-01
6.335E-01	7.116E-02	-7.116E-02	1.423E-01
6.345E-01	7.086E-02	-7.086E-02	1.417E-01
6.355E-01	7.056E-02	-7.056E-02	1.411E-01
6.365E-01	7.025E-02	-7.025E-02	1.405E-01
6.375E-01	6.995E-02	-6.995E-02	1.399E-01
6.385E-01	6.964E-02	-6.964E-02	1.393E-01
6.395E-01	6.934E-02	-6.934E-02	1.387E-01
6.405E-01	6.904E-02	-6.904E-02	1.381E-01
6.415E-01	6.873E-02	-6.873E-02	1.375E-01
6.425E-01	6.843E-02	-6.843E-02	1.369E-01
6.435E-01	6.813E-02	-6.813E-02	1.363E-01
6.445E-01	6.783E-02	-6.783E-02	1.357E-01
6.455E-01	6.753E-02	-6.753E-02	1.351E-01
6.465E-01	6.722E-02	-6.722E-02	1.344E-01
6.475E-01	6.692E-02	-6.692E-02	1.338E-01
6.485E-01	6.662E-02	-6.662E-02	1.332E-01
6.495E-01	6.632E-02	-6.632E-02	1.326E-01
6.505E-01	6.602E-02	-6.602E-02	1.320E-01
6.515E-01	6.572E-02	-6.572E-02	1.314E-01
6.525E-01	6.542E-02	-6.542E-02	1.308E-01
6.535E-01	6.512E-02	-6.512E-02	1.302E-01
6.545E-01	6.483E-02	-6.483E-02	1.297E-01
6.555E-01	6.453E-02	-6.453E-02	1.291E-01
6.565E-01	6.423E-02	-6.423E-02	1.285E-01
6.575E-01	6.393E-02	-6.393E-02	1.279E-01
6.585E-01	6.364E-02	-6.364E-02	1.273E-01
6.595E-01	6.334E-02	-6.334E-02	1.267E-01
6.605E-01	6.304E-02	-6.304E-02	1.261E-01
6.615E-01	6.275E-02	-6.275E-02	1.255E-01
6.625E-01	6.245E-02	-6.245E-02	1.249E-01
6.635E-01	6.216E-02	-6.216E-02	1.243E-01
6.645E-01	6.186E-02	-6.186E-02	1.237E-01
6.655E-01	6.157E-02	-6.157E-02	1.231E-01
6.665E-01	6.127E-02	-6.127E-02	1.225E-01
6.675E-01	6.098E-02	-6.098E-02	1.220E-01
6.685E-01	6.069E-02	-6.069E-02	1.214E-01
6.695E-01	6.039E-02	-6.039E-02	1.208E-01
6.705E-01	6.010E-02	-6.010E-02	1.202E-01
6.715E-01	5.981E-02	-5.981E-02	1.196E-01
6.725E-01	5.952E-02	-5.952E-02	1.190E-01
6.735E-01	5.922E-02	-5.922E-02	1.184E-01
6.745E-01	5.893E-02	-5.893E-02	1.179E-01
6.755E-01	5.864E-02	-5.864E-02	1.173E-01
6.765E-01	5.835E-02	-5.835E-02	1.167E-01
6.775E-01	5.806E-02	-5.806E-02	1.161E-01
6.785E-01	5.777E-02	-5.777E-02	1.155E-01
6.795E-01	5.748E-02	-5.748E-02	1.150E-01
6.805E-01	5.719E-02	-5.719E-02	1.144E-01
6.815E-01	5.691E-02	-5.691E-02	1.138E-01
6.825E-01	5.662E-02	-5.662E-02	1.132E-01
6.835E-01	5.633E-02	-5.633E-02	1.127E-01
6.845E-01	5.604E-02	-5.604E-02	1.121E-01
6.855E-01	5.576E-02	-5.576E-02	1.115E-01
6.865E-01	5.547E-02	-5.547E-02	1.109E-01
6.875E-01	5.518E-02	-5.518E-02	1.104E-01
6.885E-01	5.490E-02	-5.490E-02	1.098E-01
6.895E-01	5.461E-02	-5.461E-02	1.092E-01
6.905E-01	5.433E-02	-5.433E-02	1.087E-01
6.915E-01	5.405E-02	-5.405E-02	1.081E-01
6.925E-01	5.376E-02	-5.376E-02	1.075E-01
6.935E-01	5.348E-02	-5.348E-02	1.070E-01
6.945E-01	5.320E-02	-5.320E-02	1.064E-01
6.955E-01	5.291E-02	-5.291E-02	1.058E-01
6.965E-01	5.263E-02	-5.263E-02	1.053E-01
6.975E-01	5.235E-02	-5.235E-02	1.047E-01
6.985E-01	5.207E-02	-5.207E-02	1.041E-01
6.995E-01	5.179E-02	-5.179E-02	1.036E-01
7.005E-01	5.151E-02	-5.151E-02	1.030E-01
7.015E-01	5.123E-02	-5.123E-02	1.025E-01
7.025E-01	5.095E-02	-5.095E-02	1.019E-01
7.035E-01	5.067E-02	-5.067E-02	1.013E-01
7.045E-01	5.039E-02	-5.039E-02	1.008E-01
7.055E-01	5.011E-02	-5.011E-02	1.002E-01
7.065E-01	4.984E-02	-4.984E-02	9.967E-02
7.075E-01	4.956E-02	-4.956E-02	9.912E-02
7.085E-01	4.928E-02	-4.928E-02	9.856E-02
7.095E-01	4.901E-02	-4.901E-02	9.801E-02
7.105E-01	4.873E-02	-4.873E-02	9.746E-02
7.115E-01	4.845E-02	-4.845E-02	9.691E-02
7.125E-01	4.818E-02	-4.818E-02	9.636E-02
7.135E-01	4.791E-02	-4.791E-02	9.581E-02
7.145E-01	4.763E-02	-4.763E-02	9.526E-02
7.155E-01	4.736E-02	-4.736E-02	9.472E-02
7.165E-01	4.709E-02	-4.709E-02	9.417E-02
7.175E-01	4.681E-02	-4.681E-02	9.363E-02
7.185E-01	4.654E-02	-4.654E-02	9.308E-02
7.195E-01	4.627E-02	-4.627E-02	9.254E-02
7.205E-01	4.600E-02	-4.600E-02	9.200E-02
7.215E-01	4.573E-02	-4.573E-02	9.146E-02
7.225E-01	4.546E-02	-4.546E-02	9.092E-02
7.235E-01	4.519E-02	-4.519E-02	9.038E-02
7.245E-01	4.492E-02	-4.492E-02	8.984E-02
7.255E-01	4.465E-02	-4.465E-02	8.930E-02
7.265E-01	4.438E-02	-4.438E-02	8.877E-02
7.275E-01	4.412E-02	-4.412E-02	8.823E-02
7.285E-01	4.385E-02	-4.385E-02	8.770E-02
7.295E-01	4.358E-02	-4.358E-02	8.717E-02
7.305E-01	4.332E-02	-4.332E-02	8.663E-02
7.315E-01	4.305E-02	-4.305E-02	8.610E-02
7.325E-01	4.279E-02	-4.279E-02	8.557E-02
7.335E-01	4.252E-02	-4.252E-02	8.505E-02
7.345E-01	4.226E-02	-4.226E-02	8.452E-02
7.355E-01	4.200E-02	-4.200E-02	8.399E-02
7.365E-01	4.173E-02	-4.173E-02	8.347E-02
7.375E-01	4.147E-02	-4.147E-02	8.294E-02
7.385E-01	4.121E-02	-4.121E-02	8.242E-02
7.395E-01	4.095E-02	-4.095E-02	8.190E-02
7.405E-01	4.069E-02	-4.069E-02	8.137E-02
7.415E-01	4.043E-02	-4.043E-02	8.085E-02
7.425E-01	4.017E-02	-4.017E-02	8.034E-02
7.435E-01	3.991E-02	-3.991E-02	7.982E-02
7.445E-01	3.965E-02	-3.965E-02	7.930E-02
7.455E-01	3.939E-02	-3.939E-02	7.878E-02
7.465E-01	3.913E-02	-3.913E-02	7.827E-02
7.475E-01	3.888E-02	-3.888E-02	7.776E-02
7.485E-01	3.862E-02	-3.862E-02	7.724E-02
7.495E-01	3.837E-02	-3.837E-02	7.673E-02
7.505E-01	3.811E-02	-3.811E-02	7.622E-02
7.515E-01	3.786E-02	-3.786E-02	7.571E-02
7.525E-01	3.760E-02	-3.760E-02	7.521E-02
7.535E-01	3.735E-02	-3.735E-02	7.470E-02
7.545E-01	3.710E-02	-3.710E-02	7.419E-02
7.555E-01	3.684E-02	-3.684E-02	7.369E-02
7.565E-01	3.659E-02	-3.659E-02	7.318E-02
7.575E-01	3.634E-02	-3.634E-02	7.268E-02
7.585E-01	3.609E-02	-3.609E-02	7.218E-02
7.595E-01	3.584E-02	-3.584E-02	7.168E-02
7.605E-01	3.559E-02	-3.559E-02	7.118E-02
7.615E-01	3.534E-02	-3.534E-02	7.068E-02
7.625E-01	3.509E-02	-3.509E-02	7.019E-02
7.635E-01	3.485E-02	-3.485E-02	6.969E-02
7.645E-01	3.460E-02	-3.460E-02	6.920E-02
7.655E-01	3.435E-02	-3.435E-02	6.871E-02
7.665E-01	3.411E-02	-3.411E-02	6.821E-02
7.675E-01	3.386E-02	-3.386E-02	6.772E-02
7.685E-01	3.362E-02	-3.362E-02	6.723E-02
7.695E-01	3.337E-02	-3.337E-02	6.675E-02
7.705E-01	3.313E-02	-3.313E-02	6.626E-02
7.715E-01	3.289E-02	-3.289E-02	6.577E-02
7.725E-01	3.264E-02	-3.264E-02	6.529E-02
7.735E-01	3.240E-02	-3.240E-02	6.481E-02
7.745E-01	3.216E-02	-3.216E-02	6.432E-02
7.755E-01	3.192E-02	-3.192E-02	6.384E-02
7.765E-01	3.168E-02	-3.168E-02	6.336E-02
7.775E-01	3.144E-02	-3.144E-02	6.289E-02
7.785E-01	3.120E-02	-3.120E-02	6.241E-02
7.795E-01	3.097E-02	-3.097E-02	6.193E-02
7.805E-01	3.073E-02	-3.073E-02	6.146E-02
7.815E-01	3.049E-02	-3.049E-02	6.099E-02
7.825E-01	3.026E-02	-3.026E-02	6.051E-02
7.835E-01	3.002E-02	-3.002E-02	6.004E-02
7.845E-01	2.979E-02	-2.979E-02	5.958E-02
7.855E-01	2.955E-02	-2.955E-02	5.911E-02
7.865E-01	2.932E-02	-2.932E-02	5.864E-02
7.875E-01	2.909E-02	-2.909E-02	5.818E-02
7.885E-01	2.886E-02	-2.886E-02	5.771E-02
7.895E-01	2.862E-02	-2.862E-02	5.725E-02
7.905E-01	2.839E-02	-2.839E-02	5.679E-02
7.915E-01	2.816E-02	-2.816E-02	5.633E-02
7.925E-01	2.793E-02	-2.793E-02	5.587E-02
7.935E-01	2.771E-02	-2.771E-02	5.541E-02
7.945E-01	2.748E-02	-2.748E-02	5.496E-02
7.955E-01	2.725E-02	-2.725E-02	5.450E-02
7.965E-01	2.702E-02	-2.702E-02	5.405E-02
7.975E-01	2.680E-02	-2.680E-02	5.360E-02
7.985E-01	2.657E-02	-2.657E-02	5.315E-02
7.995E-01	2.635E-02	-2.635E-02	5.270E-02
8.005E-01	2.612E-02	-2.612E-02	5.225E-02
8.015E-01	2.590E-02	-2.590E-02	5.180E-02
8.025E-01	2.568E-02	-2.568E-02	5.136E-02
8.035E-01	2.546E-02	-2.546E-02	5.091E-02
8.045E-01	2.524E-02	-2.524E-02	5.047E-02
8.055E-01	2.502E-02	-2.502E-02	5.003E-02
8.065E-01	2.480E-02	-2.480E-02	4.959E-02
8.075E-01	2.458E-02	-2.458E-02	4.915E-02
8.085E-01	2.436E-02	-2.436E-02	4.872E-02
8.095E-01	2.414E-02	-2.414E-02	4.828E-02
8.105E-01	2.392E-02	-2.392E-02	4.785E-02
8.115E-01	2.371E-02	-2.371E-02	4.742E-02
8.125E-01	2.349E-02	-2.349E-02	4.698E-02
8.135E-01	2.328E-02	-2.328E-02	4.656E-02
8.145E-01	2.306E-02	-2.306E-02	4.613E-02
8.155E-01	2.285E-02	-2.285E-02	4.570E-02
8.165E-01	2.264E-02	-2.264E-02	4.528E-02
8.175E-01	2.243E-02	-2.243E-02	4.485E-02
8.185E-01	2.222E-02	-2.222E-02	4.443E-02
8.195E-01	2.200E-02	-2.200E-02	4.401E-02
8.205E-01	2.180E-02	-2.180E-02	4.359E-02
8.215E-01	2.159E-02	-2.159E-02	4.317E-02
8.225E-01	2.138E-02	-2.138E-02	4.276E-02
8.235E-01	2.117E-02	-2.117E-02	4.234E-02
8.245E-01	2.096E-02	-2.096E-02	4.193E-02
8.255E-01	2.076E-02	-2.076E-02	4.152E-02
8.265E-01	2.055E-02	-2.055E-02	4.111E-02
8.275E-01	2.035E-02	-2.035E-02	4.070E-02
8.285E-01	2.015E-02	-2.015E-02	4.029E-02
8.295E-01	1.994E-02	-1.994E-02	3.989E-02
8.305E-01	1.974E-02	-1.974E-02	3.948E-02
8.315E-01	1.954E-02	-1.954E-02	3.908E-02
8.325E-01	1.934E-02	-1.934E-02	3.868E-02
8.335E-01	1.914E-02	-1.914E-02	3.828E-02
8.345E-01	1.894E-02	-1.894E-02	3.788E-02
8.355E-01	1.874E-02	-1.874E-02	3.749E-02
8.365E-01	1.855E-02	-1.855E-02	3.709E-02
8.375E-01	1.835E-02	-1.835E-02	3.670E-02
8.385E-01	1.816E-02	-1.816E-02	3.631E-02
8.395E-01	1.796E-02	-1.796E-02	3.592E-02
8.405E-01	1.777E-02	-1.777E-02	3.553E-02
8.415E-01	1.757E-02	-1.757E-02	3.515E-02
8.425E-01	1.738E-02	-1.738E-02	3.476E-02
8.435E-01	1.719E-02	-1.719E-02	3.438E-02
8.445E-01	1.700E-02	-1.700E-02	3.400E-02
8.455E-01	1.681E-02	-1.681E-02	3.362E-02
8.465E-01	1.662E-02	-1.662E-02	3.324E-02
8.475E-01	1.643E-02	-1.643E-02	3.286E-02
8.485E-01	1.624E-02	-1.624E-02	3.249E-02
8.495E-01	1.606E-02	-1.606E-02	3.212E-02
8.505E-01	1.587E-02	-1.587E-02	3.175E-02
8.515E-01	1.569E-02	-1.569E-02	3.138E-02
8.525E-01	1.550E-02	-1.550E-02	3.101E-02
8.535E-01	1.532E-02	-1.532E-02	3.064E-02
8.545E-01	1.514E-02	-1.514E-02	3.028E-02
8.555E-01	1.496E-02	-1.496E-02	2.991E-02
8.565E-01	1.478E-02	-1.478E-02	2.955E-02
8.575E-01	1.460E-02	-1.460E-02	2.919E-02
8.585E-01	1.442E-02	-1.442E-02	2.884E-02
8.595E-01	1.424E-02	-1.424E-02	2.848E-02
8.605E-01	1.406E-02	-1.406E-02	2.813E-02
8.615E-01	1.389E-02	-1.389E-02	2.777E-02
8.625E-01	1.371E-02	-1.371E-02	2.742E-02
8.635E-01	1.354E-02	-1.354E-02	2.707E-02
8.645E-01	1.336E-02	-1.336E-02	2.673E-02
8.655E-01	1.319E-02	-1.319E-02	2.638E-02
8.665E-01	1.302E-02	-1.302E-02	2.604E-02
8.675E-01	1.285E-02	-1.285E-02	2.570E-02
8.685E-01	1.268E-02	-1.268E-02	2.536E-02
8.695E-01	1.251E-02	-1.251E-02	2.502E-02
8.705E-01	1.234E-02	-1.234E-02	2.468E-02
8.715E-01	1.217E-02	-1.217E-02	2.435E-02
8.725E-01	1.201E-02	-1.201E-02	2.401E-02
8.735E-01	1.184E-02	-1.184E-02	2.368E-02
8.745E-01	1.168E-02	-1.168E-02	2.335E-02
8.755E-01	1.151E-02	-1.151E-02	2.303E-02
8.765E-01	1.135E-02	-1.135E-02	2.270E-02
8.775E-01	1.119E-02	-1.119E-02	2.238E-02
8.785E-01	1.103E-02	-1.103E-02	2.206E-02
8.795E-01	1.087E-02	-1.087E-02	2.174E-02
8.805E-01	1.071E-02	-1.071E-02	2.142E-02
8.815E-01	1.055E-02	-1.055E-02	2.110E-02
8.825E-01	1.040E-02	-1.040E-02	2.079E-02
8.835E-01	1.024E-02	-1.024E-02	2.048E-02
8.845E-01	1.008E-02	-1.008E-02	2.017E-02
8.855E-01	9.930E-03	-9.930E-03	1.986E-02
8.865E-01	9.777E-03	-9.777E-03	1.955E-02
8.875E-01	9.625E-03	-9.625E-03	1.925E-02
8.885E-01	9.474E-03	-9.474E-03	1.895E-02
8.895E-01	9.324E-03	-9.324E-03	1.865E-02
8.905E-01	9.174E-03	-9.174E-03	1.835E-02
8.915E-01	9.026E-03	-9.026E-03	1.805E-02
8.925E-01	8.879E-03	-8.879E-03	1.776E-02
8.935E-01	8.733E-03	-8.733E-03	1.747E-02
8.945E-01	8.588E-03	-8.588E-03	1.718E-02
8.955E-01	8.443E-03	-8.443E-03	1.689E-02
8.965E-01	8.300E-03	-8.300E-03	1.660E-02
8.975E-01	8.158E-03	-8.158E-03	1.632E-02
8.985E-01	8.017E-03	-8.017E-03	1.603E-02
8.995E-01	7.877E-03	-7.877E-03	1.575E-02
9.005E-01	7.738E-03	-7.738E-03	1.548E-02
9.015E-01	7.600E-03	-7.600E-03	1.520E-02
9.025E-01	7.463E-03	-7.463E-03	1.493E-02
9.035E-01	7.327E-03	-7.327E-03	1.465E-02
9.045E-01	7.192E-03	-7.192E-03	1.438E-02
9.055E-01	7.058E-03	-7.058E-03	1.412E-02
9.065E-01	6.925E-03	-6.925E-03	1.385E-02
9.075E-01	6.793E-03	-6.793E-03	1.359E-02
9.085E-01	6.663E-03	-6.663E-03	1.333E-02
9.095E-01	6.533E-03	-6.533E-03	1.307E-02
9.105E-01	6.404E-03	-6.404E-03	1.281E-02
9.115E-01	6.277E-03	-6.277E-03	1.255E-02
9.125E-01	6.150E-03	-6.150E-03	1.230E-02
9.135E-01	6.025E-03	-6.025E-03	1.205E-02
9.145E-01	5.901E-03	-5.901E-03	1.180E-02
9.155E-01	5.778E-03	-5.778E-03	1.156E-02
9.165E-01	5.656E-03	-5.656E-03	1.131E-02
9.175E-01	5.535E-03	-5.535E-03	1.107E-02
9.185E-01	5.415E-03	-5.415E-03	1.083E-02
9.195E-01	5.296E-03	-5.296E-03	1.059E-02
9.205E-01	5.179E-03	-5.179E-03	1.036E-02
9.215E-01	5.062E-03	-5.062E-03	1.012E-02
9.225E-01	4.947E-03	-4.947E-03	9.893E-03
9.235E-01	4.832E-03	-4.832E-03	9.665E-03
9.245E-01	4.719E-03	-4.719E-03	9.439E-03
9.255E-01	4.608E-03	-4.608E-03	9.215E-03
9.265E-01	4.497E-03	-4.497E-03	8.993E-03
9.275E-01	4.387E-03	-4.387E-03	8.774E-03
9.285E-01	4.279E-03	-4.279E-03	8.557E-03
9.295E-01	4.171E-03	-4.171E-03	8.343E-03
9.305E-01	4.065E-03	-4.065E-03	8.130E-03
9.315E-01	3.960E-03	-3.960E-03	7.921E-03
9.325E-01	3.857E-03	-3.857E-03	7.713E-03
9.335E-01	3.754E-03	-3.754E-03	7.508E-03
9.345E-01	3.653E-03	-3.653E-03	7.305E-03
9.355E-01	3.552E-03	-3.552E-03	7.105E-03
9.365E-01	3.453E-03	-3.453E-03	6.907E-03
9.375E-01	3.356E-03	-3.356E-03	6.711E-03
9.385E-01	3.259E-03	-3.259E-03	6.518E-03
9.395E-01	3.164E-03	-3.164E-03	6.328E-03
9.405E-01	3.070E-03	-3.070E-03	6.139E-03
9.415E-01	2.977E-03	-2.977E-03	5.954E-03
9.425E-01	2.885E-03	-2.885E-03	5.771E-03
9.435E-01	2.795E-03	-2.795E-03	5.590E-03
9.445E-01	2.706E-03	-2.706E-03	5.412E-03
9.455E-01	2.618E-03	-2.618E-03	5.236E-03
9.465E-01	2.531E-03	-2.531E-03	5.063E-03
9.475E-01	2.446E-03	-2.446E-03	4.892E-03
9.485E-01	2.362E-03	-2.362E-03	4.724E-03
9.495E-01	2.279E-03	-2.279E-03	4.559E-03
9.505E-01	2.198E-03	-2.198E-03	4.396E-03
9.515E-01	2.118E-03	-2.118E-03	4.236E-03
9.525E-01	2.039E-03	-2.039E-03	4.078E-03
9.535E-01	1.962E-03	-1.962E-03	3.923E-03
9.545E-01	1.885E-03	-1.885E-03	3.771E-03
9.555E-01	1.811E-03	-1.811E-03	3.621E-03
9.565E-01	1.737E-03	-1.737E-03	3.474E-03
9.575E-01	1.665E-03	-1.665E-03	3.330E-03
9.585E-01	1.594E-03	-1.594E-03	3.188E-03
9.595E-01	1.525E-03	-1.525E-03	3.049E-03
9.605E-01	1.457E-03	-1.457E-03	2.913E-03
9.615E-01	1.390E-03	-1.390E-03	2.780E-03
9.625E-01	1.325E-03	-1.325E-03	2.649E-03
9.635E-01	1.261E-03	-1.261E-03	2.521E-03
9.645E-01	1.198E-03	-1.198E-03	2.396E-03
9.655E-01	1.137E-03	-1.137E-03	2.274E-03
9.665E-01	1.078E-03	-1.078E-03	2.155E-03
9.675E-01	1.019E-03	-1.019E-03	2.039E-03
9.685E-01	9.626E-04	-9.626E-04	1.925E-03
9.695E-01	9.072E-04	-9.072E-04	1.814E-03
9.705E-01	8.534E-04	-8.534E-04	1.707E-03
9.715E-01	8.012E-04	-8.012E-04	1.602E-03
9.725E-01	7.505E-04	-7.505E-04	1.501E-03
9.735E-01	7.010E-04	-7.010E-04	1.402E-03
9.745E-01	6.529E-04	-6.529E-04	1.306E-03
9.755E-01	6.066E-04	-6.066E-04	1.213E-03
9.765E-01	5.620E-04	-5.620E-04	1.124E-03
9.775E-01	5.191E-04	-5.191E-04	1.038E-03
9.785E-01	4.774E-04	-4.774E-04	9.547E-04
9.795E-01	4.368E-04	-4.368E-04	8.737E-04
9.805E-01	3.981E-04	-3.981E-04	7.963E-04
9.815E-01	3.614E-04	-3.614E-04	7.229E-04
9.825E-01	3.268E-04	-3.268E-04	6.536E-04
9.835E-01	2.935E-04	-2.935E-04	5.870E-04
9.845E-01	2.609E-04	-2.609E-04	5.218E-04
9.855E-01	2.300E-04	-2.300E-04	4.599E-04
9.865E-01	2.014E-04	-2.014E-04	4.029E-04
9.875E-01	1.753E-04	-1.753E-04	3.505E-04
9.885E-01	1.510E-04	-1.510E-04	3.021E-04
9.895E-01	1.275E-04	-1.275E-04	2.550E-04
9.905E-01	1.049E-04	-1.049E-04	2.098E-04
9.915E-01	8.458E-05	-8.458E-05	1.692E-04
9.925E-01	6.699E-05	-6.699E-05	1.340E-04
9.935E-01	5.219E-05	-5.219E-05	1.044E-04
9.945E-01	3.910E-05	-3.910E-05	7.819E-05
9.955E-01	2.658E-05	-2.658E-05	5.316E-05
9.965E-01	1.568E-05	-1.568E-05	3.137E-05
9.975E-01	7.379E-06	-7.379E-06	1.476E-05
9.985E-01	2.321E-06	-2.321E-06	4.642E-06
9.995E-01	3.017E-07	-3.017E-07	6.033E-07
