Q0 = 0.8 GeV	 Q = 2.0 GeV
x	 x*uv	 x*dv	 x*(uv-dv)
5.000E-04	1.766E-02	-1.766E-02	3.532E-02
1.500E-03	2.987E-02	-2.987E-02	5.974E-02
2.500E-03	3.802E-02	-3.802E-02	7.604E-02
3.500E-03	4.452E-02	-4.452E-02	8.904E-02
4.500E-03	5.004E-02	-5.004E-02	1.001E-01
5.500E-03	5.492E-02	-5.492E-02	1.098E-01
6.500E-03	5.931E-02	-5.931E-02	1.186E-01
7.500E-03	6.333E-02	-6.333E-02	1.267E-01
8.500E-03	6.705E-02	-6.705E-02	1.341E-01
9.500E-03	7.053E-02	-7.053E-02	1.411E-01
1.050E-02	7.380E-02	-7.380E-02	1.476E-01
1.150E-02	7.689E-02	-7.689E-02	1.538E-01
1.250E-02	7.982E-02	-7.982E-02	1.596E-01
1.350E-02	8.262E-02	-8.262E-02	1.652E-01
1.450E-02	8.529E-02	-8.529E-02	1.706E-01
1.550E-02	8.786E-02	-8.786E-02	1.757E-01
1.650E-02	9.033E-02	-9.033E-02	1.807E-01
1.750E-02	9.271E-02	-9.271E-02	1.854E-01
1.850E-02	9.500E-02	-9.500E-02	1.900E-01
1.950E-02	9.722E-02	-9.722E-02	1.944E-01
2.050E-02	9.938E-02	-9.938E-02	1.988E-01
2.150E-02	1.015E-01	-1.015E-01	2.029E-01
2.250E-02	1.035E-01	-1.035E-01	2.070E-01
2.350E-02	1.055E-01	-1.055E-01	2.109E-01
2.450E-02	1.074E-01	-1.074E-01	2.148E-01
2.550E-02	1.092E-01	-1.092E-01	2.185E-01
2.650E-02	1.111E-01	-1.111E-01	2.221E-01
2.750E-02	1.129E-01	-1.129E-01	2.257E-01
2.850E-02	1.146E-01	-1.146E-01	2.292E-01
2.950E-02	1.163E-01	-1.163E-01	2.326E-01
3.050E-02	1.180E-01	-1.180E-01	2.359E-01
3.150E-02	1.196E-01	-1.196E-01	2.392E-01
3.250E-02	1.212E-01	-1.212E-01	2.423E-01
3.350E-02	1.227E-01	-1.227E-01	2.455E-01
3.450E-02	1.243E-01	-1.243E-01	2.485E-01
3.550E-02	1.258E-01	-1.258E-01	2.515E-01
3.650E-02	1.272E-01	-1.272E-01	2.545E-01
3.750E-02	1.287E-01	-1.287E-01	2.574E-01
3.850E-02	1.301E-01	-1.301E-01	2.602E-01
3.950E-02	1.315E-01	-1.315E-01	2.630E-01
4.050E-02	1.329E-01	-1.329E-01	2.657E-01
4.150E-02	1.342E-01	-1.342E-01	2.684E-01
4.250E-02	1.355E-01	-1.355E-01	2.711E-01
4.350E-02	1.368E-01	-1.368E-01	2.737E-01
4.450E-02	1.381E-01	-1.381E-01	2.763E-01
4.550E-02	1.394E-01	-1.394E-01	2.788E-01
4.650E-02	1.406E-01	-1.406E-01	2.813E-01
4.750E-02	1.419E-01	-1.419E-01	2.837E-01
4.850E-02	1.431E-01	-1.431E-01	2.862E-01
4.950E-02	1.443E-01	-1.443E-01	2.885E-01
5.050E-02	1.454E-01	-1.454E-01	2.909E-01
5.150E-02	1.466E-01	-1.466E-01	2.932E-01
5.250E-02	1.477E-01	-1.477E-01	2.955E-01
5.350E-02	1.489E-01	-1.489E-01	2.977E-01
5.450E-02	1.500E-01	-1.500E-01	3.000E-01
5.550E-02	1.511E-01	-1.511E-01	3.021E-01
5.650E-02	1.522E-01	-1.522E-01	3.043E-01
5.750E-02	1.532E-01	-1.532E-01	3.064E-01
5.850E-02	1.543E-01	-1.543E-01	3.086E-01
5.950E-02	1.553E-01	-1.553E-01	3.106E-01
6.050E-02	1.564E-01	-1.564E-01	3.127E-01
6.150E-02	1.574E-01	-1.574E-01	3.147E-01
6.250E-02	1.584E-01	-1.584E-01	3.167E-01
6.350E-02	1.594E-01	-1.594E-01	3.187E-01
6.450E-02	1.603E-01	-1.603E-01	3.207E-01
6.550E-02	1.613E-01	-1.613E-01	3.226E-01
6.650E-02	1.623E-01	-1.623E-01	3.245E-01
6.750E-02	1.632E-01	-1.632E-01	3.264E-01
6.850E-02	1.641E-01	-1.641E-01	3.283E-01
6.950E-02	1.651E-01	-1.651E-01	3.301E-01
7.050E-02	1.660E-01	-1.660E-01	3.320E-01
7.150E-02	1.669E-01	-1.669E-01	3.338E-01
7.250E-02	1.678E-01	-1.678E-01	3.356E-01
7.350E-02	1.687E-01	-1.687E-01	3.374E-01
7.450E-02	1.696E-01	-1.696E-01	3.391E-01
7.550E-02	1.704E-01	-1.704E-01	3.409E-01
7.650E-02	1.713E-01	-1.713E-01	3.426E-01
7.750E-02	1.721E-01	-1.721E-01	3.443E-01
7.850E-02	1.730E-01	-1.730E-01	3.460E-01
7.950E-02	1.738E-01	-1.738E-01	3.476E-01
8.050E-02	1.746E-01	-1.746E-01	3.493E-01
8.150E-02	1.755E-01	-1.755E-01	3.509E-01
8.250E-02	1.763E-01	-1.763E-01	3.525E-01
8.350E-02	1.771E-01	-1.771E-01	3.541E-01
8.450E-02	1.779E-01	-1.779E-01	3.557E-01
8.550E-02	1.786E-01	-1.786E-01	3.573E-01
8.650E-02	1.794E-01	-1.794E-01	3.588E-01
8.750E-02	1.802E-01	-1.802E-01	3.604E-01
8.850E-02	1.810E-01	-1.810E-01	3.619E-01
8.950E-02	1.817E-01	-1.817E-01	3.634E-01
9.050E-02	1.825E-01	-1.825E-01	3.649E-01
9.150E-02	1.832E-01	-1.832E-01	3.664E-01
9.250E-02	1.839E-01	-1.839E-01	3.679E-01
9.350E-02	1.847E-01	-1.847E-01	3.693E-01
9.450E-02	1.854E-01	-1.854E-01	3.708E-01
9.550E-02	1.861E-01	-1.861E-01	3.722E-01
9.650E-02	1.868E-01	-1.868E-01	3.736E-01
9.750E-02	1.875E-01	-1.875E-01	3.750E-01
9.850E-02	1.882E-01	-1.882E-01	3.764E-01
9.950E-02	1.889E-01	-1.889E-01	3.778E-01
1.005E-01	1.896E-01	-1.896E-01	3.792E-01
1.015E-01	1.903E-01	-1.903E-01	3.806E-01
1.025E-01	1.910E-01	-1.910E-01	3.819E-01
1.035E-01	1.916E-01	-1.916E-01	3.833E-01
1.045E-01	1.923E-01	-1.923E-01	3.846E-01
1.055E-01	1.930E-01	-1.930E-01	3.859E-01
1.065E-01	1.936E-01	-1.936E-01	3.872E-01
1.075E-01	1.943E-01	-1.943E-01	3.885E-01
1.085E-01	1.949E-01	-1.949E-01	3.898E-01
1.095E-01	1.955E-01	-1.955E-01	3.911E-01
1.105E-01	1.962E-01	-1.962E-01	3.923E-01
1.115E-01	1.968E-01	-1.968E-01	3.936E-01
1.125E-01	1.974E-01	-1.974E-01	3.948E-01
1.135E-01	1.980E-01	-1.980E-01	3.961E-01
1.145E-01	1.986E-01	-1.986E-01	3.973E-01
1.155E-01	1.992E-01	-1.992E-01	3.985E-01
1.165E-01	1.998E-01	-1.998E-01	3.997E-01
1.175E-01	2.004E-01	-2.004E-01	4.009E-01
1.185E-01	2.010E-01	-2.010E-01	4.021E-01
1.195E-01	2.016E-01	-2.016E-01	4.032E-01
1.205E-01	2.022E-01	-2.022E-01	4.044E-01
1.215E-01	2.028E-01	-2.028E-01	4.055E-01
1.225E-01	2.033E-01	-2.033E-01	4.067E-01
1.235E-01	2.039E-01	-2.039E-01	4.078E-01
1.245E-01	2.045E-01	-2.045E-01	4.089E-01
1.255E-01	2.050E-01	-2.050E-01	4.101E-01
1.265E-01	2.056E-01	-2.056E-01	4.112E-01
1.275E-01	2.061E-01	-2.061E-01	4.123E-01
1.285E-01	2.067E-01	-2.067E-01	4.134E-01
1.295E-01	2.072E-01	-2.072E-01	4.145E-01
1.305E-01	2.078E-01	-2.078E-01	4.156E-01
1.315E-01	2.083E-01	-2.083E-01	4.166E-01
1.325E-01	2.088E-01	-2.088E-01	4.177E-01
1.335E-01	2.094E-01	-2.094E-01	4.188E-01
1.345E-01	2.099E-01	-2.099E-01	4.198E-01
1.355E-01	2.104E-01	-2.104E-01	4.209E-01
1.365E-01	2.110E-01	-2.110E-01	4.219E-01
1.375E-01	2.115E-01	-2.115E-01	4.230E-01
1.385E-01	2.120E-01	-2.120E-01	4.240E-01
1.395E-01	2.125E-01	-2.125E-01	4.250E-01
1.405E-01	2.130E-01	-2.130E-01	4.260E-01
1.415E-01	2.135E-01	-2.135E-01	4.270E-01
1.425E-01	2.140E-01	-2.140E-01	4.280E-01
1.435E-01	2.145E-01	-2.145E-01	4.290E-01
1.445E-01	2.150E-01	-2.150E-01	4.300E-01
1.455E-01	2.155E-01	-2.155E-01	4.310E-01
1.465E-01	2.160E-01	-2.160E-01	4.320E-01
1.475E-01	2.165E-01	-2.165E-01	4.329E-01
1.485E-01	2.169E-01	-2.169E-01	4.339E-01
1.495E-01	2.174E-01	-2.174E-01	4.348E-01
1.505E-01	2.179E-01	-2.179E-01	4.358E-01
1.515E-01	2.184E-01	-2.184E-01	4.367E-01
1.525E-01	2.188E-01	-2.188E-01	4.377E-01
1.535E-01	2.193E-01	-2.193E-01	4.386E-01
1.545E-01	2.197E-01	-2.197E-01	4.395E-01
1.555E-01	2.202E-01	-2.202E-01	4.404E-01
1.565E-01	2.207E-01	-2.207E-01	4.413E-01
1.575E-01	2.211E-01	-2.211E-01	4.422E-01
1.585E-01	2.216E-01	-2.216E-01	4.431E-01
1.595E-01	2.220E-01	-2.220E-01	4.440E-01
1.605E-01	2.224E-01	-2.224E-01	4.449E-01
1.615E-01	2.229E-01	-2.229E-01	4.458E-01
1.625E-01	2.233E-01	-2.233E-01	4.466E-01
1.635E-01	2.238E-01	-2.238E-01	4.475E-01
1.645E-01	2.242E-01	-2.242E-01	4.484E-01
1.655E-01	2.246E-01	-2.246E-01	4.492E-01
1.665E-01	2.250E-01	-2.250E-01	4.501E-01
1.675E-01	2.255E-01	-2.255E-01	4.509E-01
1.685E-01	2.259E-01	-2.259E-01	4.518E-01
1.695E-01	2.263E-01	-2.263E-01	4.526E-01
1.705E-01	2.267E-01	-2.267E-01	4.534E-01
1.715E-01	2.271E-01	-2.271E-01	4.542E-01
1.725E-01	2.275E-01	-2.275E-01	4.551E-01
1.735E-01	2.279E-01	-2.279E-01	4.559E-01
1.745E-01	2.283E-01	-2.283E-01	4.567E-01
1.755E-01	2.287E-01	-2.287E-01	4.575E-01
1.765E-01	2.291E-01	-2.291E-01	4.583E-01
1.775E-01	2.295E-01	-2.295E-01	4.591E-01
1.785E-01	2.299E-01	-2.299E-01	4.599E-01
1.795E-01	2.303E-01	-2.303E-01	4.607E-01
1.805E-01	2.307E-01	-2.307E-01	4.614E-01
1.815E-01	2.311E-01	-2.311E-01	4.622E-01
1.825E-01	2.315E-01	-2.315E-01	4.630E-01
1.835E-01	2.319E-01	-2.319E-01	4.637E-01
1.845E-01	2.323E-01	-2.323E-01	4.645E-01
1.855E-01	2.326E-01	-2.326E-01	4.653E-01
1.865E-01	2.330E-01	-2.330E-01	4.660E-01
1.875E-01	2.334E-01	-2.334E-01	4.668E-01
1.885E-01	2.337E-01	-2.337E-01	4.675E-01
1.895E-01	2.341E-01	-2.341E-01	4.682E-01
1.905E-01	2.345E-01	-2.345E-01	4.690E-01
1.915E-01	2.348E-01	-2.348E-01	4.697E-01
1.925E-01	2.352E-01	-2.352E-01	4.704E-01
1.935E-01	2.356E-01	-2.356E-01	4.711E-01
1.945E-01	2.359E-01	-2.359E-01	4.719E-01
1.955E-01	2.363E-01	-2.363E-01	4.726E-01
1.965E-01	2.366E-01	-2.366E-01	4.733E-01
1.975E-01	2.370E-01	-2.370E-01	4.740E-01
1.985E-01	2.373E-01	-2.373E-01	4.747E-01
1.995E-01	2.377E-01	-2.377E-01	4.754E-01
2.005E-01	2.380E-01	-2.380E-01	4.761E-01
2.015E-01	2.384E-01	-2.384E-01	4.767E-01
2.025E-01	2.387E-01	-2.387E-01	4.774E-01
2.035E-01	2.391E-01	-2.391E-01	4.781E-01
2.045E-01	2.394E-01	-2.394E-01	4.788E-01
2.055E-01	2.397E-01	-2.397E-01	4.794E-01
2.065E-01	2.401E-01	-2.401E-01	4.801E-01
2.075E-01	2.404E-01	-2.404E-01	4.808E-01
2.085E-01	2.407E-01	-2.407E-01	4.814E-01
2.095E-01	2.410E-01	-2.410E-01	4.821E-01
2.105E-01	2.414E-01	-2.414E-01	4.827E-01
2.115E-01	2.417E-01	-2.417E-01	4.834E-01
2.125E-01	2.420E-01	-2.420E-01	4.840E-01
2.135E-01	2.423E-01	-2.423E-01	4.847E-01
2.145E-01	2.426E-01	-2.426E-01	4.853E-01
2.155E-01	2.430E-01	-2.430E-01	4.859E-01
2.165E-01	2.433E-01	-2.433E-01	4.866E-01
2.175E-01	2.436E-01	-2.436E-01	4.872E-01
2.185E-01	2.439E-01	-2.439E-01	4.878E-01
2.195E-01	2.442E-01	-2.442E-01	4.884E-01
2.205E-01	2.445E-01	-2.445E-01	4.890E-01
2.215E-01	2.448E-01	-2.448E-01	4.896E-01
2.225E-01	2.451E-01	-2.451E-01	4.902E-01
2.235E-01	2.454E-01	-2.454E-01	4.909E-01
2.245E-01	2.457E-01	-2.457E-01	4.914E-01
2.255E-01	2.460E-01	-2.460E-01	4.920E-01
2.265E-01	2.463E-01	-2.463E-01	4.926E-01
2.275E-01	2.466E-01	-2.466E-01	4.932E-01
2.285E-01	2.469E-01	-2.469E-01	4.938E-01
2.295E-01	2.472E-01	-2.472E-01	4.944E-01
2.305E-01	2.475E-01	-2.475E-01	4.950E-01
2.315E-01	2.478E-01	-2.478E-01	4.955E-01
2.325E-01	2.481E-01	-2.481E-01	4.961E-01
2.335E-01	2.483E-01	-2.483E-01	4.967E-01
2.345E-01	2.486E-01	-2.486E-01	4.973E-01
2.355E-01	2.489E-01	-2.489E-01	4.978E-01
2.365E-01	2.492E-01	-2.492E-01	4.984E-01
2.375E-01	2.495E-01	-2.495E-01	4.989E-01
2.385E-01	2.497E-01	-2.497E-01	4.995E-01
2.395E-01	2.500E-01	-2.500E-01	5.000E-01
2.405E-01	2.503E-01	-2.503E-01	5.006E-01
2.415E-01	2.506E-01	-2.506E-01	5.011E-01
2.425E-01	2.508E-01	-2.508E-01	5.017E-01
2.435E-01	2.511E-01	-2.511E-01	5.022E-01
2.445E-01	2.514E-01	-2.514E-01	5.027E-01
2.455E-01	2.516E-01	-2.516E-01	5.033E-01
2.465E-01	2.519E-01	-2.519E-01	5.038E-01
2.475E-01	2.522E-01	-2.522E-01	5.043E-01
2.485E-01	2.524E-01	-2.524E-01	5.048E-01
2.495E-01	2.527E-01	-2.527E-01	5.054E-01
2.505E-01	2.529E-01	-2.529E-01	5.059E-01
2.515E-01	2.532E-01	-2.532E-01	5.064E-01
2.525E-01	2.534E-01	-2.534E-01	5.069E-01
2.535E-01	2.537E-01	-2.537E-01	5.074E-01
2.545E-01	2.540E-01	-2.540E-01	5.079E-01
2.555E-01	2.542E-01	-2.542E-01	5.084E-01
2.565E-01	2.545E-01	-2.545E-01	5.089E-01
2.575E-01	2.547E-01	-2.547E-01	5.094E-01
2.585E-01	2.549E-01	-2.549E-01	5.099E-01
2.595E-01	2.552E-01	-2.552E-01	5.104E-01
2.605E-01	2.554E-01	-2.554E-01	5.109E-01
2.615E-01	2.557E-01	-2.557E-01	5.114E-01
2.625E-01	2.559E-01	-2.559E-01	5.118E-01
2.635E-01	2.562E-01	-2.562E-01	5.123E-01
2.645E-01	2.564E-01	-2.564E-01	5.128E-01
2.655E-01	2.566E-01	-2.566E-01	5.133E-01
2.665E-01	2.569E-01	-2.569E-01	5.137E-01
2.675E-01	2.571E-01	-2.571E-01	5.142E-01
2.685E-01	2.573E-01	-2.573E-01	5.147E-01
2.695E-01	2.576E-01	-2.576E-01	5.151E-01
2.705E-01	2.578E-01	-2.578E-01	5.156E-01
2.715E-01	2.580E-01	-2.580E-01	5.160E-01
2.725E-01	2.582E-01	-2.582E-01	5.165E-01
2.735E-01	2.585E-01	-2.585E-01	5.169E-01
2.745E-01	2.587E-01	-2.587E-01	5.174E-01
2.755E-01	2.589E-01	-2.589E-01	5.178E-01
2.765E-01	2.591E-01	-2.591E-01	5.183E-01
2.775E-01	2.594E-01	-2.594E-01	5.187E-01
2.785E-01	2.596E-01	-2.596E-01	5.192E-01
2.795E-01	2.598E-01	-2.598E-01	5.196E-01
2.805E-01	2.600E-01	-2.600E-01	5.200E-01
2.815E-01	2.602E-01	-2.602E-01	5.205E-01
2.825E-01	2.604E-01	-2.604E-01	5.209E-01
2.835E-01	2.607E-01	-2.607E-01	5.213E-01
2.845E-01	2.609E-01	-2.609E-01	5.217E-01
2.855E-01	2.611E-01	-2.611E-01	5.222E-01
2.865E-01	2.613E-01	-2.613E-01	5.226E-01
2.875E-01	2.615E-01	-2.615E-01	5.230E-01
2.885E-01	2.617E-01	-2.617E-01	5.234E-01
2.895E-01	2.619E-01	-2.619E-01	5.238E-01
2.905E-01	2.621E-01	-2.621E-01	5.242E-01
2.915E-01	2.623E-01	-2.623E-01	5.246E-01
2.925E-01	2.625E-01	-2.625E-01	5.250E-01
2.935E-01	2.627E-01	-2.627E-01	5.254E-01
2.945E-01	2.629E-01	-2.629E-01	5.258E-01
2.955E-01	2.631E-01	-2.631E-01	5.262E-01
2.965E-01	2.633E-01	-2.633E-01	5.266E-01
2.975E-01	2.635E-01	-2.635E-01	5.270E-01
2.985E-01	2.637E-01	-2.637E-01	5.274E-01
2.995E-01	2.639E-01	-2.639E-01	5.278E-01
3.005E-01	2.641E-01	-2.641E-01	5.282E-01
3.015E-01	2.643E-01	-2.643E-01	5.286E-01
3.025E-01	2.645E-01	-2.645E-01	5.290E-01
3.035E-01	2.647E-01	-2.647E-01	5.293E-01
3.045E-01	2.649E-01	-2.649E-01	5.297E-01
3.055E-01	2.650E-01	-2.650E-01	5.301E-01
3.065E-01	2.652E-01	-2.652E-01	5.305E-01
3.075E-01	2.654E-01	-2.654E-01	5.308E-01
3.085E-01	2.656E-01	-2.656E-01	5.312E-01
3.095E-01	2.658E-01	-2.658E-01	5.316E-01
3.105E-01	2.660E-01	-2.660E-01	5.319E-01
3.115E-01	2.661E-01	-2.661E-01	5.323E-01
3.125E-01	2.663E-01	-2.663E-01	5.326E-01
3.135E-01	2.665E-01	-2.665E-01	5.330E-01
3.145E-01	2.667E-01	-2.667E-01	5.333E-01
3.155E-01	2.669E-01	-2.669E-01	5.337E-01
3.165E-01	2.670E-01	-2.670E-01	5.341E-01
3.175E-01	2.672E-01	-2.672E-01	5.344E-01
3.185E-01	2.674E-01	-2.674E-01	5.347E-01
3.195E-01	2.675E-01	-2.675E-01	5.351E-01
3.205E-01	2.677E-01	-2.677E-01	5.354E-01
3.215E-01	2.679E-01	-2.679E-01	5.358E-01
3.225E-01	2.681E-01	-2.681E-01	5.361E-01
3.235E-01	2.682E-01	-2.682E-01	5.364E-01
3.245E-01	2.684E-01	-2.684E-01	5.368E-01
3.255E-01	2.686E-01	-2.686E-01	5.371E-01
3.265E-01	2.687E-01	-2.687E-01	5.374E-01
3.275E-01	2.689E-01	-2.689E-01	5.378E-01
3.285E-01	2.690E-01	-2.690E-01	5.381E-01
3.295E-01	2.692E-01	-2.692E-01	5.384E-01
3.305E-01	2.694E-01	-2.694E-01	5.387E-01
3.315E-01	2.695E-01	-2.695E-01	5.390E-01
3.325E-01	2.697E-01	-2.697E-01	5.394E-01
3.335E-01	2.698E-01	-2.698E-01	5.397E-01
3.345E-01	2.700E-01	-2.700E-01	5.400E-01
3.355E-01	2.701E-01	-2.701E-01	5.403E-01
3.365E-01	2.703E-01	-2.703E-01	5.406E-01
3.375E-01	2.705E-01	-2.705E-01	5.409E-01
3.385E-01	2.706E-01	-2.706E-01	5.412E-01
3.395E-01	2.708E-01	-2.708E-01	5.415E-01
3.405E-01	2.709E-01	-2.709E-01	5.418E-01
3.415E-01	2.711E-01	-2.711E-01	5.421E-01
3.425E-01	2.712E-01	-2.712E-01	5.424E-01
3.435E-01	2.714E-01	-2.714E-01	5.427E-01
3.445E-01	2.715E-01	-2.715E-01	5.430E-01
3.455E-01	2.716E-01	-2.716E-01	5.433E-01
3.465E-01	2.718E-01	-2.718E-01	5.436E-01
3.475E-01	2.719E-01	-2.719E-01	5.439E-01
3.485E-01	2.721E-01	-2.721E-01	5.442E-01
3.495E-01	2.722E-01	-2.722E-01	5.444E-01
3.505E-01	2.724E-01	-2.724E-01	5.447E-01
3.515E-01	2.725E-01	-2.725E-01	5.450E-01
3.525E-01	2.726E-01	-2.726E-01	5.453E-01
3.535E-01	2.728E-01	-2.728E-01	5.456E-01
3.545E-01	2.729E-01	-2.729E-01	5.458E-01
3.555E-01	2.730E-01	-2.730E-01	5.461E-01
3.565E-01	2.732E-01	-2.732E-01	5.464E-01
3.575E-01	2.733E-01	-2.733E-01	5.466E-01
3.585E-01	2.735E-01	-2.735E-01	5.469E-01
3.595E-01	2.736E-01	-2.736E-01	5.472E-01
3.605E-01	2.737E-01	-2.737E-01	5.474E-01
3.615E-01	2.738E-01	-2.738E-01	5.477E-01
3.625E-01	2.740E-01	-2.740E-01	5.479E-01
3.635E-01	2.741E-01	-2.741E-01	5.482E-01
3.645E-01	2.742E-01	-2.742E-01	5.485E-01
3.655E-01	2.744E-01	-2.744E-01	5.487E-01
3.665E-01	2.745E-01	-2.745E-01	5.490E-01
3.675E-01	2.746E-01	-2.746E-01	5.492E-01
3.685E-01	2.747E-01	-2.747E-01	5.495E-01
3.695E-01	2.749E-01	-2.749E-01	5.497E-01
3.705E-01	2.750E-01	-2.750E-01	5.500E-01
3.715E-01	2.751E-01	-2.751E-01	5.502E-01
3.725E-01	2.752E-01	-2.752E-01	5.504E-01
3.735E-01	2.753E-01	-2.753E-01	5.507E-01
3.745E-01	2.755E-01	-2.755E-01	5.509E-01
3.755E-01	2.756E-01	-2.756E-01	5.511E-01
3.765E-01	2.757E-01	-2.757E-01	5.514E-01
3.775E-01	2.758E-01	-2.758E-01	5.516E-01
3.785E-01	2.759E-01	-2.759E-01	5.518E-01
3.795E-01	2.760E-01	-2.760E-01	5.521E-01
3.805E-01	2.762E-01	-2.762E-01	5.523E-01
3.815E-01	2.763E-01	-2.763E-01	5.525E-01
3.825E-01	2.764E-01	-2.764E-01	5.528E-01
3.835E-01	2.765E-01	-2.765E-01	5.530E-01
3.845E-01	2.766E-01	-2.766E-01	5.532E-01
3.855E-01	2.767E-01	-2.767E-01	5.534E-01
3.865E-01	2.768E-01	-2.768E-01	5.536E-01
3.875E-01	2.769E-01	-2.769E-01	5.538E-01
3.885E-01	2.770E-01	-2.770E-01	5.541E-01
3.895E-01	2.771E-01	-2.771E-01	5.543E-01
3.905E-01	2.772E-01	-2.772E-01	5.545E-01
3.915E-01	2.773E-01	-2.773E-01	5.547E-01
3.925E-01	2.774E-01	-2.774E-01	5.549E-01
3.935E-01	2.775E-01	-2.775E-01	5.551E-01
3.945E-01	2.776E-01	-2.776E-01	5.553E-01
3.955E-01	2.777E-01	-2.777E-01	5.555E-01
3.965E-01	2.778E-01	-2.778E-01	5.557E-01
3.975E-01	2.779E-01	-2.779E-01	5.559E-01
3.985E-01	2.780E-01	-2.780E-01	5.561E-01
3.995E-01	2.781E-01	-2.781E-01	5.563E-01
4.005E-01	2.782E-01	-2.782E-01	5.565E-01
4.015E-01	2.783E-01	-2.783E-01	5.567E-01
4.025E-01	2.784E-01	-2.784E-01	5.569E-01
4.035E-01	2.785E-01	-2.785E-01	5.570E-01
4.045E-01	2.786E-01	-2.786E-01	5.572E-01
4.055E-01	2.787E-01	-2.787E-01	5.574E-01
4.065E-01	2.788E-01	-2.788E-01	5.576E-01
4.075E-01	2.789E-01	-2.789E-01	5.578E-01
4.085E-01	2.790E-01	-2.790E-01	5.580E-01
4.095E-01	2.791E-01	-2.791E-01	5.581E-01
4.105E-01	2.792E-01	-2.792E-01	5.583E-01
4.115E-01	2.792E-01	-2.792E-01	5.585E-01
4.125E-01	2.793E-01	-2.793E-01	5.587E-01
4.135E-01	2.794E-01	-2.794E-01	5.588E-01
4.145E-01	2.795E-01	-2.795E-01	5.590E-01
4.155E-01	2.796E-01	-2.796E-01	5.592E-01
4.165E-01	2.797E-01	-2.797E-01	5.593E-01
4.175E-01	2.798E-01	-2.798E-01	5.595E-01
4.185E-01	2.798E-01	-2.798E-01	5.597E-01
4.195E-01	2.799E-01	-2.799E-01	5.598E-01
4.205E-01	2.800E-01	-2.800E-01	5.600E-01
4.215E-01	2.801E-01	-2.801E-01	5.602E-01
4.225E-01	2.802E-01	-2.802E-01	5.603E-01
4.235E-01	2.802E-01	-2.802E-01	5.605E-01
4.245E-01	2.803E-01	-2.803E-01	5.606E-01
4.255E-01	2.804E-01	-2.804E-01	5.608E-01
4.265E-01	2.805E-01	-2.805E-01	5.609E-01
4.275E-01	2.805E-01	-2.805E-01	5.611E-01
4.285E-01	2.806E-01	-2.806E-01	5.612E-01
4.295E-01	2.807E-01	-2.807E-01	5.614E-01
4.305E-01	2.808E-01	-2.808E-01	5.615E-01
4.315E-01	2.808E-01	-2.808E-01	5.617E-01
4.325E-01	2.809E-01	-2.809E-01	5.618E-01
4.335E-01	2.810E-01	-2.810E-01	5.619E-01
4.345E-01	2.810E-01	-2.810E-01	5.621E-01
4.355E-01	2.811E-01	-2.811E-01	5.622E-01
4.365E-01	2.812E-01	-2.812E-01	5.623E-01
4.375E-01	2.812E-01	-2.812E-01	5.625E-01
4.385E-01	2.813E-01	-2.813E-01	5.626E-01
4.395E-01	2.814E-01	-2.814E-01	5.627E-01
4.405E-01	2.814E-01	-2.814E-01	5.629E-01
4.415E-01	2.815E-01	-2.815E-01	5.630E-01
4.425E-01	2.816E-01	-2.816E-01	5.631E-01
4.435E-01	2.816E-01	-2.816E-01	5.632E-01
4.445E-01	2.817E-01	-2.817E-01	5.634E-01
4.455E-01	2.817E-01	-2.817E-01	5.635E-01
4.465E-01	2.818E-01	-2.818E-01	5.636E-01
4.475E-01	2.819E-01	-2.819E-01	5.637E-01
4.485E-01	2.819E-01	-2.819E-01	5.638E-01
4.495E-01	2.820E-01	-2.820E-01	5.640E-01
4.505E-01	2.820E-01	-2.820E-01	5.641E-01
4.515E-01	2.821E-01	-2.821E-01	5.642E-01
4.525E-01	2.822E-01	-2.822E-01	5.643E-01
4.535E-01	2.822E-01	-2.822E-01	5.644E-01
4.545E-01	2.823E-01	-2.823E-01	5.645E-01
4.555E-01	2.823E-01	-2.823E-01	5.646E-01
4.565E-01	2.824E-01	-2.824E-01	5.647E-01
4.575E-01	2.824E-01	-2.824E-01	5.648E-01
4.585E-01	2.825E-01	-2.825E-01	5.649E-01
4.595E-01	2.825E-01	-2.825E-01	5.650E-01
4.605E-01	2.826E-01	-2.826E-01	5.651E-01
4.615E-01	2.826E-01	-2.826E-01	5.652E-01
4.625E-01	2.827E-01	-2.827E-01	5.653E-01
4.635E-01	2.827E-01	-2.827E-01	5.654E-01
4.645E-01	2.828E-01	-2.828E-01	5.655E-01
4.655E-01	2.828E-01	-2.828E-01	5.656E-01
4.665E-01	2.829E-01	-2.829E-01	5.657E-01
4.675E-01	2.829E-01	-2.829E-01	5.658E-01
4.685E-01	2.829E-01	-2.829E-01	5.659E-01
4.695E-01	2.830E-01	-2.830E-01	5.660E-01
4.705E-01	2.830E-01	-2.830E-01	5.661E-01
4.715E-01	2.831E-01	-2.831E-01	5.661E-01
4.725E-01	2.831E-01	-2.831E-01	5.662E-01
4.735E-01	2.831E-01	-2.831E-01	5.663E-01
4.745E-01	2.832E-01	-2.832E-01	5.664E-01
4.755E-01	2.832E-01	-2.832E-01	5.664E-01
4.765E-01	2.833E-01	-2.833E-01	5.665E-01
4.775E-01	2.833E-01	-2.833E-01	5.666E-01
4.785E-01	2.833E-01	-2.833E-01	5.667E-01
4.795E-01	2.834E-01	-2.834E-01	5.667E-01
4.805E-01	2.834E-01	-2.834E-01	5.668E-01
4.815E-01	2.834E-01	-2.834E-01	5.669E-01
4.825E-01	2.835E-01	-2.835E-01	5.669E-01
4.835E-01	2.835E-01	-2.835E-01	5.670E-01
4.845E-01	2.835E-01	-2.835E-01	5.670E-01
4.855E-01	2.835E-01	-2.835E-01	5.671E-01
4.865E-01	2.836E-01	-2.836E-01	5.672E-01
4.875E-01	2.836E-01	-2.836E-01	5.672E-01
4.885E-01	2.836E-01	-2.836E-01	5.673E-01
4.895E-01	2.837E-01	-2.837E-01	5.673E-01
4.905E-01	2.837E-01	-2.837E-01	5.674E-01
4.915E-01	2.837E-01	-2.837E-01	5.674E-01
4.925E-01	2.837E-01	-2.837E-01	5.675E-01
4.935E-01	2.838E-01	-2.838E-01	5.675E-01
4.945E-01	2.838E-01	-2.838E-01	5.676E-01
4.955E-01	2.838E-01	-2.838E-01	5.676E-01
4.965E-01	2.838E-01	-2.838E-01	5.677E-01
4.975E-01	2.839E-01	-2.839E-01	5.677E-01
4.985E-01	2.839E-01	-2.839E-01	5.678E-01
4.995E-01	2.839E-01	-2.839E-01	5.678E-01
5.005E-01	2.839E-01	-2.839E-01	5.679E-01
5.015E-01	2.839E-01	-2.839E-01	5.679E-01
5.025E-01	2.840E-01	-2.840E-01	5.679E-01
5.035E-01	2.840E-01	-2.840E-01	5.680E-01
5.045E-01	2.840E-01	-2.840E-01	5.680E-01
5.055E-01	2.840E-01	-2.840E-01	5.680E-01
5.065E-01	2.840E-01	-2.840E-01	5.681E-01
5.075E-01	2.841E-01	-2.841E-01	5.681E-01
5.085E-01	2.841E-01	-2.841E-01	5.681E-01
5.095E-01	2.841E-01	-2.841E-01	5.682E-01
5.105E-01	2.841E-01	-2.841E-01	5.682E-01
5.115E-01	2.841E-01	-2.841E-01	5.682E-01
5.125E-01	2.841E-01	-2.841E-01	5.682E-01
5.135E-01	2.841E-01	-2.841E-01	5.683E-01
5.145E-01	2.841E-01	-2.841E-01	5.683E-01
5.155E-01	2.841E-01	-2.841E-01	5.683E-01
5.165E-01	2.842E-01	-2.842E-01	5.683E-01
5.175E-01	2.842E-01	-2.842E-01	5.683E-01
5.185E-01	2.842E-01	-2.842E-01	5.683E-01
5.195E-01	2.842E-01	-2.842E-01	5.683E-01
5.205E-01	2.842E-01	-2.842E-01	5.683E-01
5.215E-01	2.842E-01	-2.842E-01	5.683E-01
5.225E-01	2.842E-01	-2.842E-01	5.683E-01
5.235E-01	2.842E-01	-2.842E-01	5.683E-01
5.245E-01	2.842E-01	-2.842E-01	5.683E-01
5.255E-01	2.842E-01	-2.842E-01	5.683E-01
5.265E-01	2.842E-01	-2.842E-01	5.683E-01
5.275E-01	2.842E-01	-2.842E-01	5.683E-01
5.285E-01	2.842E-01	-2.842E-01	5.683E-01
5.295E-01	2.842E-01	-2.842E-01	5.683E-01
5.305E-01	2.841E-01	-2.841E-01	5.683E-01
5.315E-01	2.841E-01	-2.841E-01	5.683E-01
5.325E-01	2.841E-01	-2.841E-01	5.683E-01
5.335E-01	2.841E-01	-2.841E-01	5.683E-01
5.345E-01	2.841E-01	-2.841E-01	5.682E-01
5.355E-01	2.841E-01	-2.841E-01	5.682E-01
5.365E-01	2.841E-01	-2.841E-01	5.682E-01
5.375E-01	2.841E-01	-2.841E-01	5.682E-01
5.385E-01	2.841E-01	-2.841E-01	5.682E-01
5.395E-01	2.841E-01	-2.841E-01	5.681E-01
5.405E-01	2.841E-01	-2.841E-01	5.681E-01
5.415E-01	2.840E-01	-2.840E-01	5.681E-01
5.425E-01	2.840E-01	-2.840E-01	5.681E-01
5.435E-01	2.840E-01	-2.840E-01	5.680E-01
5.445E-01	2.840E-01	-2.840E-01	5.680E-01
5.455E-01	2.840E-01	-2.840E-01	5.680E-01
5.465E-01	2.840E-01	-2.840E-01	5.680E-01
5.475E-01	2.840E-01	-2.840E-01	5.679E-01
5.485E-01	2.840E-01	-2.840E-01	5.679E-01
5.495E-01	2.839E-01	-2.839E-01	5.679E-01
5.505E-01	2.839E-01	-2.839E-01	5.678E-01
5.515E-01	2.839E-01	-2.839E-01	5.678E-01
5.525E-01	2.839E-01	-2.839E-01	5.678E-01
5.535E-01	2.839E-01	-2.839E-01	5.677E-01
5.545E-01	2.839E-01	-2.839E-01	5.677E-01
5.555E-01	2.838E-01	-2.838E-01	5.677E-01
5.565E-01	2.838E-01	-2.838E-01	5.676E-01
5.575E-01	2.838E-01	-2.838E-01	5.676E-01
5.585E-01	2.838E-01	-2.838E-01	5.676E-01
5.595E-01	2.838E-01	-2.838E-01	5.675E-01
5.605E-01	2.837E-01	-2.837E-01	5.675E-01
5.615E-01	2.837E-01	-2.837E-01	5.674E-01
5.625E-01	2.837E-01	-2.837E-01	5.674E-01
5.635E-01	2.837E-01	-2.837E-01	5.673E-01
5.645E-01	2.836E-01	-2.836E-01	5.673E-01
5.655E-01	2.836E-01	-2.836E-01	5.672E-01
5.665E-01	2.836E-01	-2.836E-01	5.671E-01
5.675E-01	2.835E-01	-2.835E-01	5.671E-01
5.685E-01	2.835E-01	-2.835E-01	5.670E-01
5.695E-01	2.835E-01	-2.835E-01	5.669E-01
5.705E-01	2.834E-01	-2.834E-01	5.669E-01
5.715E-01	2.834E-01	-2.834E-01	5.668E-01
5.725E-01	2.833E-01	-2.833E-01	5.667E-01
5.735E-01	2.833E-01	-2.833E-01	5.666E-01
5.745E-01	2.833E-01	-2.833E-01	5.665E-01
5.755E-01	2.832E-01	-2.832E-01	5.664E-01
5.765E-01	2.832E-01	-2.832E-01	5.663E-01
5.775E-01	2.831E-01	-2.831E-01	5.663E-01
5.785E-01	2.831E-01	-2.831E-01	5.662E-01
5.795E-01	2.830E-01	-2.830E-01	5.661E-01
5.805E-01	2.830E-01	-2.830E-01	5.660E-01
5.815E-01	2.829E-01	-2.829E-01	5.659E-01
5.825E-01	2.829E-01	-2.829E-01	5.658E-01
5.835E-01	2.828E-01	-2.828E-01	5.656E-01
5.845E-01	2.828E-01	-2.828E-01	5.655E-01
5.855E-01	2.827E-01	-2.827E-01	5.654E-01
5.865E-01	2.827E-01	-2.827E-01	5.653E-01
5.875E-01	2.826E-01	-2.826E-01	5.652E-01
5.885E-01	2.826E-01	-2.826E-01	5.651E-01
5.895E-01	2.825E-01	-2.825E-01	5.650E-01
5.905E-01	2.824E-01	-2.824E-01	5.649E-01
5.915E-01	2.824E-01	-2.824E-01	5.648E-01
5.925E-01	2.823E-01	-2.823E-01	5.646E-01
5.935E-01	2.823E-01	-2.823E-01	5.645E-01
5.945E-01	2.822E-01	-2.822E-01	5.644E-01
5.955E-01	2.821E-01	-2.821E-01	5.643E-01
5.965E-01	2.821E-01	-2.821E-01	5.642E-01
5.975E-01	2.820E-01	-2.820E-01	5.640E-01
5.985E-01	2.820E-01	-2.820E-01	5.639E-01
5.995E-01	2.819E-01	-2.819E-01	5.638E-01
6.005E-01	2.818E-01	-2.818E-01	5.637E-01
6.015E-01	2.818E-01	-2.818E-01	5.636E-01
6.025E-01	2.817E-01	-2.817E-01	5.634E-01
6.035E-01	2.817E-01	-2.817E-01	5.633E-01
6.045E-01	2.816E-01	-2.816E-01	5.632E-01
6.055E-01	2.815E-01	-2.815E-01	5.631E-01
6.065E-01	2.815E-01	-2.815E-01	5.629E-01
6.075E-01	2.814E-01	-2.814E-01	5.628E-01
6.085E-01	2.814E-01	-2.814E-01	5.627E-01
6.095E-01	2.813E-01	-2.813E-01	5.626E-01
6.105E-01	2.813E-01	-2.813E-01	5.625E-01
6.115E-01	2.812E-01	-2.812E-01	5.624E-01
6.125E-01	2.811E-01	-2.811E-01	5.623E-01
6.135E-01	2.811E-01	-2.811E-01	5.621E-01
6.145E-01	2.810E-01	-2.810E-01	5.620E-01
6.155E-01	2.809E-01	-2.809E-01	5.619E-01
6.165E-01	2.809E-01	-2.809E-01	5.617E-01
6.175E-01	2.808E-01	-2.808E-01	5.616E-01
6.185E-01	2.807E-01	-2.807E-01	5.614E-01
6.195E-01	2.806E-01	-2.806E-01	5.613E-01
6.205E-01	2.806E-01	-2.806E-01	5.611E-01
6.215E-01	2.805E-01	-2.805E-01	5.610E-01
6.225E-01	2.804E-01	-2.804E-01	5.608E-01
6.235E-01	2.803E-01	-2.803E-01	5.607E-01
6.245E-01	2.803E-01	-2.803E-01	5.605E-01
6.255E-01	2.802E-01	-2.802E-01	5.603E-01
6.265E-01	2.801E-01	-2.801E-01	5.602E-01
6.275E-01	2.800E-01	-2.800E-01	5.600E-01
6.285E-01	2.799E-01	-2.799E-01	5.599E-01
6.295E-01	2.799E-01	-2.799E-01	5.597E-01
6.305E-01	2.798E-01	-2.798E-01	5.595E-01
6.315E-01	2.797E-01	-2.797E-01	5.594E-01
6.325E-01	2.796E-01	-2.796E-01	5.592E-01
6.335E-01	2.795E-01	-2.795E-01	5.590E-01
6.345E-01	2.794E-01	-2.794E-01	5.589E-01
6.355E-01	2.793E-01	-2.793E-01	5.587E-01
6.365E-01	2.793E-01	-2.793E-01	5.585E-01
6.375E-01	2.792E-01	-2.792E-01	5.583E-01
6.385E-01	2.791E-01	-2.791E-01	5.581E-01
6.395E-01	2.790E-01	-2.790E-01	5.580E-01
6.405E-01	2.789E-01	-2.789E-01	5.578E-01
6.415E-01	2.788E-01	-2.788E-01	5.576E-01
6.425E-01	2.787E-01	-2.787E-01	5.574E-01
6.435E-01	2.786E-01	-2.786E-01	5.572E-01
6.445E-01	2.785E-01	-2.785E-01	5.570E-01
6.455E-01	2.784E-01	-2.784E-01	5.568E-01
6.465E-01	2.783E-01	-2.783E-01	5.566E-01
6.475E-01	2.782E-01	-2.782E-01	5.564E-01
6.485E-01	2.781E-01	-2.781E-01	5.562E-01
6.495E-01	2.780E-01	-2.780E-01	5.560E-01
6.505E-01	2.779E-01	-2.779E-01	5.558E-01
6.515E-01	2.778E-01	-2.778E-01	5.556E-01
6.525E-01	2.777E-01	-2.777E-01	5.554E-01
6.535E-01	2.776E-01	-2.776E-01	5.552E-01
6.545E-01	2.775E-01	-2.775E-01	5.550E-01
6.555E-01	2.774E-01	-2.774E-01	5.548E-01
6.565E-01	2.773E-01	-2.773E-01	5.546E-01
6.575E-01	2.772E-01	-2.772E-01	5.544E-01
6.585E-01	2.771E-01	-2.771E-01	5.541E-01
6.595E-01	2.770E-01	-2.770E-01	5.539E-01
6.605E-01	2.768E-01	-2.768E-01	5.537E-01
6.615E-01	2.767E-01	-2.767E-01	5.535E-01
6.625E-01	2.766E-01	-2.766E-01	5.532E-01
6.635E-01	2.765E-01	-2.765E-01	5.530E-01
6.645E-01	2.764E-01	-2.764E-01	5.528E-01
6.655E-01	2.763E-01	-2.763E-01	5.526E-01
6.665E-01	2.762E-01	-2.762E-01	5.523E-01
6.675E-01	2.760E-01	-2.760E-01	5.521E-01
6.685E-01	2.759E-01	-2.759E-01	5.518E-01
6.695E-01	2.758E-01	-2.758E-01	5.516E-01
6.705E-01	2.757E-01	-2.757E-01	5.514E-01
6.715E-01	2.756E-01	-2.756E-01	5.511E-01
6.725E-01	2.754E-01	-2.754E-01	5.509E-01
6.735E-01	2.753E-01	-2.753E-01	5.506E-01
6.745E-01	2.752E-01	-2.752E-01	5.504E-01
6.755E-01	2.751E-01	-2.751E-01	5.501E-01
6.765E-01	2.749E-01	-2.749E-01	5.499E-01
6.775E-01	2.748E-01	-2.748E-01	5.496E-01
6.785E-01	2.747E-01	-2.747E-01	5.494E-01
6.795E-01	2.745E-01	-2.745E-01	5.491E-01
6.805E-01	2.744E-01	-2.744E-01	5.488E-01
6.815E-01	2.743E-01	-2.743E-01	5.486E-01
6.825E-01	2.741E-01	-2.741E-01	5.483E-01
6.835E-01	2.740E-01	-2.740E-01	5.480E-01
6.845E-01	2.739E-01	-2.739E-01	5.478E-01
6.855E-01	2.737E-01	-2.737E-01	5.475E-01
6.865E-01	2.736E-01	-2.736E-01	5.472E-01
6.875E-01	2.735E-01	-2.735E-01	5.469E-01
6.885E-01	2.733E-01	-2.733E-01	5.467E-01
6.895E-01	2.732E-01	-2.732E-01	5.464E-01
6.905E-01	2.730E-01	-2.730E-01	5.461E-01
6.915E-01	2.729E-01	-2.729E-01	5.458E-01
6.925E-01	2.728E-01	-2.728E-01	5.455E-01
6.935E-01	2.726E-01	-2.726E-01	5.452E-01
6.945E-01	2.725E-01	-2.725E-01	5.449E-01
6.955E-01	2.723E-01	-2.723E-01	5.446E-01
6.965E-01	2.722E-01	-2.722E-01	5.443E-01
6.975E-01	2.720E-01	-2.720E-01	5.440E-01
6.985E-01	2.719E-01	-2.719E-01	5.437E-01
6.995E-01	2.717E-01	-2.717E-01	5.434E-01
7.005E-01	2.716E-01	-2.716E-01	5.431E-01
7.015E-01	2.714E-01	-2.714E-01	5.428E-01
7.025E-01	2.713E-01	-2.713E-01	5.425E-01
7.035E-01	2.711E-01	-2.711E-01	5.422E-01
7.045E-01	2.709E-01	-2.709E-01	5.419E-01
7.055E-01	2.708E-01	-2.708E-01	5.416E-01
7.065E-01	2.706E-01	-2.706E-01	5.412E-01
7.075E-01	2.705E-01	-2.705E-01	5.409E-01
7.085E-01	2.703E-01	-2.703E-01	5.406E-01
7.095E-01	2.701E-01	-2.701E-01	5.403E-01
7.105E-01	2.700E-01	-2.700E-01	5.399E-01
7.115E-01	2.698E-01	-2.698E-01	5.396E-01
7.125E-01	2.696E-01	-2.696E-01	5.393E-01
7.135E-01	2.695E-01	-2.695E-01	5.389E-01
7.145E-01	2.693E-01	-2.693E-01	5.386E-01
7.155E-01	2.691E-01	-2.691E-01	5.382E-01
7.165E-01	2.689E-01	-2.689E-01	5.379E-01
7.175E-01	2.688E-01	-2.688E-01	5.375E-01
7.185E-01	2.686E-01	-2.686E-01	5.372E-01
7.195E-01	2.684E-01	-2.684E-01	5.368E-01
7.205E-01	2.682E-01	-2.682E-01	5.365E-01
7.215E-01	2.681E-01	-2.681E-01	5.361E-01
7.225E-01	2.679E-01	-2.679E-01	5.358E-01
7.235E-01	2.677E-01	-2.677E-01	5.354E-01
7.245E-01	2.675E-01	-2.675E-01	5.351E-01
7.255E-01	2.673E-01	-2.673E-01	5.347E-01
7.265E-01	2.672E-01	-2.672E-01	5.343E-01
7.275E-01	2.670E-01	-2.670E-01	5.339E-01
7.285E-01	2.668E-01	-2.668E-01	5.336E-01
7.295E-01	2.666E-01	-2.666E-01	5.332E-01
7.305E-01	2.664E-01	-2.664E-01	5.328E-01
7.315E-01	2.662E-01	-2.662E-01	5.324E-01
7.325E-01	2.660E-01	-2.660E-01	5.320E-01
7.335E-01	2.658E-01	-2.658E-01	5.316E-01
7.345E-01	2.656E-01	-2.656E-01	5.313E-01
7.355E-01	2.654E-01	-2.654E-01	5.309E-01
7.365E-01	2.652E-01	-2.652E-01	5.305E-01
7.375E-01	2.650E-01	-2.650E-01	5.301E-01
7.385E-01	2.648E-01	-2.648E-01	5.297E-01
7.395E-01	2.646E-01	-2.646E-01	5.293E-01
7.405E-01	2.644E-01	-2.644E-01	5.288E-01
7.415E-01	2.642E-01	-2.642E-01	5.284E-01
7.425E-01	2.640E-01	-2.640E-01	5.280E-01
7.435E-01	2.638E-01	-2.638E-01	5.276E-01
7.445E-01	2.636E-01	-2.636E-01	5.272E-01
7.455E-01	2.634E-01	-2.634E-01	5.268E-01
7.465E-01	2.632E-01	-2.632E-01	5.264E-01
7.475E-01	2.630E-01	-2.630E-01	5.259E-01
7.485E-01	2.628E-01	-2.628E-01	5.255E-01
7.495E-01	2.625E-01	-2.625E-01	5.251E-01
7.505E-01	2.623E-01	-2.623E-01	5.246E-01
7.515E-01	2.621E-01	-2.621E-01	5.242E-01
7.525E-01	2.619E-01	-2.619E-01	5.237E-01
7.535E-01	2.616E-01	-2.616E-01	5.233E-01
7.545E-01	2.614E-01	-2.614E-01	5.228E-01
7.555E-01	2.612E-01	-2.612E-01	5.224E-01
7.565E-01	2.610E-01	-2.610E-01	5.219E-01
7.575E-01	2.607E-01	-2.607E-01	5.215E-01
7.585E-01	2.605E-01	-2.605E-01	5.210E-01
7.595E-01	2.603E-01	-2.603E-01	5.205E-01
7.605E-01	2.600E-01	-2.600E-01	5.201E-01
7.615E-01	2.598E-01	-2.598E-01	5.196E-01
7.625E-01	2.596E-01	-2.596E-01	5.191E-01
7.635E-01	2.593E-01	-2.593E-01	5.186E-01
7.645E-01	2.591E-01	-2.591E-01	5.182E-01
7.655E-01	2.588E-01	-2.588E-01	5.177E-01
7.665E-01	2.586E-01	-2.586E-01	5.172E-01
7.675E-01	2.584E-01	-2.584E-01	5.167E-01
7.685E-01	2.581E-01	-2.581E-01	5.162E-01
7.695E-01	2.579E-01	-2.579E-01	5.158E-01
7.705E-01	2.576E-01	-2.576E-01	5.153E-01
7.715E-01	2.574E-01	-2.574E-01	5.148E-01
7.725E-01	2.571E-01	-2.571E-01	5.143E-01
7.735E-01	2.569E-01	-2.569E-01	5.138E-01
7.745E-01	2.566E-01	-2.566E-01	5.133E-01
7.755E-01	2.564E-01	-2.564E-01	5.127E-01
7.765E-01	2.561E-01	-2.561E-01	5.122E-01
7.775E-01	2.558E-01	-2.558E-01	5.117E-01
7.785E-01	2.556E-01	-2.556E-01	5.111E-01
7.795E-01	2.553E-01	-2.553E-01	5.106E-01
7.805E-01	2.550E-01	-2.550E-01	5.101E-01
7.815E-01	2.548E-01	-2.548E-01	5.095E-01
7.825E-01	2.545E-01	-2.545E-01	5.090E-01
7.835E-01	2.542E-01	-2.542E-01	5.084E-01
7.845E-01	2.539E-01	-2.539E-01	5.078E-01
7.855E-01	2.536E-01	-2.536E-01	5.073E-01
7.865E-01	2.534E-01	-2.534E-01	5.067E-01
7.875E-01	2.531E-01	-2.531E-01	5.062E-01
7.885E-01	2.528E-01	-2.528E-01	5.056E-01
7.895E-01	2.525E-01	-2.525E-01	5.050E-01
7.905E-01	2.522E-01	-2.522E-01	5.045E-01
7.915E-01	2.519E-01	-2.519E-01	5.039E-01
7.925E-01	2.517E-01	-2.517E-01	5.033E-01
7.935E-01	2.514E-01	-2.514E-01	5.028E-01
7.945E-01	2.511E-01	-2.511E-01	5.022E-01
7.955E-01	2.508E-01	-2.508E-01	5.016E-01
7.965E-01	2.505E-01	-2.505E-01	5.010E-01
7.975E-01	2.502E-01	-2.502E-01	5.004E-01
7.985E-01	2.499E-01	-2.499E-01	4.999E-01
7.995E-01	2.496E-01	-2.496E-01	4.993E-01
8.005E-01	2.493E-01	-2.493E-01	4.986E-01
8.015E-01	2.490E-01	-2.490E-01	4.980E-01
8.025E-01	2.487E-01	-2.487E-01	4.974E-01
8.035E-01	2.484E-01	-2.484E-01	4.967E-01
8.045E-01	2.480E-01	-2.480E-01	4.961E-01
8.055E-01	2.477E-01	-2.477E-01	4.954E-01
8.065E-01	2.474E-01	-2.474E-01	4.947E-01
8.075E-01	2.470E-01	-2.470E-01	4.941E-01
8.085E-01	2.467E-01	-2.467E-01	4.934E-01
8.095E-01	2.463E-01	-2.463E-01	4.927E-01
8.105E-01	2.460E-01	-2.460E-01	4.920E-01
8.115E-01	2.457E-01	-2.457E-01	4.913E-01
8.125E-01	2.453E-01	-2.453E-01	4.906E-01
8.135E-01	2.450E-01	-2.450E-01	4.899E-01
8.145E-01	2.446E-01	-2.446E-01	4.892E-01
8.155E-01	2.443E-01	-2.443E-01	4.885E-01
8.165E-01	2.439E-01	-2.439E-01	4.878E-01
8.175E-01	2.436E-01	-2.436E-01	4.871E-01
8.185E-01	2.432E-01	-2.432E-01	4.864E-01
8.195E-01	2.429E-01	-2.429E-01	4.858E-01
8.205E-01	2.426E-01	-2.426E-01	4.851E-01
8.215E-01	2.422E-01	-2.422E-01	4.845E-01
8.225E-01	2.419E-01	-2.419E-01	4.838E-01
8.235E-01	2.415E-01	-2.415E-01	4.830E-01
8.245E-01	2.412E-01	-2.412E-01	4.823E-01
8.255E-01	2.408E-01	-2.408E-01	4.816E-01
8.265E-01	2.404E-01	-2.404E-01	4.809E-01
8.275E-01	2.401E-01	-2.401E-01	4.801E-01
8.285E-01	2.397E-01	-2.397E-01	4.794E-01
8.295E-01	2.393E-01	-2.393E-01	4.787E-01
8.305E-01	2.390E-01	-2.390E-01	4.779E-01
8.315E-01	2.386E-01	-2.386E-01	4.772E-01
8.325E-01	2.382E-01	-2.382E-01	4.764E-01
8.335E-01	2.378E-01	-2.378E-01	4.757E-01
8.345E-01	2.374E-01	-2.374E-01	4.749E-01
8.355E-01	2.371E-01	-2.371E-01	4.741E-01
8.365E-01	2.367E-01	-2.367E-01	4.734E-01
8.375E-01	2.363E-01	-2.363E-01	4.726E-01
8.385E-01	2.359E-01	-2.359E-01	4.718E-01
8.395E-01	2.355E-01	-2.355E-01	4.710E-01
8.405E-01	2.351E-01	-2.351E-01	4.702E-01
8.415E-01	2.347E-01	-2.347E-01	4.694E-01
8.425E-01	2.343E-01	-2.343E-01	4.686E-01
8.435E-01	2.339E-01	-2.339E-01	4.678E-01
8.445E-01	2.335E-01	-2.335E-01	4.669E-01
8.455E-01	2.331E-01	-2.331E-01	4.661E-01
8.465E-01	2.326E-01	-2.326E-01	4.653E-01
8.475E-01	2.322E-01	-2.322E-01	4.644E-01
8.485E-01	2.318E-01	-2.318E-01	4.636E-01
8.495E-01	2.314E-01	-2.314E-01	4.627E-01
8.505E-01	2.309E-01	-2.309E-01	4.619E-01
8.515E-01	2.305E-01	-2.305E-01	4.610E-01
8.525E-01	2.301E-01	-2.301E-01	4.602E-01
8.535E-01	2.296E-01	-2.296E-01	4.593E-01
8.545E-01	2.292E-01	-2.292E-01	4.584E-01
8.555E-01	2.288E-01	-2.288E-01	4.575E-01
8.565E-01	2.283E-01	-2.283E-01	4.566E-01
8.575E-01	2.279E-01	-2.279E-01	4.557E-01
8.585E-01	2.274E-01	-2.274E-01	4.548E-01
8.595E-01	2.269E-01	-2.269E-01	4.539E-01
8.605E-01	2.265E-01	-2.265E-01	4.530E-01
8.615E-01	2.260E-01	-2.260E-01	4.520E-01
8.625E-01	2.255E-01	-2.255E-01	4.511E-01
8.635E-01	2.251E-01	-2.251E-01	4.501E-01
8.645E-01	2.246E-01	-2.246E-01	4.492E-01
8.655E-01	2.241E-01	-2.241E-01	4.482E-01
8.665E-01	2.236E-01	-2.236E-01	4.473E-01
8.675E-01	2.232E-01	-2.232E-01	4.463E-01
8.685E-01	2.227E-01	-2.227E-01	4.453E-01
8.695E-01	2.222E-01	-2.222E-01	4.443E-01
8.705E-01	2.217E-01	-2.217E-01	4.433E-01
8.715E-01	2.212E-01	-2.212E-01	4.423E-01
8.725E-01	2.207E-01	-2.207E-01	4.413E-01
8.735E-01	2.202E-01	-2.202E-01	4.403E-01
8.745E-01	2.196E-01	-2.196E-01	4.393E-01
8.755E-01	2.191E-01	-2.191E-01	4.382E-01
8.765E-01	2.186E-01	-2.186E-01	4.372E-01
8.775E-01	2.181E-01	-2.181E-01	4.362E-01
8.785E-01	2.175E-01	-2.175E-01	4.351E-01
8.795E-01	2.170E-01	-2.170E-01	4.340E-01
8.805E-01	2.165E-01	-2.165E-01	4.329E-01
8.815E-01	2.159E-01	-2.159E-01	4.319E-01
8.825E-01	2.154E-01	-2.154E-01	4.308E-01
8.835E-01	2.148E-01	-2.148E-01	4.297E-01
8.845E-01	2.143E-01	-2.143E-01	4.286E-01
8.855E-01	2.137E-01	-2.137E-01	4.274E-01
8.865E-01	2.132E-01	-2.132E-01	4.263E-01
8.875E-01	2.126E-01	-2.126E-01	4.252E-01
8.885E-01	2.120E-01	-2.120E-01	4.240E-01
8.895E-01	2.114E-01	-2.114E-01	4.229E-01
8.905E-01	2.108E-01	-2.108E-01	4.217E-01
8.915E-01	2.103E-01	-2.103E-01	4.205E-01
8.925E-01	2.097E-01	-2.097E-01	4.193E-01
8.935E-01	2.091E-01	-2.091E-01	4.181E-01
8.945E-01	2.085E-01	-2.085E-01	4.169E-01
8.955E-01	2.078E-01	-2.078E-01	4.157E-01
8.965E-01	2.072E-01	-2.072E-01	4.145E-01
8.975E-01	2.066E-01	-2.066E-01	4.132E-01
8.985E-01	2.060E-01	-2.060E-01	4.120E-01
8.995E-01	2.054E-01	-2.054E-01	4.107E-01
9.005E-01	2.047E-01	-2.047E-01	4.094E-01
9.015E-01	2.041E-01	-2.041E-01	4.081E-01
9.025E-01	2.034E-01	-2.034E-01	4.068E-01
9.035E-01	2.028E-01	-2.028E-01	4.055E-01
9.045E-01	2.021E-01	-2.021E-01	4.042E-01
9.055E-01	2.014E-01	-2.014E-01	4.029E-01
9.065E-01	2.008E-01	-2.008E-01	4.015E-01
9.075E-01	2.001E-01	-2.001E-01	4.002E-01
9.085E-01	1.994E-01	-1.994E-01	3.988E-01
9.095E-01	1.987E-01	-1.987E-01	3.974E-01
9.105E-01	1.980E-01	-1.980E-01	3.960E-01
9.115E-01	1.973E-01	-1.973E-01	3.946E-01
9.125E-01	1.966E-01	-1.966E-01	3.932E-01
9.135E-01	1.959E-01	-1.959E-01	3.918E-01
9.145E-01	1.952E-01	-1.952E-01	3.903E-01
9.155E-01	1.944E-01	-1.944E-01	3.888E-01
9.165E-01	1.937E-01	-1.937E-01	3.874E-01
9.175E-01	1.929E-01	-1.929E-01	3.859E-01
9.185E-01	1.922E-01	-1.922E-01	3.843E-01
9.195E-01	1.914E-01	-1.914E-01	3.828E-01
9.205E-01	1.906E-01	-1.906E-01	3.813E-01
9.215E-01	1.899E-01	-1.899E-01	3.797E-01
9.225E-01	1.891E-01	-1.891E-01	3.781E-01
9.235E-01	1.883E-01	-1.883E-01	3.766E-01
9.245E-01	1.875E-01	-1.875E-01	3.750E-01
9.255E-01	1.867E-01	-1.867E-01	3.733E-01
9.265E-01	1.858E-01	-1.858E-01	3.717E-01
9.275E-01	1.850E-01	-1.850E-01	3.700E-01
9.285E-01	1.842E-01	-1.842E-01	3.683E-01
9.295E-01	1.833E-01	-1.833E-01	3.666E-01
9.305E-01	1.824E-01	-1.824E-01	3.649E-01
9.315E-01	1.816E-01	-1.816E-01	3.632E-01
9.325E-01	1.807E-01	-1.807E-01	3.614E-01
9.335E-01	1.798E-01	-1.798E-01	3.597E-01
9.345E-01	1.789E-01	-1.789E-01	3.579E-01
9.355E-01	1.780E-01	-1.780E-01	3.561E-01
9.365E-01	1.771E-01	-1.771E-01	3.542E-01
9.375E-01	1.761E-01	-1.761E-01	3.523E-01
9.385E-01	1.752E-01	-1.752E-01	3.503E-01
9.395E-01	1.742E-01	-1.742E-01	3.484E-01
9.405E-01	1.733E-01	-1.733E-01	3.465E-01
9.415E-01	1.723E-01	-1.723E-01	3.446E-01
9.425E-01	1.713E-01	-1.713E-01	3.427E-01
9.435E-01	1.704E-01	-1.704E-01	3.407E-01
9.445E-01	1.694E-01	-1.694E-01	3.387E-01
9.455E-01	1.683E-01	-1.683E-01	3.367E-01
9.465E-01	1.672E-01	-1.672E-01	3.344E-01
9.475E-01	1.661E-01	-1.661E-01	3.321E-01
9.485E-01	1.649E-01	-1.649E-01	3.298E-01
9.495E-01	1.638E-01	-1.638E-01	3.276E-01
9.505E-01	1.628E-01	-1.628E-01	3.256E-01
9.515E-01	1.618E-01	-1.618E-01	3.236E-01
9.525E-01	1.608E-01	-1.608E-01	3.216E-01
9.535E-01	1.597E-01	-1.597E-01	3.194E-01
9.545E-01	1.585E-01	-1.585E-01	3.170E-01
9.555E-01	1.572E-01	-1.572E-01	3.145E-01
9.565E-01	1.559E-01	-1.559E-01	3.118E-01
9.575E-01	1.544E-01	-1.544E-01	3.087E-01
9.585E-01	1.529E-01	-1.529E-01	3.057E-01
9.595E-01	1.515E-01	-1.515E-01	3.030E-01
9.605E-01	1.504E-01	-1.504E-01	3.008E-01
9.615E-01	1.496E-01	-1.496E-01	2.991E-01
9.625E-01	1.487E-01	-1.487E-01	2.974E-01
9.635E-01	1.477E-01	-1.477E-01	2.955E-01
9.645E-01	1.462E-01	-1.462E-01	2.925E-01
9.655E-01	1.444E-01	-1.444E-01	2.889E-01
9.665E-01	1.425E-01	-1.425E-01	2.849E-01
9.675E-01	1.404E-01	-1.404E-01	2.807E-01
9.685E-01	1.383E-01	-1.383E-01	2.765E-01
9.695E-01	1.364E-01	-1.364E-01	2.728E-01
9.705E-01	1.350E-01	-1.350E-01	2.699E-01
9.715E-01	1.344E-01	-1.344E-01	2.688E-01
9.725E-01	1.342E-01	-1.342E-01	2.685E-01
9.735E-01	1.338E-01	-1.338E-01	2.677E-01
9.745E-01	1.327E-01	-1.327E-01	2.654E-01
9.755E-01	1.299E-01	-1.299E-01	2.598E-01
9.765E-01	1.265E-01	-1.265E-01	2.530E-01
9.775E-01	1.228E-01	-1.228E-01	2.457E-01
9.785E-01	1.195E-01	-1.195E-01	2.389E-01
9.795E-01	1.167E-01	-1.167E-01	2.334E-01
9.805E-01	1.148E-01	-1.148E-01	2.295E-01
9.815E-01	1.137E-01	-1.137E-01	2.275E-01
9.825E-01	1.144E-01	-1.144E-01	2.289E-01
9.835E-01	1.154E-01	-1.154E-01	2.308E-01
9.845E-01	1.156E-01	-1.156E-01	2.312E-01
9.855E-01	1.138E-01	-1.138E-01	2.276E-01
9.865E-01	1.086E-01	-1.086E-01	2.172E-01
9.875E-01	1.022E-01	-1.022E-01	2.045E-01
9.885E-01	9.562E-02	-9.562E-02	1.912E-01
9.895E-01	9.013E-02	-9.013E-02	1.803E-01
9.905E-01	8.627E-02	-8.627E-02	1.725E-01
9.915E-01	8.382E-02	-8.382E-02	1.676E-01
9.925E-01	8.270E-02	-8.270E-02	1.654E-01
9.935E-01	8.256E-02	-8.256E-02	1.651E-01
9.945E-01	8.280E-02	-8.280E-02	1.656E-01
9.955E-01	8.255E-02	-8.255E-02	1.651E-01
9.965E-01	8.060E-02	-8.060E-02	1.612E-01
9.975E-01	7.549E-02	-7.549E-02	1.510E-01
9.985E-01	6.538E-02	-6.538E-02	1.308E-01
9.995E-01	4.812E-02	-4.812E-02	9.623E-02
