Q0 = 1.1 GeV	 Q = 5.2 GeV
x	 x*uv	 x*dv	 x*(uv-dv)
1.000E-04	7.273E-03	-7.273E-03	1.455E-02
1.009E-04	7.306E-03	-7.306E-03	1.461E-02
1.019E-04	7.339E-03	-7.339E-03	1.468E-02
1.028E-04	7.372E-03	-7.372E-03	1.474E-02
1.038E-04	7.406E-03	-7.406E-03	1.481E-02
1.047E-04	7.439E-03	-7.439E-03	1.488E-02
1.057E-04	7.473E-03	-7.473E-03	1.495E-02
1.067E-04	7.507E-03	-7.507E-03	1.501E-02
1.076E-04	7.541E-03	-7.541E-03	1.508E-02
1.086E-04	7.576E-03	-7.576E-03	1.515E-02
1.096E-04	7.610E-03	-7.610E-03	1.522E-02
1.107E-04	7.645E-03	-7.645E-03	1.529E-02
1.117E-04	7.679E-03	-7.679E-03	1.536E-02
1.127E-04	7.714E-03	-7.714E-03	1.543E-02
1.138E-04	7.749E-03	-7.749E-03	1.550E-02
1.148E-04	7.785E-03	-7.785E-03	1.557E-02
1.159E-04	7.820E-03	-7.820E-03	1.564E-02
1.169E-04	7.856E-03	-7.856E-03	1.571E-02
1.180E-04	7.891E-03	-7.891E-03	1.578E-02
1.191E-04	7.927E-03	-7.927E-03	1.585E-02
1.202E-04	7.963E-03	-7.963E-03	1.593E-02
1.213E-04	7.999E-03	-7.999E-03	1.600E-02
1.225E-04	8.036E-03	-8.036E-03	1.607E-02
1.236E-04	8.072E-03	-8.072E-03	1.614E-02
1.247E-04	8.109E-03	-8.109E-03	1.622E-02
1.259E-04	8.146E-03	-8.146E-03	1.629E-02
1.271E-04	8.183E-03	-8.183E-03	1.637E-02
1.282E-04	8.220E-03	-8.220E-03	1.644E-02
1.294E-04	8.257E-03	-8.257E-03	1.651E-02
1.306E-04	8.295E-03	-8.295E-03	1.659E-02
1.318E-04	8.333E-03	-8.333E-03	1.667E-02
1.330E-04	8.371E-03	-8.371E-03	1.674E-02
1.343E-04	8.409E-03	-8.409E-03	1.682E-02
1.355E-04	8.447E-03	-8.447E-03	1.689E-02
1.368E-04	8.485E-03	-8.485E-03	1.697E-02
1.380E-04	8.524E-03	-8.524E-03	1.705E-02
1.393E-04	8.562E-03	-8.562E-03	1.712E-02
1.406E-04	8.601E-03	-8.601E-03	1.720E-02
1.419E-04	8.640E-03	-8.640E-03	1.728E-02
1.432E-04	8.680E-03	-8.680E-03	1.736E-02
1.445E-04	8.719E-03	-8.719E-03	1.744E-02
1.459E-04	8.759E-03	-8.759E-03	1.752E-02
1.472E-04	8.799E-03	-8.799E-03	1.760E-02
1.486E-04	8.839E-03	-8.839E-03	1.768E-02
1.500E-04	8.879E-03	-8.879E-03	1.776E-02
1.514E-04	8.919E-03	-8.919E-03	1.784E-02
1.528E-04	8.960E-03	-8.960E-03	1.792E-02
1.542E-04	9.000E-03	-9.000E-03	1.800E-02
1.556E-04	9.041E-03	-9.041E-03	1.808E-02
1.570E-04	9.082E-03	-9.082E-03	1.816E-02
1.585E-04	9.124E-03	-9.124E-03	1.825E-02
1.600E-04	9.165E-03	-9.165E-03	1.833E-02
1.614E-04	9.207E-03	-9.207E-03	1.841E-02
1.629E-04	9.248E-03	-9.248E-03	1.850E-02
1.644E-04	9.290E-03	-9.290E-03	1.858E-02
1.660E-04	9.333E-03	-9.333E-03	1.867E-02
1.675E-04	9.375E-03	-9.375E-03	1.875E-02
1.690E-04	9.418E-03	-9.418E-03	1.884E-02
1.706E-04	9.460E-03	-9.460E-03	1.892E-02
1.722E-04	9.503E-03	-9.503E-03	1.901E-02
1.738E-04	9.547E-03	-9.547E-03	1.909E-02
1.754E-04	9.590E-03	-9.590E-03	1.918E-02
1.770E-04	9.634E-03	-9.634E-03	1.927E-02
1.786E-04	9.677E-03	-9.677E-03	1.935E-02
1.803E-04	9.721E-03	-9.721E-03	1.944E-02
1.820E-04	9.765E-03	-9.765E-03	1.953E-02
1.837E-04	9.810E-03	-9.810E-03	1.962E-02
1.854E-04	9.854E-03	-9.854E-03	1.971E-02
1.871E-04	9.899E-03	-9.899E-03	1.980E-02
1.888E-04	9.944E-03	-9.944E-03	1.989E-02
1.905E-04	9.989E-03	-9.989E-03	1.998E-02
1.923E-04	1.003E-02	-1.003E-02	2.007E-02
1.941E-04	1.008E-02	-1.008E-02	2.016E-02
1.959E-04	1.013E-02	-1.013E-02	2.025E-02
1.977E-04	1.017E-02	-1.017E-02	2.034E-02
1.995E-04	1.022E-02	-1.022E-02	2.044E-02
2.014E-04	1.026E-02	-1.026E-02	2.053E-02
2.032E-04	1.031E-02	-1.031E-02	2.062E-02
2.051E-04	1.036E-02	-1.036E-02	2.072E-02
2.070E-04	1.040E-02	-1.040E-02	2.081E-02
2.089E-04	1.045E-02	-1.045E-02	2.090E-02
2.109E-04	1.050E-02	-1.050E-02	2.100E-02
2.128E-04	1.055E-02	-1.055E-02	2.109E-02
2.148E-04	1.060E-02	-1.060E-02	2.119E-02
2.168E-04	1.064E-02	-1.064E-02	2.129E-02
2.188E-04	1.069E-02	-1.069E-02	2.138E-02
2.208E-04	1.074E-02	-1.074E-02	2.148E-02
2.228E-04	1.079E-02	-1.079E-02	2.158E-02
2.249E-04	1.084E-02	-1.084E-02	2.168E-02
2.270E-04	1.089E-02	-1.089E-02	2.177E-02
2.291E-04	1.094E-02	-1.094E-02	2.187E-02
2.312E-04	1.099E-02	-1.099E-02	2.197E-02
2.333E-04	1.104E-02	-1.104E-02	2.207E-02
2.355E-04	1.109E-02	-1.109E-02	2.217E-02
2.377E-04	1.114E-02	-1.114E-02	2.227E-02
2.399E-04	1.119E-02	-1.119E-02	2.237E-02
2.421E-04	1.124E-02	-1.124E-02	2.248E-02
2.443E-04	1.129E-02	-1.129E-02	2.258E-02
2.466E-04	1.134E-02	-1.134E-02	2.268E-02
2.489E-04	1.139E-02	-1.139E-02	2.278E-02
2.512E-04	1.144E-02	-1.144E-02	2.289E-02
2.535E-04	1.150E-02	-1.150E-02	2.299E-02
2.559E-04	1.155E-02	-1.155E-02	2.310E-02
2.582E-04	1.160E-02	-1.160E-02	2.320E-02
2.606E-04	1.165E-02	-1.165E-02	2.331E-02
2.630E-04	1.171E-02	-1.171E-02	2.341E-02
2.655E-04	1.176E-02	-1.176E-02	2.352E-02
2.679E-04	1.181E-02	-1.181E-02	2.362E-02
2.704E-04	1.187E-02	-1.187E-02	2.373E-02
2.729E-04	1.192E-02	-1.192E-02	2.384E-02
2.754E-04	1.197E-02	-1.197E-02	2.395E-02
2.780E-04	1.203E-02	-1.203E-02	2.406E-02
2.805E-04	1.208E-02	-1.208E-02	2.417E-02
2.831E-04	1.214E-02	-1.214E-02	2.428E-02
2.858E-04	1.219E-02	-1.219E-02	2.439E-02
2.884E-04	1.225E-02	-1.225E-02	2.450E-02
2.911E-04	1.230E-02	-1.230E-02	2.461E-02
2.938E-04	1.236E-02	-1.236E-02	2.472E-02
2.965E-04	1.242E-02	-1.242E-02	2.483E-02
2.992E-04	1.247E-02	-1.247E-02	2.494E-02
3.020E-04	1.253E-02	-1.253E-02	2.506E-02
3.048E-04	1.259E-02	-1.259E-02	2.517E-02
3.076E-04	1.264E-02	-1.264E-02	2.529E-02
3.105E-04	1.270E-02	-1.270E-02	2.540E-02
3.133E-04	1.276E-02	-1.276E-02	2.552E-02
3.162E-04	1.282E-02	-1.282E-02	2.563E-02
3.192E-04	1.287E-02	-1.287E-02	2.575E-02
3.221E-04	1.293E-02	-1.293E-02	2.586E-02
3.251E-04	1.299E-02	-1.299E-02	2.598E-02
3.281E-04	1.305E-02	-1.305E-02	2.610E-02
3.311E-04	1.311E-02	-1.311E-02	2.622E-02
3.342E-04	1.317E-02	-1.317E-02	2.634E-02
3.373E-04	1.323E-02	-1.323E-02	2.646E-02
3.404E-04	1.329E-02	-1.329E-02	2.658E-02
3.436E-04	1.335E-02	-1.335E-02	2.670E-02
3.467E-04	1.341E-02	-1.341E-02	2.682E-02
3.499E-04	1.347E-02	-1.347E-02	2.694E-02
3.532E-04	1.353E-02	-1.353E-02	2.706E-02
3.565E-04	1.359E-02	-1.359E-02	2.719E-02
3.597E-04	1.365E-02	-1.365E-02	2.731E-02
3.631E-04	1.372E-02	-1.372E-02	2.743E-02
3.664E-04	1.378E-02	-1.378E-02	2.756E-02
3.698E-04	1.384E-02	-1.384E-02	2.768E-02
3.733E-04	1.390E-02	-1.390E-02	2.781E-02
3.767E-04	1.397E-02	-1.397E-02	2.794E-02
3.802E-04	1.403E-02	-1.403E-02	2.806E-02
3.837E-04	1.409E-02	-1.409E-02	2.819E-02
3.873E-04	1.416E-02	-1.416E-02	2.832E-02
3.908E-04	1.422E-02	-1.422E-02	2.845E-02
3.945E-04	1.429E-02	-1.429E-02	2.857E-02
3.981E-04	1.435E-02	-1.435E-02	2.870E-02
4.018E-04	1.442E-02	-1.442E-02	2.883E-02
4.055E-04	1.448E-02	-1.448E-02	2.897E-02
4.093E-04	1.455E-02	-1.455E-02	2.910E-02
4.130E-04	1.461E-02	-1.461E-02	2.923E-02
4.169E-04	1.468E-02	-1.468E-02	2.936E-02
4.207E-04	1.475E-02	-1.475E-02	2.950E-02
4.246E-04	1.481E-02	-1.481E-02	2.963E-02
4.285E-04	1.488E-02	-1.488E-02	2.976E-02
4.325E-04	1.495E-02	-1.495E-02	2.990E-02
4.365E-04	1.502E-02	-1.502E-02	3.003E-02
4.406E-04	1.509E-02	-1.509E-02	3.017E-02
4.446E-04	1.515E-02	-1.515E-02	3.031E-02
4.487E-04	1.522E-02	-1.522E-02	3.045E-02
4.529E-04	1.529E-02	-1.529E-02	3.058E-02
4.571E-04	1.536E-02	-1.536E-02	3.072E-02
4.613E-04	1.543E-02	-1.543E-02	3.086E-02
4.656E-04	1.550E-02	-1.550E-02	3.100E-02
4.699E-04	1.557E-02	-1.557E-02	3.114E-02
4.742E-04	1.564E-02	-1.564E-02	3.128E-02
4.786E-04	1.571E-02	-1.571E-02	3.143E-02
4.831E-04	1.578E-02	-1.578E-02	3.157E-02
4.875E-04	1.586E-02	-1.586E-02	3.171E-02
4.920E-04	1.593E-02	-1.593E-02	3.186E-02
4.966E-04	1.600E-02	-1.600E-02	3.200E-02
5.012E-04	1.607E-02	-1.607E-02	3.215E-02
5.058E-04	1.615E-02	-1.615E-02	3.229E-02
5.105E-04	1.622E-02	-1.622E-02	3.244E-02
5.152E-04	1.629E-02	-1.629E-02	3.259E-02
5.200E-04	1.637E-02	-1.637E-02	3.273E-02
5.248E-04	1.644E-02	-1.644E-02	3.288E-02
5.297E-04	1.652E-02	-1.652E-02	3.303E-02
5.346E-04	1.659E-02	-1.659E-02	3.318E-02
5.395E-04	1.667E-02	-1.667E-02	3.333E-02
5.445E-04	1.674E-02	-1.674E-02	3.348E-02
5.495E-04	1.682E-02	-1.682E-02	3.364E-02
5.546E-04	1.689E-02	-1.689E-02	3.379E-02
5.598E-04	1.697E-02	-1.697E-02	3.394E-02
5.649E-04	1.705E-02	-1.705E-02	3.410E-02
5.702E-04	1.713E-02	-1.713E-02	3.425E-02
5.754E-04	1.720E-02	-1.720E-02	3.441E-02
5.808E-04	1.728E-02	-1.728E-02	3.456E-02
5.861E-04	1.736E-02	-1.736E-02	3.472E-02
5.916E-04	1.744E-02	-1.744E-02	3.488E-02
5.970E-04	1.752E-02	-1.752E-02	3.504E-02
6.026E-04	1.760E-02	-1.760E-02	3.519E-02
6.081E-04	1.768E-02	-1.768E-02	3.535E-02
6.138E-04	1.776E-02	-1.776E-02	3.552E-02
6.194E-04	1.784E-02	-1.784E-02	3.568E-02
6.252E-04	1.792E-02	-1.792E-02	3.584E-02
6.310E-04	1.800E-02	-1.800E-02	3.600E-02
6.368E-04	1.808E-02	-1.808E-02	3.616E-02
6.427E-04	1.816E-02	-1.816E-02	3.633E-02
6.486E-04	1.825E-02	-1.825E-02	3.649E-02
6.546E-04	1.833E-02	-1.833E-02	3.666E-02
6.607E-04	1.841E-02	-1.841E-02	3.683E-02
6.668E-04	1.850E-02	-1.850E-02	3.699E-02
6.730E-04	1.858E-02	-1.858E-02	3.716E-02
6.792E-04	1.867E-02	-1.867E-02	3.733E-02
6.855E-04	1.875E-02	-1.875E-02	3.750E-02
6.918E-04	1.884E-02	-1.884E-02	3.767E-02
6.982E-04	1.892E-02	-1.892E-02	3.784E-02
7.047E-04	1.901E-02	-1.901E-02	3.801E-02
7.112E-04	1.909E-02	-1.909E-02	3.819E-02
7.178E-04	1.918E-02	-1.918E-02	3.836E-02
7.244E-04	1.927E-02	-1.927E-02	3.853E-02
7.311E-04	1.935E-02	-1.935E-02	3.871E-02
7.379E-04	1.944E-02	-1.944E-02	3.888E-02
7.447E-04	1.953E-02	-1.953E-02	3.906E-02
7.516E-04	1.962E-02	-1.962E-02	3.924E-02
7.586E-04	1.971E-02	-1.971E-02	3.942E-02
7.656E-04	1.980E-02	-1.980E-02	3.960E-02
7.727E-04	1.989E-02	-1.989E-02	3.978E-02
7.798E-04	1.998E-02	-1.998E-02	3.996E-02
7.870E-04	2.007E-02	-2.007E-02	4.014E-02
7.943E-04	2.016E-02	-2.016E-02	4.032E-02
8.017E-04	2.025E-02	-2.025E-02	4.050E-02
8.091E-04	2.034E-02	-2.034E-02	4.069E-02
8.166E-04	2.044E-02	-2.044E-02	4.087E-02
8.241E-04	2.053E-02	-2.053E-02	4.106E-02
8.318E-04	2.062E-02	-2.062E-02	4.124E-02
8.395E-04	2.072E-02	-2.072E-02	4.143E-02
8.472E-04	2.081E-02	-2.081E-02	4.162E-02
8.551E-04	2.090E-02	-2.090E-02	4.181E-02
8.630E-04	2.100E-02	-2.100E-02	4.200E-02
8.710E-04	2.110E-02	-2.110E-02	4.219E-02
8.790E-04	2.119E-02	-2.119E-02	4.238E-02
8.872E-04	2.129E-02	-2.129E-02	4.258E-02
8.954E-04	2.138E-02	-2.138E-02	4.277E-02
9.036E-04	2.148E-02	-2.148E-02	4.296E-02
9.120E-04	2.158E-02	-2.158E-02	4.316E-02
9.204E-04	2.168E-02	-2.168E-02	4.335E-02
9.290E-04	2.178E-02	-2.178E-02	4.355E-02
9.376E-04	2.187E-02	-2.187E-02	4.375E-02
9.462E-04	2.197E-02	-2.197E-02	4.395E-02
9.550E-04	2.207E-02	-2.207E-02	4.415E-02
9.638E-04	2.217E-02	-2.217E-02	4.435E-02
9.727E-04	2.228E-02	-2.228E-02	4.455E-02
9.817E-04	2.238E-02	-2.238E-02	4.475E-02
9.908E-04	2.248E-02	-2.248E-02	4.496E-02
1.000E-03	2.258E-02	-2.258E-02	4.516E-02
1.009E-03	2.268E-02	-2.268E-02	4.537E-02
1.019E-03	2.279E-02	-2.279E-02	4.557E-02
1.028E-03	2.289E-02	-2.289E-02	4.578E-02
1.038E-03	2.299E-02	-2.299E-02	4.599E-02
1.047E-03	2.310E-02	-2.310E-02	4.620E-02
1.057E-03	2.320E-02	-2.320E-02	4.641E-02
1.067E-03	2.331E-02	-2.331E-02	4.662E-02
1.076E-03	2.342E-02	-2.342E-02	4.683E-02
1.086E-03	2.352E-02	-2.352E-02	4.704E-02
1.096E-03	2.363E-02	-2.363E-02	4.726E-02
1.107E-03	2.374E-02	-2.374E-02	4.747E-02
1.117E-03	2.384E-02	-2.384E-02	4.769E-02
1.127E-03	2.395E-02	-2.395E-02	4.791E-02
1.138E-03	2.406E-02	-2.406E-02	4.812E-02
1.148E-03	2.417E-02	-2.417E-02	4.834E-02
1.159E-03	2.428E-02	-2.428E-02	4.856E-02
1.169E-03	2.439E-02	-2.439E-02	4.878E-02
1.180E-03	2.450E-02	-2.450E-02	4.900E-02
1.191E-03	2.461E-02	-2.461E-02	4.923E-02
1.202E-03	2.473E-02	-2.473E-02	4.945E-02
1.213E-03	2.484E-02	-2.484E-02	4.968E-02
1.225E-03	2.495E-02	-2.495E-02	4.990E-02
1.236E-03	2.506E-02	-2.506E-02	5.013E-02
1.247E-03	2.518E-02	-2.518E-02	5.036E-02
1.259E-03	2.529E-02	-2.529E-02	5.059E-02
1.271E-03	2.541E-02	-2.541E-02	5.082E-02
1.282E-03	2.552E-02	-2.552E-02	5.105E-02
1.294E-03	2.564E-02	-2.564E-02	5.128E-02
1.306E-03	2.576E-02	-2.576E-02	5.151E-02
1.318E-03	2.587E-02	-2.587E-02	5.175E-02
1.330E-03	2.599E-02	-2.599E-02	5.198E-02
1.343E-03	2.611E-02	-2.611E-02	5.222E-02
1.355E-03	2.623E-02	-2.623E-02	5.246E-02
1.368E-03	2.635E-02	-2.635E-02	5.270E-02
1.380E-03	2.647E-02	-2.647E-02	5.294E-02
1.393E-03	2.659E-02	-2.659E-02	5.318E-02
1.406E-03	2.671E-02	-2.671E-02	5.342E-02
1.419E-03	2.683E-02	-2.683E-02	5.366E-02
1.432E-03	2.695E-02	-2.695E-02	5.391E-02
1.445E-03	2.708E-02	-2.708E-02	5.415E-02
1.459E-03	2.720E-02	-2.720E-02	5.440E-02
1.472E-03	2.732E-02	-2.732E-02	5.465E-02
1.486E-03	2.745E-02	-2.745E-02	5.490E-02
1.500E-03	2.757E-02	-2.757E-02	5.515E-02
1.514E-03	2.770E-02	-2.770E-02	5.540E-02
1.528E-03	2.783E-02	-2.783E-02	5.565E-02
1.542E-03	2.795E-02	-2.795E-02	5.590E-02
1.556E-03	2.808E-02	-2.808E-02	5.616E-02
1.570E-03	2.821E-02	-2.821E-02	5.642E-02
1.585E-03	2.834E-02	-2.834E-02	5.667E-02
1.600E-03	2.847E-02	-2.847E-02	5.693E-02
1.614E-03	2.860E-02	-2.860E-02	5.719E-02
1.629E-03	2.873E-02	-2.873E-02	5.745E-02
1.644E-03	2.886E-02	-2.886E-02	5.771E-02
1.660E-03	2.899E-02	-2.899E-02	5.798E-02
1.675E-03	2.912E-02	-2.912E-02	5.824E-02
1.690E-03	2.925E-02	-2.925E-02	5.851E-02
1.706E-03	2.939E-02	-2.939E-02	5.877E-02
1.722E-03	2.952E-02	-2.952E-02	5.904E-02
1.738E-03	2.965E-02	-2.965E-02	5.931E-02
1.754E-03	2.979E-02	-2.979E-02	5.958E-02
1.770E-03	2.993E-02	-2.993E-02	5.985E-02
1.786E-03	3.006E-02	-3.006E-02	6.012E-02
1.803E-03	3.020E-02	-3.020E-02	6.040E-02
1.820E-03	3.034E-02	-3.034E-02	6.067E-02
1.837E-03	3.048E-02	-3.048E-02	6.095E-02
1.854E-03	3.061E-02	-3.061E-02	6.123E-02
1.871E-03	3.075E-02	-3.075E-02	6.151E-02
1.888E-03	3.089E-02	-3.089E-02	6.179E-02
1.905E-03	3.104E-02	-3.104E-02	6.207E-02
1.923E-03	3.118E-02	-3.118E-02	6.235E-02
1.941E-03	3.132E-02	-3.132E-02	6.264E-02
1.959E-03	3.146E-02	-3.146E-02	6.292E-02
1.977E-03	3.161E-02	-3.161E-02	6.321E-02
1.995E-03	3.175E-02	-3.175E-02	6.350E-02
2.014E-03	3.190E-02	-3.190E-02	6.379E-02
2.032E-03	3.204E-02	-3.204E-02	6.408E-02
2.051E-03	3.219E-02	-3.219E-02	6.437E-02
2.070E-03	3.233E-02	-3.233E-02	6.467E-02
2.089E-03	3.248E-02	-3.248E-02	6.496E-02
2.109E-03	3.263E-02	-3.263E-02	6.526E-02
2.128E-03	3.278E-02	-3.278E-02	6.556E-02
2.148E-03	3.293E-02	-3.293E-02	6.586E-02
2.168E-03	3.308E-02	-3.308E-02	6.616E-02
2.188E-03	3.323E-02	-3.323E-02	6.646E-02
2.208E-03	3.338E-02	-3.338E-02	6.676E-02
2.228E-03	3.353E-02	-3.353E-02	6.707E-02
2.249E-03	3.369E-02	-3.369E-02	6.738E-02
2.270E-03	3.384E-02	-3.384E-02	6.768E-02
2.291E-03	3.400E-02	-3.400E-02	6.799E-02
2.312E-03	3.415E-02	-3.415E-02	6.830E-02
2.333E-03	3.431E-02	-3.431E-02	6.862E-02
2.355E-03	3.446E-02	-3.446E-02	6.893E-02
2.377E-03	3.462E-02	-3.462E-02	6.924E-02
2.399E-03	3.478E-02	-3.478E-02	6.956E-02
2.421E-03	3.494E-02	-3.494E-02	6.988E-02
2.443E-03	3.510E-02	-3.510E-02	7.020E-02
2.466E-03	3.526E-02	-3.526E-02	7.052E-02
2.489E-03	3.542E-02	-3.542E-02	7.084E-02
2.512E-03	3.558E-02	-3.558E-02	7.117E-02
2.535E-03	3.575E-02	-3.575E-02	7.149E-02
2.559E-03	3.591E-02	-3.591E-02	7.182E-02
2.582E-03	3.607E-02	-3.607E-02	7.215E-02
2.606E-03	3.624E-02	-3.624E-02	7.248E-02
2.630E-03	3.640E-02	-3.640E-02	7.281E-02
2.655E-03	3.657E-02	-3.657E-02	7.314E-02
2.679E-03	3.674E-02	-3.674E-02	7.348E-02
2.704E-03	3.691E-02	-3.691E-02	7.381E-02
2.729E-03	3.707E-02	-3.707E-02	7.415E-02
2.754E-03	3.724E-02	-3.724E-02	7.449E-02
2.780E-03	3.742E-02	-3.742E-02	7.483E-02
2.805E-03	3.759E-02	-3.759E-02	7.517E-02
2.831E-03	3.776E-02	-3.776E-02	7.552E-02
2.858E-03	3.793E-02	-3.793E-02	7.586E-02
2.884E-03	3.811E-02	-3.811E-02	7.621E-02
2.911E-03	3.828E-02	-3.828E-02	7.656E-02
2.938E-03	3.845E-02	-3.845E-02	7.691E-02
2.965E-03	3.863E-02	-3.863E-02	7.726E-02
2.992E-03	3.881E-02	-3.881E-02	7.762E-02
3.020E-03	3.899E-02	-3.899E-02	7.797E-02
3.048E-03	3.916E-02	-3.916E-02	7.833E-02
3.076E-03	3.934E-02	-3.934E-02	7.869E-02
3.105E-03	3.952E-02	-3.952E-02	7.905E-02
3.133E-03	3.971E-02	-3.971E-02	7.941E-02
3.162E-03	3.989E-02	-3.989E-02	7.977E-02
3.192E-03	4.007E-02	-4.007E-02	8.014E-02
3.221E-03	4.025E-02	-4.025E-02	8.051E-02
3.251E-03	4.044E-02	-4.044E-02	8.088E-02
3.281E-03	4.062E-02	-4.062E-02	8.125E-02
3.311E-03	4.081E-02	-4.081E-02	8.162E-02
3.342E-03	4.100E-02	-4.100E-02	8.199E-02
3.373E-03	4.119E-02	-4.119E-02	8.237E-02
3.404E-03	4.137E-02	-4.137E-02	8.275E-02
3.436E-03	4.156E-02	-4.156E-02	8.313E-02
3.467E-03	4.175E-02	-4.175E-02	8.351E-02
3.499E-03	4.195E-02	-4.195E-02	8.389E-02
3.532E-03	4.214E-02	-4.214E-02	8.428E-02
3.565E-03	4.233E-02	-4.233E-02	8.466E-02
3.597E-03	4.253E-02	-4.253E-02	8.505E-02
3.631E-03	4.272E-02	-4.272E-02	8.544E-02
3.664E-03	4.292E-02	-4.292E-02	8.584E-02
3.698E-03	4.312E-02	-4.312E-02	8.623E-02
3.733E-03	4.331E-02	-4.331E-02	8.663E-02
3.767E-03	4.351E-02	-4.351E-02	8.702E-02
3.802E-03	4.371E-02	-4.371E-02	8.742E-02
3.837E-03	4.391E-02	-4.391E-02	8.783E-02
3.873E-03	4.411E-02	-4.411E-02	8.823E-02
3.908E-03	4.432E-02	-4.432E-02	8.863E-02
3.945E-03	4.452E-02	-4.452E-02	8.904E-02
3.981E-03	4.473E-02	-4.473E-02	8.945E-02
4.018E-03	4.493E-02	-4.493E-02	8.986E-02
4.055E-03	4.514E-02	-4.514E-02	9.028E-02
4.093E-03	4.535E-02	-4.535E-02	9.069E-02
4.130E-03	4.555E-02	-4.555E-02	9.111E-02
4.169E-03	4.576E-02	-4.576E-02	9.153E-02
4.207E-03	4.597E-02	-4.597E-02	9.195E-02
4.246E-03	4.619E-02	-4.619E-02	9.237E-02
4.285E-03	4.640E-02	-4.640E-02	9.280E-02
4.325E-03	4.661E-02	-4.661E-02	9.322E-02
4.365E-03	4.683E-02	-4.683E-02	9.365E-02
4.406E-03	4.704E-02	-4.704E-02	9.408E-02
4.446E-03	4.726E-02	-4.726E-02	9.451E-02
4.487E-03	4.747E-02	-4.747E-02	9.495E-02
4.529E-03	4.769E-02	-4.769E-02	9.539E-02
4.571E-03	4.791E-02	-4.791E-02	9.583E-02
4.613E-03	4.813E-02	-4.813E-02	9.627E-02
4.656E-03	4.836E-02	-4.836E-02	9.671E-02
4.699E-03	4.858E-02	-4.858E-02	9.716E-02
4.742E-03	4.880E-02	-4.880E-02	9.760E-02
4.786E-03	4.903E-02	-4.903E-02	9.805E-02
4.831E-03	4.925E-02	-4.925E-02	9.851E-02
4.875E-03	4.948E-02	-4.948E-02	9.896E-02
4.920E-03	4.971E-02	-4.971E-02	9.942E-02
4.966E-03	4.994E-02	-4.994E-02	9.987E-02
5.012E-03	5.017E-02	-5.017E-02	1.003E-01
5.058E-03	5.040E-02	-5.040E-02	1.008E-01
5.105E-03	5.063E-02	-5.063E-02	1.013E-01
5.152E-03	5.086E-02	-5.086E-02	1.017E-01
5.200E-03	5.110E-02	-5.110E-02	1.022E-01
5.248E-03	5.133E-02	-5.133E-02	1.027E-01
5.297E-03	5.157E-02	-5.157E-02	1.031E-01
5.346E-03	5.181E-02	-5.181E-02	1.036E-01
5.395E-03	5.205E-02	-5.205E-02	1.041E-01
5.445E-03	5.229E-02	-5.229E-02	1.046E-01
5.495E-03	5.253E-02	-5.253E-02	1.051E-01
5.546E-03	5.277E-02	-5.277E-02	1.055E-01
5.598E-03	5.302E-02	-5.302E-02	1.060E-01
5.649E-03	5.326E-02	-5.326E-02	1.065E-01
5.702E-03	5.351E-02	-5.351E-02	1.070E-01
5.754E-03	5.375E-02	-5.375E-02	1.075E-01
5.808E-03	5.400E-02	-5.400E-02	1.080E-01
5.861E-03	5.425E-02	-5.425E-02	1.085E-01
5.916E-03	5.450E-02	-5.450E-02	1.090E-01
5.970E-03	5.475E-02	-5.475E-02	1.095E-01
6.026E-03	5.501E-02	-5.501E-02	1.100E-01
6.081E-03	5.526E-02	-5.526E-02	1.105E-01
6.138E-03	5.552E-02	-5.552E-02	1.110E-01
6.194E-03	5.577E-02	-5.577E-02	1.115E-01
6.252E-03	5.603E-02	-5.603E-02	1.121E-01
6.310E-03	5.629E-02	-5.629E-02	1.126E-01
6.368E-03	5.655E-02	-5.655E-02	1.131E-01
6.427E-03	5.681E-02	-5.681E-02	1.136E-01
6.486E-03	5.708E-02	-5.708E-02	1.142E-01
6.546E-03	5.734E-02	-5.734E-02	1.147E-01
6.607E-03	5.761E-02	-5.761E-02	1.152E-01
6.668E-03	5.787E-02	-5.787E-02	1.157E-01
6.730E-03	5.814E-02	-5.814E-02	1.163E-01
6.792E-03	5.841E-02	-5.841E-02	1.168E-01
6.855E-03	5.868E-02	-5.868E-02	1.174E-01
6.918E-03	5.895E-02	-5.895E-02	1.179E-01
6.982E-03	5.923E-02	-5.923E-02	1.185E-01
7.047E-03	5.950E-02	-5.950E-02	1.190E-01
7.112E-03	5.978E-02	-5.978E-02	1.196E-01
7.178E-03	6.005E-02	-6.005E-02	1.201E-01
7.244E-03	6.033E-02	-6.033E-02	1.207E-01
7.311E-03	6.061E-02	-6.061E-02	1.212E-01
7.379E-03	6.089E-02	-6.089E-02	1.218E-01
7.447E-03	6.117E-02	-6.117E-02	1.223E-01
7.516E-03	6.146E-02	-6.146E-02	1.229E-01
7.586E-03	6.174E-02	-6.174E-02	1.235E-01
7.656E-03	6.203E-02	-6.203E-02	1.241E-01
7.727E-03	6.232E-02	-6.232E-02	1.246E-01
7.798E-03	6.261E-02	-6.261E-02	1.252E-01
7.870E-03	6.290E-02	-6.290E-02	1.258E-01
7.943E-03	6.319E-02	-6.319E-02	1.264E-01
8.017E-03	6.348E-02	-6.348E-02	1.270E-01
8.091E-03	6.378E-02	-6.378E-02	1.276E-01
8.166E-03	6.407E-02	-6.407E-02	1.281E-01
8.241E-03	6.437E-02	-6.437E-02	1.287E-01
8.318E-03	6.467E-02	-6.467E-02	1.293E-01
8.395E-03	6.497E-02	-6.497E-02	1.299E-01
8.472E-03	6.527E-02	-6.527E-02	1.305E-01
8.551E-03	6.558E-02	-6.558E-02	1.312E-01
8.630E-03	6.588E-02	-6.588E-02	1.318E-01
8.710E-03	6.619E-02	-6.619E-02	1.324E-01
8.790E-03	6.650E-02	-6.650E-02	1.330E-01
8.872E-03	6.680E-02	-6.680E-02	1.336E-01
8.954E-03	6.712E-02	-6.712E-02	1.342E-01
9.036E-03	6.743E-02	-6.743E-02	1.349E-01
9.120E-03	6.774E-02	-6.774E-02	1.355E-01
9.204E-03	6.806E-02	-6.806E-02	1.361E-01
9.290E-03	6.837E-02	-6.837E-02	1.367E-01
9.376E-03	6.869E-02	-6.869E-02	1.374E-01
9.462E-03	6.901E-02	-6.901E-02	1.380E-01
9.550E-03	6.933E-02	-6.933E-02	1.387E-01
9.638E-03	6.966E-02	-6.966E-02	1.393E-01
9.727E-03	6.998E-02	-6.998E-02	1.400E-01
9.817E-03	7.031E-02	-7.031E-02	1.406E-01
9.908E-03	7.063E-02	-7.063E-02	1.413E-01
1.000E-02	7.096E-02	-7.096E-02	1.419E-01
1.009E-02	7.129E-02	-7.129E-02	1.426E-01
1.019E-02	7.163E-02	-7.163E-02	1.433E-01
1.028E-02	7.196E-02	-7.196E-02	1.439E-01
1.038E-02	7.230E-02	-7.230E-02	1.446E-01
1.047E-02	7.263E-02	-7.263E-02	1.453E-01
1.057E-02	7.297E-02	-7.297E-02	1.459E-01
1.067E-02	7.331E-02	-7.331E-02	1.466E-01
1.076E-02	7.365E-02	-7.365E-02	1.473E-01
1.086E-02	7.400E-02	-7.400E-02	1.480E-01
1.096E-02	7.434E-02	-7.434E-02	1.487E-01
1.107E-02	7.469E-02	-7.469E-02	1.494E-01
1.117E-02	7.504E-02	-7.504E-02	1.501E-01
1.127E-02	7.539E-02	-7.539E-02	1.508E-01
1.138E-02	7.574E-02	-7.574E-02	1.515E-01
1.148E-02	7.610E-02	-7.610E-02	1.522E-01
1.159E-02	7.645E-02	-7.645E-02	1.529E-01
1.169E-02	7.681E-02	-7.681E-02	1.536E-01
1.180E-02	7.717E-02	-7.717E-02	1.543E-01
1.191E-02	7.753E-02	-7.753E-02	1.551E-01
1.202E-02	7.789E-02	-7.789E-02	1.558E-01
1.213E-02	7.825E-02	-7.825E-02	1.565E-01
1.225E-02	7.862E-02	-7.862E-02	1.572E-01
1.236E-02	7.899E-02	-7.899E-02	1.580E-01
1.247E-02	7.936E-02	-7.936E-02	1.587E-01
1.259E-02	7.973E-02	-7.973E-02	1.595E-01
1.271E-02	8.010E-02	-8.010E-02	1.602E-01
1.282E-02	8.048E-02	-8.048E-02	1.610E-01
1.294E-02	8.085E-02	-8.085E-02	1.617E-01
1.306E-02	8.123E-02	-8.123E-02	1.625E-01
1.318E-02	8.161E-02	-8.161E-02	1.632E-01
1.330E-02	8.199E-02	-8.199E-02	1.640E-01
1.343E-02	8.238E-02	-8.238E-02	1.648E-01
1.355E-02	8.276E-02	-8.276E-02	1.655E-01
1.368E-02	8.315E-02	-8.315E-02	1.663E-01
1.380E-02	8.354E-02	-8.354E-02	1.671E-01
1.393E-02	8.393E-02	-8.393E-02	1.679E-01
1.406E-02	8.432E-02	-8.432E-02	1.686E-01
1.419E-02	8.472E-02	-8.472E-02	1.694E-01
1.432E-02	8.512E-02	-8.512E-02	1.702E-01
1.445E-02	8.552E-02	-8.552E-02	1.710E-01
1.459E-02	8.592E-02	-8.592E-02	1.718E-01
1.472E-02	8.632E-02	-8.632E-02	1.726E-01
1.486E-02	8.672E-02	-8.672E-02	1.734E-01
1.500E-02	8.713E-02	-8.713E-02	1.743E-01
1.514E-02	8.754E-02	-8.754E-02	1.751E-01
1.528E-02	8.795E-02	-8.795E-02	1.759E-01
1.542E-02	8.836E-02	-8.836E-02	1.767E-01
1.556E-02	8.878E-02	-8.878E-02	1.776E-01
1.570E-02	8.919E-02	-8.919E-02	1.784E-01
1.585E-02	8.961E-02	-8.961E-02	1.792E-01
1.600E-02	9.003E-02	-9.003E-02	1.801E-01
1.614E-02	9.046E-02	-9.046E-02	1.809E-01
1.629E-02	9.088E-02	-9.088E-02	1.818E-01
1.644E-02	9.131E-02	-9.131E-02	1.826E-01
1.660E-02	9.174E-02	-9.174E-02	1.835E-01
1.675E-02	9.217E-02	-9.217E-02	1.843E-01
1.690E-02	9.260E-02	-9.260E-02	1.852E-01
1.706E-02	9.304E-02	-9.304E-02	1.861E-01
1.722E-02	9.347E-02	-9.347E-02	1.869E-01
1.738E-02	9.391E-02	-9.391E-02	1.878E-01
1.754E-02	9.435E-02	-9.435E-02	1.887E-01
1.770E-02	9.480E-02	-9.480E-02	1.896E-01
1.786E-02	9.524E-02	-9.524E-02	1.905E-01
1.803E-02	9.569E-02	-9.569E-02	1.914E-01
1.820E-02	9.614E-02	-9.614E-02	1.923E-01
1.837E-02	9.659E-02	-9.659E-02	1.932E-01
1.854E-02	9.705E-02	-9.705E-02	1.941E-01
1.871E-02	9.750E-02	-9.750E-02	1.950E-01
1.888E-02	9.796E-02	-9.796E-02	1.959E-01
1.905E-02	9.842E-02	-9.842E-02	1.968E-01
1.923E-02	9.888E-02	-9.888E-02	1.978E-01
1.941E-02	9.935E-02	-9.935E-02	1.987E-01
1.959E-02	9.982E-02	-9.982E-02	1.996E-01
1.977E-02	1.003E-01	-1.003E-01	2.006E-01
1.995E-02	1.008E-01	-1.008E-01	2.015E-01
2.014E-02	1.012E-01	-1.012E-01	2.025E-01
2.032E-02	1.017E-01	-1.017E-01	2.034E-01
2.051E-02	1.022E-01	-1.022E-01	2.044E-01
2.070E-02	1.027E-01	-1.027E-01	2.053E-01
2.089E-02	1.032E-01	-1.032E-01	2.063E-01
2.109E-02	1.036E-01	-1.036E-01	2.073E-01
2.128E-02	1.041E-01	-1.041E-01	2.083E-01
2.148E-02	1.046E-01	-1.046E-01	2.092E-01
2.168E-02	1.051E-01	-1.051E-01	2.102E-01
2.188E-02	1.056E-01	-1.056E-01	2.112E-01
2.208E-02	1.061E-01	-1.061E-01	2.122E-01
2.228E-02	1.066E-01	-1.066E-01	2.132E-01
2.249E-02	1.071E-01	-1.071E-01	2.142E-01
2.270E-02	1.076E-01	-1.076E-01	2.152E-01
2.291E-02	1.081E-01	-1.081E-01	2.162E-01
2.312E-02	1.086E-01	-1.086E-01	2.172E-01
2.333E-02	1.091E-01	-1.091E-01	2.183E-01
2.355E-02	1.096E-01	-1.096E-01	2.193E-01
2.377E-02	1.102E-01	-1.102E-01	2.203E-01
2.399E-02	1.107E-01	-1.107E-01	2.214E-01
2.421E-02	1.112E-01	-1.112E-01	2.224E-01
2.443E-02	1.117E-01	-1.117E-01	2.235E-01
2.466E-02	1.123E-01	-1.123E-01	2.245E-01
2.489E-02	1.128E-01	-1.128E-01	2.256E-01
2.512E-02	1.133E-01	-1.133E-01	2.266E-01
2.535E-02	1.139E-01	-1.139E-01	2.277E-01
2.559E-02	1.144E-01	-1.144E-01	2.288E-01
2.582E-02	1.149E-01	-1.149E-01	2.299E-01
2.606E-02	1.155E-01	-1.155E-01	2.309E-01
2.630E-02	1.160E-01	-1.160E-01	2.320E-01
2.655E-02	1.166E-01	-1.166E-01	2.331E-01
2.679E-02	1.171E-01	-1.171E-01	2.342E-01
2.704E-02	1.177E-01	-1.177E-01	2.353E-01
2.729E-02	1.182E-01	-1.182E-01	2.364E-01
2.754E-02	1.188E-01	-1.188E-01	2.375E-01
2.780E-02	1.193E-01	-1.193E-01	2.387E-01
2.805E-02	1.199E-01	-1.199E-01	2.398E-01
2.831E-02	1.205E-01	-1.205E-01	2.409E-01
2.858E-02	1.210E-01	-1.210E-01	2.420E-01
2.884E-02	1.216E-01	-1.216E-01	2.432E-01
2.911E-02	1.222E-01	-1.222E-01	2.443E-01
2.938E-02	1.227E-01	-1.227E-01	2.455E-01
2.965E-02	1.233E-01	-1.233E-01	2.466E-01
2.992E-02	1.239E-01	-1.239E-01	2.478E-01
3.020E-02	1.245E-01	-1.245E-01	2.490E-01
3.048E-02	1.251E-01	-1.251E-01	2.501E-01
3.076E-02	1.257E-01	-1.257E-01	2.513E-01
3.105E-02	1.262E-01	-1.262E-01	2.525E-01
3.133E-02	1.268E-01	-1.268E-01	2.537E-01
3.162E-02	1.274E-01	-1.274E-01	2.549E-01
3.192E-02	1.280E-01	-1.280E-01	2.561E-01
3.221E-02	1.286E-01	-1.286E-01	2.573E-01
3.251E-02	1.292E-01	-1.292E-01	2.585E-01
3.281E-02	1.299E-01	-1.299E-01	2.597E-01
3.311E-02	1.305E-01	-1.305E-01	2.609E-01
3.342E-02	1.311E-01	-1.311E-01	2.622E-01
3.373E-02	1.317E-01	-1.317E-01	2.634E-01
3.404E-02	1.323E-01	-1.323E-01	2.646E-01
3.436E-02	1.329E-01	-1.329E-01	2.659E-01
3.467E-02	1.336E-01	-1.336E-01	2.671E-01
3.499E-02	1.342E-01	-1.342E-01	2.684E-01
3.532E-02	1.348E-01	-1.348E-01	2.696E-01
3.565E-02	1.355E-01	-1.355E-01	2.709E-01
3.597E-02	1.361E-01	-1.361E-01	2.722E-01
3.631E-02	1.367E-01	-1.367E-01	2.735E-01
3.664E-02	1.374E-01	-1.374E-01	2.747E-01
3.698E-02	1.380E-01	-1.380E-01	2.760E-01
3.733E-02	1.387E-01	-1.387E-01	2.773E-01
3.767E-02	1.393E-01	-1.393E-01	2.786E-01
3.802E-02	1.400E-01	-1.400E-01	2.799E-01
3.837E-02	1.406E-01	-1.406E-01	2.812E-01
3.873E-02	1.413E-01	-1.413E-01	2.826E-01
3.908E-02	1.419E-01	-1.419E-01	2.839E-01
3.945E-02	1.426E-01	-1.426E-01	2.852E-01
3.981E-02	1.433E-01	-1.433E-01	2.865E-01
4.018E-02	1.439E-01	-1.439E-01	2.879E-01
4.055E-02	1.446E-01	-1.446E-01	2.892E-01
4.093E-02	1.453E-01	-1.453E-01	2.906E-01
4.130E-02	1.460E-01	-1.460E-01	2.919E-01
4.169E-02	1.467E-01	-1.467E-01	2.933E-01
4.207E-02	1.473E-01	-1.473E-01	2.947E-01
4.246E-02	1.480E-01	-1.480E-01	2.961E-01
4.285E-02	1.487E-01	-1.487E-01	2.974E-01
4.325E-02	1.494E-01	-1.494E-01	2.988E-01
4.365E-02	1.501E-01	-1.501E-01	3.002E-01
4.406E-02	1.508E-01	-1.508E-01	3.016E-01
4.446E-02	1.515E-01	-1.515E-01	3.030E-01
4.487E-02	1.522E-01	-1.522E-01	3.044E-01
4.529E-02	1.529E-01	-1.529E-01	3.059E-01
4.571E-02	1.536E-01	-1.536E-01	3.073E-01
4.613E-02	1.544E-01	-1.544E-01	3.087E-01
4.656E-02	1.551E-01	-1.551E-01	3.102E-01
4.699E-02	1.558E-01	-1.558E-01	3.116E-01
4.742E-02	1.565E-01	-1.565E-01	3.130E-01
4.786E-02	1.572E-01	-1.572E-01	3.145E-01
4.831E-02	1.580E-01	-1.580E-01	3.160E-01
4.875E-02	1.587E-01	-1.587E-01	3.174E-01
4.920E-02	1.594E-01	-1.594E-01	3.189E-01
4.966E-02	1.602E-01	-1.602E-01	3.204E-01
5.012E-02	1.609E-01	-1.609E-01	3.219E-01
5.058E-02	1.617E-01	-1.617E-01	3.233E-01
5.105E-02	1.624E-01	-1.624E-01	3.248E-01
5.152E-02	1.632E-01	-1.632E-01	3.263E-01
5.200E-02	1.639E-01	-1.639E-01	3.279E-01
5.248E-02	1.647E-01	-1.647E-01	3.294E-01
5.297E-02	1.654E-01	-1.654E-01	3.309E-01
5.346E-02	1.662E-01	-1.662E-01	3.324E-01
5.395E-02	1.670E-01	-1.670E-01	3.339E-01
5.445E-02	1.677E-01	-1.677E-01	3.355E-01
5.495E-02	1.685E-01	-1.685E-01	3.370E-01
5.546E-02	1.693E-01	-1.693E-01	3.386E-01
5.598E-02	1.701E-01	-1.701E-01	3.401E-01
5.649E-02	1.708E-01	-1.708E-01	3.417E-01
5.702E-02	1.716E-01	-1.716E-01	3.433E-01
5.754E-02	1.724E-01	-1.724E-01	3.448E-01
5.808E-02	1.732E-01	-1.732E-01	3.464E-01
5.861E-02	1.740E-01	-1.740E-01	3.480E-01
5.916E-02	1.748E-01	-1.748E-01	3.496E-01
5.970E-02	1.756E-01	-1.756E-01	3.512E-01
6.026E-02	1.764E-01	-1.764E-01	3.528E-01
6.081E-02	1.772E-01	-1.772E-01	3.544E-01
6.138E-02	1.780E-01	-1.780E-01	3.560E-01
6.194E-02	1.788E-01	-1.788E-01	3.576E-01
6.252E-02	1.796E-01	-1.796E-01	3.593E-01
6.310E-02	1.805E-01	-1.805E-01	3.609E-01
6.368E-02	1.813E-01	-1.813E-01	3.625E-01
6.427E-02	1.821E-01	-1.821E-01	3.642E-01
6.486E-02	1.829E-01	-1.829E-01	3.658E-01
6.546E-02	1.837E-01	-1.837E-01	3.675E-01
6.607E-02	1.846E-01	-1.846E-01	3.691E-01
6.668E-02	1.854E-01	-1.854E-01	3.708E-01
6.730E-02	1.862E-01	-1.862E-01	3.725E-01
6.792E-02	1.871E-01	-1.871E-01	3.742E-01
6.855E-02	1.879E-01	-1.879E-01	3.758E-01
6.918E-02	1.888E-01	-1.888E-01	3.775E-01
6.982E-02	1.896E-01	-1.896E-01	3.792E-01
7.047E-02	1.905E-01	-1.905E-01	3.809E-01
7.112E-02	1.913E-01	-1.913E-01	3.826E-01
7.178E-02	1.922E-01	-1.922E-01	3.843E-01
7.244E-02	1.930E-01	-1.930E-01	3.861E-01
7.311E-02	1.939E-01	-1.939E-01	3.878E-01
7.379E-02	1.948E-01	-1.948E-01	3.895E-01
7.447E-02	1.956E-01	-1.956E-01	3.912E-01
7.516E-02	1.965E-01	-1.965E-01	3.930E-01
7.586E-02	1.974E-01	-1.974E-01	3.947E-01
7.656E-02	1.982E-01	-1.982E-01	3.965E-01
7.727E-02	1.991E-01	-1.991E-01	3.982E-01
7.798E-02	2.000E-01	-2.000E-01	4.000E-01
7.870E-02	2.009E-01	-2.009E-01	4.017E-01
7.943E-02	2.017E-01	-2.017E-01	4.035E-01
8.017E-02	2.026E-01	-2.026E-01	4.053E-01
8.091E-02	2.035E-01	-2.035E-01	4.070E-01
8.166E-02	2.044E-01	-2.044E-01	4.088E-01
8.241E-02	2.053E-01	-2.053E-01	4.106E-01
8.318E-02	2.062E-01	-2.062E-01	4.124E-01
8.395E-02	2.071E-01	-2.071E-01	4.142E-01
8.472E-02	2.080E-01	-2.080E-01	4.160E-01
8.551E-02	2.089E-01	-2.089E-01	4.178E-01
8.630E-02	2.098E-01	-2.098E-01	4.196E-01
8.710E-02	2.107E-01	-2.107E-01	4.214E-01
8.790E-02	2.116E-01	-2.116E-01	4.232E-01
8.872E-02	2.125E-01	-2.125E-01	4.250E-01
8.954E-02	2.134E-01	-2.134E-01	4.269E-01
9.036E-02	2.143E-01	-2.143E-01	4.287E-01
9.120E-02	2.153E-01	-2.153E-01	4.305E-01
9.204E-02	2.162E-01	-2.162E-01	4.324E-01
9.290E-02	2.171E-01	-2.171E-01	4.342E-01
9.376E-02	2.180E-01	-2.180E-01	4.360E-01
9.462E-02	2.189E-01	-2.189E-01	4.379E-01
9.550E-02	2.199E-01	-2.199E-01	4.397E-01
9.638E-02	2.208E-01	-2.208E-01	4.416E-01
9.727E-02	2.217E-01	-2.217E-01	4.434E-01
9.817E-02	2.226E-01	-2.226E-01	4.453E-01
9.908E-02	2.236E-01	-2.236E-01	4.471E-01
1.000E-01	2.245E-01	-2.245E-01	4.490E-01
1.009E-01	2.254E-01	-2.254E-01	4.509E-01
1.019E-01	2.264E-01	-2.264E-01	4.527E-01
1.028E-01	2.273E-01	-2.273E-01	4.546E-01
1.038E-01	2.282E-01	-2.282E-01	4.565E-01
1.047E-01	2.292E-01	-2.292E-01	4.584E-01
1.057E-01	2.301E-01	-2.301E-01	4.602E-01
1.067E-01	2.311E-01	-2.311E-01	4.621E-01
1.076E-01	2.320E-01	-2.320E-01	4.640E-01
1.086E-01	2.329E-01	-2.329E-01	4.659E-01
1.096E-01	2.339E-01	-2.339E-01	4.678E-01
1.107E-01	2.348E-01	-2.348E-01	4.696E-01
1.117E-01	2.358E-01	-2.358E-01	4.715E-01
1.127E-01	2.367E-01	-2.367E-01	4.734E-01
1.138E-01	2.376E-01	-2.376E-01	4.753E-01
1.148E-01	2.386E-01	-2.386E-01	4.772E-01
1.159E-01	2.395E-01	-2.395E-01	4.791E-01
1.169E-01	2.405E-01	-2.405E-01	4.810E-01
1.180E-01	2.414E-01	-2.414E-01	4.828E-01
1.191E-01	2.424E-01	-2.424E-01	4.847E-01
1.202E-01	2.433E-01	-2.433E-01	4.866E-01
1.213E-01	2.442E-01	-2.442E-01	4.885E-01
1.225E-01	2.452E-01	-2.452E-01	4.904E-01
1.236E-01	2.461E-01	-2.461E-01	4.923E-01
1.247E-01	2.471E-01	-2.471E-01	4.942E-01
1.259E-01	2.480E-01	-2.480E-01	4.960E-01
1.271E-01	2.490E-01	-2.490E-01	4.979E-01
1.282E-01	2.499E-01	-2.499E-01	4.998E-01
1.294E-01	2.508E-01	-2.508E-01	5.017E-01
1.306E-01	2.518E-01	-2.518E-01	5.036E-01
1.318E-01	2.527E-01	-2.527E-01	5.054E-01
1.330E-01	2.536E-01	-2.536E-01	5.073E-01
1.343E-01	2.546E-01	-2.546E-01	5.092E-01
1.355E-01	2.555E-01	-2.555E-01	5.110E-01
1.368E-01	2.564E-01	-2.564E-01	5.129E-01
1.380E-01	2.574E-01	-2.574E-01	5.147E-01
1.393E-01	2.583E-01	-2.583E-01	5.166E-01
1.406E-01	2.592E-01	-2.592E-01	5.185E-01
1.419E-01	2.601E-01	-2.601E-01	5.203E-01
1.432E-01	2.611E-01	-2.611E-01	5.221E-01
1.445E-01	2.620E-01	-2.620E-01	5.240E-01
1.459E-01	2.629E-01	-2.629E-01	5.258E-01
1.472E-01	2.638E-01	-2.638E-01	5.276E-01
1.486E-01	2.647E-01	-2.647E-01	5.294E-01
1.500E-01	2.656E-01	-2.656E-01	5.313E-01
1.514E-01	2.665E-01	-2.665E-01	5.331E-01
1.528E-01	2.674E-01	-2.674E-01	5.349E-01
1.542E-01	2.683E-01	-2.683E-01	5.367E-01
1.556E-01	2.692E-01	-2.692E-01	5.384E-01
1.570E-01	2.701E-01	-2.701E-01	5.402E-01
1.585E-01	2.710E-01	-2.710E-01	5.420E-01
1.600E-01	2.719E-01	-2.719E-01	5.438E-01
1.614E-01	2.728E-01	-2.728E-01	5.455E-01
1.629E-01	2.736E-01	-2.736E-01	5.473E-01
1.644E-01	2.745E-01	-2.745E-01	5.490E-01
1.660E-01	2.754E-01	-2.754E-01	5.507E-01
1.675E-01	2.762E-01	-2.762E-01	5.524E-01
1.690E-01	2.771E-01	-2.771E-01	5.541E-01
1.706E-01	2.779E-01	-2.779E-01	5.558E-01
1.722E-01	2.788E-01	-2.788E-01	5.575E-01
1.738E-01	2.796E-01	-2.796E-01	5.592E-01
1.754E-01	2.804E-01	-2.804E-01	5.609E-01
1.770E-01	2.812E-01	-2.812E-01	5.625E-01
1.786E-01	2.821E-01	-2.821E-01	5.641E-01
1.803E-01	2.829E-01	-2.829E-01	5.658E-01
1.820E-01	2.837E-01	-2.837E-01	5.674E-01
1.837E-01	2.845E-01	-2.845E-01	5.690E-01
1.854E-01	2.853E-01	-2.853E-01	5.705E-01
1.871E-01	2.860E-01	-2.860E-01	5.721E-01
1.888E-01	2.868E-01	-2.868E-01	5.736E-01
1.905E-01	2.876E-01	-2.876E-01	5.752E-01
1.923E-01	2.883E-01	-2.883E-01	5.767E-01
1.941E-01	2.891E-01	-2.891E-01	5.782E-01
1.959E-01	2.898E-01	-2.898E-01	5.797E-01
1.977E-01	2.906E-01	-2.906E-01	5.811E-01
1.995E-01	2.913E-01	-2.913E-01	5.826E-01
2.014E-01	2.920E-01	-2.920E-01	5.840E-01
2.032E-01	2.927E-01	-2.927E-01	5.854E-01
2.051E-01	2.934E-01	-2.934E-01	5.868E-01
2.070E-01	2.941E-01	-2.941E-01	5.882E-01
2.089E-01	2.948E-01	-2.948E-01	5.895E-01
2.109E-01	2.954E-01	-2.954E-01	5.909E-01
2.128E-01	2.961E-01	-2.961E-01	5.922E-01
2.148E-01	2.967E-01	-2.967E-01	5.934E-01
2.168E-01	2.973E-01	-2.973E-01	5.947E-01
2.188E-01	2.980E-01	-2.980E-01	5.959E-01
2.208E-01	2.986E-01	-2.986E-01	5.971E-01
2.228E-01	2.992E-01	-2.992E-01	5.983E-01
2.249E-01	2.997E-01	-2.997E-01	5.995E-01
2.270E-01	3.003E-01	-3.003E-01	6.006E-01
2.291E-01	3.009E-01	-3.009E-01	6.017E-01
2.312E-01	3.014E-01	-3.014E-01	6.028E-01
2.333E-01	3.019E-01	-3.019E-01	6.039E-01
2.355E-01	3.024E-01	-3.024E-01	6.049E-01
2.377E-01	3.029E-01	-3.029E-01	6.059E-01
2.399E-01	3.034E-01	-3.034E-01	6.068E-01
2.421E-01	3.039E-01	-3.039E-01	6.078E-01
2.443E-01	3.043E-01	-3.043E-01	6.087E-01
2.466E-01	3.048E-01	-3.048E-01	6.095E-01
2.489E-01	3.052E-01	-3.052E-01	6.104E-01
2.512E-01	3.056E-01	-3.056E-01	6.112E-01
2.535E-01	3.060E-01	-3.060E-01	6.120E-01
2.559E-01	3.063E-01	-3.063E-01	6.127E-01
2.582E-01	3.067E-01	-3.067E-01	6.134E-01
2.606E-01	3.070E-01	-3.070E-01	6.141E-01
2.630E-01	3.073E-01	-3.073E-01	6.147E-01
2.655E-01	3.076E-01	-3.076E-01	6.153E-01
2.679E-01	3.079E-01	-3.079E-01	6.158E-01
2.704E-01	3.082E-01	-3.082E-01	6.163E-01
2.729E-01	3.084E-01	-3.084E-01	6.168E-01
2.754E-01	3.086E-01	-3.086E-01	6.172E-01
2.780E-01	3.088E-01	-3.088E-01	6.176E-01
2.805E-01	3.090E-01	-3.090E-01	6.180E-01
2.831E-01	3.092E-01	-3.092E-01	6.183E-01
2.858E-01	3.093E-01	-3.093E-01	6.186E-01
2.884E-01	3.094E-01	-3.094E-01	6.188E-01
2.911E-01	3.095E-01	-3.095E-01	6.190E-01
2.938E-01	3.095E-01	-3.095E-01	6.191E-01
2.965E-01	3.096E-01	-3.096E-01	6.192E-01
2.992E-01	3.096E-01	-3.096E-01	6.192E-01
3.020E-01	3.096E-01	-3.096E-01	6.192E-01
3.048E-01	3.096E-01	-3.096E-01	6.191E-01
3.076E-01	3.095E-01	-3.095E-01	6.190E-01
3.105E-01	3.094E-01	-3.094E-01	6.188E-01
3.133E-01	3.093E-01	-3.093E-01	6.186E-01
3.162E-01	3.092E-01	-3.092E-01	6.184E-01
3.192E-01	3.090E-01	-3.090E-01	6.180E-01
3.221E-01	3.088E-01	-3.088E-01	6.177E-01
3.251E-01	3.086E-01	-3.086E-01	6.172E-01
3.281E-01	3.084E-01	-3.084E-01	6.167E-01
3.311E-01	3.081E-01	-3.081E-01	6.162E-01
3.342E-01	3.078E-01	-3.078E-01	6.156E-01
3.373E-01	3.075E-01	-3.075E-01	6.149E-01
3.404E-01	3.071E-01	-3.071E-01	6.142E-01
3.436E-01	3.067E-01	-3.067E-01	6.134E-01
3.467E-01	3.063E-01	-3.063E-01	6.126E-01
3.499E-01	3.058E-01	-3.058E-01	6.117E-01
3.532E-01	3.053E-01	-3.053E-01	6.107E-01
3.565E-01	3.048E-01	-3.048E-01	6.097E-01
3.597E-01	3.043E-01	-3.043E-01	6.086E-01
3.631E-01	3.037E-01	-3.037E-01	6.074E-01
3.664E-01	3.031E-01	-3.031E-01	6.062E-01
3.698E-01	3.024E-01	-3.024E-01	6.049E-01
3.733E-01	3.017E-01	-3.017E-01	6.035E-01
3.767E-01	3.010E-01	-3.010E-01	6.020E-01
3.802E-01	3.003E-01	-3.003E-01	6.005E-01
3.837E-01	2.995E-01	-2.995E-01	5.989E-01
3.873E-01	2.986E-01	-2.986E-01	5.973E-01
3.908E-01	2.978E-01	-2.978E-01	5.955E-01
3.945E-01	2.969E-01	-2.969E-01	5.937E-01
3.981E-01	2.959E-01	-2.959E-01	5.919E-01
4.018E-01	2.949E-01	-2.949E-01	5.899E-01
4.055E-01	2.939E-01	-2.939E-01	5.879E-01
4.093E-01	2.929E-01	-2.929E-01	5.857E-01
4.130E-01	2.918E-01	-2.918E-01	5.835E-01
4.169E-01	2.906E-01	-2.906E-01	5.813E-01
4.207E-01	2.895E-01	-2.895E-01	5.789E-01
4.246E-01	2.882E-01	-2.882E-01	5.765E-01
4.285E-01	2.870E-01	-2.870E-01	5.739E-01
4.325E-01	2.857E-01	-2.857E-01	5.713E-01
4.365E-01	2.843E-01	-2.843E-01	5.686E-01
4.406E-01	2.829E-01	-2.829E-01	5.659E-01
4.446E-01	2.815E-01	-2.815E-01	5.630E-01
4.487E-01	2.800E-01	-2.800E-01	5.600E-01
4.529E-01	2.785E-01	-2.785E-01	5.570E-01
4.571E-01	2.769E-01	-2.769E-01	5.538E-01
4.613E-01	2.753E-01	-2.753E-01	5.506E-01
4.656E-01	2.736E-01	-2.736E-01	5.473E-01
4.699E-01	2.719E-01	-2.719E-01	5.439E-01
4.742E-01	2.702E-01	-2.702E-01	5.404E-01
4.786E-01	2.684E-01	-2.684E-01	5.368E-01
4.831E-01	2.665E-01	-2.665E-01	5.331E-01
4.875E-01	2.646E-01	-2.646E-01	5.293E-01
4.920E-01	2.627E-01	-2.627E-01	5.254E-01
4.966E-01	2.607E-01	-2.607E-01	5.214E-01
5.012E-01	2.586E-01	-2.586E-01	5.173E-01
5.058E-01	2.565E-01	-2.565E-01	5.131E-01
5.105E-01	2.544E-01	-2.544E-01	5.088E-01
5.152E-01	2.522E-01	-2.522E-01	5.044E-01
5.200E-01	2.500E-01	-2.500E-01	4.999E-01
5.248E-01	2.477E-01	-2.477E-01	4.953E-01
5.297E-01	2.453E-01	-2.453E-01	4.906E-01
5.346E-01	2.429E-01	-2.429E-01	4.858E-01
5.395E-01	2.404E-01	-2.404E-01	4.809E-01
5.445E-01	2.379E-01	-2.379E-01	4.759E-01
5.495E-01	2.354E-01	-2.354E-01	4.707E-01
5.546E-01	2.328E-01	-2.328E-01	4.655E-01
5.598E-01	2.301E-01	-2.301E-01	4.602E-01
5.649E-01	2.274E-01	-2.274E-01	4.547E-01
5.702E-01	2.246E-01	-2.246E-01	4.492E-01
5.754E-01	2.218E-01	-2.218E-01	4.435E-01
5.808E-01	2.189E-01	-2.189E-01	4.377E-01
5.861E-01	2.159E-01	-2.159E-01	4.318E-01
5.916E-01	2.129E-01	-2.129E-01	4.259E-01
5.970E-01	2.099E-01	-2.099E-01	4.198E-01
6.026E-01	2.068E-01	-2.068E-01	4.136E-01
6.081E-01	2.036E-01	-2.036E-01	4.072E-01
6.138E-01	2.004E-01	-2.004E-01	4.008E-01
6.194E-01	1.971E-01	-1.971E-01	3.943E-01
6.252E-01	1.938E-01	-1.938E-01	3.876E-01
6.310E-01	1.905E-01	-1.905E-01	3.809E-01
6.368E-01	1.870E-01	-1.870E-01	3.740E-01
6.427E-01	1.835E-01	-1.835E-01	3.671E-01
6.486E-01	1.800E-01	-1.800E-01	3.600E-01
6.546E-01	1.764E-01	-1.764E-01	3.529E-01
6.607E-01	1.728E-01	-1.728E-01	3.456E-01
6.668E-01	1.691E-01	-1.691E-01	3.382E-01
6.730E-01	1.654E-01	-1.654E-01	3.307E-01
6.792E-01	1.616E-01	-1.616E-01	3.232E-01
6.855E-01	1.577E-01	-1.577E-01	3.155E-01
6.918E-01	1.539E-01	-1.539E-01	3.077E-01
6.982E-01	1.499E-01	-1.499E-01	2.999E-01
7.047E-01	1.460E-01	-1.460E-01	2.919E-01
7.112E-01	1.419E-01	-1.419E-01	2.839E-01
7.178E-01	1.379E-01	-1.379E-01	2.758E-01
7.244E-01	1.338E-01	-1.338E-01	2.676E-01
7.311E-01	1.296E-01	-1.296E-01	2.593E-01
7.379E-01	1.255E-01	-1.255E-01	2.509E-01
7.447E-01	1.213E-01	-1.213E-01	2.425E-01
7.516E-01	1.170E-01	-1.170E-01	2.340E-01
7.586E-01	1.127E-01	-1.127E-01	2.255E-01
7.656E-01	1.084E-01	-1.084E-01	2.169E-01
7.727E-01	1.041E-01	-1.041E-01	2.082E-01
7.798E-01	9.978E-02	-9.978E-02	1.996E-01
7.870E-01	9.542E-02	-9.542E-02	1.908E-01
7.943E-01	9.104E-02	-9.104E-02	1.821E-01
8.017E-01	8.666E-02	-8.666E-02	1.733E-01
8.091E-01	8.226E-02	-8.226E-02	1.645E-01
8.166E-01	7.787E-02	-7.787E-02	1.557E-01
8.241E-01	7.348E-02	-7.348E-02	1.470E-01
8.318E-01	6.910E-02	-6.910E-02	1.382E-01
8.395E-01	6.474E-02	-6.474E-02	1.295E-01
8.472E-01	6.039E-02	-6.039E-02	1.208E-01
8.551E-01	5.608E-02	-5.608E-02	1.122E-01
8.630E-01	5.180E-02	-5.180E-02	1.036E-01
8.710E-01	4.756E-02	-4.756E-02	9.512E-02
8.790E-01	4.338E-02	-4.338E-02	8.676E-02
8.872E-01	3.926E-02	-3.926E-02	7.852E-02
8.954E-01	3.522E-02	-3.522E-02	7.043E-02
9.036E-01	3.126E-02	-3.126E-02	6.251E-02
9.120E-01	2.740E-02	-2.740E-02	5.480E-02
9.204E-01	2.365E-02	-2.365E-02	4.731E-02
9.290E-01	2.004E-02	-2.004E-02	4.008E-02
9.376E-01	1.658E-02	-1.658E-02	3.317E-02
9.462E-01	1.330E-02	-1.330E-02	2.660E-02
9.550E-01	1.023E-02	-1.023E-02	2.045E-02
9.638E-01	7.392E-03	-7.392E-03	1.478E-02
9.727E-01	4.849E-03	-4.849E-03	9.697E-03
9.817E-01	2.660E-03	-2.660E-03	5.320E-03
9.908E-01	9.504E-04	-9.504E-04	1.901E-03
