Q0 = 0.5 GeV	 Q = 5.2 GeV
x	 x*uv	 x*dv	 x*(uv-dv)
1.000E-04	1.198E-02	-1.198E-02	2.397E-02
1.009E-04	1.204E-02	-1.204E-02	2.407E-02
1.019E-04	1.209E-02	-1.209E-02	2.418E-02
1.028E-04	1.214E-02	-1.214E-02	2.428E-02
1.038E-04	1.219E-02	-1.219E-02	2.439E-02
1.047E-04	1.225E-02	-1.225E-02	2.449E-02
1.057E-04	1.230E-02	-1.230E-02	2.460E-02
1.067E-04	1.235E-02	-1.235E-02	2.471E-02
1.076E-04	1.241E-02	-1.241E-02	2.482E-02
1.086E-04	1.246E-02	-1.246E-02	2.492E-02
1.096E-04	1.252E-02	-1.252E-02	2.503E-02
1.107E-04	1.257E-02	-1.257E-02	2.514E-02
1.117E-04	1.262E-02	-1.262E-02	2.525E-02
1.127E-04	1.268E-02	-1.268E-02	2.536E-02
1.138E-04	1.273E-02	-1.273E-02	2.547E-02
1.148E-04	1.279E-02	-1.279E-02	2.558E-02
1.159E-04	1.285E-02	-1.285E-02	2.569E-02
1.169E-04	1.290E-02	-1.290E-02	2.580E-02
1.180E-04	1.296E-02	-1.296E-02	2.591E-02
1.191E-04	1.301E-02	-1.301E-02	2.603E-02
1.202E-04	1.307E-02	-1.307E-02	2.614E-02
1.213E-04	1.313E-02	-1.313E-02	2.625E-02
1.225E-04	1.318E-02	-1.318E-02	2.637E-02
1.236E-04	1.324E-02	-1.324E-02	2.648E-02
1.247E-04	1.330E-02	-1.330E-02	2.660E-02
1.259E-04	1.336E-02	-1.336E-02	2.671E-02
1.271E-04	1.341E-02	-1.341E-02	2.683E-02
1.282E-04	1.347E-02	-1.347E-02	2.694E-02
1.294E-04	1.353E-02	-1.353E-02	2.706E-02
1.306E-04	1.359E-02	-1.359E-02	2.718E-02
1.318E-04	1.365E-02	-1.365E-02	2.730E-02
1.330E-04	1.371E-02	-1.371E-02	2.741E-02
1.343E-04	1.377E-02	-1.377E-02	2.753E-02
1.355E-04	1.383E-02	-1.383E-02	2.765E-02
1.368E-04	1.389E-02	-1.389E-02	2.777E-02
1.380E-04	1.395E-02	-1.395E-02	2.789E-02
1.393E-04	1.401E-02	-1.401E-02	2.801E-02
1.406E-04	1.407E-02	-1.407E-02	2.813E-02
1.419E-04	1.413E-02	-1.413E-02	2.826E-02
1.432E-04	1.419E-02	-1.419E-02	2.838E-02
1.445E-04	1.425E-02	-1.425E-02	2.850E-02
1.459E-04	1.431E-02	-1.431E-02	2.863E-02
1.472E-04	1.437E-02	-1.437E-02	2.875E-02
1.486E-04	1.444E-02	-1.444E-02	2.887E-02
1.500E-04	1.450E-02	-1.450E-02	2.900E-02
1.514E-04	1.456E-02	-1.456E-02	2.912E-02
1.528E-04	1.463E-02	-1.463E-02	2.925E-02
1.542E-04	1.469E-02	-1.469E-02	2.938E-02
1.556E-04	1.475E-02	-1.475E-02	2.950E-02
1.570E-04	1.482E-02	-1.482E-02	2.963E-02
1.585E-04	1.488E-02	-1.488E-02	2.976E-02
1.600E-04	1.494E-02	-1.494E-02	2.989E-02
1.614E-04	1.501E-02	-1.501E-02	3.002E-02
1.629E-04	1.507E-02	-1.507E-02	3.015E-02
1.644E-04	1.514E-02	-1.514E-02	3.028E-02
1.660E-04	1.520E-02	-1.520E-02	3.041E-02
1.675E-04	1.527E-02	-1.527E-02	3.054E-02
1.690E-04	1.534E-02	-1.534E-02	3.067E-02
1.706E-04	1.540E-02	-1.540E-02	3.080E-02
1.722E-04	1.547E-02	-1.547E-02	3.094E-02
1.738E-04	1.554E-02	-1.554E-02	3.107E-02
1.754E-04	1.560E-02	-1.560E-02	3.121E-02
1.770E-04	1.567E-02	-1.567E-02	3.134E-02
1.786E-04	1.574E-02	-1.574E-02	3.148E-02
1.803E-04	1.581E-02	-1.581E-02	3.161E-02
1.820E-04	1.587E-02	-1.587E-02	3.175E-02
1.837E-04	1.594E-02	-1.594E-02	3.188E-02
1.854E-04	1.601E-02	-1.601E-02	3.202E-02
1.871E-04	1.608E-02	-1.608E-02	3.216E-02
1.888E-04	1.615E-02	-1.615E-02	3.230E-02
1.905E-04	1.622E-02	-1.622E-02	3.244E-02
1.923E-04	1.629E-02	-1.629E-02	3.258E-02
1.941E-04	1.636E-02	-1.636E-02	3.272E-02
1.959E-04	1.643E-02	-1.643E-02	3.286E-02
1.977E-04	1.650E-02	-1.650E-02	3.300E-02
1.995E-04	1.657E-02	-1.657E-02	3.314E-02
2.014E-04	1.664E-02	-1.664E-02	3.329E-02
2.032E-04	1.672E-02	-1.672E-02	3.343E-02
2.051E-04	1.679E-02	-1.679E-02	3.357E-02
2.070E-04	1.686E-02	-1.686E-02	3.372E-02
2.089E-04	1.693E-02	-1.693E-02	3.386E-02
2.109E-04	1.701E-02	-1.701E-02	3.401E-02
2.128E-04	1.708E-02	-1.708E-02	3.416E-02
2.148E-04	1.715E-02	-1.715E-02	3.430E-02
2.168E-04	1.723E-02	-1.723E-02	3.445E-02
2.188E-04	1.730E-02	-1.730E-02	3.460E-02
2.208E-04	1.737E-02	-1.737E-02	3.475E-02
2.228E-04	1.745E-02	-1.745E-02	3.490E-02
2.249E-04	1.752E-02	-1.752E-02	3.505E-02
2.270E-04	1.760E-02	-1.760E-02	3.520E-02
2.291E-04	1.768E-02	-1.768E-02	3.535E-02
2.312E-04	1.775E-02	-1.775E-02	3.550E-02
2.333E-04	1.783E-02	-1.783E-02	3.566E-02
2.355E-04	1.790E-02	-1.790E-02	3.581E-02
2.377E-04	1.798E-02	-1.798E-02	3.596E-02
2.399E-04	1.806E-02	-1.806E-02	3.612E-02
2.421E-04	1.814E-02	-1.814E-02	3.627E-02
2.443E-04	1.821E-02	-1.821E-02	3.643E-02
2.466E-04	1.829E-02	-1.829E-02	3.659E-02
2.489E-04	1.837E-02	-1.837E-02	3.674E-02
2.512E-04	1.845E-02	-1.845E-02	3.690E-02
2.535E-04	1.853E-02	-1.853E-02	3.706E-02
2.559E-04	1.861E-02	-1.861E-02	3.722E-02
2.582E-04	1.869E-02	-1.869E-02	3.738E-02
2.606E-04	1.877E-02	-1.877E-02	3.754E-02
2.630E-04	1.885E-02	-1.885E-02	3.770E-02
2.655E-04	1.893E-02	-1.893E-02	3.786E-02
2.679E-04	1.901E-02	-1.901E-02	3.803E-02
2.704E-04	1.909E-02	-1.909E-02	3.819E-02
2.729E-04	1.918E-02	-1.918E-02	3.835E-02
2.754E-04	1.926E-02	-1.926E-02	3.852E-02
2.780E-04	1.934E-02	-1.934E-02	3.868E-02
2.805E-04	1.942E-02	-1.942E-02	3.885E-02
2.831E-04	1.951E-02	-1.951E-02	3.902E-02
2.858E-04	1.959E-02	-1.959E-02	3.918E-02
2.884E-04	1.968E-02	-1.968E-02	3.935E-02
2.911E-04	1.976E-02	-1.976E-02	3.952E-02
2.938E-04	1.984E-02	-1.984E-02	3.969E-02
2.965E-04	1.993E-02	-1.993E-02	3.986E-02
2.992E-04	2.002E-02	-2.002E-02	4.003E-02
3.020E-04	2.010E-02	-2.010E-02	4.020E-02
3.048E-04	2.019E-02	-2.019E-02	4.037E-02
3.076E-04	2.027E-02	-2.027E-02	4.055E-02
3.105E-04	2.036E-02	-2.036E-02	4.072E-02
3.133E-04	2.045E-02	-2.045E-02	4.090E-02
3.162E-04	2.054E-02	-2.054E-02	4.107E-02
3.192E-04	2.062E-02	-2.062E-02	4.125E-02
3.221E-04	2.071E-02	-2.071E-02	4.142E-02
3.251E-04	2.080E-02	-2.080E-02	4.160E-02
3.281E-04	2.089E-02	-2.089E-02	4.178E-02
3.311E-04	2.098E-02	-2.098E-02	4.196E-02
3.342E-04	2.107E-02	-2.107E-02	4.214E-02
3.373E-04	2.116E-02	-2.116E-02	4.232E-02
3.404E-04	2.125E-02	-2.125E-02	4.250E-02
3.436E-04	2.134E-02	-2.134E-02	4.268E-02
3.467E-04	2.143E-02	-2.143E-02	4.286E-02
3.499E-04	2.152E-02	-2.152E-02	4.305E-02
3.532E-04	2.162E-02	-2.162E-02	4.323E-02
3.565E-04	2.171E-02	-2.171E-02	4.342E-02
3.597E-04	2.180E-02	-2.180E-02	4.360E-02
3.631E-04	2.189E-02	-2.189E-02	4.379E-02
3.664E-04	2.199E-02	-2.199E-02	4.397E-02
3.698E-04	2.208E-02	-2.208E-02	4.416E-02
3.733E-04	2.218E-02	-2.218E-02	4.435E-02
3.767E-04	2.227E-02	-2.227E-02	4.454E-02
3.802E-04	2.237E-02	-2.237E-02	4.473E-02
3.837E-04	2.246E-02	-2.246E-02	4.492E-02
3.873E-04	2.256E-02	-2.256E-02	4.511E-02
3.908E-04	2.265E-02	-2.265E-02	4.531E-02
3.945E-04	2.275E-02	-2.275E-02	4.550E-02
3.981E-04	2.285E-02	-2.285E-02	4.569E-02
4.018E-04	2.294E-02	-2.294E-02	4.589E-02
4.055E-04	2.304E-02	-2.304E-02	4.609E-02
4.093E-04	2.314E-02	-2.314E-02	4.628E-02
4.130E-04	2.324E-02	-2.324E-02	4.648E-02
4.169E-04	2.334E-02	-2.334E-02	4.668E-02
4.207E-04	2.344E-02	-2.344E-02	4.688E-02
4.246E-04	2.354E-02	-2.354E-02	4.708E-02
4.285E-04	2.364E-02	-2.364E-02	4.728E-02
4.325E-04	2.374E-02	-2.374E-02	4.748E-02
4.365E-04	2.384E-02	-2.384E-02	4.768E-02
4.406E-04	2.394E-02	-2.394E-02	4.788E-02
4.446E-04	2.404E-02	-2.404E-02	4.809E-02
4.487E-04	2.415E-02	-2.415E-02	4.829E-02
4.529E-04	2.425E-02	-2.425E-02	4.850E-02
4.571E-04	2.435E-02	-2.435E-02	4.871E-02
4.613E-04	2.446E-02	-2.446E-02	4.891E-02
4.656E-04	2.456E-02	-2.456E-02	4.912E-02
4.699E-04	2.467E-02	-2.467E-02	4.933E-02
4.742E-04	2.477E-02	-2.477E-02	4.954E-02
4.786E-04	2.488E-02	-2.488E-02	4.975E-02
4.831E-04	2.498E-02	-2.498E-02	4.996E-02
4.875E-04	2.509E-02	-2.509E-02	5.018E-02
4.920E-04	2.519E-02	-2.519E-02	5.039E-02
4.966E-04	2.530E-02	-2.530E-02	5.060E-02
5.012E-04	2.541E-02	-2.541E-02	5.082E-02
5.058E-04	2.552E-02	-2.552E-02	5.104E-02
5.105E-04	2.563E-02	-2.563E-02	5.125E-02
5.152E-04	2.574E-02	-2.574E-02	5.147E-02
5.200E-04	2.584E-02	-2.584E-02	5.169E-02
5.248E-04	2.595E-02	-2.595E-02	5.191E-02
5.297E-04	2.606E-02	-2.606E-02	5.213E-02
5.346E-04	2.618E-02	-2.618E-02	5.235E-02
5.395E-04	2.629E-02	-2.629E-02	5.257E-02
5.445E-04	2.640E-02	-2.640E-02	5.280E-02
5.495E-04	2.651E-02	-2.651E-02	5.302E-02
5.546E-04	2.662E-02	-2.662E-02	5.325E-02
5.598E-04	2.674E-02	-2.674E-02	5.347E-02
5.649E-04	2.685E-02	-2.685E-02	5.370E-02
5.702E-04	2.696E-02	-2.696E-02	5.393E-02
5.754E-04	2.708E-02	-2.708E-02	5.416E-02
5.808E-04	2.719E-02	-2.719E-02	5.439E-02
5.861E-04	2.731E-02	-2.731E-02	5.462E-02
5.916E-04	2.742E-02	-2.742E-02	5.485E-02
5.970E-04	2.754E-02	-2.754E-02	5.508E-02
6.026E-04	2.766E-02	-2.766E-02	5.532E-02
6.081E-04	2.777E-02	-2.777E-02	5.555E-02
6.138E-04	2.789E-02	-2.789E-02	5.579E-02
6.194E-04	2.801E-02	-2.801E-02	5.602E-02
6.252E-04	2.813E-02	-2.813E-02	5.626E-02
6.310E-04	2.825E-02	-2.825E-02	5.650E-02
6.368E-04	2.837E-02	-2.837E-02	5.674E-02
6.427E-04	2.849E-02	-2.849E-02	5.698E-02
6.486E-04	2.861E-02	-2.861E-02	5.722E-02
6.546E-04	2.873E-02	-2.873E-02	5.746E-02
6.607E-04	2.885E-02	-2.885E-02	5.770E-02
6.668E-04	2.897E-02	-2.897E-02	5.795E-02
6.730E-04	2.910E-02	-2.910E-02	5.819E-02
6.792E-04	2.922E-02	-2.922E-02	5.844E-02
6.855E-04	2.934E-02	-2.934E-02	5.869E-02
6.918E-04	2.947E-02	-2.947E-02	5.894E-02
6.982E-04	2.959E-02	-2.959E-02	5.919E-02
7.047E-04	2.972E-02	-2.972E-02	5.944E-02
7.112E-04	2.984E-02	-2.984E-02	5.969E-02
7.178E-04	2.997E-02	-2.997E-02	5.994E-02
7.244E-04	3.010E-02	-3.010E-02	6.019E-02
7.311E-04	3.022E-02	-3.022E-02	6.045E-02
7.379E-04	3.035E-02	-3.035E-02	6.070E-02
7.447E-04	3.048E-02	-3.048E-02	6.096E-02
7.516E-04	3.061E-02	-3.061E-02	6.122E-02
7.586E-04	3.074E-02	-3.074E-02	6.148E-02
7.656E-04	3.087E-02	-3.087E-02	6.174E-02
7.727E-04	3.100E-02	-3.100E-02	6.200E-02
7.798E-04	3.113E-02	-3.113E-02	6.226E-02
7.870E-04	3.126E-02	-3.126E-02	6.252E-02
7.943E-04	3.139E-02	-3.139E-02	6.279E-02
8.017E-04	3.153E-02	-3.153E-02	6.305E-02
8.091E-04	3.166E-02	-3.166E-02	6.332E-02
8.166E-04	3.179E-02	-3.179E-02	6.358E-02
8.241E-04	3.193E-02	-3.193E-02	6.385E-02
8.318E-04	3.206E-02	-3.206E-02	6.412E-02
8.395E-04	3.220E-02	-3.220E-02	6.439E-02
8.472E-04	3.233E-02	-3.233E-02	6.466E-02
8.551E-04	3.247E-02	-3.247E-02	6.494E-02
8.630E-04	3.260E-02	-3.260E-02	6.521E-02
8.710E-04	3.274E-02	-3.274E-02	6.548E-02
8.790E-04	3.288E-02	-3.288E-02	6.576E-02
8.872E-04	3.302E-02	-3.302E-02	6.604E-02
8.954E-04	3.316E-02	-3.316E-02	6.632E-02
9.036E-04	3.330E-02	-3.330E-02	6.660E-02
9.120E-04	3.344E-02	-3.344E-02	6.688E-02
9.204E-04	3.358E-02	-3.358E-02	6.716E-02
9.290E-04	3.372E-02	-3.372E-02	6.744E-02
9.376E-04	3.386E-02	-3.386E-02	6.772E-02
9.462E-04	3.400E-02	-3.400E-02	6.801E-02
9.550E-04	3.415E-02	-3.415E-02	6.830E-02
9.638E-04	3.429E-02	-3.429E-02	6.858E-02
9.727E-04	3.444E-02	-3.444E-02	6.887E-02
9.817E-04	3.458E-02	-3.458E-02	6.916E-02
9.908E-04	3.473E-02	-3.473E-02	6.945E-02
1.000E-03	3.487E-02	-3.487E-02	6.974E-02
1.009E-03	3.502E-02	-3.502E-02	7.004E-02
1.019E-03	3.517E-02	-3.517E-02	7.033E-02
1.028E-03	3.531E-02	-3.531E-02	7.063E-02
1.038E-03	3.546E-02	-3.546E-02	7.092E-02
1.047E-03	3.561E-02	-3.561E-02	7.122E-02
1.057E-03	3.576E-02	-3.576E-02	7.152E-02
1.067E-03	3.591E-02	-3.591E-02	7.182E-02
1.076E-03	3.606E-02	-3.606E-02	7.212E-02
1.086E-03	3.621E-02	-3.621E-02	7.243E-02
1.096E-03	3.636E-02	-3.636E-02	7.273E-02
1.107E-03	3.652E-02	-3.652E-02	7.304E-02
1.117E-03	3.667E-02	-3.667E-02	7.334E-02
1.127E-03	3.682E-02	-3.682E-02	7.365E-02
1.138E-03	3.698E-02	-3.698E-02	7.396E-02
1.148E-03	3.713E-02	-3.713E-02	7.427E-02
1.159E-03	3.729E-02	-3.729E-02	7.458E-02
1.169E-03	3.745E-02	-3.745E-02	7.489E-02
1.180E-03	3.760E-02	-3.760E-02	7.521E-02
1.191E-03	3.776E-02	-3.776E-02	7.552E-02
1.202E-03	3.792E-02	-3.792E-02	7.584E-02
1.213E-03	3.808E-02	-3.808E-02	7.616E-02
1.225E-03	3.824E-02	-3.824E-02	7.648E-02
1.236E-03	3.840E-02	-3.840E-02	7.680E-02
1.247E-03	3.856E-02	-3.856E-02	7.712E-02
1.259E-03	3.872E-02	-3.872E-02	7.744E-02
1.271E-03	3.888E-02	-3.888E-02	7.776E-02
1.282E-03	3.904E-02	-3.904E-02	7.809E-02
1.294E-03	3.921E-02	-3.921E-02	7.842E-02
1.306E-03	3.937E-02	-3.937E-02	7.874E-02
1.318E-03	3.954E-02	-3.954E-02	7.907E-02
1.330E-03	3.970E-02	-3.970E-02	7.940E-02
1.343E-03	3.987E-02	-3.987E-02	7.974E-02
1.355E-03	4.004E-02	-4.004E-02	8.007E-02
1.368E-03	4.020E-02	-4.020E-02	8.040E-02
1.380E-03	4.037E-02	-4.037E-02	8.074E-02
1.393E-03	4.054E-02	-4.054E-02	8.108E-02
1.406E-03	4.071E-02	-4.071E-02	8.142E-02
1.419E-03	4.088E-02	-4.088E-02	8.176E-02
1.432E-03	4.105E-02	-4.105E-02	8.210E-02
1.445E-03	4.122E-02	-4.122E-02	8.244E-02
1.459E-03	4.139E-02	-4.139E-02	8.279E-02
1.472E-03	4.157E-02	-4.157E-02	8.313E-02
1.486E-03	4.174E-02	-4.174E-02	8.348E-02
1.500E-03	4.191E-02	-4.191E-02	8.383E-02
1.514E-03	4.209E-02	-4.209E-02	8.418E-02
1.528E-03	4.226E-02	-4.226E-02	8.453E-02
1.542E-03	4.244E-02	-4.244E-02	8.488E-02
1.556E-03	4.262E-02	-4.262E-02	8.523E-02
1.570E-03	4.279E-02	-4.279E-02	8.559E-02
1.585E-03	4.297E-02	-4.297E-02	8.595E-02
1.600E-03	4.315E-02	-4.315E-02	8.630E-02
1.614E-03	4.333E-02	-4.333E-02	8.666E-02
1.629E-03	4.351E-02	-4.351E-02	8.703E-02
1.644E-03	4.369E-02	-4.369E-02	8.739E-02
1.660E-03	4.388E-02	-4.388E-02	8.775E-02
1.675E-03	4.406E-02	-4.406E-02	8.812E-02
1.690E-03	4.424E-02	-4.424E-02	8.848E-02
1.706E-03	4.443E-02	-4.443E-02	8.885E-02
1.722E-03	4.461E-02	-4.461E-02	8.922E-02
1.738E-03	4.480E-02	-4.480E-02	8.959E-02
1.754E-03	4.498E-02	-4.498E-02	8.997E-02
1.770E-03	4.517E-02	-4.517E-02	9.034E-02
1.786E-03	4.536E-02	-4.536E-02	9.072E-02
1.803E-03	4.555E-02	-4.555E-02	9.109E-02
1.820E-03	4.574E-02	-4.574E-02	9.147E-02
1.837E-03	4.593E-02	-4.593E-02	9.185E-02
1.854E-03	4.612E-02	-4.612E-02	9.223E-02
1.871E-03	4.631E-02	-4.631E-02	9.262E-02
1.888E-03	4.650E-02	-4.650E-02	9.300E-02
1.905E-03	4.669E-02	-4.669E-02	9.339E-02
1.923E-03	4.689E-02	-4.689E-02	9.378E-02
1.941E-03	4.708E-02	-4.708E-02	9.416E-02
1.959E-03	4.728E-02	-4.728E-02	9.456E-02
1.977E-03	4.747E-02	-4.747E-02	9.495E-02
1.995E-03	4.767E-02	-4.767E-02	9.534E-02
2.014E-03	4.787E-02	-4.787E-02	9.574E-02
2.032E-03	4.807E-02	-4.807E-02	9.613E-02
2.051E-03	4.827E-02	-4.827E-02	9.653E-02
2.070E-03	4.847E-02	-4.847E-02	9.693E-02
2.089E-03	4.867E-02	-4.867E-02	9.733E-02
2.109E-03	4.887E-02	-4.887E-02	9.774E-02
2.128E-03	4.907E-02	-4.907E-02	9.814E-02
2.148E-03	4.927E-02	-4.927E-02	9.855E-02
2.168E-03	4.948E-02	-4.948E-02	9.896E-02
2.188E-03	4.968E-02	-4.968E-02	9.937E-02
2.208E-03	4.989E-02	-4.989E-02	9.978E-02
2.228E-03	5.010E-02	-5.010E-02	1.002E-01
2.249E-03	5.030E-02	-5.030E-02	1.006E-01
2.270E-03	5.051E-02	-5.051E-02	1.010E-01
2.291E-03	5.072E-02	-5.072E-02	1.014E-01
2.312E-03	5.093E-02	-5.093E-02	1.019E-01
2.333E-03	5.114E-02	-5.114E-02	1.023E-01
2.355E-03	5.135E-02	-5.135E-02	1.027E-01
2.377E-03	5.156E-02	-5.156E-02	1.031E-01
2.399E-03	5.178E-02	-5.178E-02	1.036E-01
2.421E-03	5.199E-02	-5.199E-02	1.040E-01
2.443E-03	5.221E-02	-5.221E-02	1.044E-01
2.466E-03	5.242E-02	-5.242E-02	1.048E-01
2.489E-03	5.264E-02	-5.264E-02	1.053E-01
2.512E-03	5.286E-02	-5.286E-02	1.057E-01
2.535E-03	5.307E-02	-5.307E-02	1.061E-01
2.559E-03	5.329E-02	-5.329E-02	1.066E-01
2.582E-03	5.351E-02	-5.351E-02	1.070E-01
2.606E-03	5.373E-02	-5.373E-02	1.075E-01
2.630E-03	5.395E-02	-5.395E-02	1.079E-01
2.655E-03	5.418E-02	-5.418E-02	1.084E-01
2.679E-03	5.440E-02	-5.440E-02	1.088E-01
2.704E-03	5.462E-02	-5.462E-02	1.092E-01
2.729E-03	5.485E-02	-5.485E-02	1.097E-01
2.754E-03	5.508E-02	-5.508E-02	1.102E-01
2.780E-03	5.530E-02	-5.530E-02	1.106E-01
2.805E-03	5.553E-02	-5.553E-02	1.111E-01
2.831E-03	5.576E-02	-5.576E-02	1.115E-01
2.858E-03	5.599E-02	-5.599E-02	1.120E-01
2.884E-03	5.622E-02	-5.622E-02	1.124E-01
2.911E-03	5.645E-02	-5.645E-02	1.129E-01
2.938E-03	5.668E-02	-5.668E-02	1.134E-01
2.965E-03	5.691E-02	-5.691E-02	1.138E-01
2.992E-03	5.715E-02	-5.715E-02	1.143E-01
3.020E-03	5.738E-02	-5.738E-02	1.148E-01
3.048E-03	5.762E-02	-5.762E-02	1.152E-01
3.076E-03	5.786E-02	-5.786E-02	1.157E-01
3.105E-03	5.809E-02	-5.809E-02	1.162E-01
3.133E-03	5.833E-02	-5.833E-02	1.167E-01
3.162E-03	5.857E-02	-5.857E-02	1.171E-01
3.192E-03	5.881E-02	-5.881E-02	1.176E-01
3.221E-03	5.905E-02	-5.905E-02	1.181E-01
3.251E-03	5.930E-02	-5.930E-02	1.186E-01
3.281E-03	5.954E-02	-5.954E-02	1.191E-01
3.311E-03	5.978E-02	-5.978E-02	1.196E-01
3.342E-03	6.003E-02	-6.003E-02	1.201E-01
3.373E-03	6.027E-02	-6.027E-02	1.205E-01
3.404E-03	6.052E-02	-6.052E-02	1.210E-01
3.436E-03	6.077E-02	-6.077E-02	1.215E-01
3.467E-03	6.102E-02	-6.102E-02	1.220E-01
3.499E-03	6.127E-02	-6.127E-02	1.225E-01
3.532E-03	6.152E-02	-6.152E-02	1.230E-01
3.565E-03	6.177E-02	-6.177E-02	1.235E-01
3.597E-03	6.202E-02	-6.202E-02	1.240E-01
3.631E-03	6.228E-02	-6.228E-02	1.246E-01
3.664E-03	6.253E-02	-6.253E-02	1.251E-01
3.698E-03	6.279E-02	-6.279E-02	1.256E-01
3.733E-03	6.304E-02	-6.304E-02	1.261E-01
3.767E-03	6.330E-02	-6.330E-02	1.266E-01
3.802E-03	6.356E-02	-6.356E-02	1.271E-01
3.837E-03	6.382E-02	-6.382E-02	1.276E-01
3.873E-03	6.408E-02	-6.408E-02	1.282E-01
3.908E-03	6.434E-02	-6.434E-02	1.287E-01
3.945E-03	6.461E-02	-6.461E-02	1.292E-01
3.981E-03	6.487E-02	-6.487E-02	1.297E-01
4.018E-03	6.513E-02	-6.513E-02	1.303E-01
4.055E-03	6.540E-02	-6.540E-02	1.308E-01
4.093E-03	6.567E-02	-6.567E-02	1.313E-01
4.130E-03	6.593E-02	-6.593E-02	1.319E-01
4.169E-03	6.620E-02	-6.620E-02	1.324E-01
4.207E-03	6.647E-02	-6.647E-02	1.329E-01
4.246E-03	6.674E-02	-6.674E-02	1.335E-01
4.285E-03	6.702E-02	-6.702E-02	1.340E-01
4.325E-03	6.729E-02	-6.729E-02	1.346E-01
4.365E-03	6.756E-02	-6.756E-02	1.351E-01
4.406E-03	6.784E-02	-6.784E-02	1.357E-01
4.446E-03	6.811E-02	-6.811E-02	1.362E-01
4.487E-03	6.839E-02	-6.839E-02	1.368E-01
4.529E-03	6.867E-02	-6.867E-02	1.373E-01
4.571E-03	6.895E-02	-6.895E-02	1.379E-01
4.613E-03	6.923E-02	-6.923E-02	1.385E-01
4.656E-03	6.951E-02	-6.951E-02	1.390E-01
4.699E-03	6.979E-02	-6.979E-02	1.396E-01
4.742E-03	7.008E-02	-7.008E-02	1.402E-01
4.786E-03	7.036E-02	-7.036E-02	1.407E-01
4.831E-03	7.065E-02	-7.065E-02	1.413E-01
4.875E-03	7.093E-02	-7.093E-02	1.419E-01
4.920E-03	7.122E-02	-7.122E-02	1.424E-01
4.966E-03	7.151E-02	-7.151E-02	1.430E-01
5.012E-03	7.180E-02	-7.180E-02	1.436E-01
5.058E-03	7.209E-02	-7.209E-02	1.442E-01
5.105E-03	7.238E-02	-7.238E-02	1.448E-01
5.152E-03	7.267E-02	-7.267E-02	1.453E-01
5.200E-03	7.297E-02	-7.297E-02	1.459E-01
5.248E-03	7.326E-02	-7.326E-02	1.465E-01
5.297E-03	7.356E-02	-7.356E-02	1.471E-01
5.346E-03	7.386E-02	-7.386E-02	1.477E-01
5.395E-03	7.416E-02	-7.416E-02	1.483E-01
5.445E-03	7.446E-02	-7.446E-02	1.489E-01
5.495E-03	7.476E-02	-7.476E-02	1.495E-01
5.546E-03	7.506E-02	-7.506E-02	1.501E-01
5.598E-03	7.536E-02	-7.536E-02	1.507E-01
5.649E-03	7.567E-02	-7.567E-02	1.513E-01
5.702E-03	7.597E-02	-7.597E-02	1.519E-01
5.754E-03	7.628E-02	-7.628E-02	1.526E-01
5.808E-03	7.659E-02	-7.659E-02	1.532E-01
5.861E-03	7.690E-02	-7.690E-02	1.538E-01
5.916E-03	7.721E-02	-7.721E-02	1.544E-01
5.970E-03	7.752E-02	-7.752E-02	1.550E-01
6.026E-03	7.783E-02	-7.783E-02	1.557E-01
6.081E-03	7.815E-02	-7.815E-02	1.563E-01
6.138E-03	7.846E-02	-7.846E-02	1.569E-01
6.194E-03	7.878E-02	-7.878E-02	1.576E-01
6.252E-03	7.909E-02	-7.909E-02	1.582E-01
6.310E-03	7.941E-02	-7.941E-02	1.588E-01
6.368E-03	7.973E-02	-7.973E-02	1.595E-01
6.427E-03	8.005E-02	-8.005E-02	1.601E-01
6.486E-03	8.037E-02	-8.037E-02	1.607E-01
6.546E-03	8.070E-02	-8.070E-02	1.614E-01
6.607E-03	8.102E-02	-8.102E-02	1.620E-01
6.668E-03	8.135E-02	-8.135E-02	1.627E-01
6.730E-03	8.167E-02	-8.167E-02	1.633E-01
6.792E-03	8.200E-02	-8.200E-02	1.640E-01
6.855E-03	8.233E-02	-8.233E-02	1.647E-01
6.918E-03	8.266E-02	-8.266E-02	1.653E-01
6.982E-03	8.299E-02	-8.299E-02	1.660E-01
7.047E-03	8.332E-02	-8.332E-02	1.666E-01
7.112E-03	8.366E-02	-8.366E-02	1.673E-01
7.178E-03	8.399E-02	-8.399E-02	1.680E-01
7.244E-03	8.433E-02	-8.433E-02	1.687E-01
7.311E-03	8.467E-02	-8.467E-02	1.693E-01
7.379E-03	8.501E-02	-8.501E-02	1.700E-01
7.447E-03	8.535E-02	-8.535E-02	1.707E-01
7.516E-03	8.569E-02	-8.569E-02	1.714E-01
7.586E-03	8.603E-02	-8.603E-02	1.721E-01
7.656E-03	8.637E-02	-8.637E-02	1.727E-01
7.727E-03	8.672E-02	-8.672E-02	1.734E-01
7.798E-03	8.707E-02	-8.707E-02	1.741E-01
7.870E-03	8.741E-02	-8.741E-02	1.748E-01
7.943E-03	8.776E-02	-8.776E-02	1.755E-01
8.017E-03	8.811E-02	-8.811E-02	1.762E-01
8.091E-03	8.846E-02	-8.846E-02	1.769E-01
8.166E-03	8.882E-02	-8.882E-02	1.776E-01
8.241E-03	8.917E-02	-8.917E-02	1.783E-01
8.318E-03	8.953E-02	-8.953E-02	1.791E-01
8.395E-03	8.988E-02	-8.988E-02	1.798E-01
8.472E-03	9.024E-02	-9.024E-02	1.805E-01
8.551E-03	9.060E-02	-9.060E-02	1.812E-01
8.630E-03	9.096E-02	-9.096E-02	1.819E-01
8.710E-03	9.132E-02	-9.132E-02	1.826E-01
8.790E-03	9.168E-02	-9.168E-02	1.834E-01
8.872E-03	9.205E-02	-9.205E-02	1.841E-01
8.954E-03	9.241E-02	-9.241E-02	1.848E-01
9.036E-03	9.278E-02	-9.278E-02	1.856E-01
9.120E-03	9.315E-02	-9.315E-02	1.863E-01
9.204E-03	9.352E-02	-9.352E-02	1.870E-01
9.290E-03	9.389E-02	-9.389E-02	1.878E-01
9.376E-03	9.426E-02	-9.426E-02	1.885E-01
9.462E-03	9.464E-02	-9.464E-02	1.893E-01
9.550E-03	9.501E-02	-9.501E-02	1.900E-01
9.638E-03	9.539E-02	-9.539E-02	1.908E-01
9.727E-03	9.576E-02	-9.576E-02	1.915E-01
9.817E-03	9.614E-02	-9.614E-02	1.923E-01
9.908E-03	9.652E-02	-9.652E-02	1.930E-01
1.000E-02	9.690E-02	-9.690E-02	1.938E-01
1.009E-02	9.729E-02	-9.729E-02	1.946E-01
1.019E-02	9.767E-02	-9.767E-02	1.953E-01
1.028E-02	9.806E-02	-9.806E-02	1.961E-01
1.038E-02	9.844E-02	-9.844E-02	1.969E-01
1.047E-02	9.883E-02	-9.883E-02	1.977E-01
1.057E-02	9.922E-02	-9.922E-02	1.984E-01
1.067E-02	9.961E-02	-9.961E-02	1.992E-01
1.076E-02	1.000E-01	-1.000E-01	2.000E-01
1.086E-02	1.004E-01	-1.004E-01	2.008E-01
1.096E-02	1.008E-01	-1.008E-01	2.016E-01
1.107E-02	1.012E-01	-1.012E-01	2.024E-01
1.117E-02	1.016E-01	-1.016E-01	2.032E-01
1.127E-02	1.020E-01	-1.020E-01	2.040E-01
1.138E-02	1.024E-01	-1.024E-01	2.048E-01
1.148E-02	1.028E-01	-1.028E-01	2.056E-01
1.159E-02	1.032E-01	-1.032E-01	2.064E-01
1.169E-02	1.036E-01	-1.036E-01	2.072E-01
1.180E-02	1.040E-01	-1.040E-01	2.080E-01
1.191E-02	1.044E-01	-1.044E-01	2.088E-01
1.202E-02	1.048E-01	-1.048E-01	2.096E-01
1.213E-02	1.052E-01	-1.052E-01	2.105E-01
1.225E-02	1.056E-01	-1.056E-01	2.113E-01
1.236E-02	1.061E-01	-1.061E-01	2.121E-01
1.247E-02	1.065E-01	-1.065E-01	2.129E-01
1.259E-02	1.069E-01	-1.069E-01	2.138E-01
1.271E-02	1.073E-01	-1.073E-01	2.146E-01
1.282E-02	1.077E-01	-1.077E-01	2.154E-01
1.294E-02	1.081E-01	-1.081E-01	2.163E-01
1.306E-02	1.086E-01	-1.086E-01	2.171E-01
1.318E-02	1.090E-01	-1.090E-01	2.180E-01
1.330E-02	1.094E-01	-1.094E-01	2.188E-01
1.343E-02	1.098E-01	-1.098E-01	2.197E-01
1.355E-02	1.103E-01	-1.103E-01	2.205E-01
1.368E-02	1.107E-01	-1.107E-01	2.214E-01
1.380E-02	1.111E-01	-1.111E-01	2.222E-01
1.393E-02	1.116E-01	-1.116E-01	2.231E-01
1.406E-02	1.120E-01	-1.120E-01	2.240E-01
1.419E-02	1.124E-01	-1.124E-01	2.248E-01
1.432E-02	1.129E-01	-1.129E-01	2.257E-01
1.445E-02	1.133E-01	-1.133E-01	2.266E-01
1.459E-02	1.137E-01	-1.137E-01	2.275E-01
1.472E-02	1.142E-01	-1.142E-01	2.283E-01
1.486E-02	1.146E-01	-1.146E-01	2.292E-01
1.500E-02	1.151E-01	-1.151E-01	2.301E-01
1.514E-02	1.155E-01	-1.155E-01	2.310E-01
1.528E-02	1.159E-01	-1.159E-01	2.319E-01
1.542E-02	1.164E-01	-1.164E-01	2.328E-01
1.556E-02	1.168E-01	-1.168E-01	2.337E-01
1.570E-02	1.173E-01	-1.173E-01	2.346E-01
1.585E-02	1.177E-01	-1.177E-01	2.355E-01
1.600E-02	1.182E-01	-1.182E-01	2.364E-01
1.614E-02	1.187E-01	-1.187E-01	2.373E-01
1.629E-02	1.191E-01	-1.191E-01	2.382E-01
1.644E-02	1.196E-01	-1.196E-01	2.391E-01
1.660E-02	1.200E-01	-1.200E-01	2.400E-01
1.675E-02	1.205E-01	-1.205E-01	2.410E-01
1.690E-02	1.209E-01	-1.209E-01	2.419E-01
1.706E-02	1.214E-01	-1.214E-01	2.428E-01
1.722E-02	1.219E-01	-1.219E-01	2.437E-01
1.738E-02	1.223E-01	-1.223E-01	2.447E-01
1.754E-02	1.228E-01	-1.228E-01	2.456E-01
1.770E-02	1.233E-01	-1.233E-01	2.466E-01
1.786E-02	1.237E-01	-1.237E-01	2.475E-01
1.803E-02	1.242E-01	-1.242E-01	2.484E-01
1.820E-02	1.247E-01	-1.247E-01	2.494E-01
1.837E-02	1.252E-01	-1.252E-01	2.503E-01
1.854E-02	1.256E-01	-1.256E-01	2.513E-01
1.871E-02	1.261E-01	-1.261E-01	2.522E-01
1.888E-02	1.266E-01	-1.266E-01	2.532E-01
1.905E-02	1.271E-01	-1.271E-01	2.542E-01
1.923E-02	1.276E-01	-1.276E-01	2.551E-01
1.941E-02	1.280E-01	-1.280E-01	2.561E-01
1.959E-02	1.285E-01	-1.285E-01	2.571E-01
1.977E-02	1.290E-01	-1.290E-01	2.580E-01
1.995E-02	1.295E-01	-1.295E-01	2.590E-01
2.014E-02	1.300E-01	-1.300E-01	2.600E-01
2.032E-02	1.305E-01	-1.305E-01	2.610E-01
2.051E-02	1.310E-01	-1.310E-01	2.620E-01
2.070E-02	1.315E-01	-1.315E-01	2.629E-01
2.089E-02	1.320E-01	-1.320E-01	2.639E-01
2.109E-02	1.325E-01	-1.325E-01	2.649E-01
2.128E-02	1.330E-01	-1.330E-01	2.659E-01
2.148E-02	1.335E-01	-1.335E-01	2.669E-01
2.168E-02	1.340E-01	-1.340E-01	2.679E-01
2.188E-02	1.345E-01	-1.345E-01	2.689E-01
2.208E-02	1.350E-01	-1.350E-01	2.699E-01
2.228E-02	1.355E-01	-1.355E-01	2.709E-01
2.249E-02	1.360E-01	-1.360E-01	2.720E-01
2.270E-02	1.365E-01	-1.365E-01	2.730E-01
2.291E-02	1.370E-01	-1.370E-01	2.740E-01
2.312E-02	1.375E-01	-1.375E-01	2.750E-01
2.333E-02	1.380E-01	-1.380E-01	2.760E-01
2.355E-02	1.385E-01	-1.385E-01	2.771E-01
2.377E-02	1.390E-01	-1.390E-01	2.781E-01
2.399E-02	1.396E-01	-1.396E-01	2.791E-01
2.421E-02	1.401E-01	-1.401E-01	2.802E-01
2.443E-02	1.406E-01	-1.406E-01	2.812E-01
2.466E-02	1.411E-01	-1.411E-01	2.822E-01
2.489E-02	1.416E-01	-1.416E-01	2.833E-01
2.512E-02	1.422E-01	-1.422E-01	2.843E-01
2.535E-02	1.427E-01	-1.427E-01	2.854E-01
2.559E-02	1.432E-01	-1.432E-01	2.864E-01
2.582E-02	1.437E-01	-1.437E-01	2.875E-01
2.606E-02	1.443E-01	-1.443E-01	2.886E-01
2.630E-02	1.448E-01	-1.448E-01	2.896E-01
2.655E-02	1.453E-01	-1.453E-01	2.907E-01
2.679E-02	1.459E-01	-1.459E-01	2.917E-01
2.704E-02	1.464E-01	-1.464E-01	2.928E-01
2.729E-02	1.469E-01	-1.469E-01	2.939E-01
2.754E-02	1.475E-01	-1.475E-01	2.950E-01
2.780E-02	1.480E-01	-1.480E-01	2.960E-01
2.805E-02	1.486E-01	-1.486E-01	2.971E-01
2.831E-02	1.491E-01	-1.491E-01	2.982E-01
2.858E-02	1.496E-01	-1.496E-01	2.993E-01
2.884E-02	1.502E-01	-1.502E-01	3.004E-01
2.911E-02	1.507E-01	-1.507E-01	3.015E-01
2.938E-02	1.513E-01	-1.513E-01	3.026E-01
2.965E-02	1.518E-01	-1.518E-01	3.036E-01
2.992E-02	1.524E-01	-1.524E-01	3.047E-01
3.020E-02	1.529E-01	-1.529E-01	3.058E-01
3.048E-02	1.535E-01	-1.535E-01	3.069E-01
3.076E-02	1.540E-01	-1.540E-01	3.081E-01
3.105E-02	1.546E-01	-1.546E-01	3.092E-01
3.133E-02	1.551E-01	-1.551E-01	3.103E-01
3.162E-02	1.557E-01	-1.557E-01	3.114E-01
3.192E-02	1.562E-01	-1.562E-01	3.125E-01
3.221E-02	1.568E-01	-1.568E-01	3.136E-01
3.251E-02	1.574E-01	-1.574E-01	3.147E-01
3.281E-02	1.579E-01	-1.579E-01	3.159E-01
3.311E-02	1.585E-01	-1.585E-01	3.170E-01
3.342E-02	1.591E-01	-1.591E-01	3.181E-01
3.373E-02	1.596E-01	-1.596E-01	3.192E-01
3.404E-02	1.602E-01	-1.602E-01	3.204E-01
3.436E-02	1.608E-01	-1.608E-01	3.215E-01
3.467E-02	1.613E-01	-1.613E-01	3.226E-01
3.499E-02	1.619E-01	-1.619E-01	3.238E-01
3.532E-02	1.625E-01	-1.625E-01	3.249E-01
3.565E-02	1.630E-01	-1.630E-01	3.261E-01
3.597E-02	1.636E-01	-1.636E-01	3.272E-01
3.631E-02	1.642E-01	-1.642E-01	3.284E-01
3.664E-02	1.648E-01	-1.648E-01	3.295E-01
3.698E-02	1.653E-01	-1.653E-01	3.307E-01
3.733E-02	1.659E-01	-1.659E-01	3.318E-01
3.767E-02	1.665E-01	-1.665E-01	3.330E-01
3.802E-02	1.671E-01	-1.671E-01	3.341E-01
3.837E-02	1.676E-01	-1.676E-01	3.353E-01
3.873E-02	1.682E-01	-1.682E-01	3.365E-01
3.908E-02	1.688E-01	-1.688E-01	3.376E-01
3.945E-02	1.694E-01	-1.694E-01	3.388E-01
3.981E-02	1.700E-01	-1.700E-01	3.399E-01
4.018E-02	1.706E-01	-1.706E-01	3.411E-01
4.055E-02	1.711E-01	-1.711E-01	3.423E-01
4.093E-02	1.717E-01	-1.717E-01	3.435E-01
4.130E-02	1.723E-01	-1.723E-01	3.446E-01
4.169E-02	1.729E-01	-1.729E-01	3.458E-01
4.207E-02	1.735E-01	-1.735E-01	3.470E-01
4.246E-02	1.741E-01	-1.741E-01	3.482E-01
4.285E-02	1.747E-01	-1.747E-01	3.494E-01
4.325E-02	1.753E-01	-1.753E-01	3.505E-01
4.365E-02	1.759E-01	-1.759E-01	3.517E-01
4.406E-02	1.765E-01	-1.765E-01	3.529E-01
4.446E-02	1.770E-01	-1.770E-01	3.541E-01
4.487E-02	1.776E-01	-1.776E-01	3.553E-01
4.529E-02	1.782E-01	-1.782E-01	3.565E-01
4.571E-02	1.788E-01	-1.788E-01	3.577E-01
4.613E-02	1.794E-01	-1.794E-01	3.589E-01
4.656E-02	1.800E-01	-1.800E-01	3.601E-01
4.699E-02	1.806E-01	-1.806E-01	3.612E-01
4.742E-02	1.812E-01	-1.812E-01	3.624E-01
4.786E-02	1.818E-01	-1.818E-01	3.636E-01
4.831E-02	1.824E-01	-1.824E-01	3.648E-01
4.875E-02	1.830E-01	-1.830E-01	3.660E-01
4.920E-02	1.836E-01	-1.836E-01	3.672E-01
4.966E-02	1.842E-01	-1.842E-01	3.684E-01
5.012E-02	1.848E-01	-1.848E-01	3.696E-01
5.058E-02	1.854E-01	-1.854E-01	3.708E-01
5.105E-02	1.860E-01	-1.860E-01	3.721E-01
5.152E-02	1.866E-01	-1.866E-01	3.733E-01
5.200E-02	1.872E-01	-1.872E-01	3.745E-01
5.248E-02	1.878E-01	-1.878E-01	3.757E-01
5.297E-02	1.884E-01	-1.884E-01	3.769E-01
5.346E-02	1.890E-01	-1.890E-01	3.781E-01
5.395E-02	1.896E-01	-1.896E-01	3.793E-01
5.445E-02	1.902E-01	-1.902E-01	3.805E-01
5.495E-02	1.909E-01	-1.909E-01	3.817E-01
5.546E-02	1.915E-01	-1.915E-01	3.829E-01
5.598E-02	1.921E-01	-1.921E-01	3.841E-01
5.649E-02	1.927E-01	-1.927E-01	3.853E-01
5.702E-02	1.933E-01	-1.933E-01	3.865E-01
5.754E-02	1.939E-01	-1.939E-01	3.878E-01
5.808E-02	1.945E-01	-1.945E-01	3.890E-01
5.861E-02	1.951E-01	-1.951E-01	3.902E-01
5.916E-02	1.957E-01	-1.957E-01	3.914E-01
5.970E-02	1.963E-01	-1.963E-01	3.926E-01
6.026E-02	1.969E-01	-1.969E-01	3.938E-01
6.081E-02	1.975E-01	-1.975E-01	3.950E-01
6.138E-02	1.981E-01	-1.981E-01	3.962E-01
6.194E-02	1.987E-01	-1.987E-01	3.974E-01
6.252E-02	1.993E-01	-1.993E-01	3.986E-01
6.310E-02	1.999E-01	-1.999E-01	3.998E-01
6.368E-02	2.005E-01	-2.005E-01	4.010E-01
6.427E-02	2.011E-01	-2.011E-01	4.022E-01
6.486E-02	2.017E-01	-2.017E-01	4.034E-01
6.546E-02	2.023E-01	-2.023E-01	4.046E-01
6.607E-02	2.029E-01	-2.029E-01	4.058E-01
6.668E-02	2.035E-01	-2.035E-01	4.070E-01
6.730E-02	2.041E-01	-2.041E-01	4.082E-01
6.792E-02	2.047E-01	-2.047E-01	4.094E-01
6.855E-02	2.053E-01	-2.053E-01	4.106E-01
6.918E-02	2.059E-01	-2.059E-01	4.118E-01
6.982E-02	2.065E-01	-2.065E-01	4.130E-01
7.047E-02	2.071E-01	-2.071E-01	4.142E-01
7.112E-02	2.077E-01	-2.077E-01	4.154E-01
7.178E-02	2.083E-01	-2.083E-01	4.166E-01
7.244E-02	2.089E-01	-2.089E-01	4.178E-01
7.311E-02	2.095E-01	-2.095E-01	4.190E-01
7.379E-02	2.101E-01	-2.101E-01	4.201E-01
7.447E-02	2.107E-01	-2.107E-01	4.213E-01
7.516E-02	2.112E-01	-2.112E-01	4.225E-01
7.586E-02	2.118E-01	-2.118E-01	4.237E-01
7.656E-02	2.124E-01	-2.124E-01	4.248E-01
7.727E-02	2.130E-01	-2.130E-01	4.260E-01
7.798E-02	2.136E-01	-2.136E-01	4.272E-01
7.870E-02	2.142E-01	-2.142E-01	4.283E-01
7.943E-02	2.147E-01	-2.147E-01	4.295E-01
8.017E-02	2.153E-01	-2.153E-01	4.306E-01
8.091E-02	2.159E-01	-2.159E-01	4.318E-01
8.166E-02	2.165E-01	-2.165E-01	4.329E-01
8.241E-02	2.170E-01	-2.170E-01	4.341E-01
8.318E-02	2.176E-01	-2.176E-01	4.352E-01
8.395E-02	2.182E-01	-2.182E-01	4.364E-01
8.472E-02	2.188E-01	-2.188E-01	4.375E-01
8.551E-02	2.193E-01	-2.193E-01	4.386E-01
8.630E-02	2.199E-01	-2.199E-01	4.398E-01
8.710E-02	2.204E-01	-2.204E-01	4.409E-01
8.790E-02	2.210E-01	-2.210E-01	4.420E-01
8.872E-02	2.216E-01	-2.216E-01	4.431E-01
8.954E-02	2.221E-01	-2.221E-01	4.442E-01
9.036E-02	2.227E-01	-2.227E-01	4.453E-01
9.120E-02	2.232E-01	-2.232E-01	4.464E-01
9.204E-02	2.238E-01	-2.238E-01	4.475E-01
9.290E-02	2.243E-01	-2.243E-01	4.486E-01
9.376E-02	2.248E-01	-2.248E-01	4.497E-01
9.462E-02	2.254E-01	-2.254E-01	4.508E-01
9.550E-02	2.259E-01	-2.259E-01	4.518E-01
9.638E-02	2.265E-01	-2.265E-01	4.529E-01
9.727E-02	2.270E-01	-2.270E-01	4.540E-01
9.817E-02	2.275E-01	-2.275E-01	4.550E-01
9.908E-02	2.280E-01	-2.280E-01	4.561E-01
1.000E-01	2.286E-01	-2.286E-01	4.571E-01
1.009E-01	2.291E-01	-2.291E-01	4.581E-01
1.019E-01	2.296E-01	-2.296E-01	4.592E-01
1.028E-01	2.301E-01	-2.301E-01	4.602E-01
1.038E-01	2.306E-01	-2.306E-01	4.612E-01
1.047E-01	2.311E-01	-2.311E-01	4.622E-01
1.057E-01	2.316E-01	-2.316E-01	4.632E-01
1.067E-01	2.321E-01	-2.321E-01	4.642E-01
1.076E-01	2.326E-01	-2.326E-01	4.652E-01
1.086E-01	2.331E-01	-2.331E-01	4.662E-01
1.096E-01	2.336E-01	-2.336E-01	4.671E-01
1.107E-01	2.340E-01	-2.340E-01	4.681E-01
1.117E-01	2.345E-01	-2.345E-01	4.691E-01
1.127E-01	2.350E-01	-2.350E-01	4.700E-01
1.138E-01	2.355E-01	-2.355E-01	4.709E-01
1.148E-01	2.359E-01	-2.359E-01	4.719E-01
1.159E-01	2.364E-01	-2.364E-01	4.728E-01
1.169E-01	2.368E-01	-2.368E-01	4.737E-01
1.180E-01	2.373E-01	-2.373E-01	4.746E-01
1.191E-01	2.377E-01	-2.377E-01	4.755E-01
1.202E-01	2.382E-01	-2.382E-01	4.763E-01
1.213E-01	2.386E-01	-2.386E-01	4.772E-01
1.225E-01	2.390E-01	-2.390E-01	4.781E-01
1.236E-01	2.395E-01	-2.395E-01	4.789E-01
1.247E-01	2.399E-01	-2.399E-01	4.797E-01
1.259E-01	2.403E-01	-2.403E-01	4.806E-01
1.271E-01	2.407E-01	-2.407E-01	4.814E-01
1.282E-01	2.411E-01	-2.411E-01	4.822E-01
1.294E-01	2.415E-01	-2.415E-01	4.830E-01
1.306E-01	2.419E-01	-2.419E-01	4.837E-01
1.318E-01	2.423E-01	-2.423E-01	4.845E-01
1.330E-01	2.426E-01	-2.426E-01	4.853E-01
1.343E-01	2.430E-01	-2.430E-01	4.860E-01
1.355E-01	2.434E-01	-2.434E-01	4.867E-01
1.368E-01	2.437E-01	-2.437E-01	4.874E-01
1.380E-01	2.441E-01	-2.441E-01	4.881E-01
1.393E-01	2.444E-01	-2.444E-01	4.888E-01
1.406E-01	2.447E-01	-2.447E-01	4.895E-01
1.419E-01	2.451E-01	-2.451E-01	4.902E-01
1.432E-01	2.454E-01	-2.454E-01	4.908E-01
1.445E-01	2.457E-01	-2.457E-01	4.914E-01
1.459E-01	2.460E-01	-2.460E-01	4.920E-01
1.472E-01	2.463E-01	-2.463E-01	4.926E-01
1.486E-01	2.466E-01	-2.466E-01	4.932E-01
1.500E-01	2.469E-01	-2.469E-01	4.938E-01
1.514E-01	2.472E-01	-2.472E-01	4.944E-01
1.528E-01	2.474E-01	-2.474E-01	4.949E-01
1.542E-01	2.477E-01	-2.477E-01	4.954E-01
1.556E-01	2.480E-01	-2.480E-01	4.959E-01
1.570E-01	2.482E-01	-2.482E-01	4.964E-01
1.585E-01	2.484E-01	-2.484E-01	4.969E-01
1.600E-01	2.487E-01	-2.487E-01	4.973E-01
1.614E-01	2.489E-01	-2.489E-01	4.978E-01
1.629E-01	2.491E-01	-2.491E-01	4.982E-01
1.644E-01	2.493E-01	-2.493E-01	4.986E-01
1.660E-01	2.495E-01	-2.495E-01	4.990E-01
1.675E-01	2.497E-01	-2.497E-01	4.993E-01
1.690E-01	2.498E-01	-2.498E-01	4.997E-01
1.706E-01	2.500E-01	-2.500E-01	5.000E-01
1.722E-01	2.501E-01	-2.501E-01	5.003E-01
1.738E-01	2.503E-01	-2.503E-01	5.006E-01
1.754E-01	2.504E-01	-2.504E-01	5.008E-01
1.770E-01	2.505E-01	-2.505E-01	5.011E-01
1.786E-01	2.507E-01	-2.507E-01	5.013E-01
1.803E-01	2.508E-01	-2.508E-01	5.015E-01
1.820E-01	2.508E-01	-2.508E-01	5.017E-01
1.837E-01	2.509E-01	-2.509E-01	5.018E-01
1.854E-01	2.510E-01	-2.510E-01	5.020E-01
1.871E-01	2.510E-01	-2.510E-01	5.021E-01
1.888E-01	2.511E-01	-2.511E-01	5.022E-01
1.905E-01	2.511E-01	-2.511E-01	5.023E-01
1.923E-01	2.511E-01	-2.511E-01	5.023E-01
1.941E-01	2.512E-01	-2.512E-01	5.023E-01
1.959E-01	2.512E-01	-2.512E-01	5.023E-01
1.977E-01	2.511E-01	-2.511E-01	5.023E-01
1.995E-01	2.511E-01	-2.511E-01	5.022E-01
2.014E-01	2.511E-01	-2.511E-01	5.022E-01
2.032E-01	2.510E-01	-2.510E-01	5.020E-01
2.051E-01	2.510E-01	-2.510E-01	5.019E-01
2.070E-01	2.509E-01	-2.509E-01	5.018E-01
2.089E-01	2.508E-01	-2.508E-01	5.016E-01
2.109E-01	2.507E-01	-2.507E-01	5.014E-01
2.128E-01	2.506E-01	-2.506E-01	5.011E-01
2.148E-01	2.504E-01	-2.504E-01	5.009E-01
2.168E-01	2.503E-01	-2.503E-01	5.006E-01
2.188E-01	2.501E-01	-2.501E-01	5.003E-01
2.208E-01	2.500E-01	-2.500E-01	4.999E-01
2.228E-01	2.498E-01	-2.498E-01	4.995E-01
2.249E-01	2.496E-01	-2.496E-01	4.991E-01
2.270E-01	2.494E-01	-2.494E-01	4.987E-01
2.291E-01	2.491E-01	-2.491E-01	4.982E-01
2.312E-01	2.489E-01	-2.489E-01	4.978E-01
2.333E-01	2.486E-01	-2.486E-01	4.972E-01
2.355E-01	2.483E-01	-2.483E-01	4.967E-01
2.377E-01	2.480E-01	-2.480E-01	4.961E-01
2.399E-01	2.477E-01	-2.477E-01	4.955E-01
2.421E-01	2.474E-01	-2.474E-01	4.948E-01
2.443E-01	2.471E-01	-2.471E-01	4.941E-01
2.466E-01	2.467E-01	-2.467E-01	4.934E-01
2.489E-01	2.463E-01	-2.463E-01	4.927E-01
2.512E-01	2.459E-01	-2.459E-01	4.919E-01
2.535E-01	2.455E-01	-2.455E-01	4.911E-01
2.559E-01	2.451E-01	-2.451E-01	4.902E-01
2.582E-01	2.447E-01	-2.447E-01	4.894E-01
2.606E-01	2.442E-01	-2.442E-01	4.884E-01
2.630E-01	2.437E-01	-2.437E-01	4.875E-01
2.655E-01	2.432E-01	-2.432E-01	4.865E-01
2.679E-01	2.427E-01	-2.427E-01	4.855E-01
2.704E-01	2.422E-01	-2.422E-01	4.844E-01
2.729E-01	2.417E-01	-2.417E-01	4.833E-01
2.754E-01	2.411E-01	-2.411E-01	4.822E-01
2.780E-01	2.405E-01	-2.405E-01	4.810E-01
2.805E-01	2.399E-01	-2.399E-01	4.798E-01
2.831E-01	2.393E-01	-2.393E-01	4.786E-01
2.858E-01	2.386E-01	-2.386E-01	4.773E-01
2.884E-01	2.380E-01	-2.380E-01	4.760E-01
2.911E-01	2.373E-01	-2.373E-01	4.746E-01
2.938E-01	2.366E-01	-2.366E-01	4.732E-01
2.965E-01	2.359E-01	-2.359E-01	4.718E-01
2.992E-01	2.351E-01	-2.351E-01	4.703E-01
3.020E-01	2.344E-01	-2.344E-01	4.688E-01
3.048E-01	2.336E-01	-2.336E-01	4.672E-01
3.076E-01	2.328E-01	-2.328E-01	4.656E-01
3.105E-01	2.320E-01	-2.320E-01	4.640E-01
3.133E-01	2.311E-01	-2.311E-01	4.623E-01
3.162E-01	2.303E-01	-2.303E-01	4.605E-01
3.192E-01	2.294E-01	-2.294E-01	4.588E-01
3.221E-01	2.285E-01	-2.285E-01	4.570E-01
3.251E-01	2.276E-01	-2.276E-01	4.551E-01
3.281E-01	2.266E-01	-2.266E-01	4.532E-01
3.311E-01	2.256E-01	-2.256E-01	4.513E-01
3.342E-01	2.246E-01	-2.246E-01	4.493E-01
3.373E-01	2.236E-01	-2.236E-01	4.472E-01
3.404E-01	2.226E-01	-2.226E-01	4.452E-01
3.436E-01	2.215E-01	-2.215E-01	4.431E-01
3.467E-01	2.204E-01	-2.204E-01	4.409E-01
3.499E-01	2.193E-01	-2.193E-01	4.387E-01
3.532E-01	2.182E-01	-2.182E-01	4.364E-01
3.565E-01	2.171E-01	-2.171E-01	4.341E-01
3.597E-01	2.159E-01	-2.159E-01	4.318E-01
3.631E-01	2.147E-01	-2.147E-01	4.294E-01
3.664E-01	2.135E-01	-2.135E-01	4.269E-01
3.698E-01	2.122E-01	-2.122E-01	4.245E-01
3.733E-01	2.110E-01	-2.110E-01	4.219E-01
3.767E-01	2.097E-01	-2.097E-01	4.193E-01
3.802E-01	2.084E-01	-2.084E-01	4.167E-01
3.837E-01	2.070E-01	-2.070E-01	4.140E-01
3.873E-01	2.057E-01	-2.057E-01	4.113E-01
3.908E-01	2.043E-01	-2.043E-01	4.085E-01
3.945E-01	2.029E-01	-2.029E-01	4.057E-01
3.981E-01	2.014E-01	-2.014E-01	4.029E-01
4.018E-01	2.000E-01	-2.000E-01	3.999E-01
4.055E-01	1.985E-01	-1.985E-01	3.970E-01
4.093E-01	1.970E-01	-1.970E-01	3.940E-01
4.130E-01	1.954E-01	-1.954E-01	3.909E-01
4.169E-01	1.939E-01	-1.939E-01	3.878E-01
4.207E-01	1.923E-01	-1.923E-01	3.846E-01
4.246E-01	1.907E-01	-1.907E-01	3.814E-01
4.285E-01	1.891E-01	-1.891E-01	3.781E-01
4.325E-01	1.874E-01	-1.874E-01	3.748E-01
4.365E-01	1.857E-01	-1.857E-01	3.715E-01
4.406E-01	1.840E-01	-1.840E-01	3.680E-01
4.446E-01	1.823E-01	-1.823E-01	3.646E-01
4.487E-01	1.805E-01	-1.805E-01	3.611E-01
4.529E-01	1.788E-01	-1.788E-01	3.575E-01
4.571E-01	1.769E-01	-1.769E-01	3.539E-01
4.613E-01	1.751E-01	-1.751E-01	3.502E-01
4.656E-01	1.733E-01	-1.733E-01	3.465E-01
4.699E-01	1.714E-01	-1.714E-01	3.428E-01
4.742E-01	1.695E-01	-1.695E-01	3.390E-01
4.786E-01	1.676E-01	-1.676E-01	3.351E-01
4.831E-01	1.656E-01	-1.656E-01	3.312E-01
4.875E-01	1.636E-01	-1.636E-01	3.272E-01
4.920E-01	1.616E-01	-1.616E-01	3.232E-01
4.966E-01	1.596E-01	-1.596E-01	3.192E-01
5.012E-01	1.575E-01	-1.575E-01	3.151E-01
5.058E-01	1.555E-01	-1.555E-01	3.109E-01
5.105E-01	1.534E-01	-1.534E-01	3.067E-01
5.152E-01	1.512E-01	-1.512E-01	3.025E-01
5.200E-01	1.491E-01	-1.491E-01	2.982E-01
5.248E-01	1.469E-01	-1.469E-01	2.939E-01
5.297E-01	1.447E-01	-1.447E-01	2.895E-01
5.346E-01	1.425E-01	-1.425E-01	2.851E-01
5.395E-01	1.403E-01	-1.403E-01	2.806E-01
5.445E-01	1.380E-01	-1.380E-01	2.761E-01
5.495E-01	1.358E-01	-1.358E-01	2.715E-01
5.546E-01	1.335E-01	-1.335E-01	2.669E-01
5.598E-01	1.312E-01	-1.312E-01	2.623E-01
5.649E-01	1.288E-01	-1.288E-01	2.576E-01
5.702E-01	1.265E-01	-1.265E-01	2.529E-01
5.754E-01	1.241E-01	-1.241E-01	2.481E-01
5.808E-01	1.217E-01	-1.217E-01	2.434E-01
5.861E-01	1.193E-01	-1.193E-01	2.385E-01
5.916E-01	1.168E-01	-1.168E-01	2.337E-01
5.970E-01	1.144E-01	-1.144E-01	2.288E-01
6.026E-01	1.119E-01	-1.119E-01	2.238E-01
6.081E-01	1.094E-01	-1.094E-01	2.189E-01
6.138E-01	1.069E-01	-1.069E-01	2.139E-01
6.194E-01	1.044E-01	-1.044E-01	2.088E-01
6.252E-01	1.019E-01	-1.019E-01	2.038E-01
6.310E-01	9.936E-02	-9.936E-02	1.987E-01
6.368E-01	9.681E-02	-9.681E-02	1.936E-01
6.427E-01	9.425E-02	-9.425E-02	1.885E-01
6.486E-01	9.168E-02	-9.168E-02	1.834E-01
6.546E-01	8.910E-02	-8.910E-02	1.782E-01
6.607E-01	8.652E-02	-8.652E-02	1.730E-01
6.668E-01	8.393E-02	-8.393E-02	1.679E-01
6.730E-01	8.133E-02	-8.133E-02	1.627E-01
6.792E-01	7.873E-02	-7.873E-02	1.575E-01
6.855E-01	7.613E-02	-7.613E-02	1.523E-01
6.918E-01	7.353E-02	-7.353E-02	1.471E-01
6.982E-01	7.093E-02	-7.093E-02	1.419E-01
7.047E-01	6.833E-02	-6.833E-02	1.367E-01
7.112E-01	6.574E-02	-6.574E-02	1.315E-01
7.178E-01	6.315E-02	-6.315E-02	1.263E-01
7.244E-01	6.058E-02	-6.058E-02	1.212E-01
7.311E-01	5.801E-02	-5.801E-02	1.160E-01
7.379E-01	5.545E-02	-5.545E-02	1.109E-01
7.447E-01	5.291E-02	-5.291E-02	1.058E-01
7.516E-01	5.039E-02	-5.039E-02	1.008E-01
7.586E-01	4.789E-02	-4.789E-02	9.577E-02
7.656E-01	4.540E-02	-4.540E-02	9.081E-02
7.727E-01	4.295E-02	-4.295E-02	8.590E-02
7.798E-01	4.052E-02	-4.052E-02	8.104E-02
7.870E-01	3.812E-02	-3.812E-02	7.624E-02
7.943E-01	3.576E-02	-3.576E-02	7.151E-02
8.017E-01	3.343E-02	-3.343E-02	6.686E-02
8.091E-01	3.114E-02	-3.114E-02	6.229E-02
8.166E-01	2.890E-02	-2.890E-02	5.780E-02
8.241E-01	2.670E-02	-2.670E-02	5.341E-02
8.318E-01	2.456E-02	-2.456E-02	4.912E-02
8.395E-01	2.247E-02	-2.247E-02	4.495E-02
8.472E-01	2.045E-02	-2.045E-02	4.089E-02
8.551E-01	1.848E-02	-1.848E-02	3.697E-02
8.630E-01	1.659E-02	-1.659E-02	3.318E-02
8.710E-01	1.477E-02	-1.477E-02	2.954E-02
8.790E-01	1.303E-02	-1.303E-02	2.605E-02
8.872E-01	1.137E-02	-1.137E-02	2.274E-02
8.954E-01	9.800E-03	-9.800E-03	1.960E-02
9.036E-01	8.326E-03	-8.326E-03	1.665E-02
9.120E-01	6.952E-03	-6.952E-03	1.390E-02
9.204E-01	5.684E-03	-5.684E-03	1.137E-02
9.290E-01	4.528E-03	-4.528E-03	9.056E-03
9.376E-01	3.490E-03	-3.490E-03	6.980E-03
9.462E-01	2.576E-03	-2.576E-03	5.152E-03
9.550E-01	1.792E-03	-1.792E-03	3.585E-03
9.638E-01	1.145E-03	-1.145E-03	2.289E-03
9.727E-01	6.382E-04	-6.382E-04	1.276E-03
9.817E-01	2.778E-04	-2.778E-04	5.556E-04
9.908E-01	6.483E-05	-6.483E-05	1.297E-04
