Q0 = 0.9 GeV	 Q = 0.9 GeV
x	 x*uv	 x*dv	 x*(uv-dv)
1.000E-04	3.765E-03	-3.765E-03	7.530E-03
1.009E-04	3.782E-03	-3.782E-03	7.565E-03
1.019E-04	3.800E-03	-3.800E-03	7.600E-03
1.028E-04	3.817E-03	-3.817E-03	7.635E-03
1.038E-04	3.835E-03	-3.835E-03	7.670E-03
1.047E-04	3.853E-03	-3.853E-03	7.706E-03
1.057E-04	3.871E-03	-3.871E-03	7.741E-03
1.067E-04	3.889E-03	-3.889E-03	7.777E-03
1.076E-04	3.907E-03	-3.907E-03	7.813E-03
1.086E-04	3.925E-03	-3.925E-03	7.849E-03
1.096E-04	3.943E-03	-3.943E-03	7.886E-03
1.107E-04	3.961E-03	-3.961E-03	7.922E-03
1.117E-04	3.979E-03	-3.979E-03	7.959E-03
1.127E-04	3.998E-03	-3.998E-03	7.996E-03
1.138E-04	4.016E-03	-4.016E-03	8.033E-03
1.148E-04	4.035E-03	-4.035E-03	8.070E-03
1.159E-04	4.054E-03	-4.054E-03	8.107E-03
1.169E-04	4.072E-03	-4.072E-03	8.145E-03
1.180E-04	4.091E-03	-4.091E-03	8.183E-03
1.191E-04	4.110E-03	-4.110E-03	8.220E-03
1.202E-04	4.129E-03	-4.129E-03	8.259E-03
1.213E-04	4.148E-03	-4.148E-03	8.297E-03
1.225E-04	4.168E-03	-4.168E-03	8.335E-03
1.236E-04	4.187E-03	-4.187E-03	8.374E-03
1.247E-04	4.206E-03	-4.206E-03	8.413E-03
1.259E-04	4.226E-03	-4.226E-03	8.452E-03
1.271E-04	4.245E-03	-4.245E-03	8.491E-03
1.282E-04	4.265E-03	-4.265E-03	8.530E-03
1.294E-04	4.285E-03	-4.285E-03	8.570E-03
1.306E-04	4.305E-03	-4.305E-03	8.609E-03
1.318E-04	4.325E-03	-4.325E-03	8.649E-03
1.330E-04	4.345E-03	-4.345E-03	8.689E-03
1.343E-04	4.365E-03	-4.365E-03	8.729E-03
1.355E-04	4.385E-03	-4.385E-03	8.770E-03
1.368E-04	4.405E-03	-4.405E-03	8.810E-03
1.380E-04	4.426E-03	-4.426E-03	8.851E-03
1.393E-04	4.446E-03	-4.446E-03	8.892E-03
1.406E-04	4.467E-03	-4.467E-03	8.933E-03
1.419E-04	4.487E-03	-4.487E-03	8.975E-03
1.432E-04	4.508E-03	-4.508E-03	9.016E-03
1.445E-04	4.529E-03	-4.529E-03	9.058E-03
1.459E-04	4.550E-03	-4.550E-03	9.100E-03
1.472E-04	4.571E-03	-4.571E-03	9.142E-03
1.486E-04	4.592E-03	-4.592E-03	9.185E-03
1.500E-04	4.614E-03	-4.614E-03	9.227E-03
1.514E-04	4.635E-03	-4.635E-03	9.270E-03
1.528E-04	4.656E-03	-4.656E-03	9.313E-03
1.542E-04	4.678E-03	-4.678E-03	9.356E-03
1.556E-04	4.700E-03	-4.700E-03	9.399E-03
1.570E-04	4.722E-03	-4.722E-03	9.443E-03
1.585E-04	4.743E-03	-4.743E-03	9.487E-03
1.600E-04	4.765E-03	-4.765E-03	9.531E-03
1.614E-04	4.787E-03	-4.787E-03	9.575E-03
1.629E-04	4.810E-03	-4.810E-03	9.619E-03
1.644E-04	4.832E-03	-4.832E-03	9.664E-03
1.660E-04	4.854E-03	-4.854E-03	9.709E-03
1.675E-04	4.877E-03	-4.877E-03	9.754E-03
1.690E-04	4.899E-03	-4.899E-03	9.799E-03
1.706E-04	4.922E-03	-4.922E-03	9.844E-03
1.722E-04	4.945E-03	-4.945E-03	9.890E-03
1.738E-04	4.968E-03	-4.968E-03	9.936E-03
1.754E-04	4.991E-03	-4.991E-03	9.982E-03
1.770E-04	5.014E-03	-5.014E-03	1.003E-02
1.786E-04	5.037E-03	-5.037E-03	1.007E-02
1.803E-04	5.061E-03	-5.061E-03	1.012E-02
1.820E-04	5.084E-03	-5.084E-03	1.017E-02
1.837E-04	5.108E-03	-5.108E-03	1.022E-02
1.854E-04	5.131E-03	-5.131E-03	1.026E-02
1.871E-04	5.155E-03	-5.155E-03	1.031E-02
1.888E-04	5.179E-03	-5.179E-03	1.036E-02
1.905E-04	5.203E-03	-5.203E-03	1.041E-02
1.923E-04	5.227E-03	-5.227E-03	1.045E-02
1.941E-04	5.252E-03	-5.252E-03	1.050E-02
1.959E-04	5.276E-03	-5.276E-03	1.055E-02
1.977E-04	5.300E-03	-5.300E-03	1.060E-02
1.995E-04	5.325E-03	-5.325E-03	1.065E-02
2.014E-04	5.350E-03	-5.350E-03	1.070E-02
2.032E-04	5.374E-03	-5.374E-03	1.075E-02
2.051E-04	5.399E-03	-5.399E-03	1.080E-02
2.070E-04	5.424E-03	-5.424E-03	1.085E-02
2.089E-04	5.450E-03	-5.450E-03	1.090E-02
2.109E-04	5.475E-03	-5.475E-03	1.095E-02
2.128E-04	5.500E-03	-5.500E-03	1.100E-02
2.148E-04	5.526E-03	-5.526E-03	1.105E-02
2.168E-04	5.551E-03	-5.551E-03	1.110E-02
2.188E-04	5.577E-03	-5.577E-03	1.115E-02
2.208E-04	5.603E-03	-5.603E-03	1.121E-02
2.228E-04	5.629E-03	-5.629E-03	1.126E-02
2.249E-04	5.655E-03	-5.655E-03	1.131E-02
2.270E-04	5.681E-03	-5.681E-03	1.136E-02
2.291E-04	5.708E-03	-5.708E-03	1.142E-02
2.312E-04	5.734E-03	-5.734E-03	1.147E-02
2.333E-04	5.761E-03	-5.761E-03	1.152E-02
2.355E-04	5.788E-03	-5.788E-03	1.158E-02
2.377E-04	5.815E-03	-5.815E-03	1.163E-02
2.399E-04	5.842E-03	-5.842E-03	1.168E-02
2.421E-04	5.869E-03	-5.869E-03	1.174E-02
2.443E-04	5.896E-03	-5.896E-03	1.179E-02
2.466E-04	5.923E-03	-5.923E-03	1.185E-02
2.489E-04	5.951E-03	-5.951E-03	1.190E-02
2.512E-04	5.978E-03	-5.978E-03	1.196E-02
2.535E-04	6.006E-03	-6.006E-03	1.201E-02
2.559E-04	6.034E-03	-6.034E-03	1.207E-02
2.582E-04	6.062E-03	-6.062E-03	1.212E-02
2.606E-04	6.090E-03	-6.090E-03	1.218E-02
2.630E-04	6.119E-03	-6.119E-03	1.224E-02
2.655E-04	6.147E-03	-6.147E-03	1.229E-02
2.679E-04	6.176E-03	-6.176E-03	1.235E-02
2.704E-04	6.204E-03	-6.204E-03	1.241E-02
2.729E-04	6.233E-03	-6.233E-03	1.247E-02
2.754E-04	6.262E-03	-6.262E-03	1.252E-02
2.780E-04	6.291E-03	-6.291E-03	1.258E-02
2.805E-04	6.320E-03	-6.320E-03	1.264E-02
2.831E-04	6.350E-03	-6.350E-03	1.270E-02
2.858E-04	6.379E-03	-6.379E-03	1.276E-02
2.884E-04	6.409E-03	-6.409E-03	1.282E-02
2.911E-04	6.439E-03	-6.439E-03	1.288E-02
2.938E-04	6.469E-03	-6.469E-03	1.294E-02
2.965E-04	6.499E-03	-6.499E-03	1.300E-02
2.992E-04	6.529E-03	-6.529E-03	1.306E-02
3.020E-04	6.559E-03	-6.559E-03	1.312E-02
3.048E-04	6.590E-03	-6.590E-03	1.318E-02
3.076E-04	6.620E-03	-6.620E-03	1.324E-02
3.105E-04	6.651E-03	-6.651E-03	1.330E-02
3.133E-04	6.682E-03	-6.682E-03	1.336E-02
3.162E-04	6.713E-03	-6.713E-03	1.343E-02
3.192E-04	6.744E-03	-6.744E-03	1.349E-02
3.221E-04	6.776E-03	-6.776E-03	1.355E-02
3.251E-04	6.807E-03	-6.807E-03	1.361E-02
3.281E-04	6.839E-03	-6.839E-03	1.368E-02
3.311E-04	6.871E-03	-6.871E-03	1.374E-02
3.342E-04	6.903E-03	-6.903E-03	1.381E-02
3.373E-04	6.935E-03	-6.935E-03	1.387E-02
3.404E-04	6.967E-03	-6.967E-03	1.393E-02
3.436E-04	6.999E-03	-6.999E-03	1.400E-02
3.467E-04	7.032E-03	-7.032E-03	1.406E-02
3.499E-04	7.065E-03	-7.065E-03	1.413E-02
3.532E-04	7.098E-03	-7.098E-03	1.420E-02
3.565E-04	7.131E-03	-7.131E-03	1.426E-02
3.597E-04	7.164E-03	-7.164E-03	1.433E-02
3.631E-04	7.197E-03	-7.197E-03	1.439E-02
3.664E-04	7.231E-03	-7.231E-03	1.446E-02
3.698E-04	7.264E-03	-7.264E-03	1.453E-02
3.733E-04	7.298E-03	-7.298E-03	1.460E-02
3.767E-04	7.332E-03	-7.332E-03	1.466E-02
3.802E-04	7.366E-03	-7.366E-03	1.473E-02
3.837E-04	7.401E-03	-7.401E-03	1.480E-02
3.873E-04	7.435E-03	-7.435E-03	1.487E-02
3.908E-04	7.470E-03	-7.470E-03	1.494E-02
3.945E-04	7.504E-03	-7.504E-03	1.501E-02
3.981E-04	7.539E-03	-7.539E-03	1.508E-02
4.018E-04	7.574E-03	-7.574E-03	1.515E-02
4.055E-04	7.610E-03	-7.610E-03	1.522E-02
4.093E-04	7.645E-03	-7.645E-03	1.529E-02
4.130E-04	7.681E-03	-7.681E-03	1.536E-02
4.169E-04	7.717E-03	-7.717E-03	1.543E-02
4.207E-04	7.753E-03	-7.753E-03	1.551E-02
4.246E-04	7.789E-03	-7.789E-03	1.558E-02
4.285E-04	7.825E-03	-7.825E-03	1.565E-02
4.325E-04	7.861E-03	-7.861E-03	1.572E-02
4.365E-04	7.898E-03	-7.898E-03	1.580E-02
4.406E-04	7.935E-03	-7.935E-03	1.587E-02
4.446E-04	7.972E-03	-7.972E-03	1.594E-02
4.487E-04	8.009E-03	-8.009E-03	1.602E-02
4.529E-04	8.046E-03	-8.046E-03	1.609E-02
4.571E-04	8.084E-03	-8.084E-03	1.617E-02
4.613E-04	8.122E-03	-8.122E-03	1.624E-02
4.656E-04	8.159E-03	-8.159E-03	1.632E-02
4.699E-04	8.198E-03	-8.198E-03	1.640E-02
4.742E-04	8.236E-03	-8.236E-03	1.647E-02
4.786E-04	8.274E-03	-8.274E-03	1.655E-02
4.831E-04	8.313E-03	-8.313E-03	1.663E-02
4.875E-04	8.352E-03	-8.352E-03	1.670E-02
4.920E-04	8.391E-03	-8.391E-03	1.678E-02
4.966E-04	8.430E-03	-8.430E-03	1.686E-02
5.012E-04	8.469E-03	-8.469E-03	1.694E-02
5.058E-04	8.509E-03	-8.509E-03	1.702E-02
5.105E-04	8.548E-03	-8.548E-03	1.710E-02
5.152E-04	8.588E-03	-8.588E-03	1.718E-02
5.200E-04	8.628E-03	-8.628E-03	1.726E-02
5.248E-04	8.669E-03	-8.669E-03	1.734E-02
5.297E-04	8.709E-03	-8.709E-03	1.742E-02
5.346E-04	8.750E-03	-8.750E-03	1.750E-02
5.395E-04	8.791E-03	-8.791E-03	1.758E-02
5.445E-04	8.832E-03	-8.832E-03	1.766E-02
5.495E-04	8.873E-03	-8.873E-03	1.775E-02
5.546E-04	8.914E-03	-8.914E-03	1.783E-02
5.598E-04	8.956E-03	-8.956E-03	1.791E-02
5.649E-04	8.998E-03	-8.998E-03	1.800E-02
5.702E-04	9.040E-03	-9.040E-03	1.808E-02
5.754E-04	9.082E-03	-9.082E-03	1.816E-02
5.808E-04	9.125E-03	-9.125E-03	1.825E-02
5.861E-04	9.167E-03	-9.167E-03	1.833E-02
5.916E-04	9.210E-03	-9.210E-03	1.842E-02
5.970E-04	9.253E-03	-9.253E-03	1.851E-02
6.026E-04	9.296E-03	-9.296E-03	1.859E-02
6.081E-04	9.340E-03	-9.340E-03	1.868E-02
6.138E-04	9.383E-03	-9.383E-03	1.877E-02
6.194E-04	9.427E-03	-9.427E-03	1.885E-02
6.252E-04	9.471E-03	-9.471E-03	1.894E-02
6.310E-04	9.516E-03	-9.516E-03	1.903E-02
6.368E-04	9.560E-03	-9.560E-03	1.912E-02
6.427E-04	9.605E-03	-9.605E-03	1.921E-02
6.486E-04	9.650E-03	-9.650E-03	1.930E-02
6.546E-04	9.695E-03	-9.695E-03	1.939E-02
6.607E-04	9.740E-03	-9.740E-03	1.948E-02
6.668E-04	9.786E-03	-9.786E-03	1.957E-02
6.730E-04	9.832E-03	-9.832E-03	1.966E-02
6.792E-04	9.878E-03	-9.878E-03	1.976E-02
6.855E-04	9.924E-03	-9.924E-03	1.985E-02
6.918E-04	9.971E-03	-9.971E-03	1.994E-02
6.982E-04	1.002E-02	-1.002E-02	2.003E-02
7.047E-04	1.006E-02	-1.006E-02	2.013E-02
7.112E-04	1.011E-02	-1.011E-02	2.022E-02
7.178E-04	1.016E-02	-1.016E-02	2.032E-02
7.244E-04	1.021E-02	-1.021E-02	2.041E-02
7.311E-04	1.025E-02	-1.025E-02	2.051E-02
7.379E-04	1.030E-02	-1.030E-02	2.060E-02
7.447E-04	1.035E-02	-1.035E-02	2.070E-02
7.516E-04	1.040E-02	-1.040E-02	2.080E-02
7.586E-04	1.045E-02	-1.045E-02	2.090E-02
7.656E-04	1.050E-02	-1.050E-02	2.099E-02
7.727E-04	1.055E-02	-1.055E-02	2.109E-02
7.798E-04	1.060E-02	-1.060E-02	2.119E-02
7.870E-04	1.065E-02	-1.065E-02	2.129E-02
7.943E-04	1.070E-02	-1.070E-02	2.139E-02
8.017E-04	1.075E-02	-1.075E-02	2.149E-02
8.091E-04	1.080E-02	-1.080E-02	2.159E-02
8.166E-04	1.085E-02	-1.085E-02	2.169E-02
8.241E-04	1.090E-02	-1.090E-02	2.179E-02
8.318E-04	1.095E-02	-1.095E-02	2.190E-02
8.395E-04	1.100E-02	-1.100E-02	2.200E-02
8.472E-04	1.105E-02	-1.105E-02	2.210E-02
8.551E-04	1.110E-02	-1.110E-02	2.221E-02
8.630E-04	1.116E-02	-1.116E-02	2.231E-02
8.710E-04	1.121E-02	-1.121E-02	2.242E-02
8.790E-04	1.126E-02	-1.126E-02	2.252E-02
8.872E-04	1.131E-02	-1.131E-02	2.263E-02
8.954E-04	1.137E-02	-1.137E-02	2.273E-02
9.036E-04	1.142E-02	-1.142E-02	2.284E-02
9.120E-04	1.147E-02	-1.147E-02	2.295E-02
9.204E-04	1.153E-02	-1.153E-02	2.306E-02
9.290E-04	1.158E-02	-1.158E-02	2.316E-02
9.376E-04	1.164E-02	-1.164E-02	2.327E-02
9.462E-04	1.169E-02	-1.169E-02	2.338E-02
9.550E-04	1.175E-02	-1.175E-02	2.349E-02
9.638E-04	1.180E-02	-1.180E-02	2.360E-02
9.727E-04	1.186E-02	-1.186E-02	2.371E-02
9.817E-04	1.191E-02	-1.191E-02	2.383E-02
9.908E-04	1.197E-02	-1.197E-02	2.394E-02
1.000E-03	1.203E-02	-1.203E-02	2.405E-02
1.009E-03	1.208E-02	-1.208E-02	2.416E-02
1.019E-03	1.214E-02	-1.214E-02	2.428E-02
1.028E-03	1.220E-02	-1.220E-02	2.439E-02
1.038E-03	1.225E-02	-1.225E-02	2.451E-02
1.047E-03	1.231E-02	-1.231E-02	2.462E-02
1.057E-03	1.237E-02	-1.237E-02	2.474E-02
1.067E-03	1.243E-02	-1.243E-02	2.485E-02
1.076E-03	1.249E-02	-1.249E-02	2.497E-02
1.086E-03	1.254E-02	-1.254E-02	2.509E-02
1.096E-03	1.260E-02	-1.260E-02	2.521E-02
1.107E-03	1.266E-02	-1.266E-02	2.533E-02
1.117E-03	1.272E-02	-1.272E-02	2.545E-02
1.127E-03	1.278E-02	-1.278E-02	2.557E-02
1.138E-03	1.284E-02	-1.284E-02	2.569E-02
1.148E-03	1.290E-02	-1.290E-02	2.581E-02
1.159E-03	1.296E-02	-1.296E-02	2.593E-02
1.169E-03	1.303E-02	-1.303E-02	2.605E-02
1.180E-03	1.309E-02	-1.309E-02	2.618E-02
1.191E-03	1.315E-02	-1.315E-02	2.630E-02
1.202E-03	1.321E-02	-1.321E-02	2.642E-02
1.213E-03	1.327E-02	-1.327E-02	2.655E-02
1.225E-03	1.334E-02	-1.334E-02	2.667E-02
1.236E-03	1.340E-02	-1.340E-02	2.680E-02
1.247E-03	1.346E-02	-1.346E-02	2.693E-02
1.259E-03	1.353E-02	-1.353E-02	2.705E-02
1.271E-03	1.359E-02	-1.359E-02	2.718E-02
1.282E-03	1.365E-02	-1.365E-02	2.731E-02
1.294E-03	1.372E-02	-1.372E-02	2.744E-02
1.306E-03	1.378E-02	-1.378E-02	2.757E-02
1.318E-03	1.385E-02	-1.385E-02	2.770E-02
1.330E-03	1.392E-02	-1.392E-02	2.783E-02
1.343E-03	1.398E-02	-1.398E-02	2.796E-02
1.355E-03	1.405E-02	-1.405E-02	2.809E-02
1.368E-03	1.411E-02	-1.411E-02	2.823E-02
1.380E-03	1.418E-02	-1.418E-02	2.836E-02
1.393E-03	1.425E-02	-1.425E-02	2.850E-02
1.406E-03	1.432E-02	-1.432E-02	2.863E-02
1.419E-03	1.438E-02	-1.438E-02	2.877E-02
1.432E-03	1.445E-02	-1.445E-02	2.890E-02
1.445E-03	1.452E-02	-1.452E-02	2.904E-02
1.459E-03	1.459E-02	-1.459E-02	2.918E-02
1.472E-03	1.466E-02	-1.466E-02	2.932E-02
1.486E-03	1.473E-02	-1.473E-02	2.945E-02
1.500E-03	1.480E-02	-1.480E-02	2.959E-02
1.514E-03	1.487E-02	-1.487E-02	2.973E-02
1.528E-03	1.494E-02	-1.494E-02	2.988E-02
1.542E-03	1.501E-02	-1.501E-02	3.002E-02
1.556E-03	1.508E-02	-1.508E-02	3.016E-02
1.570E-03	1.515E-02	-1.515E-02	3.030E-02
1.585E-03	1.522E-02	-1.522E-02	3.045E-02
1.600E-03	1.530E-02	-1.530E-02	3.059E-02
1.614E-03	1.537E-02	-1.537E-02	3.074E-02
1.629E-03	1.544E-02	-1.544E-02	3.088E-02
1.644E-03	1.552E-02	-1.552E-02	3.103E-02
1.660E-03	1.559E-02	-1.559E-02	3.118E-02
1.675E-03	1.566E-02	-1.566E-02	3.133E-02
1.690E-03	1.574E-02	-1.574E-02	3.148E-02
1.706E-03	1.581E-02	-1.581E-02	3.163E-02
1.722E-03	1.589E-02	-1.589E-02	3.178E-02
1.738E-03	1.596E-02	-1.596E-02	3.193E-02
1.754E-03	1.604E-02	-1.604E-02	3.208E-02
1.770E-03	1.612E-02	-1.612E-02	3.223E-02
1.786E-03	1.619E-02	-1.619E-02	3.239E-02
1.803E-03	1.627E-02	-1.627E-02	3.254E-02
1.820E-03	1.635E-02	-1.635E-02	3.269E-02
1.837E-03	1.643E-02	-1.643E-02	3.285E-02
1.854E-03	1.650E-02	-1.650E-02	3.301E-02
1.871E-03	1.658E-02	-1.658E-02	3.316E-02
1.888E-03	1.666E-02	-1.666E-02	3.332E-02
1.905E-03	1.674E-02	-1.674E-02	3.348E-02
1.923E-03	1.682E-02	-1.682E-02	3.364E-02
1.941E-03	1.690E-02	-1.690E-02	3.380E-02
1.959E-03	1.698E-02	-1.698E-02	3.396E-02
1.977E-03	1.706E-02	-1.706E-02	3.413E-02
1.995E-03	1.714E-02	-1.714E-02	3.429E-02
2.014E-03	1.723E-02	-1.723E-02	3.445E-02
2.032E-03	1.731E-02	-1.731E-02	3.462E-02
2.051E-03	1.739E-02	-1.739E-02	3.478E-02
2.070E-03	1.748E-02	-1.748E-02	3.495E-02
2.089E-03	1.756E-02	-1.756E-02	3.512E-02
2.109E-03	1.764E-02	-1.764E-02	3.529E-02
2.128E-03	1.773E-02	-1.773E-02	3.545E-02
2.148E-03	1.781E-02	-1.781E-02	3.562E-02
2.168E-03	1.790E-02	-1.790E-02	3.579E-02
2.188E-03	1.798E-02	-1.798E-02	3.597E-02
2.208E-03	1.807E-02	-1.807E-02	3.614E-02
2.228E-03	1.816E-02	-1.816E-02	3.631E-02
2.249E-03	1.824E-02	-1.824E-02	3.649E-02
2.270E-03	1.833E-02	-1.833E-02	3.666E-02
2.291E-03	1.842E-02	-1.842E-02	3.684E-02
2.312E-03	1.851E-02	-1.851E-02	3.701E-02
2.333E-03	1.860E-02	-1.860E-02	3.719E-02
2.355E-03	1.869E-02	-1.869E-02	3.737E-02
2.377E-03	1.877E-02	-1.877E-02	3.755E-02
2.399E-03	1.887E-02	-1.887E-02	3.773E-02
2.421E-03	1.896E-02	-1.896E-02	3.791E-02
2.443E-03	1.905E-02	-1.905E-02	3.809E-02
2.466E-03	1.914E-02	-1.914E-02	3.828E-02
2.489E-03	1.923E-02	-1.923E-02	3.846E-02
2.512E-03	1.932E-02	-1.932E-02	3.865E-02
2.535E-03	1.942E-02	-1.942E-02	3.883E-02
2.559E-03	1.951E-02	-1.951E-02	3.902E-02
2.582E-03	1.960E-02	-1.960E-02	3.921E-02
2.606E-03	1.970E-02	-1.970E-02	3.940E-02
2.630E-03	1.979E-02	-1.979E-02	3.959E-02
2.655E-03	1.989E-02	-1.989E-02	3.978E-02
2.679E-03	1.998E-02	-1.998E-02	3.997E-02
2.704E-03	2.008E-02	-2.008E-02	4.016E-02
2.729E-03	2.018E-02	-2.018E-02	4.036E-02
2.754E-03	2.028E-02	-2.028E-02	4.055E-02
2.780E-03	2.037E-02	-2.037E-02	4.075E-02
2.805E-03	2.047E-02	-2.047E-02	4.094E-02
2.831E-03	2.057E-02	-2.057E-02	4.114E-02
2.858E-03	2.067E-02	-2.067E-02	4.134E-02
2.884E-03	2.077E-02	-2.077E-02	4.154E-02
2.911E-03	2.087E-02	-2.087E-02	4.174E-02
2.938E-03	2.097E-02	-2.097E-02	4.194E-02
2.965E-03	2.107E-02	-2.107E-02	4.215E-02
2.992E-03	2.118E-02	-2.118E-02	4.235E-02
3.020E-03	2.128E-02	-2.128E-02	4.256E-02
3.048E-03	2.138E-02	-2.138E-02	4.276E-02
3.076E-03	2.148E-02	-2.148E-02	4.297E-02
3.105E-03	2.159E-02	-2.159E-02	4.318E-02
3.133E-03	2.169E-02	-2.169E-02	4.339E-02
3.162E-03	2.180E-02	-2.180E-02	4.360E-02
3.192E-03	2.190E-02	-2.190E-02	4.381E-02
3.221E-03	2.201E-02	-2.201E-02	4.402E-02
3.251E-03	2.212E-02	-2.212E-02	4.424E-02
3.281E-03	2.223E-02	-2.223E-02	4.445E-02
3.311E-03	2.233E-02	-2.233E-02	4.467E-02
3.342E-03	2.244E-02	-2.244E-02	4.488E-02
3.373E-03	2.255E-02	-2.255E-02	4.510E-02
3.404E-03	2.266E-02	-2.266E-02	4.532E-02
3.436E-03	2.277E-02	-2.277E-02	4.554E-02
3.467E-03	2.288E-02	-2.288E-02	4.576E-02
3.499E-03	2.299E-02	-2.299E-02	4.599E-02
3.532E-03	2.311E-02	-2.311E-02	4.621E-02
3.565E-03	2.322E-02	-2.322E-02	4.644E-02
3.597E-03	2.333E-02	-2.333E-02	4.666E-02
3.631E-03	2.345E-02	-2.345E-02	4.689E-02
3.664E-03	2.356E-02	-2.356E-02	4.712E-02
3.698E-03	2.368E-02	-2.368E-02	4.735E-02
3.733E-03	2.379E-02	-2.379E-02	4.758E-02
3.767E-03	2.391E-02	-2.391E-02	4.782E-02
3.802E-03	2.402E-02	-2.402E-02	4.805E-02
3.837E-03	2.414E-02	-2.414E-02	4.828E-02
3.873E-03	2.426E-02	-2.426E-02	4.852E-02
3.908E-03	2.438E-02	-2.438E-02	4.876E-02
3.945E-03	2.450E-02	-2.450E-02	4.900E-02
3.981E-03	2.462E-02	-2.462E-02	4.924E-02
4.018E-03	2.474E-02	-2.474E-02	4.948E-02
4.055E-03	2.486E-02	-2.486E-02	4.972E-02
4.093E-03	2.498E-02	-2.498E-02	4.997E-02
4.130E-03	2.511E-02	-2.511E-02	5.021E-02
4.169E-03	2.523E-02	-2.523E-02	5.046E-02
4.207E-03	2.535E-02	-2.535E-02	5.071E-02
4.246E-03	2.548E-02	-2.548E-02	5.095E-02
4.285E-03	2.560E-02	-2.560E-02	5.121E-02
4.325E-03	2.573E-02	-2.573E-02	5.146E-02
4.365E-03	2.586E-02	-2.586E-02	5.171E-02
4.406E-03	2.598E-02	-2.598E-02	5.197E-02
4.446E-03	2.611E-02	-2.611E-02	5.222E-02
4.487E-03	2.624E-02	-2.624E-02	5.248E-02
4.529E-03	2.637E-02	-2.637E-02	5.274E-02
4.571E-03	2.650E-02	-2.650E-02	5.300E-02
4.613E-03	2.663E-02	-2.663E-02	5.326E-02
4.656E-03	2.676E-02	-2.676E-02	5.352E-02
4.699E-03	2.689E-02	-2.689E-02	5.379E-02
4.742E-03	2.703E-02	-2.703E-02	5.405E-02
4.786E-03	2.716E-02	-2.716E-02	5.432E-02
4.831E-03	2.729E-02	-2.729E-02	5.459E-02
4.875E-03	2.743E-02	-2.743E-02	5.486E-02
4.920E-03	2.757E-02	-2.757E-02	5.513E-02
4.966E-03	2.770E-02	-2.770E-02	5.540E-02
5.012E-03	2.784E-02	-2.784E-02	5.568E-02
5.058E-03	2.798E-02	-2.798E-02	5.596E-02
5.105E-03	2.812E-02	-2.812E-02	5.623E-02
5.152E-03	2.826E-02	-2.826E-02	5.651E-02
5.200E-03	2.840E-02	-2.840E-02	5.679E-02
5.248E-03	2.854E-02	-2.854E-02	5.708E-02
5.297E-03	2.868E-02	-2.868E-02	5.736E-02
5.346E-03	2.882E-02	-2.882E-02	5.764E-02
5.395E-03	2.897E-02	-2.897E-02	5.793E-02
5.445E-03	2.911E-02	-2.911E-02	5.822E-02
5.495E-03	2.926E-02	-2.926E-02	5.851E-02
5.546E-03	2.940E-02	-2.940E-02	5.880E-02
5.598E-03	2.955E-02	-2.955E-02	5.910E-02
5.649E-03	2.970E-02	-2.970E-02	5.939E-02
5.702E-03	2.984E-02	-2.984E-02	5.969E-02
5.754E-03	2.999E-02	-2.999E-02	5.999E-02
5.808E-03	3.014E-02	-3.014E-02	6.029E-02
5.861E-03	3.029E-02	-3.029E-02	6.059E-02
5.916E-03	3.045E-02	-3.045E-02	6.089E-02
5.970E-03	3.060E-02	-3.060E-02	6.120E-02
6.026E-03	3.075E-02	-3.075E-02	6.150E-02
6.081E-03	3.091E-02	-3.091E-02	6.181E-02
6.138E-03	3.106E-02	-3.106E-02	6.212E-02
6.194E-03	3.122E-02	-3.122E-02	6.243E-02
6.252E-03	3.137E-02	-3.137E-02	6.275E-02
6.310E-03	3.153E-02	-3.153E-02	6.306E-02
6.368E-03	3.169E-02	-3.169E-02	6.338E-02
6.427E-03	3.185E-02	-3.185E-02	6.370E-02
6.486E-03	3.201E-02	-3.201E-02	6.402E-02
6.546E-03	3.217E-02	-3.217E-02	6.434E-02
6.607E-03	3.233E-02	-3.233E-02	6.466E-02
6.668E-03	3.250E-02	-3.250E-02	6.499E-02
6.730E-03	3.266E-02	-3.266E-02	6.532E-02
6.792E-03	3.282E-02	-3.282E-02	6.565E-02
6.855E-03	3.299E-02	-3.299E-02	6.598E-02
6.918E-03	3.316E-02	-3.316E-02	6.631E-02
6.982E-03	3.332E-02	-3.332E-02	6.665E-02
7.047E-03	3.349E-02	-3.349E-02	6.699E-02
7.112E-03	3.366E-02	-3.366E-02	6.733E-02
7.178E-03	3.383E-02	-3.383E-02	6.767E-02
7.244E-03	3.401E-02	-3.401E-02	6.801E-02
7.311E-03	3.418E-02	-3.418E-02	6.836E-02
7.379E-03	3.435E-02	-3.435E-02	6.870E-02
7.447E-03	3.453E-02	-3.453E-02	6.905E-02
7.516E-03	3.470E-02	-3.470E-02	6.940E-02
7.586E-03	3.488E-02	-3.488E-02	6.976E-02
7.656E-03	3.506E-02	-3.506E-02	7.011E-02
7.727E-03	3.523E-02	-3.523E-02	7.047E-02
7.798E-03	3.541E-02	-3.541E-02	7.083E-02
7.870E-03	3.559E-02	-3.559E-02	7.119E-02
7.943E-03	3.578E-02	-3.578E-02	7.155E-02
8.017E-03	3.596E-02	-3.596E-02	7.192E-02
8.091E-03	3.614E-02	-3.614E-02	7.228E-02
8.166E-03	3.633E-02	-3.633E-02	7.265E-02
8.241E-03	3.651E-02	-3.651E-02	7.303E-02
8.318E-03	3.670E-02	-3.670E-02	7.340E-02
8.395E-03	3.689E-02	-3.689E-02	7.378E-02
8.472E-03	3.708E-02	-3.708E-02	7.415E-02
8.551E-03	3.727E-02	-3.727E-02	7.454E-02
8.630E-03	3.746E-02	-3.746E-02	7.492E-02
8.710E-03	3.765E-02	-3.765E-02	7.530E-02
8.790E-03	3.785E-02	-3.785E-02	7.569E-02
8.872E-03	3.804E-02	-3.804E-02	7.608E-02
8.954E-03	3.824E-02	-3.824E-02	7.647E-02
9.036E-03	3.843E-02	-3.843E-02	7.687E-02
9.120E-03	3.863E-02	-3.863E-02	7.726E-02
9.204E-03	3.883E-02	-3.883E-02	7.766E-02
9.290E-03	3.903E-02	-3.903E-02	7.806E-02
9.376E-03	3.923E-02	-3.923E-02	7.847E-02
9.462E-03	3.944E-02	-3.944E-02	7.887E-02
9.550E-03	3.964E-02	-3.964E-02	7.928E-02
9.638E-03	3.984E-02	-3.984E-02	7.969E-02
9.727E-03	4.005E-02	-4.005E-02	8.010E-02
9.817E-03	4.026E-02	-4.026E-02	8.052E-02
9.908E-03	4.047E-02	-4.047E-02	8.094E-02
1.000E-02	4.068E-02	-4.068E-02	8.136E-02
1.009E-02	4.089E-02	-4.089E-02	8.178E-02
1.019E-02	4.110E-02	-4.110E-02	8.221E-02
1.028E-02	4.132E-02	-4.132E-02	8.263E-02
1.038E-02	4.153E-02	-4.153E-02	8.306E-02
1.047E-02	4.175E-02	-4.175E-02	8.350E-02
1.057E-02	4.197E-02	-4.197E-02	8.393E-02
1.067E-02	4.219E-02	-4.219E-02	8.437E-02
1.076E-02	4.241E-02	-4.241E-02	8.481E-02
1.086E-02	4.263E-02	-4.263E-02	8.526E-02
1.096E-02	4.285E-02	-4.285E-02	8.570E-02
1.107E-02	4.308E-02	-4.308E-02	8.615E-02
1.117E-02	4.330E-02	-4.330E-02	8.660E-02
1.127E-02	4.353E-02	-4.353E-02	8.706E-02
1.138E-02	4.376E-02	-4.376E-02	8.752E-02
1.148E-02	4.399E-02	-4.399E-02	8.798E-02
1.159E-02	4.422E-02	-4.422E-02	8.844E-02
1.169E-02	4.445E-02	-4.445E-02	8.890E-02
1.180E-02	4.469E-02	-4.469E-02	8.937E-02
1.191E-02	4.492E-02	-4.492E-02	8.984E-02
1.202E-02	4.516E-02	-4.516E-02	9.032E-02
1.213E-02	4.540E-02	-4.540E-02	9.080E-02
1.225E-02	4.564E-02	-4.564E-02	9.128E-02
1.236E-02	4.588E-02	-4.588E-02	9.176E-02
1.247E-02	4.612E-02	-4.612E-02	9.224E-02
1.259E-02	4.637E-02	-4.637E-02	9.273E-02
1.271E-02	4.661E-02	-4.661E-02	9.323E-02
1.282E-02	4.686E-02	-4.686E-02	9.372E-02
1.294E-02	4.711E-02	-4.711E-02	9.422E-02
1.306E-02	4.736E-02	-4.736E-02	9.472E-02
1.318E-02	4.761E-02	-4.761E-02	9.522E-02
1.330E-02	4.787E-02	-4.787E-02	9.573E-02
1.343E-02	4.812E-02	-4.812E-02	9.624E-02
1.355E-02	4.838E-02	-4.838E-02	9.676E-02
1.368E-02	4.864E-02	-4.864E-02	9.727E-02
1.380E-02	4.890E-02	-4.890E-02	9.779E-02
1.393E-02	4.916E-02	-4.916E-02	9.832E-02
1.406E-02	4.942E-02	-4.942E-02	9.884E-02
1.419E-02	4.969E-02	-4.969E-02	9.937E-02
1.432E-02	4.995E-02	-4.995E-02	9.991E-02
1.445E-02	5.022E-02	-5.022E-02	1.004E-01
1.459E-02	5.049E-02	-5.049E-02	1.010E-01
1.472E-02	5.076E-02	-5.076E-02	1.015E-01
1.486E-02	5.104E-02	-5.104E-02	1.021E-01
1.500E-02	5.131E-02	-5.131E-02	1.026E-01
1.514E-02	5.159E-02	-5.159E-02	1.032E-01
1.528E-02	5.187E-02	-5.187E-02	1.037E-01
1.542E-02	5.215E-02	-5.215E-02	1.043E-01
1.556E-02	5.243E-02	-5.243E-02	1.049E-01
1.570E-02	5.271E-02	-5.271E-02	1.054E-01
1.585E-02	5.300E-02	-5.300E-02	1.060E-01
1.600E-02	5.329E-02	-5.329E-02	1.066E-01
1.614E-02	5.358E-02	-5.358E-02	1.072E-01
1.629E-02	5.387E-02	-5.387E-02	1.077E-01
1.644E-02	5.416E-02	-5.416E-02	1.083E-01
1.660E-02	5.446E-02	-5.446E-02	1.089E-01
1.675E-02	5.475E-02	-5.475E-02	1.095E-01
1.690E-02	5.505E-02	-5.505E-02	1.101E-01
1.706E-02	5.535E-02	-5.535E-02	1.107E-01
1.722E-02	5.566E-02	-5.566E-02	1.113E-01
1.738E-02	5.596E-02	-5.596E-02	1.119E-01
1.754E-02	5.627E-02	-5.627E-02	1.125E-01
1.770E-02	5.658E-02	-5.658E-02	1.132E-01
1.786E-02	5.689E-02	-5.689E-02	1.138E-01
1.803E-02	5.720E-02	-5.720E-02	1.144E-01
1.820E-02	5.751E-02	-5.751E-02	1.150E-01
1.837E-02	5.783E-02	-5.783E-02	1.157E-01
1.854E-02	5.815E-02	-5.815E-02	1.163E-01
1.871E-02	5.847E-02	-5.847E-02	1.169E-01
1.888E-02	5.879E-02	-5.879E-02	1.176E-01
1.905E-02	5.912E-02	-5.912E-02	1.182E-01
1.923E-02	5.945E-02	-5.945E-02	1.189E-01
1.941E-02	5.977E-02	-5.977E-02	1.195E-01
1.959E-02	6.011E-02	-6.011E-02	1.202E-01
1.977E-02	6.044E-02	-6.044E-02	1.209E-01
1.995E-02	6.078E-02	-6.078E-02	1.216E-01
2.014E-02	6.111E-02	-6.111E-02	1.222E-01
2.032E-02	6.145E-02	-6.145E-02	1.229E-01
2.051E-02	6.180E-02	-6.180E-02	1.236E-01
2.070E-02	6.214E-02	-6.214E-02	1.243E-01
2.089E-02	6.249E-02	-6.249E-02	1.250E-01
2.109E-02	6.284E-02	-6.284E-02	1.257E-01
2.128E-02	6.319E-02	-6.319E-02	1.264E-01
2.148E-02	6.354E-02	-6.354E-02	1.271E-01
2.168E-02	6.390E-02	-6.390E-02	1.278E-01
2.188E-02	6.426E-02	-6.426E-02	1.285E-01
2.208E-02	6.462E-02	-6.462E-02	1.292E-01
2.228E-02	6.499E-02	-6.499E-02	1.300E-01
2.249E-02	6.535E-02	-6.535E-02	1.307E-01
2.270E-02	6.572E-02	-6.572E-02	1.314E-01
2.291E-02	6.609E-02	-6.609E-02	1.322E-01
2.312E-02	6.646E-02	-6.646E-02	1.329E-01
2.333E-02	6.684E-02	-6.684E-02	1.337E-01
2.355E-02	6.722E-02	-6.722E-02	1.344E-01
2.377E-02	6.760E-02	-6.760E-02	1.352E-01
2.399E-02	6.798E-02	-6.798E-02	1.360E-01
2.421E-02	6.837E-02	-6.837E-02	1.367E-01
2.443E-02	6.876E-02	-6.876E-02	1.375E-01
2.466E-02	6.915E-02	-6.915E-02	1.383E-01
2.489E-02	6.955E-02	-6.955E-02	1.391E-01
2.512E-02	6.994E-02	-6.994E-02	1.399E-01
2.535E-02	7.034E-02	-7.034E-02	1.407E-01
2.559E-02	7.075E-02	-7.075E-02	1.415E-01
2.582E-02	7.115E-02	-7.115E-02	1.423E-01
2.606E-02	7.156E-02	-7.156E-02	1.431E-01
2.630E-02	7.197E-02	-7.197E-02	1.439E-01
2.655E-02	7.238E-02	-7.238E-02	1.448E-01
2.679E-02	7.280E-02	-7.280E-02	1.456E-01
2.704E-02	7.322E-02	-7.322E-02	1.464E-01
2.729E-02	7.364E-02	-7.364E-02	1.473E-01
2.754E-02	7.407E-02	-7.407E-02	1.481E-01
2.780E-02	7.450E-02	-7.450E-02	1.490E-01
2.805E-02	7.493E-02	-7.493E-02	1.499E-01
2.831E-02	7.536E-02	-7.536E-02	1.507E-01
2.858E-02	7.580E-02	-7.580E-02	1.516E-01
2.884E-02	7.624E-02	-7.624E-02	1.525E-01
2.911E-02	7.668E-02	-7.668E-02	1.534E-01
2.938E-02	7.713E-02	-7.713E-02	1.543E-01
2.965E-02	7.758E-02	-7.758E-02	1.552E-01
2.992E-02	7.803E-02	-7.803E-02	1.561E-01
3.020E-02	7.849E-02	-7.849E-02	1.570E-01
3.048E-02	7.894E-02	-7.894E-02	1.579E-01
3.076E-02	7.941E-02	-7.941E-02	1.588E-01
3.105E-02	7.987E-02	-7.987E-02	1.597E-01
3.133E-02	8.034E-02	-8.034E-02	1.607E-01
3.162E-02	8.081E-02	-8.081E-02	1.616E-01
3.192E-02	8.129E-02	-8.129E-02	1.626E-01
3.221E-02	8.177E-02	-8.177E-02	1.635E-01
3.251E-02	8.225E-02	-8.225E-02	1.645E-01
3.281E-02	8.274E-02	-8.274E-02	1.655E-01
3.311E-02	8.322E-02	-8.322E-02	1.664E-01
3.342E-02	8.372E-02	-8.372E-02	1.674E-01
3.373E-02	8.421E-02	-8.421E-02	1.684E-01
3.404E-02	8.471E-02	-8.471E-02	1.694E-01
3.436E-02	8.522E-02	-8.522E-02	1.704E-01
3.467E-02	8.572E-02	-8.572E-02	1.714E-01
3.499E-02	8.623E-02	-8.623E-02	1.725E-01
3.532E-02	8.675E-02	-8.675E-02	1.735E-01
3.565E-02	8.726E-02	-8.726E-02	1.745E-01
3.597E-02	8.778E-02	-8.778E-02	1.756E-01
3.631E-02	8.831E-02	-8.831E-02	1.766E-01
3.664E-02	8.884E-02	-8.884E-02	1.777E-01
3.698E-02	8.937E-02	-8.937E-02	1.787E-01
3.733E-02	8.991E-02	-8.991E-02	1.798E-01
3.767E-02	9.045E-02	-9.045E-02	1.809E-01
3.802E-02	9.099E-02	-9.099E-02	1.820E-01
3.837E-02	9.154E-02	-9.154E-02	1.831E-01
3.873E-02	9.209E-02	-9.209E-02	1.842E-01
3.908E-02	9.265E-02	-9.265E-02	1.853E-01
3.945E-02	9.321E-02	-9.321E-02	1.864E-01
3.981E-02	9.377E-02	-9.377E-02	1.875E-01
4.018E-02	9.434E-02	-9.434E-02	1.887E-01
4.055E-02	9.491E-02	-9.491E-02	1.898E-01
4.093E-02	9.549E-02	-9.549E-02	1.910E-01
4.130E-02	9.607E-02	-9.607E-02	1.921E-01
4.169E-02	9.665E-02	-9.665E-02	1.933E-01
4.207E-02	9.724E-02	-9.724E-02	1.945E-01
4.246E-02	9.784E-02	-9.784E-02	1.957E-01
4.285E-02	9.844E-02	-9.844E-02	1.969E-01
4.325E-02	9.904E-02	-9.904E-02	1.981E-01
4.365E-02	9.964E-02	-9.964E-02	1.993E-01
4.406E-02	1.003E-01	-1.003E-01	2.005E-01
4.446E-02	1.009E-01	-1.009E-01	2.017E-01
4.487E-02	1.015E-01	-1.015E-01	2.030E-01
4.529E-02	1.021E-01	-1.021E-01	2.042E-01
4.571E-02	1.027E-01	-1.027E-01	2.055E-01
4.613E-02	1.034E-01	-1.034E-01	2.068E-01
4.656E-02	1.040E-01	-1.040E-01	2.080E-01
4.699E-02	1.047E-01	-1.047E-01	2.093E-01
4.742E-02	1.053E-01	-1.053E-01	2.106E-01
4.786E-02	1.060E-01	-1.060E-01	2.119E-01
4.831E-02	1.066E-01	-1.066E-01	2.132E-01
4.875E-02	1.073E-01	-1.073E-01	2.146E-01
4.920E-02	1.079E-01	-1.079E-01	2.159E-01
4.966E-02	1.086E-01	-1.086E-01	2.172E-01
5.012E-02	1.093E-01	-1.093E-01	2.186E-01
5.058E-02	1.100E-01	-1.100E-01	2.200E-01
5.105E-02	1.107E-01	-1.107E-01	2.213E-01
5.152E-02	1.114E-01	-1.114E-01	2.227E-01
5.200E-02	1.121E-01	-1.121E-01	2.241E-01
5.248E-02	1.128E-01	-1.128E-01	2.255E-01
5.297E-02	1.135E-01	-1.135E-01	2.269E-01
5.346E-02	1.142E-01	-1.142E-01	2.284E-01
5.395E-02	1.149E-01	-1.149E-01	2.298E-01
5.445E-02	1.156E-01	-1.156E-01	2.312E-01
5.495E-02	1.163E-01	-1.163E-01	2.327E-01
5.546E-02	1.171E-01	-1.171E-01	2.342E-01
5.598E-02	1.178E-01	-1.178E-01	2.356E-01
5.649E-02	1.186E-01	-1.186E-01	2.371E-01
5.702E-02	1.193E-01	-1.193E-01	2.386E-01
5.754E-02	1.201E-01	-1.201E-01	2.402E-01
5.808E-02	1.208E-01	-1.208E-01	2.417E-01
5.861E-02	1.216E-01	-1.216E-01	2.432E-01
5.916E-02	1.224E-01	-1.224E-01	2.448E-01
5.970E-02	1.232E-01	-1.232E-01	2.463E-01
6.026E-02	1.239E-01	-1.239E-01	2.479E-01
6.081E-02	1.247E-01	-1.247E-01	2.495E-01
6.138E-02	1.255E-01	-1.255E-01	2.511E-01
6.194E-02	1.263E-01	-1.263E-01	2.527E-01
6.252E-02	1.271E-01	-1.271E-01	2.543E-01
6.310E-02	1.280E-01	-1.280E-01	2.559E-01
6.368E-02	1.288E-01	-1.288E-01	2.576E-01
6.427E-02	1.296E-01	-1.296E-01	2.592E-01
6.486E-02	1.304E-01	-1.304E-01	2.609E-01
6.546E-02	1.313E-01	-1.313E-01	2.626E-01
6.607E-02	1.321E-01	-1.321E-01	2.643E-01
6.668E-02	1.330E-01	-1.330E-01	2.660E-01
6.730E-02	1.338E-01	-1.338E-01	2.677E-01
6.792E-02	1.347E-01	-1.347E-01	2.694E-01
6.855E-02	1.356E-01	-1.356E-01	2.711E-01
6.918E-02	1.365E-01	-1.365E-01	2.729E-01
6.982E-02	1.373E-01	-1.373E-01	2.747E-01
7.047E-02	1.382E-01	-1.382E-01	2.765E-01
7.112E-02	1.391E-01	-1.391E-01	2.783E-01
7.178E-02	1.400E-01	-1.400E-01	2.801E-01
7.244E-02	1.409E-01	-1.409E-01	2.819E-01
7.311E-02	1.419E-01	-1.419E-01	2.837E-01
7.379E-02	1.428E-01	-1.428E-01	2.856E-01
7.447E-02	1.437E-01	-1.437E-01	2.874E-01
7.516E-02	1.447E-01	-1.447E-01	2.893E-01
7.586E-02	1.456E-01	-1.456E-01	2.912E-01
7.656E-02	1.466E-01	-1.466E-01	2.931E-01
7.727E-02	1.475E-01	-1.475E-01	2.950E-01
7.798E-02	1.485E-01	-1.485E-01	2.970E-01
7.870E-02	1.495E-01	-1.495E-01	2.989E-01
7.943E-02	1.504E-01	-1.504E-01	3.009E-01
8.017E-02	1.514E-01	-1.514E-01	3.028E-01
8.091E-02	1.524E-01	-1.524E-01	3.048E-01
8.166E-02	1.534E-01	-1.534E-01	3.068E-01
8.241E-02	1.544E-01	-1.544E-01	3.089E-01
8.318E-02	1.554E-01	-1.554E-01	3.109E-01
8.395E-02	1.565E-01	-1.565E-01	3.129E-01
8.472E-02	1.575E-01	-1.575E-01	3.150E-01
8.551E-02	1.585E-01	-1.585E-01	3.171E-01
8.630E-02	1.596E-01	-1.596E-01	3.192E-01
8.710E-02	1.607E-01	-1.607E-01	3.213E-01
8.790E-02	1.617E-01	-1.617E-01	3.234E-01
8.872E-02	1.628E-01	-1.628E-01	3.256E-01
8.954E-02	1.639E-01	-1.639E-01	3.277E-01
9.036E-02	1.650E-01	-1.650E-01	3.299E-01
9.120E-02	1.660E-01	-1.660E-01	3.321E-01
9.204E-02	1.672E-01	-1.672E-01	3.343E-01
9.290E-02	1.683E-01	-1.683E-01	3.365E-01
9.376E-02	1.694E-01	-1.694E-01	3.388E-01
9.462E-02	1.705E-01	-1.705E-01	3.410E-01
9.550E-02	1.716E-01	-1.716E-01	3.433E-01
9.638E-02	1.728E-01	-1.728E-01	3.456E-01
9.727E-02	1.739E-01	-1.739E-01	3.479E-01
9.817E-02	1.751E-01	-1.751E-01	3.502E-01
9.908E-02	1.763E-01	-1.763E-01	3.525E-01
1.000E-01	1.774E-01	-1.774E-01	3.549E-01
1.009E-01	1.786E-01	-1.786E-01	3.573E-01
1.019E-01	1.798E-01	-1.798E-01	3.596E-01
1.028E-01	1.810E-01	-1.810E-01	3.620E-01
1.038E-01	1.822E-01	-1.822E-01	3.645E-01
1.047E-01	1.835E-01	-1.835E-01	3.669E-01
1.057E-01	1.847E-01	-1.847E-01	3.694E-01
1.067E-01	1.859E-01	-1.859E-01	3.718E-01
1.076E-01	1.872E-01	-1.872E-01	3.743E-01
1.086E-01	1.884E-01	-1.884E-01	3.768E-01
1.096E-01	1.897E-01	-1.897E-01	3.793E-01
1.107E-01	1.909E-01	-1.909E-01	3.819E-01
1.117E-01	1.922E-01	-1.922E-01	3.845E-01
1.127E-01	1.935E-01	-1.935E-01	3.870E-01
1.138E-01	1.948E-01	-1.948E-01	3.896E-01
1.148E-01	1.961E-01	-1.961E-01	3.922E-01
1.159E-01	1.974E-01	-1.974E-01	3.949E-01
1.169E-01	1.988E-01	-1.988E-01	3.975E-01
1.180E-01	2.001E-01	-2.001E-01	4.002E-01
1.191E-01	2.014E-01	-2.014E-01	4.029E-01
1.202E-01	2.028E-01	-2.028E-01	4.056E-01
1.213E-01	2.041E-01	-2.041E-01	4.083E-01
1.225E-01	2.055E-01	-2.055E-01	4.110E-01
1.236E-01	2.069E-01	-2.069E-01	4.138E-01
1.247E-01	2.083E-01	-2.083E-01	4.166E-01
1.259E-01	2.097E-01	-2.097E-01	4.193E-01
1.271E-01	2.111E-01	-2.111E-01	4.222E-01
1.282E-01	2.125E-01	-2.125E-01	4.250E-01
1.294E-01	2.139E-01	-2.139E-01	4.278E-01
1.306E-01	2.153E-01	-2.153E-01	4.307E-01
1.318E-01	2.168E-01	-2.168E-01	4.336E-01
1.330E-01	2.182E-01	-2.182E-01	4.365E-01
1.343E-01	2.197E-01	-2.197E-01	4.394E-01
1.355E-01	2.212E-01	-2.212E-01	4.423E-01
1.368E-01	2.226E-01	-2.226E-01	4.453E-01
1.380E-01	2.241E-01	-2.241E-01	4.483E-01
1.393E-01	2.256E-01	-2.256E-01	4.513E-01
1.406E-01	2.271E-01	-2.271E-01	4.543E-01
1.419E-01	2.287E-01	-2.287E-01	4.573E-01
1.432E-01	2.302E-01	-2.302E-01	4.603E-01
1.445E-01	2.317E-01	-2.317E-01	4.634E-01
1.459E-01	2.332E-01	-2.332E-01	4.665E-01
1.472E-01	2.348E-01	-2.348E-01	4.696E-01
1.486E-01	2.364E-01	-2.364E-01	4.727E-01
1.500E-01	2.379E-01	-2.379E-01	4.759E-01
1.514E-01	2.395E-01	-2.395E-01	4.790E-01
1.528E-01	2.411E-01	-2.411E-01	4.822E-01
1.542E-01	2.427E-01	-2.427E-01	4.854E-01
1.556E-01	2.443E-01	-2.443E-01	4.886E-01
1.570E-01	2.459E-01	-2.459E-01	4.918E-01
1.585E-01	2.475E-01	-2.475E-01	4.951E-01
1.600E-01	2.492E-01	-2.492E-01	4.983E-01
1.614E-01	2.508E-01	-2.508E-01	5.016E-01
1.629E-01	2.525E-01	-2.525E-01	5.049E-01
1.644E-01	2.541E-01	-2.541E-01	5.082E-01
1.660E-01	2.558E-01	-2.558E-01	5.115E-01
1.675E-01	2.574E-01	-2.574E-01	5.149E-01
1.690E-01	2.591E-01	-2.591E-01	5.183E-01
1.706E-01	2.608E-01	-2.608E-01	5.216E-01
1.722E-01	2.625E-01	-2.625E-01	5.250E-01
1.738E-01	2.642E-01	-2.642E-01	5.284E-01
1.754E-01	2.659E-01	-2.659E-01	5.319E-01
1.770E-01	2.677E-01	-2.677E-01	5.353E-01
1.786E-01	2.694E-01	-2.694E-01	5.388E-01
1.803E-01	2.711E-01	-2.711E-01	5.423E-01
1.820E-01	2.729E-01	-2.729E-01	5.457E-01
1.837E-01	2.746E-01	-2.746E-01	5.493E-01
1.854E-01	2.764E-01	-2.764E-01	5.528E-01
1.871E-01	2.782E-01	-2.782E-01	5.563E-01
1.888E-01	2.799E-01	-2.799E-01	5.599E-01
1.905E-01	2.817E-01	-2.817E-01	5.634E-01
1.923E-01	2.835E-01	-2.835E-01	5.670E-01
1.941E-01	2.853E-01	-2.853E-01	5.706E-01
1.959E-01	2.871E-01	-2.871E-01	5.742E-01
1.977E-01	2.889E-01	-2.889E-01	5.778E-01
1.995E-01	2.907E-01	-2.907E-01	5.814E-01
2.014E-01	2.925E-01	-2.925E-01	5.851E-01
2.032E-01	2.944E-01	-2.944E-01	5.887E-01
2.051E-01	2.962E-01	-2.962E-01	5.924E-01
2.070E-01	2.980E-01	-2.980E-01	5.961E-01
2.089E-01	2.999E-01	-2.999E-01	5.998E-01
2.109E-01	3.017E-01	-3.017E-01	6.035E-01
2.128E-01	3.036E-01	-3.036E-01	6.072E-01
2.148E-01	3.054E-01	-3.054E-01	6.109E-01
2.168E-01	3.073E-01	-3.073E-01	6.146E-01
2.188E-01	3.092E-01	-3.092E-01	6.183E-01
2.208E-01	3.110E-01	-3.110E-01	6.221E-01
2.228E-01	3.129E-01	-3.129E-01	6.258E-01
2.249E-01	3.148E-01	-3.148E-01	6.296E-01
2.270E-01	3.167E-01	-3.167E-01	6.333E-01
2.291E-01	3.185E-01	-3.185E-01	6.371E-01
2.312E-01	3.204E-01	-3.204E-01	6.409E-01
2.333E-01	3.223E-01	-3.223E-01	6.446E-01
2.355E-01	3.242E-01	-3.242E-01	6.484E-01
2.377E-01	3.261E-01	-3.261E-01	6.522E-01
2.399E-01	3.280E-01	-3.280E-01	6.560E-01
2.421E-01	3.299E-01	-3.299E-01	6.598E-01
2.443E-01	3.318E-01	-3.318E-01	6.635E-01
2.466E-01	3.337E-01	-3.337E-01	6.673E-01
2.489E-01	3.356E-01	-3.356E-01	6.711E-01
2.512E-01	3.374E-01	-3.374E-01	6.749E-01
2.535E-01	3.393E-01	-3.393E-01	6.787E-01
2.559E-01	3.412E-01	-3.412E-01	6.825E-01
2.582E-01	3.431E-01	-3.431E-01	6.862E-01
2.606E-01	3.450E-01	-3.450E-01	6.900E-01
2.630E-01	3.469E-01	-3.469E-01	6.938E-01
2.655E-01	3.488E-01	-3.488E-01	6.975E-01
2.679E-01	3.507E-01	-3.507E-01	7.013E-01
2.704E-01	3.525E-01	-3.525E-01	7.050E-01
2.729E-01	3.544E-01	-3.544E-01	7.088E-01
2.754E-01	3.563E-01	-3.563E-01	7.125E-01
2.780E-01	3.581E-01	-3.581E-01	7.162E-01
2.805E-01	3.600E-01	-3.600E-01	7.199E-01
2.831E-01	3.618E-01	-3.618E-01	7.236E-01
2.858E-01	3.637E-01	-3.637E-01	7.273E-01
2.884E-01	3.655E-01	-3.655E-01	7.310E-01
2.911E-01	3.673E-01	-3.673E-01	7.346E-01
2.938E-01	3.691E-01	-3.691E-01	7.383E-01
2.965E-01	3.709E-01	-3.709E-01	7.419E-01
2.992E-01	3.727E-01	-3.727E-01	7.455E-01
3.020E-01	3.745E-01	-3.745E-01	7.490E-01
3.048E-01	3.763E-01	-3.763E-01	7.526E-01
3.076E-01	3.781E-01	-3.781E-01	7.561E-01
3.105E-01	3.798E-01	-3.798E-01	7.596E-01
3.133E-01	3.815E-01	-3.815E-01	7.631E-01
3.162E-01	3.833E-01	-3.833E-01	7.665E-01
3.192E-01	3.850E-01	-3.850E-01	7.700E-01
3.221E-01	3.867E-01	-3.867E-01	7.733E-01
3.251E-01	3.884E-01	-3.884E-01	7.767E-01
3.281E-01	3.900E-01	-3.900E-01	7.800E-01
3.311E-01	3.917E-01	-3.917E-01	7.833E-01
3.342E-01	3.933E-01	-3.933E-01	7.866E-01
3.373E-01	3.949E-01	-3.949E-01	7.898E-01
3.404E-01	3.965E-01	-3.965E-01	7.930E-01
3.436E-01	3.980E-01	-3.980E-01	7.961E-01
3.467E-01	3.996E-01	-3.996E-01	7.992E-01
3.499E-01	4.011E-01	-4.011E-01	8.022E-01
3.532E-01	4.026E-01	-4.026E-01	8.052E-01
3.565E-01	4.041E-01	-4.041E-01	8.082E-01
3.597E-01	4.055E-01	-4.055E-01	8.111E-01
3.631E-01	4.070E-01	-4.070E-01	8.139E-01
3.664E-01	4.084E-01	-4.084E-01	8.167E-01
3.698E-01	4.097E-01	-4.097E-01	8.195E-01
3.733E-01	4.111E-01	-4.111E-01	8.221E-01
3.767E-01	4.124E-01	-4.124E-01	8.248E-01
3.802E-01	4.137E-01	-4.137E-01	8.273E-01
3.837E-01	4.149E-01	-4.149E-01	8.298E-01
3.873E-01	4.161E-01	-4.161E-01	8.322E-01
3.908E-01	4.173E-01	-4.173E-01	8.346E-01
3.945E-01	4.184E-01	-4.184E-01	8.369E-01
3.981E-01	4.196E-01	-4.196E-01	8.391E-01
4.018E-01	4.206E-01	-4.206E-01	8.413E-01
4.055E-01	4.217E-01	-4.217E-01	8.433E-01
4.093E-01	4.227E-01	-4.227E-01	8.453E-01
4.130E-01	4.236E-01	-4.236E-01	8.472E-01
4.169E-01	4.245E-01	-4.245E-01	8.490E-01
4.207E-01	4.254E-01	-4.254E-01	8.508E-01
4.246E-01	4.262E-01	-4.262E-01	8.524E-01
4.285E-01	4.270E-01	-4.270E-01	8.539E-01
4.325E-01	4.277E-01	-4.277E-01	8.554E-01
4.365E-01	4.284E-01	-4.284E-01	8.568E-01
4.406E-01	4.290E-01	-4.290E-01	8.580E-01
4.446E-01	4.296E-01	-4.296E-01	8.592E-01
4.487E-01	4.301E-01	-4.301E-01	8.602E-01
4.529E-01	4.306E-01	-4.306E-01	8.611E-01
4.571E-01	4.310E-01	-4.310E-01	8.620E-01
4.613E-01	4.313E-01	-4.313E-01	8.627E-01
4.656E-01	4.316E-01	-4.316E-01	8.633E-01
4.699E-01	4.319E-01	-4.319E-01	8.637E-01
4.742E-01	4.320E-01	-4.320E-01	8.641E-01
4.786E-01	4.321E-01	-4.321E-01	8.643E-01
4.831E-01	4.322E-01	-4.322E-01	8.644E-01
4.875E-01	4.322E-01	-4.322E-01	8.643E-01
4.920E-01	4.321E-01	-4.321E-01	8.641E-01
4.966E-01	4.319E-01	-4.319E-01	8.638E-01
5.012E-01	4.317E-01	-4.317E-01	8.633E-01
5.058E-01	4.313E-01	-4.313E-01	8.627E-01
5.105E-01	4.309E-01	-4.309E-01	8.619E-01
5.152E-01	4.305E-01	-4.305E-01	8.610E-01
5.200E-01	4.299E-01	-4.299E-01	8.599E-01
5.248E-01	4.293E-01	-4.293E-01	8.586E-01
5.297E-01	4.286E-01	-4.286E-01	8.571E-01
5.346E-01	4.278E-01	-4.278E-01	8.555E-01
5.395E-01	4.269E-01	-4.269E-01	8.537E-01
5.445E-01	4.259E-01	-4.259E-01	8.518E-01
5.495E-01	4.248E-01	-4.248E-01	8.496E-01
5.546E-01	4.236E-01	-4.236E-01	8.472E-01
5.598E-01	4.223E-01	-4.223E-01	8.447E-01
5.649E-01	4.210E-01	-4.210E-01	8.419E-01
5.702E-01	4.195E-01	-4.195E-01	8.390E-01
5.754E-01	4.179E-01	-4.179E-01	8.358E-01
5.808E-01	4.162E-01	-4.162E-01	8.324E-01
5.861E-01	4.144E-01	-4.144E-01	8.288E-01
5.916E-01	4.125E-01	-4.125E-01	8.249E-01
5.970E-01	4.104E-01	-4.104E-01	8.208E-01
6.026E-01	4.083E-01	-4.083E-01	8.165E-01
6.081E-01	4.060E-01	-4.060E-01	8.120E-01
6.138E-01	4.036E-01	-4.036E-01	8.071E-01
6.194E-01	4.010E-01	-4.010E-01	8.021E-01
6.252E-01	3.984E-01	-3.984E-01	7.967E-01
6.310E-01	3.955E-01	-3.955E-01	7.911E-01
6.368E-01	3.926E-01	-3.926E-01	7.852E-01
6.427E-01	3.895E-01	-3.895E-01	7.790E-01
6.486E-01	3.863E-01	-3.863E-01	7.725E-01
6.546E-01	3.829E-01	-3.829E-01	7.658E-01
6.607E-01	3.793E-01	-3.793E-01	7.587E-01
6.668E-01	3.757E-01	-3.757E-01	7.513E-01
6.730E-01	3.718E-01	-3.718E-01	7.436E-01
6.792E-01	3.678E-01	-3.678E-01	7.356E-01
6.855E-01	3.636E-01	-3.636E-01	7.272E-01
6.918E-01	3.592E-01	-3.592E-01	7.185E-01
6.982E-01	3.547E-01	-3.547E-01	7.094E-01
7.047E-01	3.500E-01	-3.500E-01	7.000E-01
7.112E-01	3.451E-01	-3.451E-01	6.902E-01
7.178E-01	3.400E-01	-3.400E-01	6.800E-01
7.244E-01	3.347E-01	-3.347E-01	6.695E-01
7.311E-01	3.293E-01	-3.293E-01	6.586E-01
7.379E-01	3.236E-01	-3.236E-01	6.472E-01
7.447E-01	3.177E-01	-3.177E-01	6.355E-01
7.516E-01	3.117E-01	-3.117E-01	6.233E-01
7.586E-01	3.054E-01	-3.054E-01	6.107E-01
7.656E-01	2.989E-01	-2.989E-01	5.977E-01
7.727E-01	2.921E-01	-2.921E-01	5.843E-01
7.798E-01	2.852E-01	-2.852E-01	5.704E-01
7.870E-01	2.780E-01	-2.780E-01	5.560E-01
7.943E-01	2.706E-01	-2.706E-01	5.412E-01
8.017E-01	2.629E-01	-2.629E-01	5.259E-01
8.091E-01	2.550E-01	-2.550E-01	5.101E-01
8.166E-01	2.469E-01	-2.469E-01	4.938E-01
8.241E-01	2.385E-01	-2.385E-01	4.770E-01
8.318E-01	2.299E-01	-2.299E-01	4.598E-01
8.395E-01	2.210E-01	-2.210E-01	4.420E-01
8.472E-01	2.118E-01	-2.118E-01	4.237E-01
8.551E-01	2.024E-01	-2.024E-01	4.049E-01
8.630E-01	1.928E-01	-1.928E-01	3.855E-01
8.710E-01	1.828E-01	-1.828E-01	3.656E-01
8.790E-01	1.726E-01	-1.726E-01	3.452E-01
8.872E-01	1.621E-01	-1.621E-01	3.242E-01
8.954E-01	1.513E-01	-1.513E-01	3.027E-01
9.036E-01	1.403E-01	-1.403E-01	2.806E-01
9.120E-01	1.290E-01	-1.290E-01	2.579E-01
9.204E-01	1.174E-01	-1.174E-01	2.347E-01
9.290E-01	1.055E-01	-1.055E-01	2.109E-01
9.376E-01	9.328E-02	-9.328E-02	1.866E-01
9.462E-01	8.082E-02	-8.082E-02	1.616E-01
9.550E-01	6.807E-02	-6.807E-02	1.361E-01
9.638E-01	5.503E-02	-5.503E-02	1.101E-01
9.727E-01	4.170E-02	-4.170E-02	8.340E-02
9.817E-01	2.809E-02	-2.809E-02	5.617E-02
9.908E-01	1.419E-02	-1.419E-02	2.837E-02
