Q0 = 1.3 GeV	 Q = 5.2 GeV
x	 x*uv	 x*dv	 x*(uv-dv)
1.000E-04	6.318E-03	-6.318E-03	1.264E-02
1.009E-04	6.347E-03	-6.347E-03	1.269E-02
1.019E-04	6.376E-03	-6.376E-03	1.275E-02
1.028E-04	6.405E-03	-6.405E-03	1.281E-02
1.038E-04	6.435E-03	-6.435E-03	1.287E-02
1.047E-04	6.464E-03	-6.464E-03	1.293E-02
1.057E-04	6.494E-03	-6.494E-03	1.299E-02
1.067E-04	6.524E-03	-6.524E-03	1.305E-02
1.076E-04	6.554E-03	-6.554E-03	1.311E-02
1.086E-04	6.584E-03	-6.584E-03	1.317E-02
1.096E-04	6.614E-03	-6.614E-03	1.323E-02
1.107E-04	6.645E-03	-6.645E-03	1.329E-02
1.117E-04	6.675E-03	-6.675E-03	1.335E-02
1.127E-04	6.706E-03	-6.706E-03	1.341E-02
1.138E-04	6.737E-03	-6.737E-03	1.347E-02
1.148E-04	6.768E-03	-6.768E-03	1.354E-02
1.159E-04	6.799E-03	-6.799E-03	1.360E-02
1.169E-04	6.830E-03	-6.830E-03	1.366E-02
1.180E-04	6.862E-03	-6.862E-03	1.372E-02
1.191E-04	6.893E-03	-6.893E-03	1.379E-02
1.202E-04	6.925E-03	-6.925E-03	1.385E-02
1.213E-04	6.957E-03	-6.957E-03	1.391E-02
1.225E-04	6.989E-03	-6.989E-03	1.398E-02
1.236E-04	7.021E-03	-7.021E-03	1.404E-02
1.247E-04	7.053E-03	-7.053E-03	1.411E-02
1.259E-04	7.086E-03	-7.086E-03	1.417E-02
1.271E-04	7.118E-03	-7.118E-03	1.424E-02
1.282E-04	7.151E-03	-7.151E-03	1.430E-02
1.294E-04	7.184E-03	-7.184E-03	1.437E-02
1.306E-04	7.217E-03	-7.217E-03	1.443E-02
1.318E-04	7.250E-03	-7.250E-03	1.450E-02
1.330E-04	7.284E-03	-7.284E-03	1.457E-02
1.343E-04	7.317E-03	-7.317E-03	1.463E-02
1.355E-04	7.351E-03	-7.351E-03	1.470E-02
1.368E-04	7.385E-03	-7.385E-03	1.477E-02
1.380E-04	7.419E-03	-7.419E-03	1.484E-02
1.393E-04	7.453E-03	-7.453E-03	1.491E-02
1.406E-04	7.487E-03	-7.487E-03	1.497E-02
1.419E-04	7.522E-03	-7.522E-03	1.504E-02
1.432E-04	7.556E-03	-7.556E-03	1.511E-02
1.445E-04	7.591E-03	-7.591E-03	1.518E-02
1.459E-04	7.626E-03	-7.626E-03	1.525E-02
1.472E-04	7.661E-03	-7.661E-03	1.532E-02
1.486E-04	7.696E-03	-7.696E-03	1.539E-02
1.500E-04	7.732E-03	-7.732E-03	1.546E-02
1.514E-04	7.767E-03	-7.767E-03	1.553E-02
1.528E-04	7.803E-03	-7.803E-03	1.561E-02
1.542E-04	7.839E-03	-7.839E-03	1.568E-02
1.556E-04	7.875E-03	-7.875E-03	1.575E-02
1.570E-04	7.911E-03	-7.911E-03	1.582E-02
1.585E-04	7.948E-03	-7.948E-03	1.590E-02
1.600E-04	7.984E-03	-7.984E-03	1.597E-02
1.614E-04	8.021E-03	-8.021E-03	1.604E-02
1.629E-04	8.058E-03	-8.058E-03	1.612E-02
1.644E-04	8.095E-03	-8.095E-03	1.619E-02
1.660E-04	8.132E-03	-8.132E-03	1.626E-02
1.675E-04	8.170E-03	-8.170E-03	1.634E-02
1.690E-04	8.207E-03	-8.207E-03	1.641E-02
1.706E-04	8.245E-03	-8.245E-03	1.649E-02
1.722E-04	8.283E-03	-8.283E-03	1.657E-02
1.738E-04	8.321E-03	-8.321E-03	1.664E-02
1.754E-04	8.359E-03	-8.359E-03	1.672E-02
1.770E-04	8.398E-03	-8.398E-03	1.680E-02
1.786E-04	8.436E-03	-8.436E-03	1.687E-02
1.803E-04	8.475E-03	-8.475E-03	1.695E-02
1.820E-04	8.514E-03	-8.514E-03	1.703E-02
1.837E-04	8.553E-03	-8.553E-03	1.711E-02
1.854E-04	8.593E-03	-8.593E-03	1.719E-02
1.871E-04	8.632E-03	-8.632E-03	1.726E-02
1.888E-04	8.672E-03	-8.672E-03	1.734E-02
1.905E-04	8.712E-03	-8.712E-03	1.742E-02
1.923E-04	8.752E-03	-8.752E-03	1.750E-02
1.941E-04	8.792E-03	-8.792E-03	1.758E-02
1.959E-04	8.833E-03	-8.833E-03	1.767E-02
1.977E-04	8.873E-03	-8.873E-03	1.775E-02
1.995E-04	8.914E-03	-8.914E-03	1.783E-02
2.014E-04	8.955E-03	-8.955E-03	1.791E-02
2.032E-04	8.997E-03	-8.997E-03	1.799E-02
2.051E-04	9.038E-03	-9.038E-03	1.808E-02
2.070E-04	9.080E-03	-9.080E-03	1.816E-02
2.089E-04	9.121E-03	-9.121E-03	1.824E-02
2.109E-04	9.163E-03	-9.163E-03	1.833E-02
2.128E-04	9.206E-03	-9.206E-03	1.841E-02
2.148E-04	9.248E-03	-9.248E-03	1.850E-02
2.168E-04	9.291E-03	-9.291E-03	1.858E-02
2.188E-04	9.333E-03	-9.333E-03	1.867E-02
2.208E-04	9.376E-03	-9.376E-03	1.875E-02
2.228E-04	9.419E-03	-9.419E-03	1.884E-02
2.249E-04	9.463E-03	-9.463E-03	1.893E-02
2.270E-04	9.506E-03	-9.506E-03	1.901E-02
2.291E-04	9.550E-03	-9.550E-03	1.910E-02
2.312E-04	9.594E-03	-9.594E-03	1.919E-02
2.333E-04	9.638E-03	-9.638E-03	1.928E-02
2.355E-04	9.683E-03	-9.683E-03	1.937E-02
2.377E-04	9.727E-03	-9.727E-03	1.945E-02
2.399E-04	9.772E-03	-9.772E-03	1.954E-02
2.421E-04	9.817E-03	-9.817E-03	1.963E-02
2.443E-04	9.862E-03	-9.862E-03	1.972E-02
2.466E-04	9.908E-03	-9.908E-03	1.982E-02
2.489E-04	9.953E-03	-9.953E-03	1.991E-02
2.512E-04	9.999E-03	-9.999E-03	2.000E-02
2.535E-04	1.005E-02	-1.005E-02	2.009E-02
2.559E-04	1.009E-02	-1.009E-02	2.018E-02
2.582E-04	1.014E-02	-1.014E-02	2.028E-02
2.606E-04	1.018E-02	-1.018E-02	2.037E-02
2.630E-04	1.023E-02	-1.023E-02	2.046E-02
2.655E-04	1.028E-02	-1.028E-02	2.056E-02
2.679E-04	1.033E-02	-1.033E-02	2.065E-02
2.704E-04	1.037E-02	-1.037E-02	2.075E-02
2.729E-04	1.042E-02	-1.042E-02	2.084E-02
2.754E-04	1.047E-02	-1.047E-02	2.094E-02
2.780E-04	1.052E-02	-1.052E-02	2.103E-02
2.805E-04	1.057E-02	-1.057E-02	2.113E-02
2.831E-04	1.061E-02	-1.061E-02	2.123E-02
2.858E-04	1.066E-02	-1.066E-02	2.133E-02
2.884E-04	1.071E-02	-1.071E-02	2.143E-02
2.911E-04	1.076E-02	-1.076E-02	2.152E-02
2.938E-04	1.081E-02	-1.081E-02	2.162E-02
2.965E-04	1.086E-02	-1.086E-02	2.172E-02
2.992E-04	1.091E-02	-1.091E-02	2.182E-02
3.020E-04	1.096E-02	-1.096E-02	2.192E-02
3.048E-04	1.101E-02	-1.101E-02	2.202E-02
3.076E-04	1.106E-02	-1.106E-02	2.213E-02
3.105E-04	1.111E-02	-1.111E-02	2.223E-02
3.133E-04	1.117E-02	-1.117E-02	2.233E-02
3.162E-04	1.122E-02	-1.122E-02	2.243E-02
3.192E-04	1.127E-02	-1.127E-02	2.254E-02
3.221E-04	1.132E-02	-1.132E-02	2.264E-02
3.251E-04	1.137E-02	-1.137E-02	2.274E-02
3.281E-04	1.142E-02	-1.142E-02	2.285E-02
3.311E-04	1.148E-02	-1.148E-02	2.295E-02
3.342E-04	1.153E-02	-1.153E-02	2.306E-02
3.373E-04	1.158E-02	-1.158E-02	2.317E-02
3.404E-04	1.164E-02	-1.164E-02	2.327E-02
3.436E-04	1.169E-02	-1.169E-02	2.338E-02
3.467E-04	1.174E-02	-1.174E-02	2.349E-02
3.499E-04	1.180E-02	-1.180E-02	2.360E-02
3.532E-04	1.185E-02	-1.185E-02	2.371E-02
3.565E-04	1.191E-02	-1.191E-02	2.381E-02
3.597E-04	1.196E-02	-1.196E-02	2.392E-02
3.631E-04	1.202E-02	-1.202E-02	2.403E-02
3.664E-04	1.207E-02	-1.207E-02	2.415E-02
3.698E-04	1.213E-02	-1.213E-02	2.426E-02
3.733E-04	1.218E-02	-1.218E-02	2.437E-02
3.767E-04	1.224E-02	-1.224E-02	2.448E-02
3.802E-04	1.230E-02	-1.230E-02	2.459E-02
3.837E-04	1.235E-02	-1.235E-02	2.471E-02
3.873E-04	1.241E-02	-1.241E-02	2.482E-02
3.908E-04	1.247E-02	-1.247E-02	2.494E-02
3.945E-04	1.253E-02	-1.253E-02	2.505E-02
3.981E-04	1.258E-02	-1.258E-02	2.517E-02
4.018E-04	1.264E-02	-1.264E-02	2.528E-02
4.055E-04	1.270E-02	-1.270E-02	2.540E-02
4.093E-04	1.276E-02	-1.276E-02	2.552E-02
4.130E-04	1.282E-02	-1.282E-02	2.563E-02
4.169E-04	1.288E-02	-1.288E-02	2.575E-02
4.207E-04	1.294E-02	-1.294E-02	2.587E-02
4.246E-04	1.299E-02	-1.299E-02	2.599E-02
4.285E-04	1.305E-02	-1.305E-02	2.611E-02
4.325E-04	1.311E-02	-1.311E-02	2.623E-02
4.365E-04	1.318E-02	-1.318E-02	2.635E-02
4.406E-04	1.324E-02	-1.324E-02	2.647E-02
4.446E-04	1.330E-02	-1.330E-02	2.659E-02
4.487E-04	1.336E-02	-1.336E-02	2.672E-02
4.529E-04	1.342E-02	-1.342E-02	2.684E-02
4.571E-04	1.348E-02	-1.348E-02	2.696E-02
4.613E-04	1.354E-02	-1.354E-02	2.709E-02
4.656E-04	1.361E-02	-1.361E-02	2.721E-02
4.699E-04	1.367E-02	-1.367E-02	2.734E-02
4.742E-04	1.373E-02	-1.373E-02	2.747E-02
4.786E-04	1.380E-02	-1.380E-02	2.759E-02
4.831E-04	1.386E-02	-1.386E-02	2.772E-02
4.875E-04	1.392E-02	-1.392E-02	2.785E-02
4.920E-04	1.399E-02	-1.399E-02	2.798E-02
4.966E-04	1.405E-02	-1.405E-02	2.810E-02
5.012E-04	1.412E-02	-1.412E-02	2.823E-02
5.058E-04	1.418E-02	-1.418E-02	2.836E-02
5.105E-04	1.425E-02	-1.425E-02	2.850E-02
5.152E-04	1.431E-02	-1.431E-02	2.863E-02
5.200E-04	1.438E-02	-1.438E-02	2.876E-02
5.248E-04	1.445E-02	-1.445E-02	2.889E-02
5.297E-04	1.451E-02	-1.451E-02	2.903E-02
5.346E-04	1.458E-02	-1.458E-02	2.916E-02
5.395E-04	1.465E-02	-1.465E-02	2.929E-02
5.445E-04	1.471E-02	-1.471E-02	2.943E-02
5.495E-04	1.478E-02	-1.478E-02	2.956E-02
5.546E-04	1.485E-02	-1.485E-02	2.970E-02
5.598E-04	1.492E-02	-1.492E-02	2.984E-02
5.649E-04	1.499E-02	-1.499E-02	2.998E-02
5.702E-04	1.506E-02	-1.506E-02	3.011E-02
5.754E-04	1.513E-02	-1.513E-02	3.025E-02
5.808E-04	1.520E-02	-1.520E-02	3.039E-02
5.861E-04	1.527E-02	-1.527E-02	3.053E-02
5.916E-04	1.534E-02	-1.534E-02	3.067E-02
5.970E-04	1.541E-02	-1.541E-02	3.082E-02
6.026E-04	1.548E-02	-1.548E-02	3.096E-02
6.081E-04	1.555E-02	-1.555E-02	3.110E-02
6.138E-04	1.562E-02	-1.562E-02	3.125E-02
6.194E-04	1.569E-02	-1.569E-02	3.139E-02
6.252E-04	1.577E-02	-1.577E-02	3.153E-02
6.310E-04	1.584E-02	-1.584E-02	3.168E-02
6.368E-04	1.591E-02	-1.591E-02	3.183E-02
6.427E-04	1.599E-02	-1.599E-02	3.197E-02
6.486E-04	1.606E-02	-1.606E-02	3.212E-02
6.546E-04	1.613E-02	-1.613E-02	3.227E-02
6.607E-04	1.621E-02	-1.621E-02	3.242E-02
6.668E-04	1.628E-02	-1.628E-02	3.257E-02
6.730E-04	1.636E-02	-1.636E-02	3.272E-02
6.792E-04	1.644E-02	-1.644E-02	3.287E-02
6.855E-04	1.651E-02	-1.651E-02	3.302E-02
6.918E-04	1.659E-02	-1.659E-02	3.317E-02
6.982E-04	1.666E-02	-1.666E-02	3.333E-02
7.047E-04	1.674E-02	-1.674E-02	3.348E-02
7.112E-04	1.682E-02	-1.682E-02	3.364E-02
7.178E-04	1.690E-02	-1.690E-02	3.379E-02
7.244E-04	1.697E-02	-1.697E-02	3.395E-02
7.311E-04	1.705E-02	-1.705E-02	3.411E-02
7.379E-04	1.713E-02	-1.713E-02	3.426E-02
7.447E-04	1.721E-02	-1.721E-02	3.442E-02
7.516E-04	1.729E-02	-1.729E-02	3.458E-02
7.586E-04	1.737E-02	-1.737E-02	3.474E-02
7.656E-04	1.745E-02	-1.745E-02	3.490E-02
7.727E-04	1.753E-02	-1.753E-02	3.506E-02
7.798E-04	1.761E-02	-1.761E-02	3.522E-02
7.870E-04	1.769E-02	-1.769E-02	3.539E-02
7.943E-04	1.778E-02	-1.778E-02	3.555E-02
8.017E-04	1.786E-02	-1.786E-02	3.572E-02
8.091E-04	1.794E-02	-1.794E-02	3.588E-02
8.166E-04	1.802E-02	-1.802E-02	3.605E-02
8.241E-04	1.811E-02	-1.811E-02	3.621E-02
8.318E-04	1.819E-02	-1.819E-02	3.638E-02
8.395E-04	1.827E-02	-1.827E-02	3.655E-02
8.472E-04	1.836E-02	-1.836E-02	3.672E-02
8.551E-04	1.844E-02	-1.844E-02	3.689E-02
8.630E-04	1.853E-02	-1.853E-02	3.706E-02
8.710E-04	1.862E-02	-1.862E-02	3.723E-02
8.790E-04	1.870E-02	-1.870E-02	3.740E-02
8.872E-04	1.879E-02	-1.879E-02	3.758E-02
8.954E-04	1.888E-02	-1.888E-02	3.775E-02
9.036E-04	1.896E-02	-1.896E-02	3.793E-02
9.120E-04	1.905E-02	-1.905E-02	3.810E-02
9.204E-04	1.914E-02	-1.914E-02	3.828E-02
9.290E-04	1.923E-02	-1.923E-02	3.845E-02
9.376E-04	1.932E-02	-1.932E-02	3.863E-02
9.462E-04	1.941E-02	-1.941E-02	3.881E-02
9.550E-04	1.950E-02	-1.950E-02	3.899E-02
9.638E-04	1.959E-02	-1.959E-02	3.917E-02
9.727E-04	1.968E-02	-1.968E-02	3.935E-02
9.817E-04	1.977E-02	-1.977E-02	3.954E-02
9.908E-04	1.986E-02	-1.986E-02	3.972E-02
1.000E-03	1.995E-02	-1.995E-02	3.990E-02
1.009E-03	2.004E-02	-2.004E-02	4.009E-02
1.019E-03	2.014E-02	-2.014E-02	4.027E-02
1.028E-03	2.023E-02	-2.023E-02	4.046E-02
1.038E-03	2.032E-02	-2.032E-02	4.065E-02
1.047E-03	2.042E-02	-2.042E-02	4.084E-02
1.057E-03	2.051E-02	-2.051E-02	4.103E-02
1.067E-03	2.061E-02	-2.061E-02	4.122E-02
1.076E-03	2.070E-02	-2.070E-02	4.141E-02
1.086E-03	2.080E-02	-2.080E-02	4.160E-02
1.096E-03	2.090E-02	-2.090E-02	4.179E-02
1.107E-03	2.099E-02	-2.099E-02	4.199E-02
1.117E-03	2.109E-02	-2.109E-02	4.218E-02
1.127E-03	2.119E-02	-2.119E-02	4.238E-02
1.138E-03	2.129E-02	-2.129E-02	4.257E-02
1.148E-03	2.138E-02	-2.138E-02	4.277E-02
1.159E-03	2.148E-02	-2.148E-02	4.297E-02
1.169E-03	2.158E-02	-2.158E-02	4.317E-02
1.180E-03	2.168E-02	-2.168E-02	4.337E-02
1.191E-03	2.178E-02	-2.178E-02	4.357E-02
1.202E-03	2.189E-02	-2.189E-02	4.377E-02
1.213E-03	2.199E-02	-2.199E-02	4.397E-02
1.225E-03	2.209E-02	-2.209E-02	4.418E-02
1.236E-03	2.219E-02	-2.219E-02	4.438E-02
1.247E-03	2.229E-02	-2.229E-02	4.459E-02
1.259E-03	2.240E-02	-2.240E-02	4.480E-02
1.271E-03	2.250E-02	-2.250E-02	4.500E-02
1.282E-03	2.261E-02	-2.261E-02	4.521E-02
1.294E-03	2.271E-02	-2.271E-02	4.542E-02
1.306E-03	2.282E-02	-2.282E-02	4.563E-02
1.318E-03	2.292E-02	-2.292E-02	4.585E-02
1.330E-03	2.303E-02	-2.303E-02	4.606E-02
1.343E-03	2.314E-02	-2.314E-02	4.627E-02
1.355E-03	2.324E-02	-2.324E-02	4.649E-02
1.368E-03	2.335E-02	-2.335E-02	4.670E-02
1.380E-03	2.346E-02	-2.346E-02	4.692E-02
1.393E-03	2.357E-02	-2.357E-02	4.714E-02
1.406E-03	2.368E-02	-2.368E-02	4.736E-02
1.419E-03	2.379E-02	-2.379E-02	4.758E-02
1.432E-03	2.390E-02	-2.390E-02	4.780E-02
1.445E-03	2.401E-02	-2.401E-02	4.802E-02
1.459E-03	2.412E-02	-2.412E-02	4.824E-02
1.472E-03	2.423E-02	-2.423E-02	4.847E-02
1.486E-03	2.435E-02	-2.435E-02	4.869E-02
1.500E-03	2.446E-02	-2.446E-02	4.892E-02
1.514E-03	2.457E-02	-2.457E-02	4.915E-02
1.528E-03	2.469E-02	-2.469E-02	4.938E-02
1.542E-03	2.480E-02	-2.480E-02	4.961E-02
1.556E-03	2.492E-02	-2.492E-02	4.984E-02
1.570E-03	2.503E-02	-2.503E-02	5.007E-02
1.585E-03	2.515E-02	-2.515E-02	5.030E-02
1.600E-03	2.527E-02	-2.527E-02	5.054E-02
1.614E-03	2.539E-02	-2.539E-02	5.077E-02
1.629E-03	2.550E-02	-2.550E-02	5.101E-02
1.644E-03	2.562E-02	-2.562E-02	5.124E-02
1.660E-03	2.574E-02	-2.574E-02	5.148E-02
1.675E-03	2.586E-02	-2.586E-02	5.172E-02
1.690E-03	2.598E-02	-2.598E-02	5.196E-02
1.706E-03	2.610E-02	-2.610E-02	5.221E-02
1.722E-03	2.622E-02	-2.622E-02	5.245E-02
1.738E-03	2.635E-02	-2.635E-02	5.269E-02
1.754E-03	2.647E-02	-2.647E-02	5.294E-02
1.770E-03	2.659E-02	-2.659E-02	5.319E-02
1.786E-03	2.672E-02	-2.672E-02	5.343E-02
1.803E-03	2.684E-02	-2.684E-02	5.368E-02
1.820E-03	2.697E-02	-2.697E-02	5.393E-02
1.837E-03	2.709E-02	-2.709E-02	5.418E-02
1.854E-03	2.722E-02	-2.722E-02	5.444E-02
1.871E-03	2.735E-02	-2.735E-02	5.469E-02
1.888E-03	2.747E-02	-2.747E-02	5.495E-02
1.905E-03	2.760E-02	-2.760E-02	5.520E-02
1.923E-03	2.773E-02	-2.773E-02	5.546E-02
1.941E-03	2.786E-02	-2.786E-02	5.572E-02
1.959E-03	2.799E-02	-2.799E-02	5.598E-02
1.977E-03	2.812E-02	-2.812E-02	5.624E-02
1.995E-03	2.825E-02	-2.825E-02	5.650E-02
2.014E-03	2.838E-02	-2.838E-02	5.676E-02
2.032E-03	2.851E-02	-2.851E-02	5.703E-02
2.051E-03	2.865E-02	-2.865E-02	5.730E-02
2.070E-03	2.878E-02	-2.878E-02	5.756E-02
2.089E-03	2.892E-02	-2.892E-02	5.783E-02
2.109E-03	2.905E-02	-2.905E-02	5.810E-02
2.128E-03	2.919E-02	-2.919E-02	5.837E-02
2.148E-03	2.932E-02	-2.932E-02	5.865E-02
2.168E-03	2.946E-02	-2.946E-02	5.892E-02
2.188E-03	2.960E-02	-2.960E-02	5.919E-02
2.208E-03	2.974E-02	-2.974E-02	5.947E-02
2.228E-03	2.987E-02	-2.987E-02	5.975E-02
2.249E-03	3.001E-02	-3.001E-02	6.003E-02
2.270E-03	3.015E-02	-3.015E-02	6.031E-02
2.291E-03	3.030E-02	-3.030E-02	6.059E-02
2.312E-03	3.044E-02	-3.044E-02	6.087E-02
2.333E-03	3.058E-02	-3.058E-02	6.116E-02
2.355E-03	3.072E-02	-3.072E-02	6.144E-02
2.377E-03	3.087E-02	-3.087E-02	6.173E-02
2.399E-03	3.101E-02	-3.101E-02	6.202E-02
2.421E-03	3.116E-02	-3.116E-02	6.231E-02
2.443E-03	3.130E-02	-3.130E-02	6.260E-02
2.466E-03	3.145E-02	-3.145E-02	6.290E-02
2.489E-03	3.159E-02	-3.159E-02	6.319E-02
2.512E-03	3.174E-02	-3.174E-02	6.349E-02
2.535E-03	3.189E-02	-3.189E-02	6.378E-02
2.559E-03	3.204E-02	-3.204E-02	6.408E-02
2.582E-03	3.219E-02	-3.219E-02	6.438E-02
2.606E-03	3.234E-02	-3.234E-02	6.468E-02
2.630E-03	3.249E-02	-3.249E-02	6.499E-02
2.655E-03	3.265E-02	-3.265E-02	6.529E-02
2.679E-03	3.280E-02	-3.280E-02	6.560E-02
2.704E-03	3.295E-02	-3.295E-02	6.590E-02
2.729E-03	3.311E-02	-3.311E-02	6.621E-02
2.754E-03	3.326E-02	-3.326E-02	6.652E-02
2.780E-03	3.342E-02	-3.342E-02	6.683E-02
2.805E-03	3.357E-02	-3.357E-02	6.715E-02
2.831E-03	3.373E-02	-3.373E-02	6.746E-02
2.858E-03	3.389E-02	-3.389E-02	6.778E-02
2.884E-03	3.405E-02	-3.405E-02	6.810E-02
2.911E-03	3.421E-02	-3.421E-02	6.842E-02
2.938E-03	3.437E-02	-3.437E-02	6.874E-02
2.965E-03	3.453E-02	-3.453E-02	6.906E-02
2.992E-03	3.469E-02	-3.469E-02	6.938E-02
3.020E-03	3.486E-02	-3.486E-02	6.971E-02
3.048E-03	3.502E-02	-3.502E-02	7.004E-02
3.076E-03	3.518E-02	-3.518E-02	7.037E-02
3.105E-03	3.535E-02	-3.535E-02	7.070E-02
3.133E-03	3.551E-02	-3.551E-02	7.103E-02
3.162E-03	3.568E-02	-3.568E-02	7.136E-02
3.192E-03	3.585E-02	-3.585E-02	7.170E-02
3.221E-03	3.602E-02	-3.602E-02	7.204E-02
3.251E-03	3.619E-02	-3.619E-02	7.237E-02
3.281E-03	3.636E-02	-3.636E-02	7.271E-02
3.311E-03	3.653E-02	-3.653E-02	7.306E-02
3.342E-03	3.670E-02	-3.670E-02	7.340E-02
3.373E-03	3.687E-02	-3.687E-02	7.374E-02
3.404E-03	3.705E-02	-3.705E-02	7.409E-02
3.436E-03	3.722E-02	-3.722E-02	7.444E-02
3.467E-03	3.740E-02	-3.740E-02	7.479E-02
3.499E-03	3.757E-02	-3.757E-02	7.514E-02
3.532E-03	3.775E-02	-3.775E-02	7.550E-02
3.565E-03	3.793E-02	-3.793E-02	7.585E-02
3.597E-03	3.810E-02	-3.810E-02	7.621E-02
3.631E-03	3.828E-02	-3.828E-02	7.657E-02
3.664E-03	3.846E-02	-3.846E-02	7.693E-02
3.698E-03	3.865E-02	-3.865E-02	7.729E-02
3.733E-03	3.883E-02	-3.883E-02	7.766E-02
3.767E-03	3.901E-02	-3.901E-02	7.802E-02
3.802E-03	3.919E-02	-3.919E-02	7.839E-02
3.837E-03	3.938E-02	-3.938E-02	7.876E-02
3.873E-03	3.956E-02	-3.956E-02	7.913E-02
3.908E-03	3.975E-02	-3.975E-02	7.950E-02
3.945E-03	3.994E-02	-3.994E-02	7.988E-02
3.981E-03	4.013E-02	-4.013E-02	8.025E-02
4.018E-03	4.032E-02	-4.032E-02	8.063E-02
4.055E-03	4.051E-02	-4.051E-02	8.101E-02
4.093E-03	4.070E-02	-4.070E-02	8.140E-02
4.130E-03	4.089E-02	-4.089E-02	8.178E-02
4.169E-03	4.108E-02	-4.108E-02	8.217E-02
4.207E-03	4.128E-02	-4.128E-02	8.256E-02
4.246E-03	4.147E-02	-4.147E-02	8.295E-02
4.285E-03	4.167E-02	-4.167E-02	8.334E-02
4.325E-03	4.187E-02	-4.187E-02	8.373E-02
4.365E-03	4.206E-02	-4.206E-02	8.413E-02
4.406E-03	4.226E-02	-4.226E-02	8.452E-02
4.446E-03	4.246E-02	-4.246E-02	8.492E-02
4.487E-03	4.266E-02	-4.266E-02	8.533E-02
4.529E-03	4.286E-02	-4.286E-02	8.573E-02
4.571E-03	4.307E-02	-4.307E-02	8.614E-02
4.613E-03	4.327E-02	-4.327E-02	8.654E-02
4.656E-03	4.348E-02	-4.348E-02	8.695E-02
4.699E-03	4.368E-02	-4.368E-02	8.736E-02
4.742E-03	4.389E-02	-4.389E-02	8.778E-02
4.786E-03	4.410E-02	-4.410E-02	8.819E-02
4.831E-03	4.431E-02	-4.431E-02	8.861E-02
4.875E-03	4.452E-02	-4.452E-02	8.903E-02
4.920E-03	4.473E-02	-4.473E-02	8.945E-02
4.966E-03	4.494E-02	-4.494E-02	8.988E-02
5.012E-03	4.515E-02	-4.515E-02	9.030E-02
5.058E-03	4.537E-02	-4.537E-02	9.073E-02
5.105E-03	4.558E-02	-4.558E-02	9.116E-02
5.152E-03	4.580E-02	-4.580E-02	9.159E-02
5.200E-03	4.601E-02	-4.601E-02	9.203E-02
5.248E-03	4.623E-02	-4.623E-02	9.247E-02
5.297E-03	4.645E-02	-4.645E-02	9.290E-02
5.346E-03	4.667E-02	-4.667E-02	9.335E-02
5.395E-03	4.689E-02	-4.689E-02	9.379E-02
5.445E-03	4.712E-02	-4.712E-02	9.423E-02
5.495E-03	4.734E-02	-4.734E-02	9.468E-02
5.546E-03	4.757E-02	-4.757E-02	9.513E-02
5.598E-03	4.779E-02	-4.779E-02	9.558E-02
5.649E-03	4.802E-02	-4.802E-02	9.604E-02
5.702E-03	4.825E-02	-4.825E-02	9.649E-02
5.754E-03	4.848E-02	-4.848E-02	9.695E-02
5.808E-03	4.871E-02	-4.871E-02	9.741E-02
5.861E-03	4.894E-02	-4.894E-02	9.788E-02
5.916E-03	4.917E-02	-4.917E-02	9.834E-02
5.970E-03	4.941E-02	-4.941E-02	9.881E-02
6.026E-03	4.964E-02	-4.964E-02	9.928E-02
6.081E-03	4.988E-02	-4.988E-02	9.976E-02
6.138E-03	5.012E-02	-5.012E-02	1.002E-01
6.194E-03	5.035E-02	-5.035E-02	1.007E-01
6.252E-03	5.059E-02	-5.059E-02	1.012E-01
6.310E-03	5.084E-02	-5.084E-02	1.017E-01
6.368E-03	5.108E-02	-5.108E-02	1.022E-01
6.427E-03	5.132E-02	-5.132E-02	1.026E-01
6.486E-03	5.157E-02	-5.157E-02	1.031E-01
6.546E-03	5.181E-02	-5.181E-02	1.036E-01
6.607E-03	5.206E-02	-5.206E-02	1.041E-01
6.668E-03	5.231E-02	-5.231E-02	1.046E-01
6.730E-03	5.256E-02	-5.256E-02	1.051E-01
6.792E-03	5.281E-02	-5.281E-02	1.056E-01
6.855E-03	5.306E-02	-5.306E-02	1.061E-01
6.918E-03	5.331E-02	-5.331E-02	1.066E-01
6.982E-03	5.357E-02	-5.357E-02	1.071E-01
7.047E-03	5.382E-02	-5.382E-02	1.076E-01
7.112E-03	5.408E-02	-5.408E-02	1.082E-01
7.178E-03	5.434E-02	-5.434E-02	1.087E-01
7.244E-03	5.460E-02	-5.460E-02	1.092E-01
7.311E-03	5.486E-02	-5.486E-02	1.097E-01
7.379E-03	5.512E-02	-5.512E-02	1.102E-01
7.447E-03	5.539E-02	-5.539E-02	1.108E-01
7.516E-03	5.565E-02	-5.565E-02	1.113E-01
7.586E-03	5.592E-02	-5.592E-02	1.118E-01
7.656E-03	5.619E-02	-5.619E-02	1.124E-01
7.727E-03	5.646E-02	-5.646E-02	1.129E-01
7.798E-03	5.673E-02	-5.673E-02	1.135E-01
7.870E-03	5.700E-02	-5.700E-02	1.140E-01
7.943E-03	5.727E-02	-5.727E-02	1.145E-01
8.017E-03	5.755E-02	-5.755E-02	1.151E-01
8.091E-03	5.782E-02	-5.782E-02	1.156E-01
8.166E-03	5.810E-02	-5.810E-02	1.162E-01
8.241E-03	5.838E-02	-5.838E-02	1.168E-01
8.318E-03	5.866E-02	-5.866E-02	1.173E-01
8.395E-03	5.894E-02	-5.894E-02	1.179E-01
8.472E-03	5.922E-02	-5.922E-02	1.184E-01
8.551E-03	5.951E-02	-5.951E-02	1.190E-01
8.630E-03	5.980E-02	-5.980E-02	1.196E-01
8.710E-03	6.008E-02	-6.008E-02	1.202E-01
8.790E-03	6.037E-02	-6.037E-02	1.207E-01
8.872E-03	6.066E-02	-6.066E-02	1.213E-01
8.954E-03	6.095E-02	-6.095E-02	1.219E-01
9.036E-03	6.125E-02	-6.125E-02	1.225E-01
9.120E-03	6.154E-02	-6.154E-02	1.231E-01
9.204E-03	6.184E-02	-6.184E-02	1.237E-01
9.290E-03	6.214E-02	-6.214E-02	1.243E-01
9.376E-03	6.243E-02	-6.243E-02	1.249E-01
9.462E-03	6.274E-02	-6.274E-02	1.255E-01
9.550E-03	6.304E-02	-6.304E-02	1.261E-01
9.638E-03	6.334E-02	-6.334E-02	1.267E-01
9.727E-03	6.365E-02	-6.365E-02	1.273E-01
9.817E-03	6.395E-02	-6.395E-02	1.279E-01
9.908E-03	6.426E-02	-6.426E-02	1.285E-01
1.000E-02	6.457E-02	-6.457E-02	1.291E-01
1.009E-02	6.488E-02	-6.488E-02	1.298E-01
1.019E-02	6.520E-02	-6.520E-02	1.304E-01
1.028E-02	6.551E-02	-6.551E-02	1.310E-01
1.038E-02	6.583E-02	-6.583E-02	1.317E-01
1.047E-02	6.615E-02	-6.615E-02	1.323E-01
1.057E-02	6.647E-02	-6.647E-02	1.329E-01
1.067E-02	6.679E-02	-6.679E-02	1.336E-01
1.076E-02	6.711E-02	-6.711E-02	1.342E-01
1.086E-02	6.744E-02	-6.744E-02	1.349E-01
1.096E-02	6.776E-02	-6.776E-02	1.355E-01
1.107E-02	6.809E-02	-6.809E-02	1.362E-01
1.117E-02	6.842E-02	-6.842E-02	1.368E-01
1.127E-02	6.875E-02	-6.875E-02	1.375E-01
1.138E-02	6.908E-02	-6.908E-02	1.382E-01
1.148E-02	6.942E-02	-6.942E-02	1.388E-01
1.159E-02	6.975E-02	-6.975E-02	1.395E-01
1.169E-02	7.009E-02	-7.009E-02	1.402E-01
1.180E-02	7.043E-02	-7.043E-02	1.409E-01
1.191E-02	7.077E-02	-7.077E-02	1.415E-01
1.202E-02	7.112E-02	-7.112E-02	1.422E-01
1.213E-02	7.146E-02	-7.146E-02	1.429E-01
1.225E-02	7.181E-02	-7.181E-02	1.436E-01
1.236E-02	7.216E-02	-7.216E-02	1.443E-01
1.247E-02	7.251E-02	-7.251E-02	1.450E-01
1.259E-02	7.286E-02	-7.286E-02	1.457E-01
1.271E-02	7.321E-02	-7.321E-02	1.464E-01
1.282E-02	7.357E-02	-7.357E-02	1.471E-01
1.294E-02	7.393E-02	-7.393E-02	1.479E-01
1.306E-02	7.429E-02	-7.429E-02	1.486E-01
1.318E-02	7.465E-02	-7.465E-02	1.493E-01
1.330E-02	7.501E-02	-7.501E-02	1.500E-01
1.343E-02	7.538E-02	-7.538E-02	1.508E-01
1.355E-02	7.574E-02	-7.574E-02	1.515E-01
1.368E-02	7.611E-02	-7.611E-02	1.522E-01
1.380E-02	7.648E-02	-7.648E-02	1.530E-01
1.393E-02	7.686E-02	-7.686E-02	1.537E-01
1.406E-02	7.723E-02	-7.723E-02	1.545E-01
1.419E-02	7.761E-02	-7.761E-02	1.552E-01
1.432E-02	7.798E-02	-7.798E-02	1.560E-01
1.445E-02	7.837E-02	-7.837E-02	1.567E-01
1.459E-02	7.875E-02	-7.875E-02	1.575E-01
1.472E-02	7.913E-02	-7.913E-02	1.583E-01
1.486E-02	7.952E-02	-7.952E-02	1.590E-01
1.500E-02	7.991E-02	-7.991E-02	1.598E-01
1.514E-02	8.030E-02	-8.030E-02	1.606E-01
1.528E-02	8.069E-02	-8.069E-02	1.614E-01
1.542E-02	8.108E-02	-8.108E-02	1.622E-01
1.556E-02	8.148E-02	-8.148E-02	1.630E-01
1.570E-02	8.188E-02	-8.188E-02	1.638E-01
1.585E-02	8.228E-02	-8.228E-02	1.646E-01
1.600E-02	8.268E-02	-8.268E-02	1.654E-01
1.614E-02	8.309E-02	-8.309E-02	1.662E-01
1.629E-02	8.349E-02	-8.349E-02	1.670E-01
1.644E-02	8.390E-02	-8.390E-02	1.678E-01
1.660E-02	8.431E-02	-8.431E-02	1.686E-01
1.675E-02	8.472E-02	-8.472E-02	1.694E-01
1.690E-02	8.514E-02	-8.514E-02	1.703E-01
1.706E-02	8.556E-02	-8.556E-02	1.711E-01
1.722E-02	8.598E-02	-8.598E-02	1.720E-01
1.738E-02	8.640E-02	-8.640E-02	1.728E-01
1.754E-02	8.682E-02	-8.682E-02	1.736E-01
1.770E-02	8.725E-02	-8.725E-02	1.745E-01
1.786E-02	8.768E-02	-8.768E-02	1.754E-01
1.803E-02	8.811E-02	-8.811E-02	1.762E-01
1.820E-02	8.854E-02	-8.854E-02	1.771E-01
1.837E-02	8.897E-02	-8.897E-02	1.779E-01
1.854E-02	8.941E-02	-8.941E-02	1.788E-01
1.871E-02	8.985E-02	-8.985E-02	1.797E-01
1.888E-02	9.029E-02	-9.029E-02	1.806E-01
1.905E-02	9.074E-02	-9.074E-02	1.815E-01
1.923E-02	9.118E-02	-9.118E-02	1.824E-01
1.941E-02	9.163E-02	-9.163E-02	1.833E-01
1.959E-02	9.208E-02	-9.208E-02	1.842E-01
1.977E-02	9.253E-02	-9.253E-02	1.851E-01
1.995E-02	9.299E-02	-9.299E-02	1.860E-01
2.014E-02	9.345E-02	-9.345E-02	1.869E-01
2.032E-02	9.391E-02	-9.391E-02	1.878E-01
2.051E-02	9.437E-02	-9.437E-02	1.887E-01
2.070E-02	9.483E-02	-9.483E-02	1.897E-01
2.089E-02	9.530E-02	-9.530E-02	1.906E-01
2.109E-02	9.577E-02	-9.577E-02	1.915E-01
2.128E-02	9.624E-02	-9.624E-02	1.925E-01
2.148E-02	9.672E-02	-9.672E-02	1.934E-01
2.168E-02	9.720E-02	-9.720E-02	1.944E-01
2.188E-02	9.768E-02	-9.768E-02	1.954E-01
2.208E-02	9.816E-02	-9.816E-02	1.963E-01
2.228E-02	9.864E-02	-9.864E-02	1.973E-01
2.249E-02	9.913E-02	-9.913E-02	1.983E-01
2.270E-02	9.962E-02	-9.962E-02	1.992E-01
2.291E-02	1.001E-01	-1.001E-01	2.002E-01
2.312E-02	1.006E-01	-1.006E-01	2.012E-01
2.333E-02	1.011E-01	-1.011E-01	2.022E-01
2.355E-02	1.016E-01	-1.016E-01	2.032E-01
2.377E-02	1.021E-01	-1.021E-01	2.042E-01
2.399E-02	1.026E-01	-1.026E-01	2.052E-01
2.421E-02	1.031E-01	-1.031E-01	2.062E-01
2.443E-02	1.036E-01	-1.036E-01	2.073E-01
2.466E-02	1.041E-01	-1.041E-01	2.083E-01
2.489E-02	1.047E-01	-1.047E-01	2.093E-01
2.512E-02	1.052E-01	-1.052E-01	2.103E-01
2.535E-02	1.057E-01	-1.057E-01	2.114E-01
2.559E-02	1.062E-01	-1.062E-01	2.124E-01
2.582E-02	1.067E-01	-1.067E-01	2.135E-01
2.606E-02	1.073E-01	-1.073E-01	2.145E-01
2.630E-02	1.078E-01	-1.078E-01	2.156E-01
2.655E-02	1.083E-01	-1.083E-01	2.167E-01
2.679E-02	1.089E-01	-1.089E-01	2.178E-01
2.704E-02	1.094E-01	-1.094E-01	2.188E-01
2.729E-02	1.100E-01	-1.100E-01	2.199E-01
2.754E-02	1.105E-01	-1.105E-01	2.210E-01
2.780E-02	1.111E-01	-1.111E-01	2.221E-01
2.805E-02	1.116E-01	-1.116E-01	2.232E-01
2.831E-02	1.122E-01	-1.122E-01	2.243E-01
2.858E-02	1.127E-01	-1.127E-01	2.254E-01
2.884E-02	1.133E-01	-1.133E-01	2.265E-01
2.911E-02	1.138E-01	-1.138E-01	2.277E-01
2.938E-02	1.144E-01	-1.144E-01	2.288E-01
2.965E-02	1.150E-01	-1.150E-01	2.299E-01
2.992E-02	1.155E-01	-1.155E-01	2.311E-01
3.020E-02	1.161E-01	-1.161E-01	2.322E-01
3.048E-02	1.167E-01	-1.167E-01	2.334E-01
3.076E-02	1.173E-01	-1.173E-01	2.345E-01
3.105E-02	1.179E-01	-1.179E-01	2.357E-01
3.133E-02	1.184E-01	-1.184E-01	2.369E-01
3.162E-02	1.190E-01	-1.190E-01	2.381E-01
3.192E-02	1.196E-01	-1.196E-01	2.392E-01
3.221E-02	1.202E-01	-1.202E-01	2.404E-01
3.251E-02	1.208E-01	-1.208E-01	2.416E-01
3.281E-02	1.214E-01	-1.214E-01	2.428E-01
3.311E-02	1.220E-01	-1.220E-01	2.440E-01
3.342E-02	1.226E-01	-1.226E-01	2.453E-01
3.373E-02	1.232E-01	-1.232E-01	2.465E-01
3.404E-02	1.238E-01	-1.238E-01	2.477E-01
3.436E-02	1.245E-01	-1.245E-01	2.489E-01
3.467E-02	1.251E-01	-1.251E-01	2.502E-01
3.499E-02	1.257E-01	-1.257E-01	2.514E-01
3.532E-02	1.263E-01	-1.263E-01	2.527E-01
3.565E-02	1.270E-01	-1.270E-01	2.539E-01
3.597E-02	1.276E-01	-1.276E-01	2.552E-01
3.631E-02	1.282E-01	-1.282E-01	2.565E-01
3.664E-02	1.289E-01	-1.289E-01	2.577E-01
3.698E-02	1.295E-01	-1.295E-01	2.590E-01
3.733E-02	1.302E-01	-1.302E-01	2.603E-01
3.767E-02	1.308E-01	-1.308E-01	2.616E-01
3.802E-02	1.315E-01	-1.315E-01	2.629E-01
3.837E-02	1.321E-01	-1.321E-01	2.642E-01
3.873E-02	1.328E-01	-1.328E-01	2.655E-01
3.908E-02	1.334E-01	-1.334E-01	2.669E-01
3.945E-02	1.341E-01	-1.341E-01	2.682E-01
3.981E-02	1.348E-01	-1.348E-01	2.695E-01
4.018E-02	1.354E-01	-1.354E-01	2.709E-01
4.055E-02	1.361E-01	-1.361E-01	2.722E-01
4.093E-02	1.368E-01	-1.368E-01	2.736E-01
4.130E-02	1.375E-01	-1.375E-01	2.749E-01
4.169E-02	1.381E-01	-1.381E-01	2.763E-01
4.207E-02	1.388E-01	-1.388E-01	2.777E-01
4.246E-02	1.395E-01	-1.395E-01	2.790E-01
4.285E-02	1.402E-01	-1.402E-01	2.804E-01
4.325E-02	1.409E-01	-1.409E-01	2.818E-01
4.365E-02	1.416E-01	-1.416E-01	2.832E-01
4.406E-02	1.423E-01	-1.423E-01	2.846E-01
4.446E-02	1.430E-01	-1.430E-01	2.861E-01
4.487E-02	1.437E-01	-1.437E-01	2.875E-01
4.529E-02	1.445E-01	-1.445E-01	2.889E-01
4.571E-02	1.452E-01	-1.452E-01	2.904E-01
4.613E-02	1.459E-01	-1.459E-01	2.918E-01
4.656E-02	1.466E-01	-1.466E-01	2.932E-01
4.699E-02	1.474E-01	-1.474E-01	2.947E-01
4.742E-02	1.481E-01	-1.481E-01	2.962E-01
4.786E-02	1.488E-01	-1.488E-01	2.976E-01
4.831E-02	1.496E-01	-1.496E-01	2.991E-01
4.875E-02	1.503E-01	-1.503E-01	3.006E-01
4.920E-02	1.510E-01	-1.510E-01	3.021E-01
4.966E-02	1.518E-01	-1.518E-01	3.036E-01
5.012E-02	1.526E-01	-1.526E-01	3.051E-01
5.058E-02	1.533E-01	-1.533E-01	3.066E-01
5.105E-02	1.541E-01	-1.541E-01	3.081E-01
5.152E-02	1.548E-01	-1.548E-01	3.097E-01
5.200E-02	1.556E-01	-1.556E-01	3.112E-01
5.248E-02	1.564E-01	-1.564E-01	3.127E-01
5.297E-02	1.571E-01	-1.571E-01	3.143E-01
5.346E-02	1.579E-01	-1.579E-01	3.159E-01
5.395E-02	1.587E-01	-1.587E-01	3.174E-01
5.445E-02	1.595E-01	-1.595E-01	3.190E-01
5.495E-02	1.603E-01	-1.603E-01	3.206E-01
5.546E-02	1.611E-01	-1.611E-01	3.222E-01
5.598E-02	1.619E-01	-1.619E-01	3.237E-01
5.649E-02	1.627E-01	-1.627E-01	3.253E-01
5.702E-02	1.635E-01	-1.635E-01	3.270E-01
5.754E-02	1.643E-01	-1.643E-01	3.286E-01
5.808E-02	1.651E-01	-1.651E-01	3.302E-01
5.861E-02	1.659E-01	-1.659E-01	3.318E-01
5.916E-02	1.667E-01	-1.667E-01	3.335E-01
5.970E-02	1.675E-01	-1.675E-01	3.351E-01
6.026E-02	1.684E-01	-1.684E-01	3.367E-01
6.081E-02	1.692E-01	-1.692E-01	3.384E-01
6.138E-02	1.700E-01	-1.700E-01	3.401E-01
6.194E-02	1.709E-01	-1.709E-01	3.417E-01
6.252E-02	1.717E-01	-1.717E-01	3.434E-01
6.310E-02	1.726E-01	-1.726E-01	3.451E-01
6.368E-02	1.734E-01	-1.734E-01	3.468E-01
6.427E-02	1.743E-01	-1.743E-01	3.485E-01
6.486E-02	1.751E-01	-1.751E-01	3.502E-01
6.546E-02	1.760E-01	-1.760E-01	3.519E-01
6.607E-02	1.768E-01	-1.768E-01	3.537E-01
6.668E-02	1.777E-01	-1.777E-01	3.554E-01
6.730E-02	1.786E-01	-1.786E-01	3.571E-01
6.792E-02	1.794E-01	-1.794E-01	3.589E-01
6.855E-02	1.803E-01	-1.803E-01	3.606E-01
6.918E-02	1.812E-01	-1.812E-01	3.624E-01
6.982E-02	1.821E-01	-1.821E-01	3.642E-01
7.047E-02	1.830E-01	-1.830E-01	3.659E-01
7.112E-02	1.839E-01	-1.839E-01	3.677E-01
7.178E-02	1.848E-01	-1.848E-01	3.695E-01
7.244E-02	1.856E-01	-1.856E-01	3.713E-01
7.311E-02	1.865E-01	-1.865E-01	3.731E-01
7.379E-02	1.875E-01	-1.875E-01	3.749E-01
7.447E-02	1.884E-01	-1.884E-01	3.767E-01
7.516E-02	1.893E-01	-1.893E-01	3.786E-01
7.586E-02	1.902E-01	-1.902E-01	3.804E-01
7.656E-02	1.911E-01	-1.911E-01	3.822E-01
7.727E-02	1.920E-01	-1.920E-01	3.841E-01
7.798E-02	1.930E-01	-1.930E-01	3.859E-01
7.870E-02	1.939E-01	-1.939E-01	3.878E-01
7.943E-02	1.948E-01	-1.948E-01	3.896E-01
8.017E-02	1.958E-01	-1.958E-01	3.915E-01
8.091E-02	1.967E-01	-1.967E-01	3.934E-01
8.166E-02	1.976E-01	-1.976E-01	3.953E-01
8.241E-02	1.986E-01	-1.986E-01	3.972E-01
8.318E-02	1.995E-01	-1.995E-01	3.991E-01
8.395E-02	2.005E-01	-2.005E-01	4.010E-01
8.472E-02	2.014E-01	-2.014E-01	4.029E-01
8.551E-02	2.024E-01	-2.024E-01	4.048E-01
8.630E-02	2.034E-01	-2.034E-01	4.067E-01
8.710E-02	2.043E-01	-2.043E-01	4.087E-01
8.790E-02	2.053E-01	-2.053E-01	4.106E-01
8.872E-02	2.063E-01	-2.063E-01	4.126E-01
8.954E-02	2.073E-01	-2.073E-01	4.145E-01
9.036E-02	2.082E-01	-2.082E-01	4.165E-01
9.120E-02	2.092E-01	-2.092E-01	4.184E-01
9.204E-02	2.102E-01	-2.102E-01	4.204E-01
9.290E-02	2.112E-01	-2.112E-01	4.224E-01
9.376E-02	2.122E-01	-2.122E-01	4.243E-01
9.462E-02	2.132E-01	-2.132E-01	4.263E-01
9.550E-02	2.142E-01	-2.142E-01	4.283E-01
9.638E-02	2.152E-01	-2.152E-01	4.303E-01
9.727E-02	2.162E-01	-2.162E-01	4.323E-01
9.817E-02	2.172E-01	-2.172E-01	4.343E-01
9.908E-02	2.182E-01	-2.182E-01	4.364E-01
1.000E-01	2.192E-01	-2.192E-01	4.384E-01
1.009E-01	2.202E-01	-2.202E-01	4.404E-01
1.019E-01	2.212E-01	-2.212E-01	4.424E-01
1.028E-01	2.222E-01	-2.222E-01	4.445E-01
1.038E-01	2.233E-01	-2.233E-01	4.465E-01
1.047E-01	2.243E-01	-2.243E-01	4.486E-01
1.057E-01	2.253E-01	-2.253E-01	4.506E-01
1.067E-01	2.263E-01	-2.263E-01	4.527E-01
1.076E-01	2.274E-01	-2.274E-01	4.547E-01
1.086E-01	2.284E-01	-2.284E-01	4.568E-01
1.096E-01	2.294E-01	-2.294E-01	4.589E-01
1.107E-01	2.305E-01	-2.305E-01	4.609E-01
1.117E-01	2.315E-01	-2.315E-01	4.630E-01
1.127E-01	2.325E-01	-2.325E-01	4.651E-01
1.138E-01	2.336E-01	-2.336E-01	4.672E-01
1.148E-01	2.346E-01	-2.346E-01	4.693E-01
1.159E-01	2.357E-01	-2.357E-01	4.714E-01
1.169E-01	2.367E-01	-2.367E-01	4.734E-01
1.180E-01	2.378E-01	-2.378E-01	4.755E-01
1.191E-01	2.388E-01	-2.388E-01	4.776E-01
1.202E-01	2.399E-01	-2.399E-01	4.797E-01
1.213E-01	2.409E-01	-2.409E-01	4.819E-01
1.225E-01	2.420E-01	-2.420E-01	4.840E-01
1.236E-01	2.430E-01	-2.430E-01	4.861E-01
1.247E-01	2.441E-01	-2.441E-01	4.882E-01
1.259E-01	2.452E-01	-2.452E-01	4.903E-01
1.271E-01	2.462E-01	-2.462E-01	4.924E-01
1.282E-01	2.473E-01	-2.473E-01	4.945E-01
1.294E-01	2.483E-01	-2.483E-01	4.967E-01
1.306E-01	2.494E-01	-2.494E-01	4.988E-01
1.318E-01	2.505E-01	-2.505E-01	5.009E-01
1.330E-01	2.515E-01	-2.515E-01	5.030E-01
1.343E-01	2.526E-01	-2.526E-01	5.052E-01
1.355E-01	2.536E-01	-2.536E-01	5.073E-01
1.368E-01	2.547E-01	-2.547E-01	5.094E-01
1.380E-01	2.558E-01	-2.558E-01	5.115E-01
1.393E-01	2.568E-01	-2.568E-01	5.137E-01
1.406E-01	2.579E-01	-2.579E-01	5.158E-01
1.419E-01	2.590E-01	-2.590E-01	5.179E-01
1.432E-01	2.600E-01	-2.600E-01	5.200E-01
1.445E-01	2.611E-01	-2.611E-01	5.222E-01
1.459E-01	2.621E-01	-2.621E-01	5.243E-01
1.472E-01	2.632E-01	-2.632E-01	5.264E-01
1.486E-01	2.643E-01	-2.643E-01	5.285E-01
1.500E-01	2.653E-01	-2.653E-01	5.306E-01
1.514E-01	2.664E-01	-2.664E-01	5.327E-01
1.528E-01	2.674E-01	-2.674E-01	5.348E-01
1.542E-01	2.685E-01	-2.685E-01	5.369E-01
1.556E-01	2.695E-01	-2.695E-01	5.390E-01
1.570E-01	2.706E-01	-2.706E-01	5.411E-01
1.585E-01	2.716E-01	-2.716E-01	5.432E-01
1.600E-01	2.727E-01	-2.727E-01	5.453E-01
1.614E-01	2.737E-01	-2.737E-01	5.474E-01
1.629E-01	2.747E-01	-2.747E-01	5.495E-01
1.644E-01	2.758E-01	-2.758E-01	5.516E-01
1.660E-01	2.768E-01	-2.768E-01	5.536E-01
1.675E-01	2.778E-01	-2.778E-01	5.557E-01
1.690E-01	2.789E-01	-2.789E-01	5.577E-01
1.706E-01	2.799E-01	-2.799E-01	5.598E-01
1.722E-01	2.809E-01	-2.809E-01	5.618E-01
1.738E-01	2.819E-01	-2.819E-01	5.639E-01
1.754E-01	2.829E-01	-2.829E-01	5.659E-01
1.770E-01	2.840E-01	-2.840E-01	5.679E-01
1.786E-01	2.850E-01	-2.850E-01	5.699E-01
1.803E-01	2.860E-01	-2.860E-01	5.719E-01
1.820E-01	2.870E-01	-2.870E-01	5.739E-01
1.837E-01	2.879E-01	-2.879E-01	5.759E-01
1.854E-01	2.889E-01	-2.889E-01	5.779E-01
1.871E-01	2.899E-01	-2.899E-01	5.798E-01
1.888E-01	2.909E-01	-2.909E-01	5.818E-01
1.905E-01	2.918E-01	-2.918E-01	5.837E-01
1.923E-01	2.928E-01	-2.928E-01	5.856E-01
1.941E-01	2.938E-01	-2.938E-01	5.875E-01
1.959E-01	2.947E-01	-2.947E-01	5.894E-01
1.977E-01	2.956E-01	-2.956E-01	5.913E-01
1.995E-01	2.966E-01	-2.966E-01	5.932E-01
2.014E-01	2.975E-01	-2.975E-01	5.950E-01
2.032E-01	2.984E-01	-2.984E-01	5.969E-01
2.051E-01	2.993E-01	-2.993E-01	5.987E-01
2.070E-01	3.002E-01	-3.002E-01	6.005E-01
2.089E-01	3.011E-01	-3.011E-01	6.023E-01
2.109E-01	3.020E-01	-3.020E-01	6.040E-01
2.128E-01	3.029E-01	-3.029E-01	6.058E-01
2.148E-01	3.038E-01	-3.038E-01	6.075E-01
2.168E-01	3.046E-01	-3.046E-01	6.092E-01
2.188E-01	3.055E-01	-3.055E-01	6.109E-01
2.208E-01	3.063E-01	-3.063E-01	6.126E-01
2.228E-01	3.071E-01	-3.071E-01	6.143E-01
2.249E-01	3.079E-01	-3.079E-01	6.159E-01
2.270E-01	3.087E-01	-3.087E-01	6.175E-01
2.291E-01	3.095E-01	-3.095E-01	6.191E-01
2.312E-01	3.103E-01	-3.103E-01	6.206E-01
2.333E-01	3.111E-01	-3.111E-01	6.222E-01
2.355E-01	3.118E-01	-3.118E-01	6.237E-01
2.377E-01	3.126E-01	-3.126E-01	6.252E-01
2.399E-01	3.133E-01	-3.133E-01	6.266E-01
2.421E-01	3.140E-01	-3.140E-01	6.281E-01
2.443E-01	3.147E-01	-3.147E-01	6.295E-01
2.466E-01	3.154E-01	-3.154E-01	6.308E-01
2.489E-01	3.161E-01	-3.161E-01	6.322E-01
2.512E-01	3.168E-01	-3.168E-01	6.335E-01
2.535E-01	3.174E-01	-3.174E-01	6.348E-01
2.559E-01	3.180E-01	-3.180E-01	6.361E-01
2.582E-01	3.186E-01	-3.186E-01	6.373E-01
2.606E-01	3.192E-01	-3.192E-01	6.385E-01
2.630E-01	3.198E-01	-3.198E-01	6.396E-01
2.655E-01	3.204E-01	-3.204E-01	6.408E-01
2.679E-01	3.209E-01	-3.209E-01	6.418E-01
2.704E-01	3.214E-01	-3.214E-01	6.429E-01
2.729E-01	3.220E-01	-3.220E-01	6.439E-01
2.754E-01	3.224E-01	-3.224E-01	6.449E-01
2.780E-01	3.229E-01	-3.229E-01	6.458E-01
2.805E-01	3.234E-01	-3.234E-01	6.467E-01
2.831E-01	3.238E-01	-3.238E-01	6.476E-01
2.858E-01	3.242E-01	-3.242E-01	6.484E-01
2.884E-01	3.246E-01	-3.246E-01	6.492E-01
2.911E-01	3.249E-01	-3.249E-01	6.499E-01
2.938E-01	3.253E-01	-3.253E-01	6.506E-01
2.965E-01	3.256E-01	-3.256E-01	6.512E-01
2.992E-01	3.259E-01	-3.259E-01	6.518E-01
3.020E-01	3.262E-01	-3.262E-01	6.524E-01
3.048E-01	3.264E-01	-3.264E-01	6.529E-01
3.076E-01	3.267E-01	-3.267E-01	6.533E-01
3.105E-01	3.269E-01	-3.269E-01	6.537E-01
3.133E-01	3.270E-01	-3.270E-01	6.541E-01
3.162E-01	3.272E-01	-3.272E-01	6.544E-01
3.192E-01	3.273E-01	-3.273E-01	6.546E-01
3.221E-01	3.274E-01	-3.274E-01	6.548E-01
3.251E-01	3.275E-01	-3.275E-01	6.550E-01
3.281E-01	3.275E-01	-3.275E-01	6.551E-01
3.311E-01	3.275E-01	-3.275E-01	6.551E-01
3.342E-01	3.275E-01	-3.275E-01	6.551E-01
3.373E-01	3.275E-01	-3.275E-01	6.550E-01
3.404E-01	3.274E-01	-3.274E-01	6.548E-01
3.436E-01	3.273E-01	-3.273E-01	6.546E-01
3.467E-01	3.272E-01	-3.272E-01	6.543E-01
3.499E-01	3.270E-01	-3.270E-01	6.540E-01
3.532E-01	3.268E-01	-3.268E-01	6.536E-01
3.565E-01	3.266E-01	-3.266E-01	6.532E-01
3.597E-01	3.263E-01	-3.263E-01	6.526E-01
3.631E-01	3.260E-01	-3.260E-01	6.520E-01
3.664E-01	3.257E-01	-3.257E-01	6.514E-01
3.698E-01	3.253E-01	-3.253E-01	6.506E-01
3.733E-01	3.249E-01	-3.249E-01	6.498E-01
3.767E-01	3.245E-01	-3.245E-01	6.489E-01
3.802E-01	3.240E-01	-3.240E-01	6.480E-01
3.837E-01	3.235E-01	-3.235E-01	6.470E-01
3.873E-01	3.229E-01	-3.229E-01	6.459E-01
3.908E-01	3.223E-01	-3.223E-01	6.447E-01
3.945E-01	3.217E-01	-3.217E-01	6.434E-01
3.981E-01	3.210E-01	-3.210E-01	6.421E-01
4.018E-01	3.203E-01	-3.203E-01	6.407E-01
4.055E-01	3.196E-01	-3.196E-01	6.392E-01
4.093E-01	3.188E-01	-3.188E-01	6.376E-01
4.130E-01	3.180E-01	-3.180E-01	6.359E-01
4.169E-01	3.171E-01	-3.171E-01	6.342E-01
4.207E-01	3.162E-01	-3.162E-01	6.323E-01
4.246E-01	3.152E-01	-3.152E-01	6.304E-01
4.285E-01	3.142E-01	-3.142E-01	6.284E-01
4.325E-01	3.131E-01	-3.131E-01	6.263E-01
4.365E-01	3.120E-01	-3.120E-01	6.241E-01
4.406E-01	3.109E-01	-3.109E-01	6.218E-01
4.446E-01	3.097E-01	-3.097E-01	6.194E-01
4.487E-01	3.085E-01	-3.085E-01	6.169E-01
4.529E-01	3.072E-01	-3.072E-01	6.144E-01
4.571E-01	3.058E-01	-3.058E-01	6.117E-01
4.613E-01	3.044E-01	-3.044E-01	6.089E-01
4.656E-01	3.030E-01	-3.030E-01	6.060E-01
4.699E-01	3.015E-01	-3.015E-01	6.030E-01
4.742E-01	3.000E-01	-3.000E-01	6.000E-01
4.786E-01	2.984E-01	-2.984E-01	5.968E-01
4.831E-01	2.967E-01	-2.967E-01	5.935E-01
4.875E-01	2.950E-01	-2.950E-01	5.901E-01
4.920E-01	2.933E-01	-2.933E-01	5.866E-01
4.966E-01	2.915E-01	-2.915E-01	5.829E-01
5.012E-01	2.896E-01	-2.896E-01	5.792E-01
5.058E-01	2.877E-01	-2.877E-01	5.753E-01
5.105E-01	2.857E-01	-2.857E-01	5.714E-01
5.152E-01	2.837E-01	-2.837E-01	5.673E-01
5.200E-01	2.816E-01	-2.816E-01	5.631E-01
5.248E-01	2.794E-01	-2.794E-01	5.588E-01
5.297E-01	2.772E-01	-2.772E-01	5.544E-01
5.346E-01	2.749E-01	-2.749E-01	5.498E-01
5.395E-01	2.726E-01	-2.726E-01	5.451E-01
5.445E-01	2.702E-01	-2.702E-01	5.404E-01
5.495E-01	2.677E-01	-2.677E-01	5.354E-01
5.546E-01	2.652E-01	-2.652E-01	5.304E-01
5.598E-01	2.626E-01	-2.626E-01	5.252E-01
5.649E-01	2.600E-01	-2.600E-01	5.199E-01
5.702E-01	2.572E-01	-2.572E-01	5.145E-01
5.754E-01	2.545E-01	-2.545E-01	5.089E-01
5.808E-01	2.516E-01	-2.516E-01	5.032E-01
5.861E-01	2.487E-01	-2.487E-01	4.974E-01
5.916E-01	2.457E-01	-2.457E-01	4.915E-01
5.970E-01	2.427E-01	-2.427E-01	4.854E-01
6.026E-01	2.396E-01	-2.396E-01	4.791E-01
6.081E-01	2.364E-01	-2.364E-01	4.728E-01
6.138E-01	2.331E-01	-2.331E-01	4.663E-01
6.194E-01	2.298E-01	-2.298E-01	4.597E-01
6.252E-01	2.264E-01	-2.264E-01	4.529E-01
6.310E-01	2.230E-01	-2.230E-01	4.460E-01
6.368E-01	2.195E-01	-2.195E-01	4.389E-01
6.427E-01	2.159E-01	-2.159E-01	4.318E-01
6.486E-01	2.122E-01	-2.122E-01	4.244E-01
6.546E-01	2.085E-01	-2.085E-01	4.170E-01
6.607E-01	2.047E-01	-2.047E-01	4.094E-01
6.668E-01	2.008E-01	-2.008E-01	4.017E-01
6.730E-01	1.969E-01	-1.969E-01	3.938E-01
6.792E-01	1.929E-01	-1.929E-01	3.858E-01
6.855E-01	1.888E-01	-1.888E-01	3.776E-01
6.918E-01	1.847E-01	-1.847E-01	3.694E-01
6.982E-01	1.805E-01	-1.805E-01	3.610E-01
7.047E-01	1.762E-01	-1.762E-01	3.524E-01
7.112E-01	1.719E-01	-1.719E-01	3.437E-01
7.178E-01	1.675E-01	-1.675E-01	3.349E-01
7.244E-01	1.630E-01	-1.630E-01	3.260E-01
7.311E-01	1.585E-01	-1.585E-01	3.170E-01
7.379E-01	1.539E-01	-1.539E-01	3.078E-01
7.447E-01	1.492E-01	-1.492E-01	2.985E-01
7.516E-01	1.445E-01	-1.445E-01	2.891E-01
7.586E-01	1.398E-01	-1.398E-01	2.796E-01
7.656E-01	1.350E-01	-1.350E-01	2.699E-01
7.727E-01	1.301E-01	-1.301E-01	2.602E-01
7.798E-01	1.252E-01	-1.252E-01	2.504E-01
7.870E-01	1.202E-01	-1.202E-01	2.405E-01
7.943E-01	1.152E-01	-1.152E-01	2.305E-01
8.017E-01	1.102E-01	-1.102E-01	2.204E-01
8.091E-01	1.051E-01	-1.051E-01	2.102E-01
8.166E-01	1.000E-01	-1.000E-01	2.000E-01
8.241E-01	9.487E-02	-9.487E-02	1.897E-01
8.318E-01	8.972E-02	-8.972E-02	1.794E-01
8.395E-01	8.455E-02	-8.455E-02	1.691E-01
8.472E-01	7.937E-02	-7.937E-02	1.587E-01
8.551E-01	7.418E-02	-7.418E-02	1.484E-01
8.630E-01	6.900E-02	-6.900E-02	1.380E-01
8.710E-01	6.384E-02	-6.384E-02	1.277E-01
8.790E-01	5.869E-02	-5.869E-02	1.174E-01
8.872E-01	5.358E-02	-5.358E-02	1.072E-01
8.954E-01	4.851E-02	-4.851E-02	9.702E-02
9.036E-01	4.350E-02	-4.350E-02	8.700E-02
9.120E-01	3.856E-02	-3.856E-02	7.711E-02
9.204E-01	3.370E-02	-3.370E-02	6.741E-02
9.290E-01	2.896E-02	-2.896E-02	5.792E-02
9.376E-01	2.434E-02	-2.434E-02	4.869E-02
9.462E-01	1.989E-02	-1.989E-02	3.978E-02
9.550E-01	1.563E-02	-1.563E-02	3.125E-02
9.638E-01	1.160E-02	-1.160E-02	2.321E-02
9.727E-01	7.880E-03	-7.880E-03	1.576E-02
9.817E-01	4.544E-03	-4.544E-03	9.088E-03
9.908E-01	1.772E-03	-1.772E-03	3.543E-03
