Q0 = 0.9 GeV	 Q = 5.2 GeV
x	 x*uv	 x*dv	 x*(uv-dv)
1.000E-04	4.334E-03	-4.334E-03	8.669E-03
1.009E-04	4.359E-03	-4.359E-03	8.718E-03
1.019E-04	4.383E-03	-4.383E-03	8.767E-03
1.028E-04	4.408E-03	-4.408E-03	8.816E-03
1.038E-04	4.433E-03	-4.433E-03	8.866E-03
1.047E-04	4.458E-03	-4.458E-03	8.916E-03
1.057E-04	4.483E-03	-4.483E-03	8.967E-03
1.067E-04	4.509E-03	-4.509E-03	9.017E-03
1.076E-04	4.534E-03	-4.534E-03	9.068E-03
1.086E-04	4.560E-03	-4.560E-03	9.119E-03
1.096E-04	4.585E-03	-4.585E-03	9.171E-03
1.107E-04	4.611E-03	-4.611E-03	9.223E-03
1.117E-04	4.637E-03	-4.637E-03	9.275E-03
1.127E-04	4.663E-03	-4.663E-03	9.327E-03
1.138E-04	4.690E-03	-4.690E-03	9.380E-03
1.148E-04	4.716E-03	-4.716E-03	9.433E-03
1.159E-04	4.743E-03	-4.743E-03	9.486E-03
1.169E-04	4.770E-03	-4.770E-03	9.539E-03
1.180E-04	4.797E-03	-4.797E-03	9.593E-03
1.191E-04	4.824E-03	-4.824E-03	9.647E-03
1.202E-04	4.851E-03	-4.851E-03	9.702E-03
1.213E-04	4.878E-03	-4.878E-03	9.756E-03
1.225E-04	4.906E-03	-4.906E-03	9.811E-03
1.236E-04	4.933E-03	-4.933E-03	9.867E-03
1.247E-04	4.961E-03	-4.961E-03	9.922E-03
1.259E-04	4.989E-03	-4.989E-03	9.978E-03
1.271E-04	5.017E-03	-5.017E-03	1.003E-02
1.282E-04	5.046E-03	-5.046E-03	1.009E-02
1.294E-04	5.074E-03	-5.074E-03	1.015E-02
1.306E-04	5.103E-03	-5.103E-03	1.021E-02
1.318E-04	5.131E-03	-5.131E-03	1.026E-02
1.330E-04	5.160E-03	-5.160E-03	1.032E-02
1.343E-04	5.189E-03	-5.189E-03	1.038E-02
1.355E-04	5.219E-03	-5.219E-03	1.044E-02
1.368E-04	5.248E-03	-5.248E-03	1.050E-02
1.380E-04	5.278E-03	-5.278E-03	1.056E-02
1.393E-04	5.307E-03	-5.307E-03	1.061E-02
1.406E-04	5.337E-03	-5.337E-03	1.067E-02
1.419E-04	5.367E-03	-5.367E-03	1.073E-02
1.432E-04	5.398E-03	-5.398E-03	1.080E-02
1.445E-04	5.428E-03	-5.428E-03	1.086E-02
1.459E-04	5.459E-03	-5.459E-03	1.092E-02
1.472E-04	5.489E-03	-5.489E-03	1.098E-02
1.486E-04	5.520E-03	-5.520E-03	1.104E-02
1.500E-04	5.551E-03	-5.551E-03	1.110E-02
1.514E-04	5.583E-03	-5.583E-03	1.117E-02
1.528E-04	5.614E-03	-5.614E-03	1.123E-02
1.542E-04	5.646E-03	-5.646E-03	1.129E-02
1.556E-04	5.677E-03	-5.677E-03	1.135E-02
1.570E-04	5.709E-03	-5.709E-03	1.142E-02
1.585E-04	5.741E-03	-5.741E-03	1.148E-02
1.600E-04	5.774E-03	-5.774E-03	1.155E-02
1.614E-04	5.806E-03	-5.806E-03	1.161E-02
1.629E-04	5.839E-03	-5.839E-03	1.168E-02
1.644E-04	5.872E-03	-5.872E-03	1.174E-02
1.660E-04	5.905E-03	-5.905E-03	1.181E-02
1.675E-04	5.938E-03	-5.938E-03	1.188E-02
1.690E-04	5.971E-03	-5.971E-03	1.194E-02
1.706E-04	6.005E-03	-6.005E-03	1.201E-02
1.722E-04	6.039E-03	-6.039E-03	1.208E-02
1.738E-04	6.073E-03	-6.073E-03	1.215E-02
1.754E-04	6.107E-03	-6.107E-03	1.221E-02
1.770E-04	6.141E-03	-6.141E-03	1.228E-02
1.786E-04	6.176E-03	-6.176E-03	1.235E-02
1.803E-04	6.211E-03	-6.211E-03	1.242E-02
1.820E-04	6.246E-03	-6.246E-03	1.249E-02
1.837E-04	6.281E-03	-6.281E-03	1.256E-02
1.854E-04	6.316E-03	-6.316E-03	1.263E-02
1.871E-04	6.351E-03	-6.351E-03	1.270E-02
1.888E-04	6.387E-03	-6.387E-03	1.277E-02
1.905E-04	6.423E-03	-6.423E-03	1.285E-02
1.923E-04	6.459E-03	-6.459E-03	1.292E-02
1.941E-04	6.495E-03	-6.495E-03	1.299E-02
1.959E-04	6.532E-03	-6.532E-03	1.306E-02
1.977E-04	6.569E-03	-6.569E-03	1.314E-02
1.995E-04	6.606E-03	-6.606E-03	1.321E-02
2.014E-04	6.643E-03	-6.643E-03	1.329E-02
2.032E-04	6.680E-03	-6.680E-03	1.336E-02
2.051E-04	6.718E-03	-6.718E-03	1.344E-02
2.070E-04	6.755E-03	-6.755E-03	1.351E-02
2.089E-04	6.793E-03	-6.793E-03	1.359E-02
2.109E-04	6.831E-03	-6.831E-03	1.366E-02
2.128E-04	6.870E-03	-6.870E-03	1.374E-02
2.148E-04	6.908E-03	-6.908E-03	1.382E-02
2.168E-04	6.947E-03	-6.947E-03	1.389E-02
2.188E-04	6.986E-03	-6.986E-03	1.397E-02
2.208E-04	7.025E-03	-7.025E-03	1.405E-02
2.228E-04	7.065E-03	-7.065E-03	1.413E-02
2.249E-04	7.105E-03	-7.105E-03	1.421E-02
2.270E-04	7.144E-03	-7.144E-03	1.429E-02
2.291E-04	7.185E-03	-7.185E-03	1.437E-02
2.312E-04	7.225E-03	-7.225E-03	1.445E-02
2.333E-04	7.265E-03	-7.265E-03	1.453E-02
2.355E-04	7.306E-03	-7.306E-03	1.461E-02
2.377E-04	7.347E-03	-7.347E-03	1.469E-02
2.399E-04	7.388E-03	-7.388E-03	1.478E-02
2.421E-04	7.430E-03	-7.430E-03	1.486E-02
2.443E-04	7.472E-03	-7.472E-03	1.494E-02
2.466E-04	7.513E-03	-7.513E-03	1.503E-02
2.489E-04	7.556E-03	-7.556E-03	1.511E-02
2.512E-04	7.598E-03	-7.598E-03	1.520E-02
2.535E-04	7.641E-03	-7.641E-03	1.528E-02
2.559E-04	7.683E-03	-7.683E-03	1.537E-02
2.582E-04	7.727E-03	-7.727E-03	1.545E-02
2.606E-04	7.770E-03	-7.770E-03	1.554E-02
2.630E-04	7.813E-03	-7.813E-03	1.563E-02
2.655E-04	7.857E-03	-7.857E-03	1.571E-02
2.679E-04	7.901E-03	-7.901E-03	1.580E-02
2.704E-04	7.946E-03	-7.946E-03	1.589E-02
2.729E-04	7.990E-03	-7.990E-03	1.598E-02
2.754E-04	8.035E-03	-8.035E-03	1.607E-02
2.780E-04	8.080E-03	-8.080E-03	1.616E-02
2.805E-04	8.125E-03	-8.125E-03	1.625E-02
2.831E-04	8.171E-03	-8.171E-03	1.634E-02
2.858E-04	8.217E-03	-8.217E-03	1.643E-02
2.884E-04	8.263E-03	-8.263E-03	1.653E-02
2.911E-04	8.309E-03	-8.309E-03	1.662E-02
2.938E-04	8.356E-03	-8.356E-03	1.671E-02
2.965E-04	8.402E-03	-8.402E-03	1.680E-02
2.992E-04	8.449E-03	-8.449E-03	1.690E-02
3.020E-04	8.497E-03	-8.497E-03	1.699E-02
3.048E-04	8.544E-03	-8.544E-03	1.709E-02
3.076E-04	8.592E-03	-8.592E-03	1.718E-02
3.105E-04	8.640E-03	-8.640E-03	1.728E-02
3.133E-04	8.689E-03	-8.689E-03	1.738E-02
3.162E-04	8.737E-03	-8.737E-03	1.747E-02
3.192E-04	8.786E-03	-8.786E-03	1.757E-02
3.221E-04	8.835E-03	-8.835E-03	1.767E-02
3.251E-04	8.885E-03	-8.885E-03	1.777E-02
3.281E-04	8.935E-03	-8.935E-03	1.787E-02
3.311E-04	8.985E-03	-8.985E-03	1.797E-02
3.342E-04	9.035E-03	-9.035E-03	1.807E-02
3.373E-04	9.086E-03	-9.086E-03	1.817E-02
3.404E-04	9.136E-03	-9.136E-03	1.827E-02
3.436E-04	9.188E-03	-9.188E-03	1.838E-02
3.467E-04	9.239E-03	-9.239E-03	1.848E-02
3.499E-04	9.291E-03	-9.291E-03	1.858E-02
3.532E-04	9.343E-03	-9.343E-03	1.869E-02
3.565E-04	9.395E-03	-9.395E-03	1.879E-02
3.597E-04	9.447E-03	-9.447E-03	1.889E-02
3.631E-04	9.500E-03	-9.500E-03	1.900E-02
3.664E-04	9.553E-03	-9.553E-03	1.911E-02
3.698E-04	9.607E-03	-9.607E-03	1.921E-02
3.733E-04	9.661E-03	-9.661E-03	1.932E-02
3.767E-04	9.715E-03	-9.715E-03	1.943E-02
3.802E-04	9.769E-03	-9.769E-03	1.954E-02
3.837E-04	9.824E-03	-9.824E-03	1.965E-02
3.873E-04	9.878E-03	-9.878E-03	1.976E-02
3.908E-04	9.934E-03	-9.934E-03	1.987E-02
3.945E-04	9.989E-03	-9.989E-03	1.998E-02
3.981E-04	1.005E-02	-1.005E-02	2.009E-02
4.018E-04	1.010E-02	-1.010E-02	2.020E-02
4.055E-04	1.016E-02	-1.016E-02	2.032E-02
4.093E-04	1.021E-02	-1.021E-02	2.043E-02
4.130E-04	1.027E-02	-1.027E-02	2.054E-02
4.169E-04	1.033E-02	-1.033E-02	2.066E-02
4.207E-04	1.039E-02	-1.039E-02	2.077E-02
4.246E-04	1.044E-02	-1.044E-02	2.089E-02
4.285E-04	1.050E-02	-1.050E-02	2.101E-02
4.325E-04	1.056E-02	-1.056E-02	2.112E-02
4.365E-04	1.062E-02	-1.062E-02	2.124E-02
4.406E-04	1.068E-02	-1.068E-02	2.136E-02
4.446E-04	1.074E-02	-1.074E-02	2.148E-02
4.487E-04	1.080E-02	-1.080E-02	2.160E-02
4.529E-04	1.086E-02	-1.086E-02	2.172E-02
4.571E-04	1.092E-02	-1.092E-02	2.184E-02
4.613E-04	1.098E-02	-1.098E-02	2.196E-02
4.656E-04	1.104E-02	-1.104E-02	2.209E-02
4.699E-04	1.110E-02	-1.110E-02	2.221E-02
4.742E-04	1.117E-02	-1.117E-02	2.233E-02
4.786E-04	1.123E-02	-1.123E-02	2.246E-02
4.831E-04	1.129E-02	-1.129E-02	2.258E-02
4.875E-04	1.135E-02	-1.135E-02	2.271E-02
4.920E-04	1.142E-02	-1.142E-02	2.284E-02
4.966E-04	1.148E-02	-1.148E-02	2.296E-02
5.012E-04	1.155E-02	-1.155E-02	2.309E-02
5.058E-04	1.161E-02	-1.161E-02	2.322E-02
5.105E-04	1.167E-02	-1.167E-02	2.335E-02
5.152E-04	1.174E-02	-1.174E-02	2.348E-02
5.200E-04	1.181E-02	-1.181E-02	2.361E-02
5.248E-04	1.187E-02	-1.187E-02	2.374E-02
5.297E-04	1.194E-02	-1.194E-02	2.388E-02
5.346E-04	1.200E-02	-1.200E-02	2.401E-02
5.395E-04	1.207E-02	-1.207E-02	2.414E-02
5.445E-04	1.214E-02	-1.214E-02	2.428E-02
5.495E-04	1.221E-02	-1.221E-02	2.441E-02
5.546E-04	1.227E-02	-1.227E-02	2.455E-02
5.598E-04	1.234E-02	-1.234E-02	2.469E-02
5.649E-04	1.241E-02	-1.241E-02	2.482E-02
5.702E-04	1.248E-02	-1.248E-02	2.496E-02
5.754E-04	1.255E-02	-1.255E-02	2.510E-02
5.808E-04	1.262E-02	-1.262E-02	2.524E-02
5.861E-04	1.269E-02	-1.269E-02	2.538E-02
5.916E-04	1.276E-02	-1.276E-02	2.552E-02
5.970E-04	1.283E-02	-1.283E-02	2.566E-02
6.026E-04	1.290E-02	-1.290E-02	2.581E-02
6.081E-04	1.298E-02	-1.298E-02	2.595E-02
6.138E-04	1.305E-02	-1.305E-02	2.610E-02
6.194E-04	1.312E-02	-1.312E-02	2.624E-02
6.252E-04	1.319E-02	-1.319E-02	2.639E-02
6.310E-04	1.327E-02	-1.327E-02	2.653E-02
6.368E-04	1.334E-02	-1.334E-02	2.668E-02
6.427E-04	1.342E-02	-1.342E-02	2.683E-02
6.486E-04	1.349E-02	-1.349E-02	2.698E-02
6.546E-04	1.357E-02	-1.357E-02	2.713E-02
6.607E-04	1.364E-02	-1.364E-02	2.728E-02
6.668E-04	1.372E-02	-1.372E-02	2.743E-02
6.730E-04	1.379E-02	-1.379E-02	2.759E-02
6.792E-04	1.387E-02	-1.387E-02	2.774E-02
6.855E-04	1.395E-02	-1.395E-02	2.789E-02
6.918E-04	1.402E-02	-1.402E-02	2.805E-02
6.982E-04	1.410E-02	-1.410E-02	2.821E-02
7.047E-04	1.418E-02	-1.418E-02	2.836E-02
7.112E-04	1.426E-02	-1.426E-02	2.852E-02
7.178E-04	1.434E-02	-1.434E-02	2.868E-02
7.244E-04	1.442E-02	-1.442E-02	2.884E-02
7.311E-04	1.450E-02	-1.450E-02	2.900E-02
7.379E-04	1.458E-02	-1.458E-02	2.916E-02
7.447E-04	1.466E-02	-1.466E-02	2.932E-02
7.516E-04	1.474E-02	-1.474E-02	2.949E-02
7.586E-04	1.483E-02	-1.483E-02	2.965E-02
7.656E-04	1.491E-02	-1.491E-02	2.982E-02
7.727E-04	1.499E-02	-1.499E-02	2.998E-02
7.798E-04	1.507E-02	-1.507E-02	3.015E-02
7.870E-04	1.516E-02	-1.516E-02	3.032E-02
7.943E-04	1.524E-02	-1.524E-02	3.048E-02
8.017E-04	1.533E-02	-1.533E-02	3.065E-02
8.091E-04	1.541E-02	-1.541E-02	3.082E-02
8.166E-04	1.550E-02	-1.550E-02	3.100E-02
8.241E-04	1.558E-02	-1.558E-02	3.117E-02
8.318E-04	1.567E-02	-1.567E-02	3.134E-02
8.395E-04	1.576E-02	-1.576E-02	3.152E-02
8.472E-04	1.585E-02	-1.585E-02	3.169E-02
8.551E-04	1.593E-02	-1.593E-02	3.187E-02
8.630E-04	1.602E-02	-1.602E-02	3.204E-02
8.710E-04	1.611E-02	-1.611E-02	3.222E-02
8.790E-04	1.620E-02	-1.620E-02	3.240E-02
8.872E-04	1.629E-02	-1.629E-02	3.258E-02
8.954E-04	1.638E-02	-1.638E-02	3.276E-02
9.036E-04	1.647E-02	-1.647E-02	3.294E-02
9.120E-04	1.656E-02	-1.656E-02	3.313E-02
9.204E-04	1.666E-02	-1.666E-02	3.331E-02
9.290E-04	1.675E-02	-1.675E-02	3.350E-02
9.376E-04	1.684E-02	-1.684E-02	3.368E-02
9.462E-04	1.693E-02	-1.693E-02	3.387E-02
9.550E-04	1.703E-02	-1.703E-02	3.406E-02
9.638E-04	1.712E-02	-1.712E-02	3.425E-02
9.727E-04	1.722E-02	-1.722E-02	3.444E-02
9.817E-04	1.731E-02	-1.731E-02	3.463E-02
9.908E-04	1.741E-02	-1.741E-02	3.482E-02
1.000E-03	1.751E-02	-1.751E-02	3.501E-02
1.009E-03	1.760E-02	-1.760E-02	3.521E-02
1.019E-03	1.770E-02	-1.770E-02	3.540E-02
1.028E-03	1.780E-02	-1.780E-02	3.560E-02
1.038E-03	1.790E-02	-1.790E-02	3.580E-02
1.047E-03	1.800E-02	-1.800E-02	3.600E-02
1.057E-03	1.810E-02	-1.810E-02	3.620E-02
1.067E-03	1.820E-02	-1.820E-02	3.640E-02
1.076E-03	1.830E-02	-1.830E-02	3.660E-02
1.086E-03	1.840E-02	-1.840E-02	3.680E-02
1.096E-03	1.850E-02	-1.850E-02	3.701E-02
1.107E-03	1.861E-02	-1.861E-02	3.721E-02
1.117E-03	1.871E-02	-1.871E-02	3.742E-02
1.127E-03	1.881E-02	-1.881E-02	3.763E-02
1.138E-03	1.892E-02	-1.892E-02	3.783E-02
1.148E-03	1.902E-02	-1.902E-02	3.804E-02
1.159E-03	1.913E-02	-1.913E-02	3.825E-02
1.169E-03	1.923E-02	-1.923E-02	3.847E-02
1.180E-03	1.934E-02	-1.934E-02	3.868E-02
1.191E-03	1.945E-02	-1.945E-02	3.889E-02
1.202E-03	1.956E-02	-1.956E-02	3.911E-02
1.213E-03	1.966E-02	-1.966E-02	3.933E-02
1.225E-03	1.977E-02	-1.977E-02	3.955E-02
1.236E-03	1.988E-02	-1.988E-02	3.976E-02
1.247E-03	1.999E-02	-1.999E-02	3.998E-02
1.259E-03	2.010E-02	-2.010E-02	4.021E-02
1.271E-03	2.021E-02	-2.021E-02	4.043E-02
1.282E-03	2.033E-02	-2.033E-02	4.065E-02
1.294E-03	2.044E-02	-2.044E-02	4.088E-02
1.306E-03	2.055E-02	-2.055E-02	4.111E-02
1.318E-03	2.067E-02	-2.067E-02	4.133E-02
1.330E-03	2.078E-02	-2.078E-02	4.156E-02
1.343E-03	2.090E-02	-2.090E-02	4.179E-02
1.355E-03	2.101E-02	-2.101E-02	4.202E-02
1.368E-03	2.113E-02	-2.113E-02	4.226E-02
1.380E-03	2.125E-02	-2.125E-02	4.249E-02
1.393E-03	2.136E-02	-2.136E-02	4.273E-02
1.406E-03	2.148E-02	-2.148E-02	4.296E-02
1.419E-03	2.160E-02	-2.160E-02	4.320E-02
1.432E-03	2.172E-02	-2.172E-02	4.344E-02
1.445E-03	2.184E-02	-2.184E-02	4.368E-02
1.459E-03	2.196E-02	-2.196E-02	4.392E-02
1.472E-03	2.208E-02	-2.208E-02	4.416E-02
1.486E-03	2.220E-02	-2.220E-02	4.441E-02
1.500E-03	2.233E-02	-2.233E-02	4.466E-02
1.514E-03	2.245E-02	-2.245E-02	4.490E-02
1.528E-03	2.258E-02	-2.258E-02	4.515E-02
1.542E-03	2.270E-02	-2.270E-02	4.540E-02
1.556E-03	2.283E-02	-2.283E-02	4.565E-02
1.570E-03	2.295E-02	-2.295E-02	4.590E-02
1.585E-03	2.308E-02	-2.308E-02	4.616E-02
1.600E-03	2.321E-02	-2.321E-02	4.641E-02
1.614E-03	2.334E-02	-2.334E-02	4.667E-02
1.629E-03	2.346E-02	-2.346E-02	4.693E-02
1.644E-03	2.359E-02	-2.359E-02	4.719E-02
1.660E-03	2.372E-02	-2.372E-02	4.745E-02
1.675E-03	2.386E-02	-2.386E-02	4.771E-02
1.690E-03	2.399E-02	-2.399E-02	4.798E-02
1.706E-03	2.412E-02	-2.412E-02	4.824E-02
1.722E-03	2.425E-02	-2.425E-02	4.851E-02
1.738E-03	2.439E-02	-2.439E-02	4.878E-02
1.754E-03	2.452E-02	-2.452E-02	4.905E-02
1.770E-03	2.466E-02	-2.466E-02	4.932E-02
1.786E-03	2.480E-02	-2.480E-02	4.959E-02
1.803E-03	2.493E-02	-2.493E-02	4.986E-02
1.820E-03	2.507E-02	-2.507E-02	5.014E-02
1.837E-03	2.521E-02	-2.521E-02	5.042E-02
1.854E-03	2.535E-02	-2.535E-02	5.070E-02
1.871E-03	2.549E-02	-2.549E-02	5.098E-02
1.888E-03	2.563E-02	-2.563E-02	5.126E-02
1.905E-03	2.577E-02	-2.577E-02	5.154E-02
1.923E-03	2.591E-02	-2.591E-02	5.183E-02
1.941E-03	2.606E-02	-2.606E-02	5.211E-02
1.959E-03	2.620E-02	-2.620E-02	5.240E-02
1.977E-03	2.634E-02	-2.634E-02	5.269E-02
1.995E-03	2.649E-02	-2.649E-02	5.298E-02
2.014E-03	2.664E-02	-2.664E-02	5.327E-02
2.032E-03	2.678E-02	-2.678E-02	5.357E-02
2.051E-03	2.693E-02	-2.693E-02	5.386E-02
2.070E-03	2.708E-02	-2.708E-02	5.416E-02
2.089E-03	2.723E-02	-2.723E-02	5.446E-02
2.109E-03	2.738E-02	-2.738E-02	5.476E-02
2.128E-03	2.753E-02	-2.753E-02	5.506E-02
2.148E-03	2.768E-02	-2.768E-02	5.537E-02
2.168E-03	2.784E-02	-2.784E-02	5.567E-02
2.188E-03	2.799E-02	-2.799E-02	5.598E-02
2.208E-03	2.814E-02	-2.814E-02	5.629E-02
2.228E-03	2.830E-02	-2.830E-02	5.660E-02
2.249E-03	2.846E-02	-2.846E-02	5.691E-02
2.270E-03	2.861E-02	-2.861E-02	5.723E-02
2.291E-03	2.877E-02	-2.877E-02	5.754E-02
2.312E-03	2.893E-02	-2.893E-02	5.786E-02
2.333E-03	2.909E-02	-2.909E-02	5.818E-02
2.355E-03	2.925E-02	-2.925E-02	5.850E-02
2.377E-03	2.941E-02	-2.941E-02	5.882E-02
2.399E-03	2.957E-02	-2.957E-02	5.915E-02
2.421E-03	2.974E-02	-2.974E-02	5.947E-02
2.443E-03	2.990E-02	-2.990E-02	5.980E-02
2.466E-03	3.007E-02	-3.007E-02	6.013E-02
2.489E-03	3.023E-02	-3.023E-02	6.046E-02
2.512E-03	3.040E-02	-3.040E-02	6.080E-02
2.535E-03	3.057E-02	-3.057E-02	6.113E-02
2.559E-03	3.073E-02	-3.073E-02	6.147E-02
2.582E-03	3.090E-02	-3.090E-02	6.181E-02
2.606E-03	3.107E-02	-3.107E-02	6.215E-02
2.630E-03	3.125E-02	-3.125E-02	6.249E-02
2.655E-03	3.142E-02	-3.142E-02	6.284E-02
2.679E-03	3.159E-02	-3.159E-02	6.318E-02
2.704E-03	3.177E-02	-3.177E-02	6.353E-02
2.729E-03	3.194E-02	-3.194E-02	6.388E-02
2.754E-03	3.212E-02	-3.212E-02	6.423E-02
2.780E-03	3.229E-02	-3.229E-02	6.459E-02
2.805E-03	3.247E-02	-3.247E-02	6.494E-02
2.831E-03	3.265E-02	-3.265E-02	6.530E-02
2.858E-03	3.283E-02	-3.283E-02	6.566E-02
2.884E-03	3.301E-02	-3.301E-02	6.602E-02
2.911E-03	3.319E-02	-3.319E-02	6.639E-02
2.938E-03	3.338E-02	-3.338E-02	6.675E-02
2.965E-03	3.356E-02	-3.356E-02	6.712E-02
2.992E-03	3.374E-02	-3.374E-02	6.749E-02
3.020E-03	3.393E-02	-3.393E-02	6.786E-02
3.048E-03	3.412E-02	-3.412E-02	6.823E-02
3.076E-03	3.431E-02	-3.431E-02	6.861E-02
3.105E-03	3.449E-02	-3.449E-02	6.899E-02
3.133E-03	3.468E-02	-3.468E-02	6.937E-02
3.162E-03	3.488E-02	-3.488E-02	6.975E-02
3.192E-03	3.507E-02	-3.507E-02	7.013E-02
3.221E-03	3.526E-02	-3.526E-02	7.052E-02
3.251E-03	3.545E-02	-3.545E-02	7.091E-02
3.281E-03	3.565E-02	-3.565E-02	7.130E-02
3.311E-03	3.585E-02	-3.585E-02	7.169E-02
3.342E-03	3.604E-02	-3.604E-02	7.209E-02
3.373E-03	3.624E-02	-3.624E-02	7.248E-02
3.404E-03	3.644E-02	-3.644E-02	7.288E-02
3.436E-03	3.664E-02	-3.664E-02	7.328E-02
3.467E-03	3.684E-02	-3.684E-02	7.369E-02
3.499E-03	3.705E-02	-3.705E-02	7.409E-02
3.532E-03	3.725E-02	-3.725E-02	7.450E-02
3.565E-03	3.745E-02	-3.745E-02	7.491E-02
3.597E-03	3.766E-02	-3.766E-02	7.532E-02
3.631E-03	3.787E-02	-3.787E-02	7.574E-02
3.664E-03	3.808E-02	-3.808E-02	7.615E-02
3.698E-03	3.829E-02	-3.829E-02	7.657E-02
3.733E-03	3.850E-02	-3.850E-02	7.699E-02
3.767E-03	3.871E-02	-3.871E-02	7.742E-02
3.802E-03	3.892E-02	-3.892E-02	7.784E-02
3.837E-03	3.913E-02	-3.913E-02	7.827E-02
3.873E-03	3.935E-02	-3.935E-02	7.870E-02
3.908E-03	3.957E-02	-3.957E-02	7.913E-02
3.945E-03	3.978E-02	-3.978E-02	7.957E-02
3.981E-03	4.000E-02	-4.000E-02	8.000E-02
4.018E-03	4.022E-02	-4.022E-02	8.044E-02
4.055E-03	4.044E-02	-4.044E-02	8.089E-02
4.093E-03	4.067E-02	-4.067E-02	8.133E-02
4.130E-03	4.089E-02	-4.089E-02	8.178E-02
4.169E-03	4.111E-02	-4.111E-02	8.223E-02
4.207E-03	4.134E-02	-4.134E-02	8.268E-02
4.246E-03	4.157E-02	-4.157E-02	8.313E-02
4.285E-03	4.179E-02	-4.179E-02	8.359E-02
4.325E-03	4.202E-02	-4.202E-02	8.405E-02
4.365E-03	4.226E-02	-4.226E-02	8.451E-02
4.406E-03	4.249E-02	-4.249E-02	8.497E-02
4.446E-03	4.272E-02	-4.272E-02	8.544E-02
4.487E-03	4.296E-02	-4.296E-02	8.591E-02
4.529E-03	4.319E-02	-4.319E-02	8.638E-02
4.571E-03	4.343E-02	-4.343E-02	8.686E-02
4.613E-03	4.367E-02	-4.367E-02	8.733E-02
4.656E-03	4.391E-02	-4.391E-02	8.781E-02
4.699E-03	4.415E-02	-4.415E-02	8.829E-02
4.742E-03	4.439E-02	-4.439E-02	8.878E-02
4.786E-03	4.463E-02	-4.463E-02	8.927E-02
4.831E-03	4.488E-02	-4.488E-02	8.976E-02
4.875E-03	4.512E-02	-4.512E-02	9.025E-02
4.920E-03	4.537E-02	-4.537E-02	9.074E-02
4.966E-03	4.562E-02	-4.562E-02	9.124E-02
5.012E-03	4.587E-02	-4.587E-02	9.174E-02
5.058E-03	4.612E-02	-4.612E-02	9.225E-02
5.105E-03	4.638E-02	-4.638E-02	9.275E-02
5.152E-03	4.663E-02	-4.663E-02	9.326E-02
5.200E-03	4.689E-02	-4.689E-02	9.377E-02
5.248E-03	4.714E-02	-4.714E-02	9.429E-02
5.297E-03	4.740E-02	-4.740E-02	9.480E-02
5.346E-03	4.766E-02	-4.766E-02	9.532E-02
5.395E-03	4.792E-02	-4.792E-02	9.585E-02
5.445E-03	4.819E-02	-4.819E-02	9.637E-02
5.495E-03	4.845E-02	-4.845E-02	9.690E-02
5.546E-03	4.872E-02	-4.872E-02	9.743E-02
5.598E-03	4.898E-02	-4.898E-02	9.797E-02
5.649E-03	4.925E-02	-4.925E-02	9.850E-02
5.702E-03	4.952E-02	-4.952E-02	9.904E-02
5.754E-03	4.979E-02	-4.979E-02	9.958E-02
5.808E-03	5.007E-02	-5.007E-02	1.001E-01
5.861E-03	5.034E-02	-5.034E-02	1.007E-01
5.916E-03	5.062E-02	-5.062E-02	1.012E-01
5.970E-03	5.089E-02	-5.089E-02	1.018E-01
6.026E-03	5.117E-02	-5.117E-02	1.023E-01
6.081E-03	5.145E-02	-5.145E-02	1.029E-01
6.138E-03	5.173E-02	-5.173E-02	1.035E-01
6.194E-03	5.202E-02	-5.202E-02	1.040E-01
6.252E-03	5.230E-02	-5.230E-02	1.046E-01
6.310E-03	5.259E-02	-5.259E-02	1.052E-01
6.368E-03	5.288E-02	-5.288E-02	1.058E-01
6.427E-03	5.317E-02	-5.317E-02	1.063E-01
6.486E-03	5.346E-02	-5.346E-02	1.069E-01
6.546E-03	5.375E-02	-5.375E-02	1.075E-01
6.607E-03	5.404E-02	-5.404E-02	1.081E-01
6.668E-03	5.434E-02	-5.434E-02	1.087E-01
6.730E-03	5.464E-02	-5.464E-02	1.093E-01
6.792E-03	5.493E-02	-5.493E-02	1.099E-01
6.855E-03	5.524E-02	-5.524E-02	1.105E-01
6.918E-03	5.554E-02	-5.554E-02	1.111E-01
6.982E-03	5.584E-02	-5.584E-02	1.117E-01
7.047E-03	5.615E-02	-5.615E-02	1.123E-01
7.112E-03	5.645E-02	-5.645E-02	1.129E-01
7.178E-03	5.676E-02	-5.676E-02	1.135E-01
7.244E-03	5.707E-02	-5.707E-02	1.141E-01
7.311E-03	5.738E-02	-5.738E-02	1.148E-01
7.379E-03	5.770E-02	-5.770E-02	1.154E-01
7.447E-03	5.801E-02	-5.801E-02	1.160E-01
7.516E-03	5.833E-02	-5.833E-02	1.167E-01
7.586E-03	5.865E-02	-5.865E-02	1.173E-01
7.656E-03	5.897E-02	-5.897E-02	1.179E-01
7.727E-03	5.929E-02	-5.929E-02	1.186E-01
7.798E-03	5.962E-02	-5.962E-02	1.192E-01
7.870E-03	5.994E-02	-5.994E-02	1.199E-01
7.943E-03	6.027E-02	-6.027E-02	1.205E-01
8.017E-03	6.060E-02	-6.060E-02	1.212E-01
8.091E-03	6.093E-02	-6.093E-02	1.219E-01
8.166E-03	6.126E-02	-6.126E-02	1.225E-01
8.241E-03	6.160E-02	-6.160E-02	1.232E-01
8.318E-03	6.193E-02	-6.193E-02	1.239E-01
8.395E-03	6.227E-02	-6.227E-02	1.245E-01
8.472E-03	6.261E-02	-6.261E-02	1.252E-01
8.551E-03	6.295E-02	-6.295E-02	1.259E-01
8.630E-03	6.330E-02	-6.330E-02	1.266E-01
8.710E-03	6.364E-02	-6.364E-02	1.273E-01
8.790E-03	6.399E-02	-6.399E-02	1.280E-01
8.872E-03	6.434E-02	-6.434E-02	1.287E-01
8.954E-03	6.469E-02	-6.469E-02	1.294E-01
9.036E-03	6.504E-02	-6.504E-02	1.301E-01
9.120E-03	6.540E-02	-6.540E-02	1.308E-01
9.204E-03	6.575E-02	-6.575E-02	1.315E-01
9.290E-03	6.611E-02	-6.611E-02	1.322E-01
9.376E-03	6.647E-02	-6.647E-02	1.329E-01
9.462E-03	6.683E-02	-6.683E-02	1.337E-01
9.550E-03	6.720E-02	-6.720E-02	1.344E-01
9.638E-03	6.756E-02	-6.756E-02	1.351E-01
9.727E-03	6.793E-02	-6.793E-02	1.359E-01
9.817E-03	6.830E-02	-6.830E-02	1.366E-01
9.908E-03	6.867E-02	-6.867E-02	1.373E-01
1.000E-02	6.905E-02	-6.905E-02	1.381E-01
1.009E-02	6.942E-02	-6.942E-02	1.388E-01
1.019E-02	6.980E-02	-6.980E-02	1.396E-01
1.028E-02	7.018E-02	-7.018E-02	1.404E-01
1.038E-02	7.056E-02	-7.056E-02	1.411E-01
1.047E-02	7.095E-02	-7.095E-02	1.419E-01
1.057E-02	7.133E-02	-7.133E-02	1.427E-01
1.067E-02	7.172E-02	-7.172E-02	1.434E-01
1.076E-02	7.211E-02	-7.211E-02	1.442E-01
1.086E-02	7.250E-02	-7.250E-02	1.450E-01
1.096E-02	7.290E-02	-7.290E-02	1.458E-01
1.107E-02	7.329E-02	-7.329E-02	1.466E-01
1.117E-02	7.369E-02	-7.369E-02	1.474E-01
1.127E-02	7.409E-02	-7.409E-02	1.482E-01
1.138E-02	7.450E-02	-7.450E-02	1.490E-01
1.148E-02	7.490E-02	-7.490E-02	1.498E-01
1.159E-02	7.531E-02	-7.531E-02	1.506E-01
1.169E-02	7.572E-02	-7.572E-02	1.514E-01
1.180E-02	7.613E-02	-7.613E-02	1.523E-01
1.191E-02	7.654E-02	-7.654E-02	1.531E-01
1.202E-02	7.696E-02	-7.696E-02	1.539E-01
1.213E-02	7.737E-02	-7.737E-02	1.547E-01
1.225E-02	7.779E-02	-7.779E-02	1.556E-01
1.236E-02	7.822E-02	-7.822E-02	1.564E-01
1.247E-02	7.864E-02	-7.864E-02	1.573E-01
1.259E-02	7.907E-02	-7.907E-02	1.581E-01
1.271E-02	7.950E-02	-7.950E-02	1.590E-01
1.282E-02	7.993E-02	-7.993E-02	1.599E-01
1.294E-02	8.036E-02	-8.036E-02	1.607E-01
1.306E-02	8.080E-02	-8.080E-02	1.616E-01
1.318E-02	8.123E-02	-8.123E-02	1.625E-01
1.330E-02	8.167E-02	-8.167E-02	1.633E-01
1.343E-02	8.212E-02	-8.212E-02	1.642E-01
1.355E-02	8.256E-02	-8.256E-02	1.651E-01
1.368E-02	8.301E-02	-8.301E-02	1.660E-01
1.380E-02	8.346E-02	-8.346E-02	1.669E-01
1.393E-02	8.391E-02	-8.391E-02	1.678E-01
1.406E-02	8.436E-02	-8.436E-02	1.687E-01
1.419E-02	8.482E-02	-8.482E-02	1.696E-01
1.432E-02	8.528E-02	-8.528E-02	1.706E-01
1.445E-02	8.574E-02	-8.574E-02	1.715E-01
1.459E-02	8.621E-02	-8.621E-02	1.724E-01
1.472E-02	8.667E-02	-8.667E-02	1.733E-01
1.486E-02	8.714E-02	-8.714E-02	1.743E-01
1.500E-02	8.761E-02	-8.761E-02	1.752E-01
1.514E-02	8.808E-02	-8.808E-02	1.762E-01
1.528E-02	8.856E-02	-8.856E-02	1.771E-01
1.542E-02	8.904E-02	-8.904E-02	1.781E-01
1.556E-02	8.952E-02	-8.952E-02	1.790E-01
1.570E-02	9.000E-02	-9.000E-02	1.800E-01
1.585E-02	9.049E-02	-9.049E-02	1.810E-01
1.600E-02	9.098E-02	-9.098E-02	1.820E-01
1.614E-02	9.147E-02	-9.147E-02	1.829E-01
1.629E-02	9.196E-02	-9.196E-02	1.839E-01
1.644E-02	9.246E-02	-9.246E-02	1.849E-01
1.660E-02	9.295E-02	-9.295E-02	1.859E-01
1.675E-02	9.346E-02	-9.346E-02	1.869E-01
1.690E-02	9.396E-02	-9.396E-02	1.879E-01
1.706E-02	9.447E-02	-9.447E-02	1.889E-01
1.722E-02	9.497E-02	-9.497E-02	1.899E-01
1.738E-02	9.549E-02	-9.549E-02	1.910E-01
1.754E-02	9.600E-02	-9.600E-02	1.920E-01
1.770E-02	9.652E-02	-9.652E-02	1.930E-01
1.786E-02	9.704E-02	-9.704E-02	1.941E-01
1.803E-02	9.756E-02	-9.756E-02	1.951E-01
1.820E-02	9.808E-02	-9.808E-02	1.962E-01
1.837E-02	9.861E-02	-9.861E-02	1.972E-01
1.854E-02	9.914E-02	-9.914E-02	1.983E-01
1.871E-02	9.967E-02	-9.967E-02	1.993E-01
1.888E-02	1.002E-01	-1.002E-01	2.004E-01
1.905E-02	1.007E-01	-1.007E-01	2.015E-01
1.923E-02	1.013E-01	-1.013E-01	2.026E-01
1.941E-02	1.018E-01	-1.018E-01	2.037E-01
1.959E-02	1.024E-01	-1.024E-01	2.048E-01
1.977E-02	1.029E-01	-1.029E-01	2.058E-01
1.995E-02	1.035E-01	-1.035E-01	2.070E-01
2.014E-02	1.040E-01	-1.040E-01	2.081E-01
2.032E-02	1.046E-01	-1.046E-01	2.092E-01
2.051E-02	1.051E-01	-1.051E-01	2.103E-01
2.070E-02	1.057E-01	-1.057E-01	2.114E-01
2.089E-02	1.063E-01	-1.063E-01	2.126E-01
2.109E-02	1.068E-01	-1.068E-01	2.137E-01
2.128E-02	1.074E-01	-1.074E-01	2.148E-01
2.148E-02	1.080E-01	-1.080E-01	2.160E-01
2.168E-02	1.086E-01	-1.086E-01	2.171E-01
2.188E-02	1.091E-01	-1.091E-01	2.183E-01
2.208E-02	1.097E-01	-1.097E-01	2.195E-01
2.228E-02	1.103E-01	-1.103E-01	2.206E-01
2.249E-02	1.109E-01	-1.109E-01	2.218E-01
2.270E-02	1.115E-01	-1.115E-01	2.230E-01
2.291E-02	1.121E-01	-1.121E-01	2.242E-01
2.312E-02	1.127E-01	-1.127E-01	2.254E-01
2.333E-02	1.133E-01	-1.133E-01	2.266E-01
2.355E-02	1.139E-01	-1.139E-01	2.278E-01
2.377E-02	1.145E-01	-1.145E-01	2.290E-01
2.399E-02	1.151E-01	-1.151E-01	2.302E-01
2.421E-02	1.157E-01	-1.157E-01	2.314E-01
2.443E-02	1.163E-01	-1.163E-01	2.327E-01
2.466E-02	1.170E-01	-1.170E-01	2.339E-01
2.489E-02	1.176E-01	-1.176E-01	2.351E-01
2.512E-02	1.182E-01	-1.182E-01	2.364E-01
2.535E-02	1.188E-01	-1.188E-01	2.376E-01
2.559E-02	1.195E-01	-1.195E-01	2.389E-01
2.582E-02	1.201E-01	-1.201E-01	2.402E-01
2.606E-02	1.207E-01	-1.207E-01	2.414E-01
2.630E-02	1.214E-01	-1.214E-01	2.427E-01
2.655E-02	1.220E-01	-1.220E-01	2.440E-01
2.679E-02	1.227E-01	-1.227E-01	2.453E-01
2.704E-02	1.233E-01	-1.233E-01	2.466E-01
2.729E-02	1.240E-01	-1.240E-01	2.479E-01
2.754E-02	1.246E-01	-1.246E-01	2.492E-01
2.780E-02	1.253E-01	-1.253E-01	2.505E-01
2.805E-02	1.259E-01	-1.259E-01	2.519E-01
2.831E-02	1.266E-01	-1.266E-01	2.532E-01
2.858E-02	1.273E-01	-1.273E-01	2.545E-01
2.884E-02	1.279E-01	-1.279E-01	2.559E-01
2.911E-02	1.286E-01	-1.286E-01	2.572E-01
2.938E-02	1.293E-01	-1.293E-01	2.586E-01
2.965E-02	1.300E-01	-1.300E-01	2.599E-01
2.992E-02	1.306E-01	-1.306E-01	2.613E-01
3.020E-02	1.313E-01	-1.313E-01	2.627E-01
3.048E-02	1.320E-01	-1.320E-01	2.640E-01
3.076E-02	1.327E-01	-1.327E-01	2.654E-01
3.105E-02	1.334E-01	-1.334E-01	2.668E-01
3.133E-02	1.341E-01	-1.341E-01	2.682E-01
3.162E-02	1.348E-01	-1.348E-01	2.696E-01
3.192E-02	1.355E-01	-1.355E-01	2.710E-01
3.221E-02	1.362E-01	-1.362E-01	2.724E-01
3.251E-02	1.369E-01	-1.369E-01	2.739E-01
3.281E-02	1.377E-01	-1.377E-01	2.753E-01
3.311E-02	1.384E-01	-1.384E-01	2.767E-01
3.342E-02	1.391E-01	-1.391E-01	2.782E-01
3.373E-02	1.398E-01	-1.398E-01	2.796E-01
3.404E-02	1.405E-01	-1.405E-01	2.811E-01
3.436E-02	1.413E-01	-1.413E-01	2.826E-01
3.467E-02	1.420E-01	-1.420E-01	2.840E-01
3.499E-02	1.428E-01	-1.428E-01	2.855E-01
3.532E-02	1.435E-01	-1.435E-01	2.870E-01
3.565E-02	1.442E-01	-1.442E-01	2.885E-01
3.597E-02	1.450E-01	-1.450E-01	2.900E-01
3.631E-02	1.457E-01	-1.457E-01	2.915E-01
3.664E-02	1.465E-01	-1.465E-01	2.930E-01
3.698E-02	1.472E-01	-1.472E-01	2.945E-01
3.733E-02	1.480E-01	-1.480E-01	2.960E-01
3.767E-02	1.488E-01	-1.488E-01	2.975E-01
3.802E-02	1.495E-01	-1.495E-01	2.991E-01
3.837E-02	1.503E-01	-1.503E-01	3.006E-01
3.873E-02	1.511E-01	-1.511E-01	3.022E-01
3.908E-02	1.519E-01	-1.519E-01	3.037E-01
3.945E-02	1.526E-01	-1.526E-01	3.053E-01
3.981E-02	1.534E-01	-1.534E-01	3.069E-01
4.018E-02	1.542E-01	-1.542E-01	3.084E-01
4.055E-02	1.550E-01	-1.550E-01	3.100E-01
4.093E-02	1.558E-01	-1.558E-01	3.116E-01
4.130E-02	1.566E-01	-1.566E-01	3.132E-01
4.169E-02	1.574E-01	-1.574E-01	3.148E-01
4.207E-02	1.582E-01	-1.582E-01	3.164E-01
4.246E-02	1.590E-01	-1.590E-01	3.180E-01
4.285E-02	1.598E-01	-1.598E-01	3.196E-01
4.325E-02	1.606E-01	-1.606E-01	3.213E-01
4.365E-02	1.615E-01	-1.615E-01	3.229E-01
4.406E-02	1.623E-01	-1.623E-01	3.245E-01
4.446E-02	1.631E-01	-1.631E-01	3.262E-01
4.487E-02	1.639E-01	-1.639E-01	3.279E-01
4.529E-02	1.648E-01	-1.648E-01	3.295E-01
4.571E-02	1.656E-01	-1.656E-01	3.312E-01
4.613E-02	1.664E-01	-1.664E-01	3.329E-01
4.656E-02	1.673E-01	-1.673E-01	3.345E-01
4.699E-02	1.681E-01	-1.681E-01	3.362E-01
4.742E-02	1.690E-01	-1.690E-01	3.379E-01
4.786E-02	1.698E-01	-1.698E-01	3.396E-01
4.831E-02	1.707E-01	-1.707E-01	3.413E-01
4.875E-02	1.715E-01	-1.715E-01	3.430E-01
4.920E-02	1.724E-01	-1.724E-01	3.447E-01
4.966E-02	1.732E-01	-1.732E-01	3.465E-01
5.012E-02	1.741E-01	-1.741E-01	3.482E-01
5.058E-02	1.750E-01	-1.750E-01	3.499E-01
5.105E-02	1.758E-01	-1.758E-01	3.517E-01
5.152E-02	1.767E-01	-1.767E-01	3.534E-01
5.200E-02	1.776E-01	-1.776E-01	3.552E-01
5.248E-02	1.785E-01	-1.785E-01	3.570E-01
5.297E-02	1.794E-01	-1.794E-01	3.587E-01
5.346E-02	1.803E-01	-1.803E-01	3.605E-01
5.395E-02	1.811E-01	-1.811E-01	3.623E-01
5.445E-02	1.820E-01	-1.820E-01	3.641E-01
5.495E-02	1.829E-01	-1.829E-01	3.659E-01
5.546E-02	1.838E-01	-1.838E-01	3.677E-01
5.598E-02	1.847E-01	-1.847E-01	3.695E-01
5.649E-02	1.856E-01	-1.856E-01	3.713E-01
5.702E-02	1.866E-01	-1.866E-01	3.731E-01
5.754E-02	1.875E-01	-1.875E-01	3.749E-01
5.808E-02	1.884E-01	-1.884E-01	3.768E-01
5.861E-02	1.893E-01	-1.893E-01	3.786E-01
5.916E-02	1.902E-01	-1.902E-01	3.804E-01
5.970E-02	1.911E-01	-1.911E-01	3.823E-01
6.026E-02	1.921E-01	-1.921E-01	3.841E-01
6.081E-02	1.930E-01	-1.930E-01	3.860E-01
6.138E-02	1.939E-01	-1.939E-01	3.879E-01
6.194E-02	1.949E-01	-1.949E-01	3.897E-01
6.252E-02	1.958E-01	-1.958E-01	3.916E-01
6.310E-02	1.967E-01	-1.967E-01	3.935E-01
6.368E-02	1.977E-01	-1.977E-01	3.954E-01
6.427E-02	1.986E-01	-1.986E-01	3.972E-01
6.486E-02	1.996E-01	-1.996E-01	3.991E-01
6.546E-02	2.005E-01	-2.005E-01	4.010E-01
6.607E-02	2.015E-01	-2.015E-01	4.030E-01
6.668E-02	2.024E-01	-2.024E-01	4.049E-01
6.730E-02	2.034E-01	-2.034E-01	4.068E-01
6.792E-02	2.043E-01	-2.043E-01	4.087E-01
6.855E-02	2.053E-01	-2.053E-01	4.106E-01
6.918E-02	2.063E-01	-2.063E-01	4.126E-01
6.982E-02	2.072E-01	-2.072E-01	4.145E-01
7.047E-02	2.082E-01	-2.082E-01	4.164E-01
7.112E-02	2.092E-01	-2.092E-01	4.184E-01
7.178E-02	2.102E-01	-2.102E-01	4.203E-01
7.244E-02	2.111E-01	-2.111E-01	4.223E-01
7.311E-02	2.121E-01	-2.121E-01	4.242E-01
7.379E-02	2.131E-01	-2.131E-01	4.262E-01
7.447E-02	2.141E-01	-2.141E-01	4.282E-01
7.516E-02	2.151E-01	-2.151E-01	4.301E-01
7.586E-02	2.161E-01	-2.161E-01	4.321E-01
7.656E-02	2.170E-01	-2.170E-01	4.341E-01
7.727E-02	2.180E-01	-2.180E-01	4.361E-01
7.798E-02	2.190E-01	-2.190E-01	4.380E-01
7.870E-02	2.200E-01	-2.200E-01	4.400E-01
7.943E-02	2.210E-01	-2.210E-01	4.420E-01
8.017E-02	2.220E-01	-2.220E-01	4.440E-01
8.091E-02	2.230E-01	-2.230E-01	4.460E-01
8.166E-02	2.240E-01	-2.240E-01	4.480E-01
8.241E-02	2.250E-01	-2.250E-01	4.500E-01
8.318E-02	2.260E-01	-2.260E-01	4.520E-01
8.395E-02	2.270E-01	-2.270E-01	4.540E-01
8.472E-02	2.280E-01	-2.280E-01	4.560E-01
8.551E-02	2.290E-01	-2.290E-01	4.580E-01
8.630E-02	2.300E-01	-2.300E-01	4.601E-01
8.710E-02	2.310E-01	-2.310E-01	4.621E-01
8.790E-02	2.321E-01	-2.321E-01	4.641E-01
8.872E-02	2.331E-01	-2.331E-01	4.661E-01
8.954E-02	2.341E-01	-2.341E-01	4.681E-01
9.036E-02	2.351E-01	-2.351E-01	4.702E-01
9.120E-02	2.361E-01	-2.361E-01	4.722E-01
9.204E-02	2.371E-01	-2.371E-01	4.742E-01
9.290E-02	2.381E-01	-2.381E-01	4.762E-01
9.376E-02	2.391E-01	-2.391E-01	4.783E-01
9.462E-02	2.402E-01	-2.402E-01	4.803E-01
9.550E-02	2.412E-01	-2.412E-01	4.823E-01
9.638E-02	2.422E-01	-2.422E-01	4.844E-01
9.727E-02	2.432E-01	-2.432E-01	4.864E-01
9.817E-02	2.442E-01	-2.442E-01	4.884E-01
9.908E-02	2.452E-01	-2.452E-01	4.904E-01
1.000E-01	2.462E-01	-2.462E-01	4.925E-01
1.009E-01	2.473E-01	-2.473E-01	4.945E-01
1.019E-01	2.483E-01	-2.483E-01	4.965E-01
1.028E-01	2.493E-01	-2.493E-01	4.986E-01
1.038E-01	2.503E-01	-2.503E-01	5.006E-01
1.047E-01	2.513E-01	-2.513E-01	5.026E-01
1.057E-01	2.523E-01	-2.523E-01	5.046E-01
1.067E-01	2.533E-01	-2.533E-01	5.066E-01
1.076E-01	2.543E-01	-2.543E-01	5.087E-01
1.086E-01	2.553E-01	-2.553E-01	5.107E-01
1.096E-01	2.563E-01	-2.563E-01	5.127E-01
1.107E-01	2.574E-01	-2.574E-01	5.147E-01
1.117E-01	2.584E-01	-2.584E-01	5.167E-01
1.127E-01	2.594E-01	-2.594E-01	5.187E-01
1.138E-01	2.604E-01	-2.604E-01	5.207E-01
1.148E-01	2.614E-01	-2.614E-01	5.227E-01
1.159E-01	2.624E-01	-2.624E-01	5.247E-01
1.169E-01	2.633E-01	-2.633E-01	5.267E-01
1.180E-01	2.643E-01	-2.643E-01	5.287E-01
1.191E-01	2.653E-01	-2.653E-01	5.307E-01
1.202E-01	2.663E-01	-2.663E-01	5.326E-01
1.213E-01	2.673E-01	-2.673E-01	5.346E-01
1.225E-01	2.683E-01	-2.683E-01	5.366E-01
1.236E-01	2.693E-01	-2.693E-01	5.385E-01
1.247E-01	2.702E-01	-2.702E-01	5.405E-01
1.259E-01	2.712E-01	-2.712E-01	5.424E-01
1.271E-01	2.722E-01	-2.722E-01	5.443E-01
1.282E-01	2.731E-01	-2.731E-01	5.463E-01
1.294E-01	2.741E-01	-2.741E-01	5.482E-01
1.306E-01	2.751E-01	-2.751E-01	5.501E-01
1.318E-01	2.760E-01	-2.760E-01	5.520E-01
1.330E-01	2.770E-01	-2.770E-01	5.539E-01
1.343E-01	2.779E-01	-2.779E-01	5.558E-01
1.355E-01	2.788E-01	-2.788E-01	5.577E-01
1.368E-01	2.798E-01	-2.798E-01	5.595E-01
1.380E-01	2.807E-01	-2.807E-01	5.614E-01
1.393E-01	2.816E-01	-2.816E-01	5.633E-01
1.406E-01	2.825E-01	-2.825E-01	5.651E-01
1.419E-01	2.835E-01	-2.835E-01	5.669E-01
1.432E-01	2.844E-01	-2.844E-01	5.687E-01
1.445E-01	2.853E-01	-2.853E-01	5.705E-01
1.459E-01	2.862E-01	-2.862E-01	5.723E-01
1.472E-01	2.871E-01	-2.871E-01	5.741E-01
1.486E-01	2.879E-01	-2.879E-01	5.759E-01
1.500E-01	2.888E-01	-2.888E-01	5.776E-01
1.514E-01	2.897E-01	-2.897E-01	5.794E-01
1.528E-01	2.906E-01	-2.906E-01	5.811E-01
1.542E-01	2.914E-01	-2.914E-01	5.828E-01
1.556E-01	2.923E-01	-2.923E-01	5.845E-01
1.570E-01	2.931E-01	-2.931E-01	5.862E-01
1.585E-01	2.939E-01	-2.939E-01	5.879E-01
1.600E-01	2.948E-01	-2.948E-01	5.895E-01
1.614E-01	2.956E-01	-2.956E-01	5.911E-01
1.629E-01	2.964E-01	-2.964E-01	5.928E-01
1.644E-01	2.972E-01	-2.972E-01	5.944E-01
1.660E-01	2.980E-01	-2.980E-01	5.959E-01
1.675E-01	2.988E-01	-2.988E-01	5.975E-01
1.690E-01	2.995E-01	-2.995E-01	5.990E-01
1.706E-01	3.003E-01	-3.003E-01	6.006E-01
1.722E-01	3.010E-01	-3.010E-01	6.021E-01
1.738E-01	3.018E-01	-3.018E-01	6.036E-01
1.754E-01	3.025E-01	-3.025E-01	6.050E-01
1.770E-01	3.032E-01	-3.032E-01	6.065E-01
1.786E-01	3.039E-01	-3.039E-01	6.079E-01
1.803E-01	3.046E-01	-3.046E-01	6.093E-01
1.820E-01	3.053E-01	-3.053E-01	6.107E-01
1.837E-01	3.060E-01	-3.060E-01	6.120E-01
1.854E-01	3.067E-01	-3.067E-01	6.133E-01
1.871E-01	3.073E-01	-3.073E-01	6.146E-01
1.888E-01	3.080E-01	-3.080E-01	6.159E-01
1.905E-01	3.086E-01	-3.086E-01	6.172E-01
1.923E-01	3.092E-01	-3.092E-01	6.184E-01
1.941E-01	3.098E-01	-3.098E-01	6.196E-01
1.959E-01	3.104E-01	-3.104E-01	6.208E-01
1.977E-01	3.110E-01	-3.110E-01	6.219E-01
1.995E-01	3.115E-01	-3.115E-01	6.230E-01
2.014E-01	3.121E-01	-3.121E-01	6.241E-01
2.032E-01	3.126E-01	-3.126E-01	6.252E-01
2.051E-01	3.131E-01	-3.131E-01	6.262E-01
2.070E-01	3.136E-01	-3.136E-01	6.272E-01
2.089E-01	3.141E-01	-3.141E-01	6.282E-01
2.109E-01	3.145E-01	-3.145E-01	6.291E-01
2.128E-01	3.150E-01	-3.150E-01	6.300E-01
2.148E-01	3.154E-01	-3.154E-01	6.309E-01
2.168E-01	3.159E-01	-3.159E-01	6.317E-01
2.188E-01	3.163E-01	-3.163E-01	6.325E-01
2.208E-01	3.166E-01	-3.166E-01	6.333E-01
2.228E-01	3.170E-01	-3.170E-01	6.340E-01
2.249E-01	3.174E-01	-3.174E-01	6.347E-01
2.270E-01	3.177E-01	-3.177E-01	6.354E-01
2.291E-01	3.180E-01	-3.180E-01	6.360E-01
2.312E-01	3.183E-01	-3.183E-01	6.366E-01
2.333E-01	3.186E-01	-3.186E-01	6.371E-01
2.355E-01	3.188E-01	-3.188E-01	6.376E-01
2.377E-01	3.190E-01	-3.190E-01	6.381E-01
2.399E-01	3.193E-01	-3.193E-01	6.385E-01
2.421E-01	3.194E-01	-3.194E-01	6.389E-01
2.443E-01	3.196E-01	-3.196E-01	6.392E-01
2.466E-01	3.198E-01	-3.198E-01	6.395E-01
2.489E-01	3.199E-01	-3.199E-01	6.398E-01
2.512E-01	3.200E-01	-3.200E-01	6.400E-01
2.535E-01	3.201E-01	-3.201E-01	6.402E-01
2.559E-01	3.202E-01	-3.202E-01	6.403E-01
2.582E-01	3.202E-01	-3.202E-01	6.404E-01
2.606E-01	3.202E-01	-3.202E-01	6.404E-01
2.630E-01	3.202E-01	-3.202E-01	6.404E-01
2.655E-01	3.202E-01	-3.202E-01	6.403E-01
2.679E-01	3.201E-01	-3.201E-01	6.402E-01
2.704E-01	3.200E-01	-3.200E-01	6.401E-01
2.729E-01	3.199E-01	-3.199E-01	6.399E-01
2.754E-01	3.198E-01	-3.198E-01	6.396E-01
2.780E-01	3.196E-01	-3.196E-01	6.393E-01
2.805E-01	3.195E-01	-3.195E-01	6.389E-01
2.831E-01	3.193E-01	-3.193E-01	6.385E-01
2.858E-01	3.190E-01	-3.190E-01	6.381E-01
2.884E-01	3.188E-01	-3.188E-01	6.375E-01
2.911E-01	3.185E-01	-3.185E-01	6.370E-01
2.938E-01	3.182E-01	-3.182E-01	6.363E-01
2.965E-01	3.178E-01	-3.178E-01	6.356E-01
2.992E-01	3.175E-01	-3.175E-01	6.349E-01
3.020E-01	3.171E-01	-3.171E-01	6.341E-01
3.048E-01	3.166E-01	-3.166E-01	6.332E-01
3.076E-01	3.162E-01	-3.162E-01	6.323E-01
3.105E-01	3.157E-01	-3.157E-01	6.314E-01
3.133E-01	3.152E-01	-3.152E-01	6.303E-01
3.162E-01	3.146E-01	-3.146E-01	6.292E-01
3.192E-01	3.140E-01	-3.140E-01	6.281E-01
3.221E-01	3.134E-01	-3.134E-01	6.269E-01
3.251E-01	3.128E-01	-3.128E-01	6.256E-01
3.281E-01	3.121E-01	-3.121E-01	6.242E-01
3.311E-01	3.114E-01	-3.114E-01	6.228E-01
3.342E-01	3.107E-01	-3.107E-01	6.214E-01
3.373E-01	3.099E-01	-3.099E-01	6.198E-01
3.404E-01	3.091E-01	-3.091E-01	6.182E-01
3.436E-01	3.083E-01	-3.083E-01	6.166E-01
3.467E-01	3.074E-01	-3.074E-01	6.148E-01
3.499E-01	3.065E-01	-3.065E-01	6.130E-01
3.532E-01	3.056E-01	-3.056E-01	6.111E-01
3.565E-01	3.046E-01	-3.046E-01	6.092E-01
3.597E-01	3.036E-01	-3.036E-01	6.072E-01
3.631E-01	3.026E-01	-3.026E-01	6.051E-01
3.664E-01	3.015E-01	-3.015E-01	6.030E-01
3.698E-01	3.004E-01	-3.004E-01	6.008E-01
3.733E-01	2.992E-01	-2.992E-01	5.985E-01
3.767E-01	2.981E-01	-2.981E-01	5.961E-01
3.802E-01	2.968E-01	-2.968E-01	5.937E-01
3.837E-01	2.956E-01	-2.956E-01	5.912E-01
3.873E-01	2.943E-01	-2.943E-01	5.886E-01
3.908E-01	2.930E-01	-2.930E-01	5.859E-01
3.945E-01	2.916E-01	-2.916E-01	5.832E-01
3.981E-01	2.902E-01	-2.902E-01	5.804E-01
4.018E-01	2.888E-01	-2.888E-01	5.775E-01
4.055E-01	2.873E-01	-2.873E-01	5.745E-01
4.093E-01	2.858E-01	-2.858E-01	5.715E-01
4.130E-01	2.842E-01	-2.842E-01	5.684E-01
4.169E-01	2.826E-01	-2.826E-01	5.652E-01
4.207E-01	2.810E-01	-2.810E-01	5.619E-01
4.246E-01	2.793E-01	-2.793E-01	5.586E-01
4.285E-01	2.776E-01	-2.776E-01	5.551E-01
4.325E-01	2.758E-01	-2.758E-01	5.516E-01
4.365E-01	2.740E-01	-2.740E-01	5.480E-01
4.406E-01	2.722E-01	-2.722E-01	5.444E-01
4.446E-01	2.703E-01	-2.703E-01	5.406E-01
4.487E-01	2.684E-01	-2.684E-01	5.368E-01
4.529E-01	2.664E-01	-2.664E-01	5.329E-01
4.571E-01	2.644E-01	-2.644E-01	5.289E-01
4.613E-01	2.624E-01	-2.624E-01	5.248E-01
4.656E-01	2.603E-01	-2.603E-01	5.206E-01
4.699E-01	2.582E-01	-2.582E-01	5.164E-01
4.742E-01	2.560E-01	-2.560E-01	5.121E-01
4.786E-01	2.538E-01	-2.538E-01	5.077E-01
4.831E-01	2.516E-01	-2.516E-01	5.032E-01
4.875E-01	2.493E-01	-2.493E-01	4.986E-01
4.920E-01	2.470E-01	-2.470E-01	4.939E-01
4.966E-01	2.446E-01	-2.446E-01	4.892E-01
5.012E-01	2.422E-01	-2.422E-01	4.843E-01
5.058E-01	2.397E-01	-2.397E-01	4.794E-01
5.105E-01	2.372E-01	-2.372E-01	4.744E-01
5.152E-01	2.347E-01	-2.347E-01	4.693E-01
5.200E-01	2.321E-01	-2.321E-01	4.642E-01
5.248E-01	2.295E-01	-2.295E-01	4.589E-01
5.297E-01	2.268E-01	-2.268E-01	4.536E-01
5.346E-01	2.241E-01	-2.241E-01	4.481E-01
5.395E-01	2.213E-01	-2.213E-01	4.426E-01
5.445E-01	2.185E-01	-2.185E-01	4.371E-01
5.495E-01	2.157E-01	-2.157E-01	4.314E-01
5.546E-01	2.128E-01	-2.128E-01	4.256E-01
5.598E-01	2.099E-01	-2.099E-01	4.198E-01
5.649E-01	2.069E-01	-2.069E-01	4.139E-01
5.702E-01	2.039E-01	-2.039E-01	4.079E-01
5.754E-01	2.009E-01	-2.009E-01	4.018E-01
5.808E-01	1.978E-01	-1.978E-01	3.956E-01
5.861E-01	1.947E-01	-1.947E-01	3.894E-01
5.916E-01	1.915E-01	-1.915E-01	3.830E-01
5.970E-01	1.883E-01	-1.883E-01	3.766E-01
6.026E-01	1.851E-01	-1.851E-01	3.701E-01
6.081E-01	1.818E-01	-1.818E-01	3.636E-01
6.138E-01	1.785E-01	-1.785E-01	3.569E-01
6.194E-01	1.751E-01	-1.751E-01	3.502E-01
6.252E-01	1.717E-01	-1.717E-01	3.435E-01
6.310E-01	1.683E-01	-1.683E-01	3.366E-01
6.368E-01	1.648E-01	-1.648E-01	3.297E-01
6.427E-01	1.613E-01	-1.613E-01	3.227E-01
6.486E-01	1.578E-01	-1.578E-01	3.156E-01
6.546E-01	1.542E-01	-1.542E-01	3.085E-01
6.607E-01	1.507E-01	-1.507E-01	3.013E-01
6.668E-01	1.470E-01	-1.470E-01	2.941E-01
6.730E-01	1.434E-01	-1.434E-01	2.868E-01
6.792E-01	1.397E-01	-1.397E-01	2.794E-01
6.855E-01	1.360E-01	-1.360E-01	2.720E-01
6.918E-01	1.323E-01	-1.323E-01	2.645E-01
6.982E-01	1.285E-01	-1.285E-01	2.570E-01
7.047E-01	1.247E-01	-1.247E-01	2.494E-01
7.112E-01	1.209E-01	-1.209E-01	2.418E-01
7.178E-01	1.171E-01	-1.171E-01	2.342E-01
7.244E-01	1.133E-01	-1.133E-01	2.265E-01
7.311E-01	1.094E-01	-1.094E-01	2.188E-01
7.379E-01	1.055E-01	-1.055E-01	2.111E-01
7.447E-01	1.017E-01	-1.017E-01	2.034E-01
7.516E-01	9.779E-02	-9.779E-02	1.956E-01
7.586E-01	9.391E-02	-9.391E-02	1.878E-01
7.656E-01	9.002E-02	-9.002E-02	1.800E-01
7.727E-01	8.613E-02	-8.613E-02	1.723E-01
7.798E-01	8.224E-02	-8.224E-02	1.645E-01
7.870E-01	7.836E-02	-7.836E-02	1.567E-01
7.943E-01	7.449E-02	-7.449E-02	1.490E-01
8.017E-01	7.063E-02	-7.063E-02	1.413E-01
8.091E-01	6.680E-02	-6.680E-02	1.336E-01
8.166E-01	6.298E-02	-6.298E-02	1.260E-01
8.241E-01	5.919E-02	-5.919E-02	1.184E-01
8.318E-01	5.543E-02	-5.543E-02	1.109E-01
8.395E-01	5.171E-02	-5.171E-02	1.034E-01
8.472E-01	4.803E-02	-4.803E-02	9.605E-02
8.551E-01	4.439E-02	-4.439E-02	8.878E-02
8.630E-01	4.081E-02	-4.081E-02	8.162E-02
8.710E-01	3.729E-02	-3.729E-02	7.458E-02
8.790E-01	3.384E-02	-3.384E-02	6.768E-02
8.872E-01	3.046E-02	-3.046E-02	6.093E-02
8.954E-01	2.717E-02	-2.717E-02	5.434E-02
9.036E-01	2.397E-02	-2.397E-02	4.795E-02
9.120E-01	2.088E-02	-2.088E-02	4.177E-02
9.204E-01	1.791E-02	-1.791E-02	3.582E-02
9.290E-01	1.506E-02	-1.506E-02	3.013E-02
9.376E-01	1.236E-02	-1.236E-02	2.473E-02
9.462E-01	9.828E-03	-9.828E-03	1.966E-02
9.550E-01	7.478E-03	-7.478E-03	1.496E-02
9.638E-01	5.341E-03	-5.341E-03	1.068E-02
9.727E-01	3.451E-03	-3.451E-03	6.902E-03
9.817E-01	1.855E-03	-1.855E-03	3.709E-03
9.908E-01	6.399E-04	-6.399E-04	1.280E-03
