Q0 = 0.9 GeV	 Q = 3.2 GeV
x	 x*uv	 x*dv	 x*(uv-dv)
1.000E-04	2.302E-02	1.362E-02	9.406E-03
1.009E-04	2.312E-02	1.368E-02	9.449E-03
1.019E-04	2.323E-02	1.373E-02	9.491E-03
1.028E-04	2.333E-02	1.379E-02	9.533E-03
1.038E-04	2.343E-02	1.385E-02	9.576E-03
1.047E-04	2.353E-02	1.391E-02	9.619E-03
1.057E-04	2.363E-02	1.397E-02	9.662E-03
1.067E-04	2.374E-02	1.403E-02	9.705E-03
1.076E-04	2.384E-02	1.409E-02	9.748E-03
1.086E-04	2.394E-02	1.415E-02	9.792E-03
1.096E-04	2.405E-02	1.421E-02	9.836E-03
1.107E-04	2.415E-02	1.427E-02	9.880E-03
1.117E-04	2.426E-02	1.433E-02	9.924E-03
1.127E-04	2.436E-02	1.440E-02	9.968E-03
1.138E-04	2.447E-02	1.446E-02	1.001E-02
1.148E-04	2.458E-02	1.452E-02	1.006E-02
1.159E-04	2.468E-02	1.458E-02	1.010E-02
1.169E-04	2.479E-02	1.464E-02	1.015E-02
1.180E-04	2.490E-02	1.471E-02	1.019E-02
1.191E-04	2.501E-02	1.477E-02	1.024E-02
1.202E-04	2.512E-02	1.483E-02	1.028E-02
1.213E-04	2.523E-02	1.490E-02	1.033E-02
1.225E-04	2.534E-02	1.496E-02	1.038E-02
1.236E-04	2.545E-02	1.502E-02	1.042E-02
1.247E-04	2.556E-02	1.509E-02	1.047E-02
1.259E-04	2.567E-02	1.515E-02	1.052E-02
1.271E-04	2.578E-02	1.522E-02	1.056E-02
1.282E-04	2.589E-02	1.528E-02	1.061E-02
1.294E-04	2.601E-02	1.535E-02	1.066E-02
1.306E-04	2.612E-02	1.541E-02	1.071E-02
1.318E-04	2.623E-02	1.548E-02	1.075E-02
1.330E-04	2.635E-02	1.555E-02	1.080E-02
1.343E-04	2.646E-02	1.561E-02	1.085E-02
1.355E-04	2.658E-02	1.568E-02	1.090E-02
1.368E-04	2.669E-02	1.575E-02	1.095E-02
1.380E-04	2.681E-02	1.581E-02	1.100E-02
1.393E-04	2.693E-02	1.588E-02	1.104E-02
1.406E-04	2.704E-02	1.595E-02	1.109E-02
1.419E-04	2.716E-02	1.602E-02	1.114E-02
1.432E-04	2.728E-02	1.609E-02	1.119E-02
1.445E-04	2.740E-02	1.616E-02	1.124E-02
1.459E-04	2.752E-02	1.622E-02	1.129E-02
1.472E-04	2.764E-02	1.629E-02	1.134E-02
1.486E-04	2.776E-02	1.636E-02	1.139E-02
1.500E-04	2.788E-02	1.643E-02	1.144E-02
1.514E-04	2.800E-02	1.650E-02	1.150E-02
1.528E-04	2.812E-02	1.657E-02	1.155E-02
1.542E-04	2.824E-02	1.665E-02	1.160E-02
1.556E-04	2.837E-02	1.672E-02	1.165E-02
1.570E-04	2.849E-02	1.679E-02	1.170E-02
1.585E-04	2.861E-02	1.686E-02	1.175E-02
1.600E-04	2.874E-02	1.693E-02	1.181E-02
1.614E-04	2.886E-02	1.700E-02	1.186E-02
1.629E-04	2.899E-02	1.708E-02	1.191E-02
1.644E-04	2.911E-02	1.715E-02	1.197E-02
1.660E-04	2.924E-02	1.722E-02	1.202E-02
1.675E-04	2.937E-02	1.730E-02	1.207E-02
1.690E-04	2.950E-02	1.737E-02	1.213E-02
1.706E-04	2.962E-02	1.744E-02	1.218E-02
1.722E-04	2.975E-02	1.752E-02	1.223E-02
1.738E-04	2.988E-02	1.759E-02	1.229E-02
1.754E-04	3.001E-02	1.767E-02	1.234E-02
1.770E-04	3.014E-02	1.774E-02	1.240E-02
1.786E-04	3.027E-02	1.782E-02	1.245E-02
1.803E-04	3.041E-02	1.790E-02	1.251E-02
1.820E-04	3.054E-02	1.797E-02	1.257E-02
1.837E-04	3.067E-02	1.805E-02	1.262E-02
1.854E-04	3.080E-02	1.813E-02	1.268E-02
1.871E-04	3.094E-02	1.820E-02	1.273E-02
1.888E-04	3.107E-02	1.828E-02	1.279E-02
1.905E-04	3.121E-02	1.836E-02	1.285E-02
1.923E-04	3.134E-02	1.844E-02	1.291E-02
1.941E-04	3.148E-02	1.851E-02	1.296E-02
1.959E-04	3.161E-02	1.859E-02	1.302E-02
1.977E-04	3.175E-02	1.867E-02	1.308E-02
1.995E-04	3.189E-02	1.875E-02	1.314E-02
2.014E-04	3.203E-02	1.883E-02	1.320E-02
2.032E-04	3.217E-02	1.891E-02	1.325E-02
2.051E-04	3.231E-02	1.899E-02	1.331E-02
2.070E-04	3.245E-02	1.907E-02	1.337E-02
2.089E-04	3.259E-02	1.916E-02	1.343E-02
2.109E-04	3.273E-02	1.924E-02	1.349E-02
2.128E-04	3.287E-02	1.932E-02	1.355E-02
2.148E-04	3.301E-02	1.940E-02	1.361E-02
2.168E-04	3.316E-02	1.948E-02	1.367E-02
2.188E-04	3.330E-02	1.957E-02	1.373E-02
2.208E-04	3.344E-02	1.965E-02	1.379E-02
2.228E-04	3.359E-02	1.973E-02	1.386E-02
2.249E-04	3.374E-02	1.982E-02	1.392E-02
2.270E-04	3.388E-02	1.990E-02	1.398E-02
2.291E-04	3.403E-02	1.999E-02	1.404E-02
2.312E-04	3.418E-02	2.007E-02	1.410E-02
2.333E-04	3.432E-02	2.016E-02	1.417E-02
2.355E-04	3.447E-02	2.024E-02	1.423E-02
2.377E-04	3.462E-02	2.033E-02	1.429E-02
2.399E-04	3.477E-02	2.042E-02	1.436E-02
2.421E-04	3.492E-02	2.050E-02	1.442E-02
2.443E-04	3.507E-02	2.059E-02	1.448E-02
2.466E-04	3.523E-02	2.068E-02	1.455E-02
2.489E-04	3.538E-02	2.077E-02	1.461E-02
2.512E-04	3.553E-02	2.085E-02	1.468E-02
2.535E-04	3.569E-02	2.094E-02	1.474E-02
2.559E-04	3.584E-02	2.103E-02	1.481E-02
2.582E-04	3.600E-02	2.112E-02	1.488E-02
2.606E-04	3.615E-02	2.121E-02	1.494E-02
2.630E-04	3.631E-02	2.130E-02	1.501E-02
2.655E-04	3.647E-02	2.139E-02	1.507E-02
2.679E-04	3.662E-02	2.148E-02	1.514E-02
2.704E-04	3.678E-02	2.157E-02	1.521E-02
2.729E-04	3.694E-02	2.167E-02	1.528E-02
2.754E-04	3.710E-02	2.176E-02	1.534E-02
2.780E-04	3.726E-02	2.185E-02	1.541E-02
2.805E-04	3.742E-02	2.194E-02	1.548E-02
2.831E-04	3.759E-02	2.204E-02	1.555E-02
2.858E-04	3.775E-02	2.213E-02	1.562E-02
2.884E-04	3.791E-02	2.222E-02	1.569E-02
2.911E-04	3.808E-02	2.232E-02	1.576E-02
2.938E-04	3.824E-02	2.241E-02	1.583E-02
2.965E-04	3.841E-02	2.251E-02	1.590E-02
2.992E-04	3.857E-02	2.260E-02	1.597E-02
3.020E-04	3.874E-02	2.270E-02	1.604E-02
3.048E-04	3.891E-02	2.280E-02	1.611E-02
3.076E-04	3.908E-02	2.289E-02	1.618E-02
3.105E-04	3.924E-02	2.299E-02	1.625E-02
3.133E-04	3.941E-02	2.309E-02	1.633E-02
3.162E-04	3.958E-02	2.319E-02	1.640E-02
3.192E-04	3.976E-02	2.329E-02	1.647E-02
3.221E-04	3.993E-02	2.338E-02	1.654E-02
3.251E-04	4.010E-02	2.348E-02	1.662E-02
3.281E-04	4.027E-02	2.358E-02	1.669E-02
3.311E-04	4.045E-02	2.368E-02	1.676E-02
3.342E-04	4.062E-02	2.378E-02	1.684E-02
3.373E-04	4.080E-02	2.388E-02	1.691E-02
3.404E-04	4.097E-02	2.399E-02	1.699E-02
3.436E-04	4.115E-02	2.409E-02	1.706E-02
3.467E-04	4.133E-02	2.419E-02	1.714E-02
3.499E-04	4.151E-02	2.429E-02	1.722E-02
3.532E-04	4.169E-02	2.440E-02	1.729E-02
3.565E-04	4.187E-02	2.450E-02	1.737E-02
3.597E-04	4.205E-02	2.460E-02	1.745E-02
3.631E-04	4.223E-02	2.471E-02	1.752E-02
3.664E-04	4.241E-02	2.481E-02	1.760E-02
3.698E-04	4.260E-02	2.492E-02	1.768E-02
3.733E-04	4.278E-02	2.502E-02	1.776E-02
3.767E-04	4.296E-02	2.513E-02	1.784E-02
3.802E-04	4.315E-02	2.523E-02	1.791E-02
3.837E-04	4.334E-02	2.534E-02	1.799E-02
3.873E-04	4.352E-02	2.545E-02	1.807E-02
3.908E-04	4.371E-02	2.556E-02	1.815E-02
3.945E-04	4.390E-02	2.567E-02	1.823E-02
3.981E-04	4.409E-02	2.577E-02	1.832E-02
4.018E-04	4.428E-02	2.588E-02	1.840E-02
4.055E-04	4.447E-02	2.599E-02	1.848E-02
4.093E-04	4.466E-02	2.610E-02	1.856E-02
4.130E-04	4.486E-02	2.621E-02	1.864E-02
4.169E-04	4.505E-02	2.632E-02	1.872E-02
4.207E-04	4.524E-02	2.644E-02	1.881E-02
4.246E-04	4.544E-02	2.655E-02	1.889E-02
4.285E-04	4.563E-02	2.666E-02	1.897E-02
4.325E-04	4.583E-02	2.677E-02	1.906E-02
4.365E-04	4.603E-02	2.689E-02	1.914E-02
4.406E-04	4.623E-02	2.700E-02	1.923E-02
4.446E-04	4.643E-02	2.711E-02	1.931E-02
4.487E-04	4.663E-02	2.723E-02	1.940E-02
4.529E-04	4.683E-02	2.734E-02	1.948E-02
4.571E-04	4.703E-02	2.746E-02	1.957E-02
4.613E-04	4.723E-02	2.758E-02	1.966E-02
4.656E-04	4.744E-02	2.769E-02	1.974E-02
4.699E-04	4.764E-02	2.781E-02	1.983E-02
4.742E-04	4.785E-02	2.793E-02	1.992E-02
4.786E-04	4.805E-02	2.805E-02	2.001E-02
4.831E-04	4.826E-02	2.816E-02	2.010E-02
4.875E-04	4.847E-02	2.828E-02	2.018E-02
4.920E-04	4.868E-02	2.840E-02	2.027E-02
4.966E-04	4.889E-02	2.852E-02	2.036E-02
5.012E-04	4.910E-02	2.864E-02	2.045E-02
5.058E-04	4.931E-02	2.876E-02	2.054E-02
5.105E-04	4.952E-02	2.889E-02	2.063E-02
5.152E-04	4.973E-02	2.901E-02	2.073E-02
5.200E-04	4.995E-02	2.913E-02	2.082E-02
5.248E-04	5.016E-02	2.925E-02	2.091E-02
5.297E-04	5.038E-02	2.938E-02	2.100E-02
5.346E-04	5.060E-02	2.950E-02	2.109E-02
5.395E-04	5.081E-02	2.963E-02	2.119E-02
5.445E-04	5.103E-02	2.975E-02	2.128E-02
5.495E-04	5.125E-02	2.988E-02	2.137E-02
5.546E-04	5.147E-02	3.000E-02	2.147E-02
5.598E-04	5.169E-02	3.013E-02	2.156E-02
5.649E-04	5.192E-02	3.026E-02	2.166E-02
5.702E-04	5.214E-02	3.039E-02	2.176E-02
5.754E-04	5.236E-02	3.051E-02	2.185E-02
5.808E-04	5.259E-02	3.064E-02	2.195E-02
5.861E-04	5.282E-02	3.077E-02	2.204E-02
5.916E-04	5.304E-02	3.090E-02	2.214E-02
5.970E-04	5.327E-02	3.103E-02	2.224E-02
6.026E-04	5.350E-02	3.116E-02	2.234E-02
6.081E-04	5.373E-02	3.129E-02	2.244E-02
6.138E-04	5.396E-02	3.143E-02	2.254E-02
6.194E-04	5.419E-02	3.156E-02	2.263E-02
6.252E-04	5.443E-02	3.169E-02	2.273E-02
6.310E-04	5.466E-02	3.183E-02	2.284E-02
6.368E-04	5.490E-02	3.196E-02	2.294E-02
6.427E-04	5.513E-02	3.209E-02	2.304E-02
6.486E-04	5.537E-02	3.223E-02	2.314E-02
6.546E-04	5.561E-02	3.237E-02	2.324E-02
6.607E-04	5.585E-02	3.250E-02	2.334E-02
6.668E-04	5.609E-02	3.264E-02	2.345E-02
6.730E-04	5.633E-02	3.278E-02	2.355E-02
6.792E-04	5.657E-02	3.292E-02	2.365E-02
6.855E-04	5.681E-02	3.305E-02	2.376E-02
6.918E-04	5.706E-02	3.319E-02	2.386E-02
6.982E-04	5.730E-02	3.333E-02	2.397E-02
7.047E-04	5.755E-02	3.347E-02	2.407E-02
7.112E-04	5.779E-02	3.361E-02	2.418E-02
7.178E-04	5.804E-02	3.376E-02	2.429E-02
7.244E-04	5.829E-02	3.390E-02	2.439E-02
7.311E-04	5.854E-02	3.404E-02	2.450E-02
7.379E-04	5.879E-02	3.418E-02	2.461E-02
7.447E-04	5.905E-02	3.433E-02	2.472E-02
7.516E-04	5.930E-02	3.447E-02	2.483E-02
7.586E-04	5.955E-02	3.462E-02	2.494E-02
7.656E-04	5.981E-02	3.476E-02	2.505E-02
7.727E-04	6.007E-02	3.491E-02	2.516E-02
7.798E-04	6.032E-02	3.506E-02	2.527E-02
7.870E-04	6.058E-02	3.520E-02	2.538E-02
7.943E-04	6.084E-02	3.535E-02	2.549E-02
8.017E-04	6.110E-02	3.550E-02	2.560E-02
8.091E-04	6.137E-02	3.565E-02	2.571E-02
8.166E-04	6.163E-02	3.580E-02	2.583E-02
8.241E-04	6.189E-02	3.595E-02	2.594E-02
8.318E-04	6.216E-02	3.610E-02	2.606E-02
8.395E-04	6.243E-02	3.625E-02	2.617E-02
8.472E-04	6.269E-02	3.641E-02	2.629E-02
8.551E-04	6.296E-02	3.656E-02	2.640E-02
8.630E-04	6.323E-02	3.671E-02	2.652E-02
8.710E-04	6.350E-02	3.687E-02	2.663E-02
8.790E-04	6.378E-02	3.702E-02	2.675E-02
8.872E-04	6.405E-02	3.718E-02	2.687E-02
8.954E-04	6.432E-02	3.734E-02	2.699E-02
9.036E-04	6.460E-02	3.749E-02	2.711E-02
9.120E-04	6.488E-02	3.765E-02	2.723E-02
9.204E-04	6.515E-02	3.781E-02	2.735E-02
9.290E-04	6.543E-02	3.797E-02	2.747E-02
9.376E-04	6.571E-02	3.813E-02	2.759E-02
9.462E-04	6.599E-02	3.829E-02	2.771E-02
9.550E-04	6.628E-02	3.845E-02	2.783E-02
9.638E-04	6.656E-02	3.861E-02	2.795E-02
9.727E-04	6.685E-02	3.877E-02	2.808E-02
9.817E-04	6.713E-02	3.893E-02	2.820E-02
9.908E-04	6.742E-02	3.910E-02	2.832E-02
1.000E-03	6.771E-02	3.926E-02	2.845E-02
1.009E-03	6.800E-02	3.943E-02	2.857E-02
1.019E-03	6.829E-02	3.959E-02	2.870E-02
1.028E-03	6.858E-02	3.976E-02	2.882E-02
1.038E-03	6.888E-02	3.992E-02	2.895E-02
1.047E-03	6.917E-02	4.009E-02	2.908E-02
1.057E-03	6.947E-02	4.026E-02	2.921E-02
1.067E-03	6.976E-02	4.043E-02	2.933E-02
1.076E-03	7.006E-02	4.060E-02	2.946E-02
1.086E-03	7.036E-02	4.077E-02	2.959E-02
1.096E-03	7.066E-02	4.094E-02	2.972E-02
1.107E-03	7.096E-02	4.111E-02	2.985E-02
1.117E-03	7.127E-02	4.128E-02	2.998E-02
1.127E-03	7.157E-02	4.146E-02	3.012E-02
1.138E-03	7.188E-02	4.163E-02	3.025E-02
1.148E-03	7.219E-02	4.181E-02	3.038E-02
1.159E-03	7.250E-02	4.198E-02	3.051E-02
1.169E-03	7.281E-02	4.216E-02	3.065E-02
1.180E-03	7.312E-02	4.233E-02	3.078E-02
1.191E-03	7.343E-02	4.251E-02	3.092E-02
1.202E-03	7.374E-02	4.269E-02	3.105E-02
1.213E-03	7.406E-02	4.287E-02	3.119E-02
1.225E-03	7.437E-02	4.305E-02	3.133E-02
1.236E-03	7.469E-02	4.323E-02	3.146E-02
1.247E-03	7.501E-02	4.341E-02	3.160E-02
1.259E-03	7.533E-02	4.359E-02	3.174E-02
1.271E-03	7.565E-02	4.377E-02	3.188E-02
1.282E-03	7.598E-02	4.396E-02	3.202E-02
1.294E-03	7.630E-02	4.414E-02	3.216E-02
1.306E-03	7.663E-02	4.433E-02	3.230E-02
1.318E-03	7.695E-02	4.451E-02	3.244E-02
1.330E-03	7.728E-02	4.470E-02	3.259E-02
1.343E-03	7.761E-02	4.488E-02	3.273E-02
1.355E-03	7.794E-02	4.507E-02	3.287E-02
1.368E-03	7.828E-02	4.526E-02	3.302E-02
1.380E-03	7.861E-02	4.545E-02	3.316E-02
1.393E-03	7.895E-02	4.564E-02	3.331E-02
1.406E-03	7.928E-02	4.583E-02	3.345E-02
1.419E-03	7.962E-02	4.602E-02	3.360E-02
1.432E-03	7.996E-02	4.622E-02	3.375E-02
1.445E-03	8.030E-02	4.641E-02	3.389E-02
1.459E-03	8.065E-02	4.660E-02	3.404E-02
1.472E-03	8.099E-02	4.680E-02	3.419E-02
1.486E-03	8.134E-02	4.699E-02	3.434E-02
1.500E-03	8.168E-02	4.719E-02	3.449E-02
1.514E-03	8.203E-02	4.739E-02	3.464E-02
1.528E-03	8.238E-02	4.758E-02	3.480E-02
1.542E-03	8.273E-02	4.778E-02	3.495E-02
1.556E-03	8.308E-02	4.798E-02	3.510E-02
1.570E-03	8.344E-02	4.818E-02	3.526E-02
1.585E-03	8.379E-02	4.838E-02	3.541E-02
1.600E-03	8.415E-02	4.859E-02	3.556E-02
1.614E-03	8.451E-02	4.879E-02	3.572E-02
1.629E-03	8.487E-02	4.899E-02	3.588E-02
1.644E-03	8.523E-02	4.920E-02	3.603E-02
1.660E-03	8.559E-02	4.940E-02	3.619E-02
1.675E-03	8.596E-02	4.961E-02	3.635E-02
1.690E-03	8.633E-02	4.982E-02	3.651E-02
1.706E-03	8.669E-02	5.002E-02	3.667E-02
1.722E-03	8.706E-02	5.023E-02	3.683E-02
1.738E-03	8.743E-02	5.044E-02	3.699E-02
1.754E-03	8.781E-02	5.065E-02	3.715E-02
1.770E-03	8.818E-02	5.086E-02	3.732E-02
1.786E-03	8.856E-02	5.108E-02	3.748E-02
1.803E-03	8.893E-02	5.129E-02	3.764E-02
1.820E-03	8.931E-02	5.150E-02	3.781E-02
1.837E-03	8.969E-02	5.172E-02	3.797E-02
1.854E-03	9.007E-02	5.193E-02	3.814E-02
1.871E-03	9.046E-02	5.215E-02	3.831E-02
1.888E-03	9.084E-02	5.237E-02	3.847E-02
1.905E-03	9.123E-02	5.259E-02	3.864E-02
1.923E-03	9.162E-02	5.280E-02	3.881E-02
1.941E-03	9.201E-02	5.302E-02	3.898E-02
1.959E-03	9.240E-02	5.325E-02	3.915E-02
1.977E-03	9.279E-02	5.347E-02	3.932E-02
1.995E-03	9.318E-02	5.369E-02	3.949E-02
2.014E-03	9.358E-02	5.391E-02	3.967E-02
2.032E-03	9.398E-02	5.414E-02	3.984E-02
2.051E-03	9.438E-02	5.436E-02	4.001E-02
2.070E-03	9.478E-02	5.459E-02	4.019E-02
2.089E-03	9.518E-02	5.482E-02	4.037E-02
2.109E-03	9.559E-02	5.504E-02	4.054E-02
2.128E-03	9.599E-02	5.527E-02	4.072E-02
2.148E-03	9.640E-02	5.550E-02	4.090E-02
2.168E-03	9.681E-02	5.573E-02	4.108E-02
2.188E-03	9.722E-02	5.597E-02	4.125E-02
2.208E-03	9.763E-02	5.620E-02	4.144E-02
2.228E-03	9.805E-02	5.643E-02	4.162E-02
2.249E-03	9.847E-02	5.667E-02	4.180E-02
2.270E-03	9.888E-02	5.690E-02	4.198E-02
2.291E-03	9.930E-02	5.714E-02	4.216E-02
2.312E-03	9.973E-02	5.738E-02	4.235E-02
2.333E-03	1.001E-01	5.762E-02	4.253E-02
2.355E-03	1.006E-01	5.786E-02	4.272E-02
2.377E-03	1.010E-01	5.810E-02	4.291E-02
2.399E-03	1.014E-01	5.834E-02	4.309E-02
2.421E-03	1.019E-01	5.858E-02	4.328E-02
2.443E-03	1.023E-01	5.882E-02	4.347E-02
2.466E-03	1.027E-01	5.907E-02	4.366E-02
2.489E-03	1.032E-01	5.931E-02	4.385E-02
2.512E-03	1.036E-01	5.956E-02	4.404E-02
2.535E-03	1.040E-01	5.981E-02	4.423E-02
2.559E-03	1.045E-01	6.005E-02	4.443E-02
2.582E-03	1.049E-01	6.030E-02	4.462E-02
2.606E-03	1.054E-01	6.055E-02	4.482E-02
2.630E-03	1.058E-01	6.080E-02	4.501E-02
2.655E-03	1.063E-01	6.106E-02	4.521E-02
2.679E-03	1.067E-01	6.131E-02	4.541E-02
2.704E-03	1.072E-01	6.156E-02	4.560E-02
2.729E-03	1.076E-01	6.182E-02	4.580E-02
2.754E-03	1.081E-01	6.207E-02	4.600E-02
2.780E-03	1.085E-01	6.233E-02	4.620E-02
2.805E-03	1.090E-01	6.259E-02	4.640E-02
2.831E-03	1.095E-01	6.285E-02	4.661E-02
2.858E-03	1.099E-01	6.311E-02	4.681E-02
2.884E-03	1.104E-01	6.337E-02	4.701E-02
2.911E-03	1.109E-01	6.363E-02	4.722E-02
2.938E-03	1.113E-01	6.390E-02	4.743E-02
2.965E-03	1.118E-01	6.416E-02	4.763E-02
2.992E-03	1.123E-01	6.443E-02	4.784E-02
3.020E-03	1.127E-01	6.469E-02	4.805E-02
3.048E-03	1.132E-01	6.496E-02	4.826E-02
3.076E-03	1.137E-01	6.523E-02	4.847E-02
3.105E-03	1.142E-01	6.550E-02	4.868E-02
3.133E-03	1.147E-01	6.577E-02	4.889E-02
3.162E-03	1.151E-01	6.604E-02	4.910E-02
3.192E-03	1.156E-01	6.632E-02	4.932E-02
3.221E-03	1.161E-01	6.659E-02	4.953E-02
3.251E-03	1.166E-01	6.687E-02	4.975E-02
3.281E-03	1.171E-01	6.714E-02	4.997E-02
3.311E-03	1.176E-01	6.742E-02	5.018E-02
3.342E-03	1.181E-01	6.770E-02	5.040E-02
3.373E-03	1.186E-01	6.798E-02	5.062E-02
3.404E-03	1.191E-01	6.826E-02	5.084E-02
3.436E-03	1.196E-01	6.854E-02	5.106E-02
3.467E-03	1.201E-01	6.882E-02	5.129E-02
3.499E-03	1.206E-01	6.911E-02	5.151E-02
3.532E-03	1.211E-01	6.939E-02	5.173E-02
3.565E-03	1.216E-01	6.968E-02	5.196E-02
3.597E-03	1.222E-01	6.997E-02	5.219E-02
3.631E-03	1.227E-01	7.026E-02	5.241E-02
3.664E-03	1.232E-01	7.055E-02	5.264E-02
3.698E-03	1.237E-01	7.084E-02	5.287E-02
3.733E-03	1.242E-01	7.113E-02	5.310E-02
3.767E-03	1.248E-01	7.142E-02	5.333E-02
3.802E-03	1.253E-01	7.172E-02	5.356E-02
3.837E-03	1.258E-01	7.201E-02	5.380E-02
3.873E-03	1.263E-01	7.231E-02	5.403E-02
3.908E-03	1.269E-01	7.261E-02	5.427E-02
3.945E-03	1.274E-01	7.291E-02	5.450E-02
3.981E-03	1.279E-01	7.321E-02	5.474E-02
4.018E-03	1.285E-01	7.351E-02	5.498E-02
4.055E-03	1.290E-01	7.381E-02	5.522E-02
4.093E-03	1.296E-01	7.411E-02	5.546E-02
4.130E-03	1.301E-01	7.442E-02	5.570E-02
4.169E-03	1.307E-01	7.472E-02	5.594E-02
4.207E-03	1.312E-01	7.503E-02	5.619E-02
4.246E-03	1.318E-01	7.534E-02	5.643E-02
4.285E-03	1.323E-01	7.565E-02	5.668E-02
4.325E-03	1.329E-01	7.596E-02	5.692E-02
4.365E-03	1.334E-01	7.627E-02	5.717E-02
4.406E-03	1.340E-01	7.659E-02	5.742E-02
4.446E-03	1.346E-01	7.690E-02	5.767E-02
4.487E-03	1.351E-01	7.722E-02	5.792E-02
4.529E-03	1.357E-01	7.754E-02	5.817E-02
4.571E-03	1.363E-01	7.785E-02	5.842E-02
4.613E-03	1.369E-01	7.817E-02	5.868E-02
4.656E-03	1.374E-01	7.849E-02	5.893E-02
4.699E-03	1.380E-01	7.882E-02	5.919E-02
4.742E-03	1.386E-01	7.914E-02	5.945E-02
4.786E-03	1.392E-01	7.946E-02	5.970E-02
4.831E-03	1.398E-01	7.979E-02	5.996E-02
4.875E-03	1.403E-01	8.012E-02	6.022E-02
4.920E-03	1.409E-01	8.045E-02	6.049E-02
4.966E-03	1.415E-01	8.078E-02	6.075E-02
5.012E-03	1.421E-01	8.111E-02	6.101E-02
5.058E-03	1.427E-01	8.144E-02	6.128E-02
5.105E-03	1.433E-01	8.177E-02	6.155E-02
5.152E-03	1.439E-01	8.211E-02	6.181E-02
5.200E-03	1.445E-01	8.244E-02	6.208E-02
5.248E-03	1.451E-01	8.278E-02	6.235E-02
5.297E-03	1.457E-01	8.312E-02	6.262E-02
5.346E-03	1.464E-01	8.346E-02	6.289E-02
5.395E-03	1.470E-01	8.380E-02	6.317E-02
5.445E-03	1.476E-01	8.414E-02	6.344E-02
5.495E-03	1.482E-01	8.449E-02	6.372E-02
5.546E-03	1.488E-01	8.483E-02	6.399E-02
5.598E-03	1.495E-01	8.518E-02	6.427E-02
5.649E-03	1.501E-01	8.553E-02	6.455E-02
5.702E-03	1.507E-01	8.588E-02	6.483E-02
5.754E-03	1.513E-01	8.623E-02	6.511E-02
5.808E-03	1.520E-01	8.658E-02	6.540E-02
5.861E-03	1.526E-01	8.693E-02	6.568E-02
5.916E-03	1.533E-01	8.729E-02	6.597E-02
5.970E-03	1.539E-01	8.765E-02	6.625E-02
6.026E-03	1.545E-01	8.800E-02	6.654E-02
6.081E-03	1.552E-01	8.836E-02	6.683E-02
6.138E-03	1.558E-01	8.872E-02	6.712E-02
6.194E-03	1.565E-01	8.908E-02	6.741E-02
6.252E-03	1.571E-01	8.945E-02	6.770E-02
6.310E-03	1.578E-01	8.981E-02	6.800E-02
6.368E-03	1.585E-01	9.018E-02	6.829E-02
6.427E-03	1.591E-01	9.054E-02	6.859E-02
6.486E-03	1.598E-01	9.091E-02	6.889E-02
6.546E-03	1.605E-01	9.128E-02	6.919E-02
6.607E-03	1.611E-01	9.165E-02	6.949E-02
6.668E-03	1.618E-01	9.203E-02	6.979E-02
6.730E-03	1.625E-01	9.240E-02	7.009E-02
6.792E-03	1.632E-01	9.278E-02	7.039E-02
6.855E-03	1.639E-01	9.315E-02	7.070E-02
6.918E-03	1.645E-01	9.353E-02	7.101E-02
6.982E-03	1.652E-01	9.391E-02	7.131E-02
7.047E-03	1.659E-01	9.429E-02	7.162E-02
7.112E-03	1.666E-01	9.468E-02	7.193E-02
7.178E-03	1.673E-01	9.506E-02	7.225E-02
7.244E-03	1.680E-01	9.545E-02	7.256E-02
7.311E-03	1.687E-01	9.583E-02	7.288E-02
7.379E-03	1.694E-01	9.622E-02	7.319E-02
7.447E-03	1.701E-01	9.661E-02	7.351E-02
7.516E-03	1.708E-01	9.700E-02	7.383E-02
7.586E-03	1.715E-01	9.740E-02	7.415E-02
7.656E-03	1.723E-01	9.779E-02	7.447E-02
7.727E-03	1.730E-01	9.819E-02	7.479E-02
7.798E-03	1.737E-01	9.858E-02	7.512E-02
7.870E-03	1.744E-01	9.898E-02	7.544E-02
7.943E-03	1.752E-01	9.938E-02	7.577E-02
8.017E-03	1.759E-01	9.979E-02	7.610E-02
8.091E-03	1.766E-01	1.002E-01	7.643E-02
8.166E-03	1.774E-01	1.006E-01	7.676E-02
8.241E-03	1.781E-01	1.010E-01	7.709E-02
8.318E-03	1.788E-01	1.014E-01	7.743E-02
8.395E-03	1.796E-01	1.018E-01	7.776E-02
8.472E-03	1.803E-01	1.022E-01	7.810E-02
8.551E-03	1.811E-01	1.026E-01	7.844E-02
8.630E-03	1.818E-01	1.031E-01	7.878E-02
8.710E-03	1.826E-01	1.035E-01	7.912E-02
8.790E-03	1.833E-01	1.039E-01	7.946E-02
8.872E-03	1.841E-01	1.043E-01	7.981E-02
8.954E-03	1.849E-01	1.047E-01	8.015E-02
9.036E-03	1.856E-01	1.051E-01	8.050E-02
9.120E-03	1.864E-01	1.056E-01	8.085E-02
9.204E-03	1.872E-01	1.060E-01	8.120E-02
9.290E-03	1.880E-01	1.064E-01	8.155E-02
9.376E-03	1.888E-01	1.068E-01	8.191E-02
9.462E-03	1.895E-01	1.073E-01	8.226E-02
9.550E-03	1.903E-01	1.077E-01	8.262E-02
9.638E-03	1.911E-01	1.081E-01	8.297E-02
9.727E-03	1.919E-01	1.086E-01	8.333E-02
9.817E-03	1.927E-01	1.090E-01	8.370E-02
9.908E-03	1.935E-01	1.094E-01	8.406E-02
1.000E-02	1.943E-01	1.099E-01	8.442E-02
1.009E-02	1.951E-01	1.103E-01	8.479E-02
1.019E-02	1.959E-01	1.108E-01	8.516E-02
1.028E-02	1.967E-01	1.112E-01	8.552E-02
1.038E-02	1.976E-01	1.117E-01	8.589E-02
1.047E-02	1.984E-01	1.121E-01	8.627E-02
1.057E-02	1.992E-01	1.126E-01	8.664E-02
1.067E-02	2.000E-01	1.130E-01	8.702E-02
1.076E-02	2.008E-01	1.135E-01	8.739E-02
1.086E-02	2.017E-01	1.139E-01	8.777E-02
1.096E-02	2.025E-01	1.144E-01	8.815E-02
1.107E-02	2.034E-01	1.148E-01	8.853E-02
1.117E-02	2.042E-01	1.153E-01	8.892E-02
1.127E-02	2.050E-01	1.157E-01	8.930E-02
1.138E-02	2.059E-01	1.162E-01	8.969E-02
1.148E-02	2.067E-01	1.167E-01	9.008E-02
1.159E-02	2.076E-01	1.171E-01	9.047E-02
1.169E-02	2.085E-01	1.176E-01	9.086E-02
1.180E-02	2.093E-01	1.181E-01	9.125E-02
1.191E-02	2.102E-01	1.185E-01	9.165E-02
1.202E-02	2.110E-01	1.190E-01	9.204E-02
1.213E-02	2.119E-01	1.195E-01	9.244E-02
1.225E-02	2.128E-01	1.199E-01	9.284E-02
1.236E-02	2.137E-01	1.204E-01	9.324E-02
1.247E-02	2.145E-01	1.209E-01	9.365E-02
1.259E-02	2.154E-01	1.214E-01	9.405E-02
1.271E-02	2.163E-01	1.219E-01	9.446E-02
1.282E-02	2.172E-01	1.223E-01	9.487E-02
1.294E-02	2.181E-01	1.228E-01	9.528E-02
1.306E-02	2.190E-01	1.233E-01	9.569E-02
1.318E-02	2.199E-01	1.238E-01	9.610E-02
1.330E-02	2.208E-01	1.243E-01	9.652E-02
1.343E-02	2.217E-01	1.248E-01	9.694E-02
1.355E-02	2.226E-01	1.253E-01	9.736E-02
1.368E-02	2.235E-01	1.258E-01	9.778E-02
1.380E-02	2.245E-01	1.263E-01	9.820E-02
1.393E-02	2.254E-01	1.268E-01	9.863E-02
1.406E-02	2.263E-01	1.273E-01	9.905E-02
1.419E-02	2.272E-01	1.278E-01	9.948E-02
1.432E-02	2.282E-01	1.283E-01	9.991E-02
1.445E-02	2.291E-01	1.288E-01	1.003E-01
1.459E-02	2.301E-01	1.293E-01	1.008E-01
1.472E-02	2.310E-01	1.298E-01	1.012E-01
1.486E-02	2.319E-01	1.303E-01	1.016E-01
1.500E-02	2.329E-01	1.308E-01	1.021E-01
1.514E-02	2.338E-01	1.313E-01	1.025E-01
1.528E-02	2.348E-01	1.318E-01	1.030E-01
1.542E-02	2.358E-01	1.323E-01	1.034E-01
1.556E-02	2.367E-01	1.329E-01	1.039E-01
1.570E-02	2.377E-01	1.334E-01	1.043E-01
1.585E-02	2.387E-01	1.339E-01	1.048E-01
1.600E-02	2.396E-01	1.344E-01	1.052E-01
1.614E-02	2.406E-01	1.350E-01	1.057E-01
1.629E-02	2.416E-01	1.355E-01	1.061E-01
1.644E-02	2.426E-01	1.360E-01	1.066E-01
1.660E-02	2.436E-01	1.365E-01	1.070E-01
1.675E-02	2.446E-01	1.371E-01	1.075E-01
1.690E-02	2.456E-01	1.376E-01	1.080E-01
1.706E-02	2.466E-01	1.381E-01	1.084E-01
1.722E-02	2.476E-01	1.387E-01	1.089E-01
1.738E-02	2.486E-01	1.392E-01	1.094E-01
1.754E-02	2.496E-01	1.398E-01	1.099E-01
1.770E-02	2.506E-01	1.403E-01	1.103E-01
1.786E-02	2.516E-01	1.408E-01	1.108E-01
1.803E-02	2.527E-01	1.414E-01	1.113E-01
1.820E-02	2.537E-01	1.419E-01	1.118E-01
1.837E-02	2.547E-01	1.425E-01	1.122E-01
1.854E-02	2.558E-01	1.430E-01	1.127E-01
1.871E-02	2.568E-01	1.436E-01	1.132E-01
1.888E-02	2.578E-01	1.441E-01	1.137E-01
1.905E-02	2.589E-01	1.447E-01	1.142E-01
1.923E-02	2.599E-01	1.452E-01	1.147E-01
1.941E-02	2.610E-01	1.458E-01	1.152E-01
1.959E-02	2.620E-01	1.464E-01	1.157E-01
1.977E-02	2.631E-01	1.469E-01	1.162E-01
1.995E-02	2.642E-01	1.475E-01	1.167E-01
2.014E-02	2.652E-01	1.480E-01	1.172E-01
2.032E-02	2.663E-01	1.486E-01	1.177E-01
2.051E-02	2.674E-01	1.492E-01	1.182E-01
2.070E-02	2.685E-01	1.498E-01	1.187E-01
2.089E-02	2.695E-01	1.503E-01	1.192E-01
2.109E-02	2.706E-01	1.509E-01	1.197E-01
2.128E-02	2.717E-01	1.515E-01	1.202E-01
2.148E-02	2.728E-01	1.520E-01	1.208E-01
2.168E-02	2.739E-01	1.526E-01	1.213E-01
2.188E-02	2.750E-01	1.532E-01	1.218E-01
2.208E-02	2.761E-01	1.538E-01	1.223E-01
2.228E-02	2.772E-01	1.544E-01	1.229E-01
2.249E-02	2.783E-01	1.550E-01	1.234E-01
2.270E-02	2.795E-01	1.555E-01	1.239E-01
2.291E-02	2.806E-01	1.561E-01	1.245E-01
2.312E-02	2.817E-01	1.567E-01	1.250E-01
2.333E-02	2.828E-01	1.573E-01	1.255E-01
2.355E-02	2.840E-01	1.579E-01	1.261E-01
2.377E-02	2.851E-01	1.585E-01	1.266E-01
2.399E-02	2.862E-01	1.591E-01	1.272E-01
2.421E-02	2.874E-01	1.597E-01	1.277E-01
2.443E-02	2.885E-01	1.603E-01	1.282E-01
2.466E-02	2.897E-01	1.609E-01	1.288E-01
2.489E-02	2.908E-01	1.615E-01	1.294E-01
2.512E-02	2.920E-01	1.621E-01	1.299E-01
2.535E-02	2.932E-01	1.627E-01	1.305E-01
2.559E-02	2.943E-01	1.633E-01	1.310E-01
2.582E-02	2.955E-01	1.639E-01	1.316E-01
2.606E-02	2.967E-01	1.645E-01	1.322E-01
2.630E-02	2.978E-01	1.651E-01	1.327E-01
2.655E-02	2.990E-01	1.657E-01	1.333E-01
2.679E-02	3.002E-01	1.664E-01	1.339E-01
2.704E-02	3.014E-01	1.670E-01	1.344E-01
2.729E-02	3.026E-01	1.676E-01	1.350E-01
2.754E-02	3.038E-01	1.682E-01	1.356E-01
2.780E-02	3.050E-01	1.688E-01	1.362E-01
2.805E-02	3.062E-01	1.694E-01	1.368E-01
2.831E-02	3.074E-01	1.701E-01	1.373E-01
2.858E-02	3.086E-01	1.707E-01	1.379E-01
2.884E-02	3.098E-01	1.713E-01	1.385E-01
2.911E-02	3.111E-01	1.719E-01	1.391E-01
2.938E-02	3.123E-01	1.726E-01	1.397E-01
2.965E-02	3.135E-01	1.732E-01	1.403E-01
2.992E-02	3.147E-01	1.738E-01	1.409E-01
3.020E-02	3.160E-01	1.745E-01	1.415E-01
3.048E-02	3.172E-01	1.751E-01	1.421E-01
3.076E-02	3.185E-01	1.757E-01	1.427E-01
3.105E-02	3.197E-01	1.764E-01	1.433E-01
3.133E-02	3.209E-01	1.770E-01	1.440E-01
3.162E-02	3.222E-01	1.776E-01	1.446E-01
3.192E-02	3.235E-01	1.783E-01	1.452E-01
3.221E-02	3.247E-01	1.789E-01	1.458E-01
3.251E-02	3.260E-01	1.796E-01	1.464E-01
3.281E-02	3.272E-01	1.802E-01	1.471E-01
3.311E-02	3.285E-01	1.808E-01	1.477E-01
3.342E-02	3.298E-01	1.815E-01	1.483E-01
3.373E-02	3.311E-01	1.821E-01	1.489E-01
3.404E-02	3.324E-01	1.828E-01	1.496E-01
3.436E-02	3.336E-01	1.834E-01	1.502E-01
3.467E-02	3.349E-01	1.841E-01	1.509E-01
3.499E-02	3.362E-01	1.847E-01	1.515E-01
3.532E-02	3.375E-01	1.854E-01	1.521E-01
3.565E-02	3.388E-01	1.860E-01	1.528E-01
3.597E-02	3.401E-01	1.867E-01	1.534E-01
3.631E-02	3.414E-01	1.873E-01	1.541E-01
3.664E-02	3.427E-01	1.880E-01	1.547E-01
3.698E-02	3.440E-01	1.886E-01	1.554E-01
3.733E-02	3.454E-01	1.893E-01	1.561E-01
3.767E-02	3.467E-01	1.900E-01	1.567E-01
3.802E-02	3.480E-01	1.906E-01	1.574E-01
3.837E-02	3.493E-01	1.913E-01	1.581E-01
3.873E-02	3.507E-01	1.919E-01	1.587E-01
3.908E-02	3.520E-01	1.926E-01	1.594E-01
3.945E-02	3.533E-01	1.932E-01	1.601E-01
3.981E-02	3.547E-01	1.939E-01	1.608E-01
4.018E-02	3.560E-01	1.946E-01	1.614E-01
4.055E-02	3.573E-01	1.952E-01	1.621E-01
4.093E-02	3.587E-01	1.959E-01	1.628E-01
4.130E-02	3.600E-01	1.966E-01	1.635E-01
4.169E-02	3.614E-01	1.972E-01	1.642E-01
4.207E-02	3.628E-01	1.979E-01	1.649E-01
4.246E-02	3.641E-01	1.986E-01	1.656E-01
4.285E-02	3.655E-01	1.992E-01	1.663E-01
4.325E-02	3.668E-01	1.999E-01	1.670E-01
4.365E-02	3.682E-01	2.005E-01	1.677E-01
4.406E-02	3.696E-01	2.012E-01	1.684E-01
4.446E-02	3.710E-01	2.019E-01	1.691E-01
4.487E-02	3.723E-01	2.025E-01	1.698E-01
4.529E-02	3.737E-01	2.032E-01	1.705E-01
4.571E-02	3.751E-01	2.039E-01	1.712E-01
4.613E-02	3.765E-01	2.045E-01	1.719E-01
4.656E-02	3.779E-01	2.052E-01	1.727E-01
4.699E-02	3.793E-01	2.059E-01	1.734E-01
4.742E-02	3.807E-01	2.065E-01	1.741E-01
4.786E-02	3.820E-01	2.072E-01	1.748E-01
4.831E-02	3.834E-01	2.079E-01	1.756E-01
4.875E-02	3.848E-01	2.085E-01	1.763E-01
4.920E-02	3.862E-01	2.092E-01	1.770E-01
4.966E-02	3.876E-01	2.099E-01	1.778E-01
5.012E-02	3.891E-01	2.105E-01	1.785E-01
5.058E-02	3.905E-01	2.112E-01	1.793E-01
5.105E-02	3.919E-01	2.119E-01	1.800E-01
5.152E-02	3.933E-01	2.125E-01	1.807E-01
5.200E-02	3.947E-01	2.132E-01	1.815E-01
5.248E-02	3.961E-01	2.139E-01	1.822E-01
5.297E-02	3.975E-01	2.145E-01	1.830E-01
5.346E-02	3.989E-01	2.152E-01	1.838E-01
5.395E-02	4.004E-01	2.159E-01	1.845E-01
5.445E-02	4.018E-01	2.165E-01	1.853E-01
5.495E-02	4.032E-01	2.172E-01	1.860E-01
5.546E-02	4.046E-01	2.178E-01	1.868E-01
5.598E-02	4.061E-01	2.185E-01	1.876E-01
5.649E-02	4.075E-01	2.191E-01	1.884E-01
5.702E-02	4.089E-01	2.198E-01	1.891E-01
5.754E-02	4.104E-01	2.205E-01	1.899E-01
5.808E-02	4.118E-01	2.211E-01	1.907E-01
5.861E-02	4.132E-01	2.218E-01	1.915E-01
5.916E-02	4.147E-01	2.224E-01	1.922E-01
5.970E-02	4.161E-01	2.231E-01	1.930E-01
6.026E-02	4.175E-01	2.237E-01	1.938E-01
6.081E-02	4.190E-01	2.244E-01	1.946E-01
6.138E-02	4.204E-01	2.250E-01	1.954E-01
6.194E-02	4.218E-01	2.256E-01	1.962E-01
6.252E-02	4.233E-01	2.263E-01	1.970E-01
6.310E-02	4.247E-01	2.269E-01	1.978E-01
6.368E-02	4.261E-01	2.276E-01	1.986E-01
6.427E-02	4.276E-01	2.282E-01	1.994E-01
6.486E-02	4.290E-01	2.288E-01	2.002E-01
6.546E-02	4.304E-01	2.294E-01	2.010E-01
6.607E-02	4.319E-01	2.301E-01	2.018E-01
6.668E-02	4.333E-01	2.307E-01	2.026E-01
6.730E-02	4.348E-01	2.313E-01	2.034E-01
6.792E-02	4.362E-01	2.319E-01	2.042E-01
6.855E-02	4.376E-01	2.326E-01	2.051E-01
6.918E-02	4.391E-01	2.332E-01	2.059E-01
6.982E-02	4.405E-01	2.338E-01	2.067E-01
7.047E-02	4.419E-01	2.344E-01	2.075E-01
7.112E-02	4.433E-01	2.350E-01	2.083E-01
7.178E-02	4.448E-01	2.356E-01	2.092E-01
7.244E-02	4.462E-01	2.362E-01	2.100E-01
7.311E-02	4.476E-01	2.368E-01	2.108E-01
7.379E-02	4.491E-01	2.374E-01	2.117E-01
7.447E-02	4.505E-01	2.380E-01	2.125E-01
7.516E-02	4.519E-01	2.386E-01	2.133E-01
7.586E-02	4.533E-01	2.391E-01	2.142E-01
7.656E-02	4.547E-01	2.397E-01	2.150E-01
7.727E-02	4.561E-01	2.403E-01	2.158E-01
7.798E-02	4.575E-01	2.409E-01	2.167E-01
7.870E-02	4.590E-01	2.414E-01	2.175E-01
7.943E-02	4.604E-01	2.420E-01	2.184E-01
8.017E-02	4.618E-01	2.426E-01	2.192E-01
8.091E-02	4.632E-01	2.431E-01	2.201E-01
8.166E-02	4.646E-01	2.437E-01	2.209E-01
8.241E-02	4.659E-01	2.442E-01	2.217E-01
8.318E-02	4.673E-01	2.447E-01	2.226E-01
8.395E-02	4.687E-01	2.453E-01	2.234E-01
8.472E-02	4.701E-01	2.458E-01	2.243E-01
8.551E-02	4.715E-01	2.463E-01	2.251E-01
8.630E-02	4.728E-01	2.468E-01	2.260E-01
8.710E-02	4.742E-01	2.473E-01	2.269E-01
8.790E-02	4.756E-01	2.479E-01	2.277E-01
8.872E-02	4.769E-01	2.484E-01	2.286E-01
8.954E-02	4.783E-01	2.488E-01	2.294E-01
9.036E-02	4.796E-01	2.493E-01	2.303E-01
9.120E-02	4.809E-01	2.498E-01	2.311E-01
9.204E-02	4.823E-01	2.503E-01	2.320E-01
9.290E-02	4.836E-01	2.508E-01	2.328E-01
9.376E-02	4.849E-01	2.512E-01	2.337E-01
9.462E-02	4.862E-01	2.517E-01	2.346E-01
9.550E-02	4.875E-01	2.521E-01	2.354E-01
9.638E-02	4.888E-01	2.526E-01	2.363E-01
9.727E-02	4.901E-01	2.530E-01	2.371E-01
9.817E-02	4.914E-01	2.534E-01	2.380E-01
9.908E-02	4.927E-01	2.538E-01	2.389E-01
1.000E-01	4.940E-01	2.542E-01	2.397E-01
1.009E-01	4.952E-01	2.546E-01	2.406E-01
1.019E-01	4.965E-01	2.550E-01	2.414E-01
1.028E-01	4.977E-01	2.554E-01	2.423E-01
1.038E-01	4.989E-01	2.558E-01	2.431E-01
1.047E-01	5.002E-01	2.562E-01	2.440E-01
1.057E-01	5.014E-01	2.565E-01	2.448E-01
1.067E-01	5.026E-01	2.569E-01	2.457E-01
1.076E-01	5.038E-01	2.572E-01	2.466E-01
1.086E-01	5.050E-01	2.576E-01	2.474E-01
1.096E-01	5.061E-01	2.579E-01	2.483E-01
1.107E-01	5.073E-01	2.582E-01	2.491E-01
1.117E-01	5.084E-01	2.585E-01	2.500E-01
1.127E-01	5.096E-01	2.588E-01	2.508E-01
1.138E-01	5.107E-01	2.591E-01	2.516E-01
1.148E-01	5.118E-01	2.593E-01	2.525E-01
1.159E-01	5.129E-01	2.596E-01	2.533E-01
1.169E-01	5.140E-01	2.598E-01	2.542E-01
1.180E-01	5.151E-01	2.601E-01	2.550E-01
1.191E-01	5.161E-01	2.603E-01	2.558E-01
1.202E-01	5.172E-01	2.605E-01	2.567E-01
1.213E-01	5.182E-01	2.607E-01	2.575E-01
1.225E-01	5.192E-01	2.609E-01	2.583E-01
1.236E-01	5.203E-01	2.611E-01	2.592E-01
1.247E-01	5.212E-01	2.613E-01	2.600E-01
1.259E-01	5.222E-01	2.614E-01	2.608E-01
1.271E-01	5.232E-01	2.616E-01	2.616E-01
1.282E-01	5.241E-01	2.617E-01	2.624E-01
1.294E-01	5.250E-01	2.618E-01	2.632E-01
1.306E-01	5.259E-01	2.619E-01	2.640E-01
1.318E-01	5.268E-01	2.620E-01	2.648E-01
1.330E-01	5.277E-01	2.621E-01	2.656E-01
1.343E-01	5.285E-01	2.621E-01	2.664E-01
1.355E-01	5.294E-01	2.622E-01	2.672E-01
1.368E-01	5.302E-01	2.622E-01	2.680E-01
1.380E-01	5.310E-01	2.622E-01	2.688E-01
1.393E-01	5.318E-01	2.622E-01	2.695E-01
1.406E-01	5.325E-01	2.622E-01	2.703E-01
1.419E-01	5.332E-01	2.622E-01	2.711E-01
1.432E-01	5.340E-01	2.621E-01	2.718E-01
1.445E-01	5.346E-01	2.621E-01	2.726E-01
1.459E-01	5.353E-01	2.620E-01	2.733E-01
1.472E-01	5.360E-01	2.619E-01	2.741E-01
1.486E-01	5.366E-01	2.618E-01	2.748E-01
1.500E-01	5.372E-01	2.617E-01	2.755E-01
1.514E-01	5.378E-01	2.615E-01	2.762E-01
1.528E-01	5.383E-01	2.613E-01	2.770E-01
1.542E-01	5.388E-01	2.612E-01	2.777E-01
1.556E-01	5.393E-01	2.610E-01	2.784E-01
1.570E-01	5.398E-01	2.607E-01	2.791E-01
1.585E-01	5.402E-01	2.605E-01	2.797E-01
1.600E-01	5.407E-01	2.603E-01	2.804E-01
1.614E-01	5.411E-01	2.600E-01	2.811E-01
1.629E-01	5.414E-01	2.597E-01	2.817E-01
1.644E-01	5.418E-01	2.594E-01	2.824E-01
1.660E-01	5.421E-01	2.590E-01	2.830E-01
1.675E-01	5.423E-01	2.587E-01	2.836E-01
1.690E-01	5.426E-01	2.583E-01	2.843E-01
1.706E-01	5.428E-01	2.579E-01	2.849E-01
1.722E-01	5.430E-01	2.575E-01	2.855E-01
1.738E-01	5.431E-01	2.571E-01	2.861E-01
1.754E-01	5.433E-01	2.566E-01	2.866E-01
1.770E-01	5.434E-01	2.561E-01	2.872E-01
1.786E-01	5.434E-01	2.556E-01	2.878E-01
1.803E-01	5.434E-01	2.551E-01	2.883E-01
1.820E-01	5.434E-01	2.546E-01	2.888E-01
1.837E-01	5.434E-01	2.540E-01	2.894E-01
1.854E-01	5.433E-01	2.534E-01	2.899E-01
1.871E-01	5.432E-01	2.528E-01	2.904E-01
1.888E-01	5.430E-01	2.522E-01	2.908E-01
1.905E-01	5.428E-01	2.515E-01	2.913E-01
1.923E-01	5.426E-01	2.509E-01	2.918E-01
1.941E-01	5.423E-01	2.502E-01	2.922E-01
1.959E-01	5.420E-01	2.494E-01	2.926E-01
1.977E-01	5.417E-01	2.487E-01	2.930E-01
1.995E-01	5.413E-01	2.479E-01	2.934E-01
2.014E-01	5.409E-01	2.471E-01	2.938E-01
2.032E-01	5.404E-01	2.463E-01	2.942E-01
2.051E-01	5.399E-01	2.454E-01	2.945E-01
2.070E-01	5.394E-01	2.445E-01	2.948E-01
2.089E-01	5.388E-01	2.436E-01	2.951E-01
2.109E-01	5.381E-01	2.427E-01	2.954E-01
2.128E-01	5.375E-01	2.418E-01	2.957E-01
2.148E-01	5.367E-01	2.408E-01	2.959E-01
2.168E-01	5.360E-01	2.398E-01	2.962E-01
2.188E-01	5.352E-01	2.388E-01	2.964E-01
2.208E-01	5.343E-01	2.377E-01	2.966E-01
2.228E-01	5.334E-01	2.366E-01	2.968E-01
2.249E-01	5.324E-01	2.355E-01	2.969E-01
2.270E-01	5.314E-01	2.344E-01	2.970E-01
2.291E-01	5.304E-01	2.332E-01	2.972E-01
2.312E-01	5.293E-01	2.320E-01	2.972E-01
2.333E-01	5.281E-01	2.308E-01	2.973E-01
2.355E-01	5.269E-01	2.296E-01	2.974E-01
2.377E-01	5.257E-01	2.283E-01	2.974E-01
2.399E-01	5.244E-01	2.270E-01	2.974E-01
2.421E-01	5.230E-01	2.257E-01	2.973E-01
2.443E-01	5.216E-01	2.243E-01	2.973E-01
2.466E-01	5.202E-01	2.230E-01	2.972E-01
2.489E-01	5.187E-01	2.216E-01	2.971E-01
2.512E-01	5.171E-01	2.201E-01	2.970E-01
2.535E-01	5.155E-01	2.187E-01	2.968E-01
2.559E-01	5.138E-01	2.172E-01	2.966E-01
2.582E-01	5.121E-01	2.157E-01	2.964E-01
2.606E-01	5.103E-01	2.141E-01	2.962E-01
2.630E-01	5.084E-01	2.126E-01	2.959E-01
2.655E-01	5.065E-01	2.110E-01	2.956E-01
2.679E-01	5.046E-01	2.093E-01	2.953E-01
2.704E-01	5.026E-01	2.077E-01	2.949E-01
2.729E-01	5.005E-01	2.060E-01	2.945E-01
2.754E-01	4.984E-01	2.043E-01	2.941E-01
2.780E-01	4.962E-01	2.026E-01	2.936E-01
2.805E-01	4.939E-01	2.008E-01	2.931E-01
2.831E-01	4.916E-01	1.990E-01	2.926E-01
2.858E-01	4.893E-01	1.972E-01	2.920E-01
2.884E-01	4.869E-01	1.954E-01	2.915E-01
2.911E-01	4.844E-01	1.935E-01	2.908E-01
2.938E-01	4.818E-01	1.916E-01	2.902E-01
2.965E-01	4.792E-01	1.897E-01	2.895E-01
2.992E-01	4.765E-01	1.878E-01	2.887E-01
3.020E-01	4.738E-01	1.858E-01	2.880E-01
3.048E-01	4.710E-01	1.839E-01	2.872E-01
3.076E-01	4.682E-01	1.819E-01	2.863E-01
3.105E-01	4.652E-01	1.798E-01	2.854E-01
3.133E-01	4.623E-01	1.778E-01	2.845E-01
3.162E-01	4.592E-01	1.757E-01	2.835E-01
3.192E-01	4.561E-01	1.736E-01	2.825E-01
3.221E-01	4.530E-01	1.715E-01	2.815E-01
3.251E-01	4.497E-01	1.693E-01	2.804E-01
3.281E-01	4.464E-01	1.672E-01	2.793E-01
3.311E-01	4.431E-01	1.650E-01	2.781E-01
3.342E-01	4.397E-01	1.628E-01	2.769E-01
3.373E-01	4.362E-01	1.606E-01	2.756E-01
3.404E-01	4.327E-01	1.583E-01	2.743E-01
3.436E-01	4.291E-01	1.561E-01	2.730E-01
3.467E-01	4.254E-01	1.538E-01	2.716E-01
3.499E-01	4.217E-01	1.515E-01	2.702E-01
3.532E-01	4.179E-01	1.492E-01	2.687E-01
3.565E-01	4.141E-01	1.469E-01	2.672E-01
3.597E-01	4.102E-01	1.445E-01	2.656E-01
3.631E-01	4.062E-01	1.422E-01	2.640E-01
3.664E-01	4.022E-01	1.398E-01	2.624E-01
3.698E-01	3.981E-01	1.374E-01	2.606E-01
3.733E-01	3.939E-01	1.350E-01	2.589E-01
3.767E-01	3.897E-01	1.327E-01	2.571E-01
3.802E-01	3.855E-01	1.302E-01	2.552E-01
3.837E-01	3.812E-01	1.278E-01	2.533E-01
3.873E-01	3.768E-01	1.254E-01	2.514E-01
3.908E-01	3.724E-01	1.230E-01	2.494E-01
3.945E-01	3.679E-01	1.205E-01	2.474E-01
3.981E-01	3.634E-01	1.181E-01	2.453E-01
4.018E-01	3.588E-01	1.157E-01	2.431E-01
4.055E-01	3.542E-01	1.132E-01	2.409E-01
4.093E-01	3.495E-01	1.108E-01	2.387E-01
4.130E-01	3.447E-01	1.083E-01	2.364E-01
4.169E-01	3.400E-01	1.059E-01	2.341E-01
4.207E-01	3.351E-01	1.034E-01	2.317E-01
4.246E-01	3.302E-01	1.010E-01	2.292E-01
4.285E-01	3.253E-01	9.857E-02	2.268E-01
4.325E-01	3.204E-01	9.613E-02	2.242E-01
4.365E-01	3.154E-01	9.371E-02	2.217E-01
4.406E-01	3.103E-01	9.130E-02	2.190E-01
4.446E-01	3.052E-01	8.889E-02	2.163E-01
4.487E-01	3.001E-01	8.649E-02	2.136E-01
4.529E-01	2.950E-01	8.411E-02	2.109E-01
4.571E-01	2.898E-01	8.174E-02	2.080E-01
4.613E-01	2.846E-01	7.938E-02	2.052E-01
4.656E-01	2.793E-01	7.704E-02	2.023E-01
4.699E-01	2.740E-01	7.472E-02	1.993E-01
4.742E-01	2.687E-01	7.241E-02	1.963E-01
4.786E-01	2.634E-01	7.013E-02	1.933E-01
4.831E-01	2.581E-01	6.786E-02	1.902E-01
4.875E-01	2.527E-01	6.562E-02	1.871E-01
4.920E-01	2.473E-01	6.340E-02	1.839E-01
4.966E-01	2.419E-01	6.121E-02	1.807E-01
5.012E-01	2.365E-01	5.904E-02	1.775E-01
5.058E-01	2.311E-01	5.689E-02	1.742E-01
5.105E-01	2.257E-01	5.478E-02	1.709E-01
5.152E-01	2.203E-01	5.270E-02	1.676E-01
5.200E-01	2.149E-01	5.065E-02	1.642E-01
5.248E-01	2.094E-01	4.863E-02	1.608E-01
5.297E-01	2.040E-01	4.664E-02	1.574E-01
5.346E-01	1.986E-01	4.469E-02	1.539E-01
5.395E-01	1.932E-01	4.277E-02	1.504E-01
5.445E-01	1.878E-01	4.089E-02	1.469E-01
5.495E-01	1.824E-01	3.905E-02	1.434E-01
5.546E-01	1.771E-01	3.724E-02	1.398E-01
5.598E-01	1.717E-01	3.548E-02	1.363E-01
5.649E-01	1.664E-01	3.375E-02	1.327E-01
5.702E-01	1.612E-01	3.207E-02	1.291E-01
5.754E-01	1.559E-01	3.043E-02	1.255E-01
5.808E-01	1.507E-01	2.884E-02	1.219E-01
5.861E-01	1.455E-01	2.728E-02	1.183E-01
5.916E-01	1.404E-01	2.577E-02	1.146E-01
5.970E-01	1.353E-01	2.431E-02	1.110E-01
6.026E-01	1.303E-01	2.289E-02	1.074E-01
6.081E-01	1.253E-01	2.152E-02	1.038E-01
6.138E-01	1.204E-01	2.020E-02	1.002E-01
6.194E-01	1.155E-01	1.892E-02	9.659E-02
6.252E-01	1.107E-01	1.769E-02	9.302E-02
6.310E-01	1.060E-01	1.651E-02	8.947E-02
6.368E-01	1.013E-01	1.537E-02	8.593E-02
6.427E-01	9.671E-02	1.428E-02	8.243E-02
6.486E-01	9.219E-02	1.324E-02	7.895E-02
6.546E-01	8.776E-02	1.224E-02	7.551E-02
6.607E-01	8.340E-02	1.130E-02	7.211E-02
6.668E-01	7.914E-02	1.039E-02	6.874E-02
6.730E-01	7.496E-02	9.539E-03	6.542E-02
6.792E-01	7.088E-02	8.729E-03	6.215E-02
6.855E-01	6.689E-02	7.964E-03	5.893E-02
6.918E-01	6.301E-02	7.244E-03	5.576E-02
6.982E-01	5.923E-02	6.567E-03	5.266E-02
7.047E-01	5.555E-02	5.932E-03	4.962E-02
7.112E-01	5.198E-02	5.340E-03	4.664E-02
7.178E-01	4.852E-02	4.788E-03	4.373E-02
7.244E-01	4.518E-02	4.275E-03	4.090E-02
7.311E-01	4.195E-02	3.801E-03	3.815E-02
7.379E-01	3.884E-02	3.364E-03	3.548E-02
7.447E-01	3.585E-02	2.962E-03	3.289E-02
7.516E-01	3.298E-02	2.595E-03	3.039E-02
7.586E-01	3.024E-02	2.261E-03	2.798E-02
7.656E-01	2.762E-02	1.958E-03	2.566E-02
7.727E-01	2.512E-02	1.685E-03	2.344E-02
7.798E-01	2.276E-02	1.440E-03	2.132E-02
7.870E-01	2.052E-02	1.222E-03	1.930E-02
7.943E-01	1.841E-02	1.029E-03	1.738E-02
8.017E-01	1.642E-02	8.582E-04	1.557E-02
8.091E-01	1.457E-02	7.095E-04	1.386E-02
8.166E-01	1.284E-02	5.805E-04	1.226E-02
8.241E-01	1.124E-02	4.697E-04	1.077E-02
8.318E-01	9.758E-03	3.755E-04	9.382E-03
8.395E-01	8.401E-03	2.961E-04	8.105E-03
8.472E-01	7.165E-03	2.300E-04	6.935E-03
8.551E-01	6.047E-03	1.756E-04	5.871E-03
8.630E-01	5.043E-03	1.317E-04	4.911E-03
8.710E-01	4.149E-03	9.660E-05	4.053E-03
8.790E-01	3.362E-03	6.919E-05	3.293E-03
8.872E-01	2.677E-03	4.819E-05	2.629E-03
8.954E-01	2.088E-03	3.249E-05	2.055E-03
9.036E-01	1.590E-03	2.109E-05	1.569E-03
9.120E-01	1.176E-03	1.309E-05	1.163E-03
9.204E-01	8.407E-04	7.685E-06	8.331E-04
9.290E-01	5.755E-04	4.216E-06	5.713E-04
9.376E-01	3.730E-04	2.122E-06	3.709E-04
9.462E-01	2.251E-04	9.541E-07	2.241E-04
9.550E-01	1.231E-04	3.676E-07	1.228E-04
9.638E-01	5.844E-05	1.133E-07	5.832E-05
9.727E-01	2.215E-05	2.449E-08	2.213E-05
9.817E-01	5.572E-06	2.776E-09	5.569E-06
9.908E-01	5.142E-07	6.492E-11	5.141E-07
