Q0 = 1.2 GeV	 Q = 3.2 GeV
x	 x*uv	 x*dv	 x*(uv-dv)
1.000E-04	1.739E-02	1.028E-02	7.111E-03
1.009E-04	1.747E-02	1.032E-02	7.143E-03
1.019E-04	1.754E-02	1.037E-02	7.176E-03
1.028E-04	1.762E-02	1.042E-02	7.209E-03
1.038E-04	1.770E-02	1.046E-02	7.241E-03
1.047E-04	1.778E-02	1.051E-02	7.274E-03
1.057E-04	1.786E-02	1.055E-02	7.308E-03
1.067E-04	1.794E-02	1.060E-02	7.341E-03
1.076E-04	1.802E-02	1.065E-02	7.374E-03
1.086E-04	1.810E-02	1.070E-02	7.408E-03
1.096E-04	1.818E-02	1.074E-02	7.442E-03
1.107E-04	1.827E-02	1.079E-02	7.476E-03
1.117E-04	1.835E-02	1.084E-02	7.510E-03
1.127E-04	1.843E-02	1.089E-02	7.544E-03
1.138E-04	1.851E-02	1.093E-02	7.578E-03
1.148E-04	1.860E-02	1.098E-02	7.613E-03
1.159E-04	1.868E-02	1.103E-02	7.647E-03
1.169E-04	1.876E-02	1.108E-02	7.682E-03
1.180E-04	1.885E-02	1.113E-02	7.717E-03
1.191E-04	1.893E-02	1.118E-02	7.752E-03
1.202E-04	1.902E-02	1.123E-02	7.788E-03
1.213E-04	1.910E-02	1.128E-02	7.823E-03
1.225E-04	1.919E-02	1.133E-02	7.859E-03
1.236E-04	1.927E-02	1.138E-02	7.895E-03
1.247E-04	1.936E-02	1.143E-02	7.931E-03
1.259E-04	1.945E-02	1.148E-02	7.967E-03
1.271E-04	1.953E-02	1.153E-02	8.003E-03
1.282E-04	1.962E-02	1.158E-02	8.039E-03
1.294E-04	1.971E-02	1.163E-02	8.076E-03
1.306E-04	1.980E-02	1.168E-02	8.113E-03
1.318E-04	1.989E-02	1.174E-02	8.150E-03
1.330E-04	1.998E-02	1.179E-02	8.187E-03
1.343E-04	2.007E-02	1.184E-02	8.224E-03
1.355E-04	2.016E-02	1.189E-02	8.262E-03
1.368E-04	2.025E-02	1.195E-02	8.299E-03
1.380E-04	2.034E-02	1.200E-02	8.337E-03
1.393E-04	2.043E-02	1.205E-02	8.375E-03
1.406E-04	2.052E-02	1.211E-02	8.413E-03
1.419E-04	2.061E-02	1.216E-02	8.452E-03
1.432E-04	2.070E-02	1.221E-02	8.490E-03
1.445E-04	2.080E-02	1.227E-02	8.529E-03
1.459E-04	2.089E-02	1.232E-02	8.568E-03
1.472E-04	2.098E-02	1.238E-02	8.607E-03
1.486E-04	2.108E-02	1.243E-02	8.646E-03
1.500E-04	2.117E-02	1.249E-02	8.685E-03
1.514E-04	2.127E-02	1.254E-02	8.725E-03
1.528E-04	2.136E-02	1.260E-02	8.764E-03
1.542E-04	2.146E-02	1.265E-02	8.804E-03
1.556E-04	2.155E-02	1.271E-02	8.844E-03
1.570E-04	2.165E-02	1.277E-02	8.885E-03
1.585E-04	2.175E-02	1.282E-02	8.925E-03
1.600E-04	2.184E-02	1.288E-02	8.966E-03
1.614E-04	2.194E-02	1.294E-02	9.007E-03
1.629E-04	2.204E-02	1.299E-02	9.048E-03
1.644E-04	2.214E-02	1.305E-02	9.089E-03
1.660E-04	2.224E-02	1.311E-02	9.130E-03
1.675E-04	2.234E-02	1.317E-02	9.172E-03
1.690E-04	2.244E-02	1.322E-02	9.213E-03
1.706E-04	2.254E-02	1.328E-02	9.255E-03
1.722E-04	2.264E-02	1.334E-02	9.297E-03
1.738E-04	2.274E-02	1.340E-02	9.340E-03
1.754E-04	2.284E-02	1.346E-02	9.382E-03
1.770E-04	2.294E-02	1.352E-02	9.425E-03
1.786E-04	2.305E-02	1.358E-02	9.468E-03
1.803E-04	2.315E-02	1.364E-02	9.511E-03
1.820E-04	2.325E-02	1.370E-02	9.554E-03
1.837E-04	2.336E-02	1.376E-02	9.598E-03
1.854E-04	2.346E-02	1.382E-02	9.641E-03
1.871E-04	2.357E-02	1.388E-02	9.685E-03
1.888E-04	2.367E-02	1.394E-02	9.729E-03
1.905E-04	2.378E-02	1.401E-02	9.774E-03
1.923E-04	2.389E-02	1.407E-02	9.818E-03
1.941E-04	2.399E-02	1.413E-02	9.863E-03
1.959E-04	2.410E-02	1.419E-02	9.908E-03
1.977E-04	2.421E-02	1.426E-02	9.953E-03
1.995E-04	2.432E-02	1.432E-02	9.998E-03
2.014E-04	2.443E-02	1.438E-02	1.004E-02
2.032E-04	2.453E-02	1.445E-02	1.009E-02
2.051E-04	2.464E-02	1.451E-02	1.014E-02
2.070E-04	2.475E-02	1.457E-02	1.018E-02
2.089E-04	2.487E-02	1.464E-02	1.023E-02
2.109E-04	2.498E-02	1.470E-02	1.027E-02
2.128E-04	2.509E-02	1.477E-02	1.032E-02
2.148E-04	2.520E-02	1.483E-02	1.037E-02
2.168E-04	2.531E-02	1.490E-02	1.042E-02
2.188E-04	2.543E-02	1.496E-02	1.046E-02
2.208E-04	2.554E-02	1.503E-02	1.051E-02
2.228E-04	2.566E-02	1.510E-02	1.056E-02
2.249E-04	2.577E-02	1.516E-02	1.061E-02
2.270E-04	2.589E-02	1.523E-02	1.065E-02
2.291E-04	2.600E-02	1.530E-02	1.070E-02
2.312E-04	2.612E-02	1.537E-02	1.075E-02
2.333E-04	2.623E-02	1.543E-02	1.080E-02
2.355E-04	2.635E-02	1.550E-02	1.085E-02
2.377E-04	2.647E-02	1.557E-02	1.090E-02
2.399E-04	2.659E-02	1.564E-02	1.095E-02
2.421E-04	2.671E-02	1.571E-02	1.100E-02
2.443E-04	2.683E-02	1.578E-02	1.105E-02
2.466E-04	2.695E-02	1.585E-02	1.110E-02
2.489E-04	2.707E-02	1.592E-02	1.115E-02
2.512E-04	2.719E-02	1.599E-02	1.120E-02
2.535E-04	2.731E-02	1.606E-02	1.125E-02
2.559E-04	2.743E-02	1.613E-02	1.130E-02
2.582E-04	2.755E-02	1.620E-02	1.135E-02
2.606E-04	2.768E-02	1.627E-02	1.140E-02
2.630E-04	2.780E-02	1.634E-02	1.146E-02
2.655E-04	2.793E-02	1.642E-02	1.151E-02
2.679E-04	2.805E-02	1.649E-02	1.156E-02
2.704E-04	2.818E-02	1.656E-02	1.161E-02
2.729E-04	2.830E-02	1.664E-02	1.167E-02
2.754E-04	2.843E-02	1.671E-02	1.172E-02
2.780E-04	2.856E-02	1.678E-02	1.177E-02
2.805E-04	2.868E-02	1.686E-02	1.183E-02
2.831E-04	2.881E-02	1.693E-02	1.188E-02
2.858E-04	2.894E-02	1.701E-02	1.193E-02
2.884E-04	2.907E-02	1.708E-02	1.199E-02
2.911E-04	2.920E-02	1.716E-02	1.204E-02
2.938E-04	2.933E-02	1.723E-02	1.210E-02
2.965E-04	2.946E-02	1.731E-02	1.215E-02
2.992E-04	2.959E-02	1.739E-02	1.221E-02
3.020E-04	2.973E-02	1.746E-02	1.226E-02
3.048E-04	2.986E-02	1.754E-02	1.232E-02
3.076E-04	2.999E-02	1.762E-02	1.238E-02
3.105E-04	3.013E-02	1.769E-02	1.243E-02
3.133E-04	3.026E-02	1.777E-02	1.249E-02
3.162E-04	3.040E-02	1.785E-02	1.254E-02
3.192E-04	3.053E-02	1.793E-02	1.260E-02
3.221E-04	3.067E-02	1.801E-02	1.266E-02
3.251E-04	3.081E-02	1.809E-02	1.272E-02
3.281E-04	3.094E-02	1.817E-02	1.277E-02
3.311E-04	3.108E-02	1.825E-02	1.283E-02
3.342E-04	3.122E-02	1.833E-02	1.289E-02
3.373E-04	3.136E-02	1.841E-02	1.295E-02
3.404E-04	3.150E-02	1.849E-02	1.301E-02
3.436E-04	3.164E-02	1.857E-02	1.307E-02
3.467E-04	3.178E-02	1.866E-02	1.313E-02
3.499E-04	3.192E-02	1.874E-02	1.319E-02
3.532E-04	3.207E-02	1.882E-02	1.325E-02
3.565E-04	3.221E-02	1.890E-02	1.331E-02
3.597E-04	3.235E-02	1.899E-02	1.337E-02
3.631E-04	3.250E-02	1.907E-02	1.343E-02
3.664E-04	3.264E-02	1.916E-02	1.349E-02
3.698E-04	3.279E-02	1.924E-02	1.355E-02
3.733E-04	3.294E-02	1.933E-02	1.361E-02
3.767E-04	3.308E-02	1.941E-02	1.367E-02
3.802E-04	3.323E-02	1.950E-02	1.374E-02
3.837E-04	3.338E-02	1.958E-02	1.380E-02
3.873E-04	3.353E-02	1.967E-02	1.386E-02
3.908E-04	3.368E-02	1.976E-02	1.392E-02
3.945E-04	3.383E-02	1.984E-02	1.399E-02
3.981E-04	3.398E-02	1.993E-02	1.405E-02
4.018E-04	3.413E-02	2.002E-02	1.412E-02
4.055E-04	3.429E-02	2.011E-02	1.418E-02
4.093E-04	3.444E-02	2.020E-02	1.424E-02
4.130E-04	3.459E-02	2.028E-02	1.431E-02
4.169E-04	3.475E-02	2.037E-02	1.437E-02
4.207E-04	3.490E-02	2.046E-02	1.444E-02
4.246E-04	3.506E-02	2.055E-02	1.450E-02
4.285E-04	3.522E-02	2.064E-02	1.457E-02
4.325E-04	3.537E-02	2.074E-02	1.464E-02
4.365E-04	3.553E-02	2.083E-02	1.470E-02
4.406E-04	3.569E-02	2.092E-02	1.477E-02
4.446E-04	3.585E-02	2.101E-02	1.484E-02
4.487E-04	3.601E-02	2.110E-02	1.490E-02
4.529E-04	3.617E-02	2.120E-02	1.497E-02
4.571E-04	3.633E-02	2.129E-02	1.504E-02
4.613E-04	3.649E-02	2.138E-02	1.511E-02
4.656E-04	3.666E-02	2.148E-02	1.518E-02
4.699E-04	3.682E-02	2.157E-02	1.525E-02
4.742E-04	3.699E-02	2.167E-02	1.532E-02
4.786E-04	3.715E-02	2.176E-02	1.539E-02
4.831E-04	3.732E-02	2.186E-02	1.546E-02
4.875E-04	3.748E-02	2.196E-02	1.553E-02
4.920E-04	3.765E-02	2.205E-02	1.560E-02
4.966E-04	3.782E-02	2.215E-02	1.567E-02
5.012E-04	3.799E-02	2.225E-02	1.574E-02
5.058E-04	3.816E-02	2.235E-02	1.581E-02
5.105E-04	3.833E-02	2.245E-02	1.588E-02
5.152E-04	3.850E-02	2.254E-02	1.595E-02
5.200E-04	3.867E-02	2.264E-02	1.603E-02
5.248E-04	3.884E-02	2.274E-02	1.610E-02
5.297E-04	3.902E-02	2.284E-02	1.617E-02
5.346E-04	3.919E-02	2.295E-02	1.625E-02
5.395E-04	3.937E-02	2.305E-02	1.632E-02
5.445E-04	3.954E-02	2.315E-02	1.639E-02
5.495E-04	3.972E-02	2.325E-02	1.647E-02
5.546E-04	3.990E-02	2.335E-02	1.654E-02
5.598E-04	4.007E-02	2.346E-02	1.662E-02
5.649E-04	4.025E-02	2.356E-02	1.669E-02
5.702E-04	4.043E-02	2.366E-02	1.677E-02
5.754E-04	4.061E-02	2.377E-02	1.685E-02
5.808E-04	4.080E-02	2.387E-02	1.692E-02
5.861E-04	4.098E-02	2.398E-02	1.700E-02
5.916E-04	4.116E-02	2.408E-02	1.708E-02
5.970E-04	4.134E-02	2.419E-02	1.715E-02
6.026E-04	4.153E-02	2.430E-02	1.723E-02
6.081E-04	4.171E-02	2.440E-02	1.731E-02
6.138E-04	4.190E-02	2.451E-02	1.739E-02
6.194E-04	4.209E-02	2.462E-02	1.747E-02
6.252E-04	4.228E-02	2.473E-02	1.755E-02
6.310E-04	4.246E-02	2.484E-02	1.763E-02
6.368E-04	4.265E-02	2.495E-02	1.771E-02
6.427E-04	4.284E-02	2.506E-02	1.779E-02
6.486E-04	4.304E-02	2.517E-02	1.787E-02
6.546E-04	4.323E-02	2.528E-02	1.795E-02
6.607E-04	4.342E-02	2.539E-02	1.803E-02
6.668E-04	4.361E-02	2.550E-02	1.811E-02
6.730E-04	4.381E-02	2.561E-02	1.820E-02
6.792E-04	4.401E-02	2.573E-02	1.828E-02
6.855E-04	4.420E-02	2.584E-02	1.836E-02
6.918E-04	4.440E-02	2.595E-02	1.845E-02
6.982E-04	4.460E-02	2.607E-02	1.853E-02
7.047E-04	4.480E-02	2.618E-02	1.861E-02
7.112E-04	4.500E-02	2.630E-02	1.870E-02
7.178E-04	4.520E-02	2.641E-02	1.878E-02
7.244E-04	4.540E-02	2.653E-02	1.887E-02
7.311E-04	4.560E-02	2.665E-02	1.895E-02
7.379E-04	4.581E-02	2.677E-02	1.904E-02
7.447E-04	4.601E-02	2.688E-02	1.913E-02
7.516E-04	4.622E-02	2.700E-02	1.921E-02
7.586E-04	4.642E-02	2.712E-02	1.930E-02
7.656E-04	4.663E-02	2.724E-02	1.939E-02
7.727E-04	4.684E-02	2.736E-02	1.948E-02
7.798E-04	4.705E-02	2.748E-02	1.957E-02
7.870E-04	4.726E-02	2.760E-02	1.965E-02
7.943E-04	4.747E-02	2.772E-02	1.974E-02
8.017E-04	4.768E-02	2.785E-02	1.983E-02
8.091E-04	4.789E-02	2.797E-02	1.992E-02
8.166E-04	4.811E-02	2.809E-02	2.001E-02
8.241E-04	4.832E-02	2.822E-02	2.011E-02
8.318E-04	4.854E-02	2.834E-02	2.020E-02
8.395E-04	4.875E-02	2.847E-02	2.029E-02
8.472E-04	4.897E-02	2.859E-02	2.038E-02
8.551E-04	4.919E-02	2.872E-02	2.047E-02
8.630E-04	4.941E-02	2.884E-02	2.057E-02
8.710E-04	4.963E-02	2.897E-02	2.066E-02
8.790E-04	4.985E-02	2.910E-02	2.075E-02
8.872E-04	5.007E-02	2.923E-02	2.085E-02
8.954E-04	5.030E-02	2.936E-02	2.094E-02
9.036E-04	5.052E-02	2.948E-02	2.104E-02
9.120E-04	5.075E-02	2.961E-02	2.113E-02
9.204E-04	5.098E-02	2.975E-02	2.123E-02
9.290E-04	5.120E-02	2.988E-02	2.133E-02
9.376E-04	5.143E-02	3.001E-02	2.142E-02
9.462E-04	5.166E-02	3.014E-02	2.152E-02
9.550E-04	5.189E-02	3.027E-02	2.162E-02
9.638E-04	5.212E-02	3.041E-02	2.172E-02
9.727E-04	5.236E-02	3.054E-02	2.182E-02
9.817E-04	5.259E-02	3.068E-02	2.192E-02
9.908E-04	5.283E-02	3.081E-02	2.202E-02
1.000E-03	5.306E-02	3.095E-02	2.212E-02
1.009E-03	5.330E-02	3.108E-02	2.222E-02
1.019E-03	5.354E-02	3.122E-02	2.232E-02
1.028E-03	5.378E-02	3.136E-02	2.242E-02
1.038E-03	5.402E-02	3.150E-02	2.252E-02
1.047E-03	5.426E-02	3.163E-02	2.262E-02
1.057E-03	5.450E-02	3.177E-02	2.273E-02
1.067E-03	5.474E-02	3.191E-02	2.283E-02
1.076E-03	5.499E-02	3.205E-02	2.293E-02
1.086E-03	5.523E-02	3.220E-02	2.304E-02
1.096E-03	5.548E-02	3.234E-02	2.314E-02
1.107E-03	5.573E-02	3.248E-02	2.325E-02
1.117E-03	5.598E-02	3.262E-02	2.335E-02
1.127E-03	5.623E-02	3.277E-02	2.346E-02
1.138E-03	5.648E-02	3.291E-02	2.357E-02
1.148E-03	5.673E-02	3.306E-02	2.367E-02
1.159E-03	5.698E-02	3.320E-02	2.378E-02
1.169E-03	5.724E-02	3.335E-02	2.389E-02
1.180E-03	5.749E-02	3.350E-02	2.400E-02
1.191E-03	5.775E-02	3.364E-02	2.411E-02
1.202E-03	5.801E-02	3.379E-02	2.422E-02
1.213E-03	5.827E-02	3.394E-02	2.433E-02
1.225E-03	5.853E-02	3.409E-02	2.444E-02
1.236E-03	5.879E-02	3.424E-02	2.455E-02
1.247E-03	5.905E-02	3.439E-02	2.466E-02
1.259E-03	5.932E-02	3.454E-02	2.477E-02
1.271E-03	5.958E-02	3.469E-02	2.489E-02
1.282E-03	5.985E-02	3.485E-02	2.500E-02
1.294E-03	6.011E-02	3.500E-02	2.511E-02
1.306E-03	6.038E-02	3.516E-02	2.523E-02
1.318E-03	6.065E-02	3.531E-02	2.534E-02
1.330E-03	6.092E-02	3.547E-02	2.546E-02
1.343E-03	6.120E-02	3.562E-02	2.557E-02
1.355E-03	6.147E-02	3.578E-02	2.569E-02
1.368E-03	6.174E-02	3.594E-02	2.581E-02
1.380E-03	6.202E-02	3.610E-02	2.592E-02
1.393E-03	6.230E-02	3.625E-02	2.604E-02
1.406E-03	6.258E-02	3.641E-02	2.616E-02
1.419E-03	6.285E-02	3.658E-02	2.628E-02
1.432E-03	6.314E-02	3.674E-02	2.640E-02
1.445E-03	6.342E-02	3.690E-02	2.652E-02
1.459E-03	6.370E-02	3.706E-02	2.664E-02
1.472E-03	6.399E-02	3.722E-02	2.676E-02
1.486E-03	6.427E-02	3.739E-02	2.688E-02
1.500E-03	6.456E-02	3.755E-02	2.701E-02
1.514E-03	6.485E-02	3.772E-02	2.713E-02
1.528E-03	6.514E-02	3.789E-02	2.725E-02
1.542E-03	6.543E-02	3.805E-02	2.738E-02
1.556E-03	6.572E-02	3.822E-02	2.750E-02
1.570E-03	6.602E-02	3.839E-02	2.763E-02
1.585E-03	6.631E-02	3.856E-02	2.775E-02
1.600E-03	6.661E-02	3.873E-02	2.788E-02
1.614E-03	6.690E-02	3.890E-02	2.801E-02
1.629E-03	6.720E-02	3.907E-02	2.813E-02
1.644E-03	6.750E-02	3.924E-02	2.826E-02
1.660E-03	6.781E-02	3.942E-02	2.839E-02
1.675E-03	6.811E-02	3.959E-02	2.852E-02
1.690E-03	6.841E-02	3.976E-02	2.865E-02
1.706E-03	6.872E-02	3.994E-02	2.878E-02
1.722E-03	6.903E-02	4.012E-02	2.891E-02
1.738E-03	6.934E-02	4.029E-02	2.904E-02
1.754E-03	6.965E-02	4.047E-02	2.918E-02
1.770E-03	6.996E-02	4.065E-02	2.931E-02
1.786E-03	7.027E-02	4.083E-02	2.944E-02
1.803E-03	7.058E-02	4.101E-02	2.958E-02
1.820E-03	7.090E-02	4.119E-02	2.971E-02
1.837E-03	7.122E-02	4.137E-02	2.985E-02
1.854E-03	7.154E-02	4.155E-02	2.998E-02
1.871E-03	7.186E-02	4.174E-02	3.012E-02
1.888E-03	7.218E-02	4.192E-02	3.026E-02
1.905E-03	7.250E-02	4.211E-02	3.040E-02
1.923E-03	7.283E-02	4.229E-02	3.053E-02
1.941E-03	7.315E-02	4.248E-02	3.067E-02
1.959E-03	7.348E-02	4.266E-02	3.081E-02
1.977E-03	7.381E-02	4.285E-02	3.095E-02
1.995E-03	7.414E-02	4.304E-02	3.110E-02
2.014E-03	7.447E-02	4.323E-02	3.124E-02
2.032E-03	7.480E-02	4.342E-02	3.138E-02
2.051E-03	7.514E-02	4.361E-02	3.152E-02
2.070E-03	7.547E-02	4.381E-02	3.167E-02
2.089E-03	7.581E-02	4.400E-02	3.181E-02
2.109E-03	7.615E-02	4.419E-02	3.196E-02
2.128E-03	7.649E-02	4.439E-02	3.210E-02
2.148E-03	7.683E-02	4.459E-02	3.225E-02
2.168E-03	7.718E-02	4.478E-02	3.240E-02
2.188E-03	7.752E-02	4.498E-02	3.254E-02
2.208E-03	7.787E-02	4.518E-02	3.269E-02
2.228E-03	7.822E-02	4.538E-02	3.284E-02
2.249E-03	7.857E-02	4.558E-02	3.299E-02
2.270E-03	7.892E-02	4.578E-02	3.314E-02
2.291E-03	7.928E-02	4.598E-02	3.329E-02
2.312E-03	7.963E-02	4.618E-02	3.345E-02
2.333E-03	7.999E-02	4.639E-02	3.360E-02
2.355E-03	8.035E-02	4.659E-02	3.375E-02
2.377E-03	8.071E-02	4.680E-02	3.391E-02
2.399E-03	8.107E-02	4.700E-02	3.406E-02
2.421E-03	8.143E-02	4.721E-02	3.422E-02
2.443E-03	8.179E-02	4.742E-02	3.437E-02
2.466E-03	8.216E-02	4.763E-02	3.453E-02
2.489E-03	8.253E-02	4.784E-02	3.469E-02
2.512E-03	8.290E-02	4.805E-02	3.485E-02
2.535E-03	8.327E-02	4.826E-02	3.501E-02
2.559E-03	8.364E-02	4.848E-02	3.517E-02
2.582E-03	8.402E-02	4.869E-02	3.533E-02
2.606E-03	8.440E-02	4.891E-02	3.549E-02
2.630E-03	8.477E-02	4.912E-02	3.565E-02
2.655E-03	8.515E-02	4.934E-02	3.582E-02
2.679E-03	8.554E-02	4.956E-02	3.598E-02
2.704E-03	8.592E-02	4.978E-02	3.614E-02
2.729E-03	8.630E-02	5.000E-02	3.631E-02
2.754E-03	8.669E-02	5.022E-02	3.648E-02
2.780E-03	8.708E-02	5.044E-02	3.664E-02
2.805E-03	8.747E-02	5.066E-02	3.681E-02
2.831E-03	8.786E-02	5.088E-02	3.698E-02
2.858E-03	8.826E-02	5.111E-02	3.715E-02
2.884E-03	8.865E-02	5.134E-02	3.732E-02
2.911E-03	8.905E-02	5.156E-02	3.749E-02
2.938E-03	8.945E-02	5.179E-02	3.766E-02
2.965E-03	8.985E-02	5.202E-02	3.783E-02
2.992E-03	9.026E-02	5.225E-02	3.801E-02
3.020E-03	9.066E-02	5.248E-02	3.818E-02
3.048E-03	9.107E-02	5.271E-02	3.836E-02
3.076E-03	9.148E-02	5.294E-02	3.853E-02
3.105E-03	9.189E-02	5.318E-02	3.871E-02
3.133E-03	9.230E-02	5.341E-02	3.889E-02
3.162E-03	9.271E-02	5.365E-02	3.906E-02
3.192E-03	9.313E-02	5.389E-02	3.924E-02
3.221E-03	9.355E-02	5.413E-02	3.942E-02
3.251E-03	9.397E-02	5.436E-02	3.960E-02
3.281E-03	9.439E-02	5.460E-02	3.979E-02
3.311E-03	9.481E-02	5.485E-02	3.997E-02
3.342E-03	9.524E-02	5.509E-02	4.015E-02
3.373E-03	9.567E-02	5.533E-02	4.034E-02
3.404E-03	9.610E-02	5.558E-02	4.052E-02
3.436E-03	9.653E-02	5.582E-02	4.071E-02
3.467E-03	9.696E-02	5.607E-02	4.089E-02
3.499E-03	9.740E-02	5.632E-02	4.108E-02
3.532E-03	9.784E-02	5.657E-02	4.127E-02
3.565E-03	9.828E-02	5.682E-02	4.146E-02
3.597E-03	9.872E-02	5.707E-02	4.165E-02
3.631E-03	9.916E-02	5.732E-02	4.184E-02
3.664E-03	9.961E-02	5.757E-02	4.203E-02
3.698E-03	1.001E-01	5.783E-02	4.223E-02
3.733E-03	1.005E-01	5.809E-02	4.242E-02
3.767E-03	1.010E-01	5.834E-02	4.262E-02
3.802E-03	1.014E-01	5.860E-02	4.281E-02
3.837E-03	1.019E-01	5.886E-02	4.301E-02
3.873E-03	1.023E-01	5.912E-02	4.321E-02
3.908E-03	1.028E-01	5.938E-02	4.340E-02
3.945E-03	1.032E-01	5.964E-02	4.360E-02
3.981E-03	1.037E-01	5.991E-02	4.380E-02
4.018E-03	1.042E-01	6.017E-02	4.401E-02
4.055E-03	1.046E-01	6.044E-02	4.421E-02
4.093E-03	1.051E-01	6.071E-02	4.441E-02
4.130E-03	1.056E-01	6.098E-02	4.462E-02
4.169E-03	1.061E-01	6.125E-02	4.482E-02
4.207E-03	1.065E-01	6.152E-02	4.503E-02
4.246E-03	1.070E-01	6.179E-02	4.524E-02
4.285E-03	1.075E-01	6.206E-02	4.544E-02
4.325E-03	1.080E-01	6.234E-02	4.565E-02
4.365E-03	1.085E-01	6.262E-02	4.586E-02
4.406E-03	1.090E-01	6.289E-02	4.608E-02
4.446E-03	1.095E-01	6.317E-02	4.629E-02
4.487E-03	1.100E-01	6.345E-02	4.650E-02
4.529E-03	1.104E-01	6.373E-02	4.672E-02
4.571E-03	1.109E-01	6.401E-02	4.693E-02
4.613E-03	1.114E-01	6.430E-02	4.715E-02
4.656E-03	1.119E-01	6.458E-02	4.736E-02
4.699E-03	1.125E-01	6.487E-02	4.758E-02
4.742E-03	1.130E-01	6.516E-02	4.780E-02
4.786E-03	1.135E-01	6.545E-02	4.802E-02
4.831E-03	1.140E-01	6.574E-02	4.825E-02
4.875E-03	1.145E-01	6.603E-02	4.847E-02
4.920E-03	1.150E-01	6.632E-02	4.869E-02
4.966E-03	1.155E-01	6.661E-02	4.892E-02
5.012E-03	1.161E-01	6.691E-02	4.914E-02
5.058E-03	1.166E-01	6.721E-02	4.937E-02
5.105E-03	1.171E-01	6.750E-02	4.960E-02
5.152E-03	1.176E-01	6.780E-02	4.983E-02
5.200E-03	1.182E-01	6.811E-02	5.006E-02
5.248E-03	1.187E-01	6.841E-02	5.029E-02
5.297E-03	1.192E-01	6.871E-02	5.052E-02
5.346E-03	1.198E-01	6.902E-02	5.076E-02
5.395E-03	1.203E-01	6.932E-02	5.099E-02
5.445E-03	1.209E-01	6.963E-02	5.123E-02
5.495E-03	1.214E-01	6.994E-02	5.146E-02
5.546E-03	1.220E-01	7.025E-02	5.170E-02
5.598E-03	1.225E-01	7.056E-02	5.194E-02
5.649E-03	1.231E-01	7.087E-02	5.218E-02
5.702E-03	1.236E-01	7.119E-02	5.242E-02
5.754E-03	1.242E-01	7.150E-02	5.267E-02
5.808E-03	1.247E-01	7.182E-02	5.291E-02
5.861E-03	1.253E-01	7.214E-02	5.316E-02
5.916E-03	1.259E-01	7.246E-02	5.340E-02
5.970E-03	1.264E-01	7.278E-02	5.365E-02
6.026E-03	1.270E-01	7.311E-02	5.390E-02
6.081E-03	1.276E-01	7.343E-02	5.415E-02
6.138E-03	1.282E-01	7.376E-02	5.440E-02
6.194E-03	1.287E-01	7.409E-02	5.465E-02
6.252E-03	1.293E-01	7.441E-02	5.491E-02
6.310E-03	1.299E-01	7.475E-02	5.516E-02
6.368E-03	1.305E-01	7.508E-02	5.542E-02
6.427E-03	1.311E-01	7.541E-02	5.567E-02
6.486E-03	1.317E-01	7.575E-02	5.593E-02
6.546E-03	1.323E-01	7.608E-02	5.619E-02
6.607E-03	1.329E-01	7.642E-02	5.645E-02
6.668E-03	1.335E-01	7.676E-02	5.672E-02
6.730E-03	1.341E-01	7.710E-02	5.698E-02
6.792E-03	1.347E-01	7.745E-02	5.725E-02
6.855E-03	1.353E-01	7.779E-02	5.751E-02
6.918E-03	1.359E-01	7.814E-02	5.778E-02
6.982E-03	1.365E-01	7.848E-02	5.805E-02
7.047E-03	1.372E-01	7.883E-02	5.832E-02
7.112E-03	1.378E-01	7.918E-02	5.859E-02
7.178E-03	1.384E-01	7.954E-02	5.886E-02
7.244E-03	1.390E-01	7.989E-02	5.914E-02
7.311E-03	1.397E-01	8.024E-02	5.941E-02
7.379E-03	1.403E-01	8.060E-02	5.969E-02
7.447E-03	1.409E-01	8.096E-02	5.997E-02
7.516E-03	1.416E-01	8.132E-02	6.025E-02
7.586E-03	1.422E-01	8.168E-02	6.053E-02
7.656E-03	1.429E-01	8.205E-02	6.081E-02
7.727E-03	1.435E-01	8.241E-02	6.110E-02
7.798E-03	1.442E-01	8.278E-02	6.138E-02
7.870E-03	1.448E-01	8.315E-02	6.167E-02
7.943E-03	1.455E-01	8.352E-02	6.196E-02
8.017E-03	1.461E-01	8.389E-02	6.225E-02
8.091E-03	1.468E-01	8.426E-02	6.254E-02
8.166E-03	1.475E-01	8.464E-02	6.283E-02
8.241E-03	1.481E-01	8.502E-02	6.312E-02
8.318E-03	1.488E-01	8.539E-02	6.342E-02
8.395E-03	1.495E-01	8.578E-02	6.372E-02
8.472E-03	1.502E-01	8.616E-02	6.401E-02
8.551E-03	1.509E-01	8.654E-02	6.431E-02
8.630E-03	1.515E-01	8.693E-02	6.462E-02
8.710E-03	1.522E-01	8.731E-02	6.492E-02
8.790E-03	1.529E-01	8.770E-02	6.522E-02
8.872E-03	1.536E-01	8.809E-02	6.553E-02
8.954E-03	1.543E-01	8.849E-02	6.584E-02
9.036E-03	1.550E-01	8.888E-02	6.615E-02
9.120E-03	1.557E-01	8.928E-02	6.646E-02
9.204E-03	1.564E-01	8.968E-02	6.677E-02
9.290E-03	1.572E-01	9.008E-02	6.708E-02
9.376E-03	1.579E-01	9.048E-02	6.740E-02
9.462E-03	1.586E-01	9.088E-02	6.771E-02
9.550E-03	1.593E-01	9.129E-02	6.803E-02
9.638E-03	1.600E-01	9.169E-02	6.835E-02
9.727E-03	1.608E-01	9.210E-02	6.867E-02
9.817E-03	1.615E-01	9.252E-02	6.900E-02
9.908E-03	1.622E-01	9.293E-02	6.932E-02
1.000E-02	1.630E-01	9.334E-02	6.965E-02
1.009E-02	1.637E-01	9.376E-02	6.997E-02
1.019E-02	1.645E-01	9.418E-02	7.030E-02
1.028E-02	1.652E-01	9.460E-02	7.063E-02
1.038E-02	1.660E-01	9.502E-02	7.097E-02
1.047E-02	1.667E-01	9.544E-02	7.130E-02
1.057E-02	1.675E-01	9.587E-02	7.164E-02
1.067E-02	1.683E-01	9.630E-02	7.198E-02
1.076E-02	1.690E-01	9.673E-02	7.232E-02
1.086E-02	1.698E-01	9.716E-02	7.266E-02
1.096E-02	1.706E-01	9.760E-02	7.300E-02
1.107E-02	1.714E-01	9.803E-02	7.335E-02
1.117E-02	1.722E-01	9.847E-02	7.369E-02
1.127E-02	1.729E-01	9.891E-02	7.404E-02
1.138E-02	1.737E-01	9.935E-02	7.439E-02
1.148E-02	1.745E-01	9.980E-02	7.474E-02
1.159E-02	1.753E-01	1.002E-01	7.510E-02
1.169E-02	1.761E-01	1.007E-01	7.545E-02
1.180E-02	1.769E-01	1.011E-01	7.581E-02
1.191E-02	1.778E-01	1.016E-01	7.617E-02
1.202E-02	1.786E-01	1.020E-01	7.653E-02
1.213E-02	1.794E-01	1.025E-01	7.689E-02
1.225E-02	1.802E-01	1.030E-01	7.726E-02
1.236E-02	1.810E-01	1.034E-01	7.762E-02
1.247E-02	1.819E-01	1.039E-01	7.799E-02
1.259E-02	1.827E-01	1.043E-01	7.836E-02
1.271E-02	1.835E-01	1.048E-01	7.873E-02
1.282E-02	1.844E-01	1.053E-01	7.911E-02
1.294E-02	1.852E-01	1.058E-01	7.948E-02
1.306E-02	1.861E-01	1.062E-01	7.986E-02
1.318E-02	1.869E-01	1.067E-01	8.024E-02
1.330E-02	1.878E-01	1.072E-01	8.062E-02
1.343E-02	1.887E-01	1.077E-01	8.101E-02
1.355E-02	1.895E-01	1.081E-01	8.139E-02
1.368E-02	1.904E-01	1.086E-01	8.178E-02
1.380E-02	1.913E-01	1.091E-01	8.217E-02
1.393E-02	1.922E-01	1.096E-01	8.256E-02
1.406E-02	1.930E-01	1.101E-01	8.295E-02
1.419E-02	1.939E-01	1.106E-01	8.335E-02
1.432E-02	1.948E-01	1.111E-01	8.375E-02
1.445E-02	1.957E-01	1.116E-01	8.415E-02
1.459E-02	1.966E-01	1.121E-01	8.455E-02
1.472E-02	1.975E-01	1.126E-01	8.495E-02
1.486E-02	1.984E-01	1.131E-01	8.536E-02
1.500E-02	1.993E-01	1.136E-01	8.577E-02
1.514E-02	2.003E-01	1.141E-01	8.618E-02
1.528E-02	2.012E-01	1.146E-01	8.659E-02
1.542E-02	2.021E-01	1.151E-01	8.700E-02
1.556E-02	2.030E-01	1.156E-01	8.742E-02
1.570E-02	2.040E-01	1.161E-01	8.784E-02
1.585E-02	2.049E-01	1.167E-01	8.826E-02
1.600E-02	2.059E-01	1.172E-01	8.868E-02
1.614E-02	2.068E-01	1.177E-01	8.911E-02
1.629E-02	2.078E-01	1.182E-01	8.954E-02
1.644E-02	2.087E-01	1.188E-01	8.997E-02
1.660E-02	2.097E-01	1.193E-01	9.040E-02
1.675E-02	2.107E-01	1.198E-01	9.083E-02
1.690E-02	2.116E-01	1.204E-01	9.127E-02
1.706E-02	2.126E-01	1.209E-01	9.171E-02
1.722E-02	2.136E-01	1.215E-01	9.215E-02
1.738E-02	2.146E-01	1.220E-01	9.259E-02
1.754E-02	2.156E-01	1.225E-01	9.304E-02
1.770E-02	2.166E-01	1.231E-01	9.348E-02
1.786E-02	2.176E-01	1.236E-01	9.393E-02
1.803E-02	2.186E-01	1.242E-01	9.439E-02
1.820E-02	2.196E-01	1.247E-01	9.484E-02
1.837E-02	2.206E-01	1.253E-01	9.530E-02
1.854E-02	2.216E-01	1.259E-01	9.576E-02
1.871E-02	2.227E-01	1.264E-01	9.622E-02
1.888E-02	2.237E-01	1.270E-01	9.669E-02
1.905E-02	2.247E-01	1.276E-01	9.715E-02
1.923E-02	2.258E-01	1.281E-01	9.762E-02
1.941E-02	2.268E-01	1.287E-01	9.809E-02
1.959E-02	2.279E-01	1.293E-01	9.857E-02
1.977E-02	2.289E-01	1.299E-01	9.905E-02
1.995E-02	2.300E-01	1.304E-01	9.953E-02
2.014E-02	2.310E-01	1.310E-01	1.000E-01
2.032E-02	2.321E-01	1.316E-01	1.005E-01
2.051E-02	2.332E-01	1.322E-01	1.010E-01
2.070E-02	2.343E-01	1.328E-01	1.015E-01
2.089E-02	2.353E-01	1.334E-01	1.020E-01
2.109E-02	2.364E-01	1.340E-01	1.025E-01
2.128E-02	2.375E-01	1.346E-01	1.030E-01
2.148E-02	2.386E-01	1.352E-01	1.035E-01
2.168E-02	2.397E-01	1.358E-01	1.040E-01
2.188E-02	2.409E-01	1.364E-01	1.045E-01
2.208E-02	2.420E-01	1.370E-01	1.050E-01
2.228E-02	2.431E-01	1.376E-01	1.055E-01
2.249E-02	2.442E-01	1.382E-01	1.060E-01
2.270E-02	2.454E-01	1.388E-01	1.065E-01
2.291E-02	2.465E-01	1.395E-01	1.070E-01
2.312E-02	2.476E-01	1.401E-01	1.075E-01
2.333E-02	2.488E-01	1.407E-01	1.081E-01
2.355E-02	2.499E-01	1.413E-01	1.086E-01
2.377E-02	2.511E-01	1.420E-01	1.091E-01
2.399E-02	2.523E-01	1.426E-01	1.097E-01
2.421E-02	2.534E-01	1.432E-01	1.102E-01
2.443E-02	2.546E-01	1.439E-01	1.107E-01
2.466E-02	2.558E-01	1.445E-01	1.113E-01
2.489E-02	2.570E-01	1.452E-01	1.118E-01
2.512E-02	2.582E-01	1.458E-01	1.124E-01
2.535E-02	2.594E-01	1.465E-01	1.129E-01
2.559E-02	2.606E-01	1.471E-01	1.135E-01
2.582E-02	2.618E-01	1.478E-01	1.140E-01
2.606E-02	2.630E-01	1.484E-01	1.146E-01
2.630E-02	2.642E-01	1.491E-01	1.151E-01
2.655E-02	2.655E-01	1.497E-01	1.157E-01
2.679E-02	2.667E-01	1.504E-01	1.163E-01
2.704E-02	2.679E-01	1.511E-01	1.168E-01
2.729E-02	2.692E-01	1.518E-01	1.174E-01
2.754E-02	2.704E-01	1.524E-01	1.180E-01
2.780E-02	2.717E-01	1.531E-01	1.186E-01
2.805E-02	2.729E-01	1.538E-01	1.192E-01
2.831E-02	2.742E-01	1.545E-01	1.197E-01
2.858E-02	2.755E-01	1.551E-01	1.203E-01
2.884E-02	2.768E-01	1.558E-01	1.209E-01
2.911E-02	2.781E-01	1.565E-01	1.215E-01
2.938E-02	2.793E-01	1.572E-01	1.221E-01
2.965E-02	2.806E-01	1.579E-01	1.227E-01
2.992E-02	2.819E-01	1.586E-01	1.233E-01
3.020E-02	2.833E-01	1.593E-01	1.239E-01
3.048E-02	2.846E-01	1.600E-01	1.245E-01
3.076E-02	2.859E-01	1.607E-01	1.252E-01
3.105E-02	2.872E-01	1.614E-01	1.258E-01
3.133E-02	2.886E-01	1.622E-01	1.264E-01
3.162E-02	2.899E-01	1.629E-01	1.270E-01
3.192E-02	2.912E-01	1.636E-01	1.277E-01
3.221E-02	2.926E-01	1.643E-01	1.283E-01
3.251E-02	2.939E-01	1.650E-01	1.289E-01
3.281E-02	2.953E-01	1.658E-01	1.296E-01
3.311E-02	2.967E-01	1.665E-01	1.302E-01
3.342E-02	2.981E-01	1.672E-01	1.308E-01
3.373E-02	2.994E-01	1.680E-01	1.315E-01
3.404E-02	3.008E-01	1.687E-01	1.321E-01
3.436E-02	3.022E-01	1.694E-01	1.328E-01
3.467E-02	3.036E-01	1.702E-01	1.335E-01
3.499E-02	3.050E-01	1.709E-01	1.341E-01
3.532E-02	3.065E-01	1.717E-01	1.348E-01
3.565E-02	3.079E-01	1.724E-01	1.354E-01
3.597E-02	3.093E-01	1.732E-01	1.361E-01
3.631E-02	3.107E-01	1.739E-01	1.368E-01
3.664E-02	3.122E-01	1.747E-01	1.375E-01
3.698E-02	3.136E-01	1.755E-01	1.382E-01
3.733E-02	3.151E-01	1.762E-01	1.388E-01
3.767E-02	3.165E-01	1.770E-01	1.395E-01
3.802E-02	3.180E-01	1.778E-01	1.402E-01
3.837E-02	3.195E-01	1.785E-01	1.409E-01
3.873E-02	3.209E-01	1.793E-01	1.416E-01
3.908E-02	3.224E-01	1.801E-01	1.423E-01
3.945E-02	3.239E-01	1.809E-01	1.430E-01
3.981E-02	3.254E-01	1.816E-01	1.438E-01
4.018E-02	3.269E-01	1.824E-01	1.445E-01
4.055E-02	3.284E-01	1.832E-01	1.452E-01
4.093E-02	3.299E-01	1.840E-01	1.459E-01
4.130E-02	3.315E-01	1.848E-01	1.466E-01
4.169E-02	3.330E-01	1.856E-01	1.474E-01
4.207E-02	3.345E-01	1.864E-01	1.481E-01
4.246E-02	3.361E-01	1.872E-01	1.488E-01
4.285E-02	3.376E-01	1.880E-01	1.496E-01
4.325E-02	3.392E-01	1.888E-01	1.503E-01
4.365E-02	3.407E-01	1.896E-01	1.511E-01
4.406E-02	3.423E-01	1.904E-01	1.518E-01
4.446E-02	3.439E-01	1.913E-01	1.526E-01
4.487E-02	3.454E-01	1.921E-01	1.534E-01
4.529E-02	3.470E-01	1.929E-01	1.541E-01
4.571E-02	3.486E-01	1.937E-01	1.549E-01
4.613E-02	3.502E-01	1.945E-01	1.557E-01
4.656E-02	3.518E-01	1.954E-01	1.564E-01
4.699E-02	3.534E-01	1.962E-01	1.572E-01
4.742E-02	3.550E-01	1.970E-01	1.580E-01
4.786E-02	3.567E-01	1.979E-01	1.588E-01
4.831E-02	3.583E-01	1.987E-01	1.596E-01
4.875E-02	3.599E-01	1.995E-01	1.604E-01
4.920E-02	3.616E-01	2.004E-01	1.612E-01
4.966E-02	3.632E-01	2.012E-01	1.620E-01
5.012E-02	3.649E-01	2.021E-01	1.628E-01
5.058E-02	3.665E-01	2.029E-01	1.636E-01
5.105E-02	3.682E-01	2.037E-01	1.644E-01
5.152E-02	3.699E-01	2.046E-01	1.653E-01
5.200E-02	3.715E-01	2.055E-01	1.661E-01
5.248E-02	3.732E-01	2.063E-01	1.669E-01
5.297E-02	3.749E-01	2.072E-01	1.678E-01
5.346E-02	3.766E-01	2.080E-01	1.686E-01
5.395E-02	3.783E-01	2.089E-01	1.694E-01
5.445E-02	3.800E-01	2.097E-01	1.703E-01
5.495E-02	3.817E-01	2.106E-01	1.711E-01
5.546E-02	3.835E-01	2.115E-01	1.720E-01
5.598E-02	3.852E-01	2.123E-01	1.728E-01
5.649E-02	3.869E-01	2.132E-01	1.737E-01
5.702E-02	3.886E-01	2.141E-01	1.746E-01
5.754E-02	3.904E-01	2.149E-01	1.754E-01
5.808E-02	3.921E-01	2.158E-01	1.763E-01
5.861E-02	3.939E-01	2.167E-01	1.772E-01
5.916E-02	3.957E-01	2.176E-01	1.781E-01
5.970E-02	3.974E-01	2.184E-01	1.790E-01
6.026E-02	3.992E-01	2.193E-01	1.799E-01
6.081E-02	4.010E-01	2.202E-01	1.808E-01
6.138E-02	4.028E-01	2.211E-01	1.817E-01
6.194E-02	4.045E-01	2.220E-01	1.826E-01
6.252E-02	4.063E-01	2.228E-01	1.835E-01
6.310E-02	4.081E-01	2.237E-01	1.844E-01
6.368E-02	4.099E-01	2.246E-01	1.853E-01
6.427E-02	4.117E-01	2.255E-01	1.862E-01
6.486E-02	4.136E-01	2.264E-01	1.872E-01
6.546E-02	4.154E-01	2.273E-01	1.881E-01
6.607E-02	4.172E-01	2.282E-01	1.890E-01
6.668E-02	4.190E-01	2.291E-01	1.900E-01
6.730E-02	4.209E-01	2.299E-01	1.909E-01
6.792E-02	4.227E-01	2.308E-01	1.919E-01
6.855E-02	4.245E-01	2.317E-01	1.928E-01
6.918E-02	4.264E-01	2.326E-01	1.938E-01
6.982E-02	4.282E-01	2.335E-01	1.947E-01
7.047E-02	4.301E-01	2.344E-01	1.957E-01
7.112E-02	4.319E-01	2.353E-01	1.967E-01
7.178E-02	4.338E-01	2.362E-01	1.976E-01
7.244E-02	4.357E-01	2.371E-01	1.986E-01
7.311E-02	4.375E-01	2.379E-01	1.996E-01
7.379E-02	4.394E-01	2.388E-01	2.006E-01
7.447E-02	4.413E-01	2.397E-01	2.016E-01
7.516E-02	4.432E-01	2.406E-01	2.026E-01
7.586E-02	4.451E-01	2.415E-01	2.036E-01
7.656E-02	4.470E-01	2.424E-01	2.046E-01
7.727E-02	4.488E-01	2.433E-01	2.056E-01
7.798E-02	4.507E-01	2.442E-01	2.066E-01
7.870E-02	4.526E-01	2.450E-01	2.076E-01
7.943E-02	4.545E-01	2.459E-01	2.086E-01
8.017E-02	4.564E-01	2.468E-01	2.096E-01
8.091E-02	4.584E-01	2.477E-01	2.107E-01
8.166E-02	4.603E-01	2.486E-01	2.117E-01
8.241E-02	4.622E-01	2.494E-01	2.127E-01
8.318E-02	4.641E-01	2.503E-01	2.138E-01
8.395E-02	4.660E-01	2.512E-01	2.148E-01
8.472E-02	4.679E-01	2.520E-01	2.159E-01
8.551E-02	4.698E-01	2.529E-01	2.169E-01
8.630E-02	4.718E-01	2.538E-01	2.180E-01
8.710E-02	4.737E-01	2.546E-01	2.190E-01
8.790E-02	4.756E-01	2.555E-01	2.201E-01
8.872E-02	4.775E-01	2.564E-01	2.212E-01
8.954E-02	4.794E-01	2.572E-01	2.222E-01
9.036E-02	4.814E-01	2.581E-01	2.233E-01
9.120E-02	4.833E-01	2.589E-01	2.244E-01
9.204E-02	4.852E-01	2.598E-01	2.255E-01
9.290E-02	4.871E-01	2.606E-01	2.265E-01
9.376E-02	4.891E-01	2.614E-01	2.276E-01
9.462E-02	4.910E-01	2.623E-01	2.287E-01
9.550E-02	4.929E-01	2.631E-01	2.298E-01
9.638E-02	4.948E-01	2.639E-01	2.309E-01
9.727E-02	4.968E-01	2.648E-01	2.320E-01
9.817E-02	4.987E-01	2.656E-01	2.331E-01
9.908E-02	5.006E-01	2.664E-01	2.342E-01
1.000E-01	5.025E-01	2.672E-01	2.353E-01
1.009E-01	5.044E-01	2.680E-01	2.364E-01
1.019E-01	5.063E-01	2.688E-01	2.376E-01
1.028E-01	5.083E-01	2.696E-01	2.387E-01
1.038E-01	5.102E-01	2.704E-01	2.398E-01
1.047E-01	5.121E-01	2.711E-01	2.409E-01
1.057E-01	5.140E-01	2.719E-01	2.420E-01
1.067E-01	5.159E-01	2.727E-01	2.432E-01
1.076E-01	5.178E-01	2.734E-01	2.443E-01
1.086E-01	5.196E-01	2.742E-01	2.454E-01
1.096E-01	5.215E-01	2.749E-01	2.466E-01
1.107E-01	5.234E-01	2.757E-01	2.477E-01
1.117E-01	5.253E-01	2.764E-01	2.489E-01
1.127E-01	5.271E-01	2.771E-01	2.500E-01
1.138E-01	5.290E-01	2.779E-01	2.512E-01
1.148E-01	5.309E-01	2.786E-01	2.523E-01
1.159E-01	5.327E-01	2.793E-01	2.534E-01
1.169E-01	5.346E-01	2.800E-01	2.546E-01
1.180E-01	5.364E-01	2.806E-01	2.558E-01
1.191E-01	5.382E-01	2.813E-01	2.569E-01
1.202E-01	5.400E-01	2.820E-01	2.581E-01
1.213E-01	5.418E-01	2.826E-01	2.592E-01
1.225E-01	5.437E-01	2.833E-01	2.604E-01
1.236E-01	5.454E-01	2.839E-01	2.615E-01
1.247E-01	5.472E-01	2.845E-01	2.627E-01
1.259E-01	5.490E-01	2.851E-01	2.639E-01
1.271E-01	5.508E-01	2.857E-01	2.650E-01
1.282E-01	5.525E-01	2.863E-01	2.662E-01
1.294E-01	5.543E-01	2.869E-01	2.673E-01
1.306E-01	5.560E-01	2.875E-01	2.685E-01
1.318E-01	5.577E-01	2.880E-01	2.697E-01
1.330E-01	5.594E-01	2.886E-01	2.708E-01
1.343E-01	5.611E-01	2.891E-01	2.720E-01
1.355E-01	5.628E-01	2.896E-01	2.731E-01
1.368E-01	5.644E-01	2.901E-01	2.743E-01
1.380E-01	5.661E-01	2.906E-01	2.755E-01
1.393E-01	5.677E-01	2.911E-01	2.766E-01
1.406E-01	5.693E-01	2.916E-01	2.778E-01
1.419E-01	5.709E-01	2.920E-01	2.789E-01
1.432E-01	5.725E-01	2.924E-01	2.801E-01
1.445E-01	5.741E-01	2.929E-01	2.813E-01
1.459E-01	5.757E-01	2.933E-01	2.824E-01
1.472E-01	5.772E-01	2.936E-01	2.836E-01
1.486E-01	5.787E-01	2.940E-01	2.847E-01
1.500E-01	5.802E-01	2.944E-01	2.858E-01
1.514E-01	5.817E-01	2.947E-01	2.870E-01
1.528E-01	5.831E-01	2.950E-01	2.881E-01
1.542E-01	5.846E-01	2.953E-01	2.893E-01
1.556E-01	5.860E-01	2.956E-01	2.904E-01
1.570E-01	5.874E-01	2.958E-01	2.915E-01
1.585E-01	5.887E-01	2.961E-01	2.927E-01
1.600E-01	5.901E-01	2.963E-01	2.938E-01
1.614E-01	5.914E-01	2.965E-01	2.949E-01
1.629E-01	5.927E-01	2.967E-01	2.960E-01
1.644E-01	5.940E-01	2.969E-01	2.971E-01
1.660E-01	5.952E-01	2.970E-01	2.982E-01
1.675E-01	5.964E-01	2.971E-01	2.993E-01
1.690E-01	5.976E-01	2.972E-01	3.004E-01
1.706E-01	5.988E-01	2.973E-01	3.015E-01
1.722E-01	5.999E-01	2.974E-01	3.026E-01
1.738E-01	6.010E-01	2.974E-01	3.036E-01
1.754E-01	6.021E-01	2.974E-01	3.047E-01
1.770E-01	6.031E-01	2.974E-01	3.058E-01
1.786E-01	6.042E-01	2.974E-01	3.068E-01
1.803E-01	6.051E-01	2.973E-01	3.078E-01
1.820E-01	6.061E-01	2.972E-01	3.089E-01
1.837E-01	6.070E-01	2.971E-01	3.099E-01
1.854E-01	6.079E-01	2.970E-01	3.109E-01
1.871E-01	6.087E-01	2.968E-01	3.119E-01
1.888E-01	6.095E-01	2.966E-01	3.129E-01
1.905E-01	6.103E-01	2.964E-01	3.139E-01
1.923E-01	6.110E-01	2.961E-01	3.149E-01
1.941E-01	6.117E-01	2.959E-01	3.158E-01
1.959E-01	6.124E-01	2.956E-01	3.168E-01
1.977E-01	6.130E-01	2.952E-01	3.177E-01
1.995E-01	6.135E-01	2.949E-01	3.187E-01
2.014E-01	6.141E-01	2.945E-01	3.196E-01
2.032E-01	6.146E-01	2.941E-01	3.205E-01
2.051E-01	6.150E-01	2.936E-01	3.214E-01
2.070E-01	6.154E-01	2.931E-01	3.223E-01
2.089E-01	6.158E-01	2.926E-01	3.231E-01
2.109E-01	6.161E-01	2.921E-01	3.240E-01
2.128E-01	6.163E-01	2.915E-01	3.248E-01
2.148E-01	6.165E-01	2.909E-01	3.256E-01
2.168E-01	6.167E-01	2.903E-01	3.264E-01
2.188E-01	6.168E-01	2.896E-01	3.272E-01
2.208E-01	6.169E-01	2.889E-01	3.279E-01
2.228E-01	6.169E-01	2.882E-01	3.287E-01
2.249E-01	6.168E-01	2.874E-01	3.294E-01
2.270E-01	6.167E-01	2.866E-01	3.301E-01
2.291E-01	6.166E-01	2.858E-01	3.308E-01
2.312E-01	6.164E-01	2.849E-01	3.315E-01
2.333E-01	6.161E-01	2.840E-01	3.321E-01
2.355E-01	6.158E-01	2.830E-01	3.328E-01
2.377E-01	6.154E-01	2.821E-01	3.334E-01
2.399E-01	6.150E-01	2.810E-01	3.339E-01
2.421E-01	6.145E-01	2.800E-01	3.345E-01
2.443E-01	6.139E-01	2.789E-01	3.350E-01
2.466E-01	6.133E-01	2.778E-01	3.355E-01
2.489E-01	6.126E-01	2.766E-01	3.360E-01
2.512E-01	6.119E-01	2.754E-01	3.365E-01
2.535E-01	6.111E-01	2.742E-01	3.369E-01
2.559E-01	6.102E-01	2.729E-01	3.373E-01
2.582E-01	6.092E-01	2.716E-01	3.377E-01
2.606E-01	6.082E-01	2.702E-01	3.380E-01
2.630E-01	6.071E-01	2.688E-01	3.383E-01
2.655E-01	6.060E-01	2.674E-01	3.386E-01
2.679E-01	6.048E-01	2.659E-01	3.389E-01
2.704E-01	6.035E-01	2.644E-01	3.391E-01
2.729E-01	6.021E-01	2.628E-01	3.393E-01
2.754E-01	6.007E-01	2.612E-01	3.394E-01
2.780E-01	5.992E-01	2.596E-01	3.396E-01
2.805E-01	5.976E-01	2.579E-01	3.397E-01
2.831E-01	5.959E-01	2.562E-01	3.397E-01
2.858E-01	5.942E-01	2.545E-01	3.397E-01
2.884E-01	5.924E-01	2.527E-01	3.397E-01
2.911E-01	5.905E-01	2.509E-01	3.396E-01
2.938E-01	5.885E-01	2.490E-01	3.395E-01
2.965E-01	5.865E-01	2.471E-01	3.394E-01
2.992E-01	5.844E-01	2.451E-01	3.392E-01
3.020E-01	5.822E-01	2.431E-01	3.390E-01
3.048E-01	5.799E-01	2.411E-01	3.388E-01
3.076E-01	5.775E-01	2.390E-01	3.385E-01
3.105E-01	5.750E-01	2.369E-01	3.381E-01
3.133E-01	5.725E-01	2.348E-01	3.377E-01
3.162E-01	5.699E-01	2.326E-01	3.373E-01
3.192E-01	5.672E-01	2.304E-01	3.368E-01
3.221E-01	5.644E-01	2.281E-01	3.363E-01
3.251E-01	5.615E-01	2.258E-01	3.357E-01
3.281E-01	5.585E-01	2.235E-01	3.350E-01
3.311E-01	5.555E-01	2.211E-01	3.344E-01
3.342E-01	5.523E-01	2.187E-01	3.336E-01
3.373E-01	5.491E-01	2.162E-01	3.329E-01
3.404E-01	5.458E-01	2.138E-01	3.320E-01
3.436E-01	5.424E-01	2.112E-01	3.311E-01
3.467E-01	5.389E-01	2.087E-01	3.302E-01
3.499E-01	5.353E-01	2.061E-01	3.292E-01
3.532E-01	5.316E-01	2.035E-01	3.281E-01
3.565E-01	5.279E-01	2.008E-01	3.270E-01
3.597E-01	5.240E-01	1.982E-01	3.259E-01
3.631E-01	5.201E-01	1.954E-01	3.246E-01
3.664E-01	5.160E-01	1.927E-01	3.234E-01
3.698E-01	5.119E-01	1.899E-01	3.220E-01
3.733E-01	5.077E-01	1.871E-01	3.206E-01
3.767E-01	5.034E-01	1.843E-01	3.191E-01
3.802E-01	4.990E-01	1.814E-01	3.176E-01
3.837E-01	4.946E-01	1.786E-01	3.160E-01
3.873E-01	4.900E-01	1.756E-01	3.143E-01
3.908E-01	4.853E-01	1.727E-01	3.126E-01
3.945E-01	4.806E-01	1.698E-01	3.108E-01
3.981E-01	4.758E-01	1.668E-01	3.090E-01
4.018E-01	4.709E-01	1.638E-01	3.070E-01
4.055E-01	4.659E-01	1.608E-01	3.051E-01
4.093E-01	4.608E-01	1.578E-01	3.030E-01
4.130E-01	4.556E-01	1.547E-01	3.009E-01
4.169E-01	4.503E-01	1.517E-01	2.987E-01
4.207E-01	4.450E-01	1.486E-01	2.964E-01
4.246E-01	4.396E-01	1.455E-01	2.941E-01
4.285E-01	4.341E-01	1.424E-01	2.917E-01
4.325E-01	4.285E-01	1.393E-01	2.892E-01
4.365E-01	4.229E-01	1.362E-01	2.866E-01
4.406E-01	4.171E-01	1.331E-01	2.840E-01
4.446E-01	4.113E-01	1.300E-01	2.813E-01
4.487E-01	4.054E-01	1.269E-01	2.786E-01
4.529E-01	3.995E-01	1.237E-01	2.757E-01
4.571E-01	3.935E-01	1.206E-01	2.728E-01
4.613E-01	3.874E-01	1.175E-01	2.699E-01
4.656E-01	3.812E-01	1.144E-01	2.668E-01
4.699E-01	3.750E-01	1.113E-01	2.637E-01
4.742E-01	3.687E-01	1.082E-01	2.605E-01
4.786E-01	3.624E-01	1.051E-01	2.572E-01
4.831E-01	3.560E-01	1.021E-01	2.539E-01
4.875E-01	3.495E-01	9.903E-02	2.505E-01
4.920E-01	3.430E-01	9.599E-02	2.470E-01
4.966E-01	3.365E-01	9.298E-02	2.435E-01
5.012E-01	3.299E-01	8.999E-02	2.399E-01
5.058E-01	3.232E-01	8.702E-02	2.362E-01
5.105E-01	3.165E-01	8.407E-02	2.325E-01
5.152E-01	3.098E-01	8.116E-02	2.287E-01
5.200E-01	3.030E-01	7.827E-02	2.248E-01
5.248E-01	2.963E-01	7.541E-02	2.209E-01
5.297E-01	2.894E-01	7.259E-02	2.169E-01
5.346E-01	2.826E-01	6.980E-02	2.128E-01
5.395E-01	2.757E-01	6.705E-02	2.087E-01
5.445E-01	2.689E-01	6.433E-02	2.045E-01
5.495E-01	2.620E-01	6.166E-02	2.003E-01
5.546E-01	2.551E-01	5.904E-02	1.961E-01
5.598E-01	2.482E-01	5.645E-02	1.917E-01
5.649E-01	2.413E-01	5.392E-02	1.874E-01
5.702E-01	2.344E-01	5.143E-02	1.830E-01
5.754E-01	2.275E-01	4.899E-02	1.785E-01
5.808E-01	2.206E-01	4.661E-02	1.740E-01
5.861E-01	2.138E-01	4.427E-02	1.695E-01
5.916E-01	2.070E-01	4.200E-02	1.650E-01
5.970E-01	2.002E-01	3.978E-02	1.604E-01
6.026E-01	1.934E-01	3.762E-02	1.558E-01
6.081E-01	1.867E-01	3.551E-02	1.511E-01
6.138E-01	1.800E-01	3.347E-02	1.465E-01
6.194E-01	1.733E-01	3.149E-02	1.418E-01
6.252E-01	1.667E-01	2.957E-02	1.372E-01
6.310E-01	1.602E-01	2.772E-02	1.325E-01
6.368E-01	1.537E-01	2.592E-02	1.278E-01
6.427E-01	1.473E-01	2.420E-02	1.231E-01
6.486E-01	1.410E-01	2.254E-02	1.185E-01
6.546E-01	1.348E-01	2.094E-02	1.138E-01
6.607E-01	1.286E-01	1.942E-02	1.092E-01
6.668E-01	1.226E-01	1.796E-02	1.046E-01
6.730E-01	1.166E-01	1.656E-02	1.000E-01
6.792E-01	1.107E-01	1.523E-02	9.550E-02
6.855E-01	1.050E-01	1.397E-02	9.101E-02
6.918E-01	9.933E-02	1.277E-02	8.656E-02
6.982E-01	9.381E-02	1.164E-02	8.216E-02
7.047E-01	8.840E-02	1.058E-02	7.783E-02
7.112E-01	8.313E-02	9.574E-03	7.356E-02
7.178E-01	7.799E-02	8.634E-03	6.936E-02
7.244E-01	7.299E-02	7.755E-03	6.524E-02
7.311E-01	6.813E-02	6.937E-03	6.120E-02
7.379E-01	6.343E-02	6.177E-03	5.725E-02
7.447E-01	5.887E-02	5.474E-03	5.340E-02
7.516E-01	5.447E-02	4.827E-03	4.964E-02
7.586E-01	5.024E-02	4.234E-03	4.600E-02
7.656E-01	4.616E-02	3.692E-03	4.247E-02
7.727E-01	4.226E-02	3.199E-03	3.906E-02
7.798E-01	3.853E-02	2.754E-03	3.577E-02
7.870E-01	3.497E-02	2.354E-03	3.262E-02
7.943E-01	3.159E-02	1.997E-03	2.960E-02
8.017E-01	2.840E-02	1.680E-03	2.672E-02
8.091E-01	2.538E-02	1.400E-03	2.398E-02
8.166E-01	2.254E-02	1.155E-03	2.139E-02
8.241E-01	1.989E-02	9.433E-04	1.895E-02
8.318E-01	1.742E-02	7.610E-04	1.666E-02
8.395E-01	1.513E-02	6.059E-04	1.453E-02
8.472E-01	1.303E-02	4.754E-04	1.255E-02
8.551E-01	1.111E-02	3.670E-04	1.074E-02
8.630E-01	9.360E-03	2.782E-04	9.082E-03
8.710E-01	7.788E-03	2.066E-04	7.581E-03
8.790E-01	6.386E-03	1.498E-04	6.236E-03
8.872E-01	5.150E-03	1.058E-04	5.044E-03
8.954E-01	4.072E-03	7.236E-05	4.000E-03
9.036E-01	3.148E-03	4.771E-05	3.100E-03
9.120E-01	2.367E-03	3.010E-05	2.337E-03
9.204E-01	1.722E-03	1.801E-05	1.704E-03
9.290E-01	1.203E-03	1.009E-05	1.193E-03
9.376E-01	7.972E-04	5.195E-06	7.920E-04
9.462E-01	4.936E-04	2.398E-06	4.912E-04
9.550E-01	2.784E-04	9.533E-07	2.774E-04
9.638E-01	1.371E-04	3.049E-07	1.368E-04
9.727E-01	5.451E-05	6.920E-08	5.444E-05
9.817E-01	1.466E-05	8.389E-09	1.465E-05
9.908E-01	1.514E-06	2.199E-10	1.514E-06
