Q0 = 1.1 GeV	 Q = 3.2 GeV
x	 x*uv	 x*dv	 x*(uv-dv)
1.000E-04	1.853E-02	1.096E-02	7.566E-03
1.009E-04	1.861E-02	1.101E-02	7.601E-03
1.019E-04	1.869E-02	1.106E-02	7.635E-03
1.028E-04	1.878E-02	1.111E-02	7.670E-03
1.038E-04	1.886E-02	1.116E-02	7.705E-03
1.047E-04	1.894E-02	1.120E-02	7.740E-03
1.057E-04	1.903E-02	1.125E-02	7.776E-03
1.067E-04	1.911E-02	1.130E-02	7.811E-03
1.076E-04	1.920E-02	1.135E-02	7.847E-03
1.086E-04	1.929E-02	1.140E-02	7.882E-03
1.096E-04	1.937E-02	1.145E-02	7.918E-03
1.107E-04	1.946E-02	1.150E-02	7.954E-03
1.117E-04	1.954E-02	1.155E-02	7.991E-03
1.127E-04	1.963E-02	1.160E-02	8.027E-03
1.138E-04	1.972E-02	1.166E-02	8.064E-03
1.148E-04	1.981E-02	1.171E-02	8.100E-03
1.159E-04	1.990E-02	1.176E-02	8.137E-03
1.169E-04	1.998E-02	1.181E-02	8.174E-03
1.180E-04	2.007E-02	1.186E-02	8.212E-03
1.191E-04	2.016E-02	1.191E-02	8.249E-03
1.202E-04	2.025E-02	1.197E-02	8.287E-03
1.213E-04	2.034E-02	1.202E-02	8.324E-03
1.225E-04	2.043E-02	1.207E-02	8.362E-03
1.236E-04	2.053E-02	1.213E-02	8.400E-03
1.247E-04	2.062E-02	1.218E-02	8.439E-03
1.259E-04	2.071E-02	1.223E-02	8.477E-03
1.271E-04	2.080E-02	1.229E-02	8.516E-03
1.282E-04	2.089E-02	1.234E-02	8.555E-03
1.294E-04	2.099E-02	1.239E-02	8.594E-03
1.306E-04	2.108E-02	1.245E-02	8.633E-03
1.318E-04	2.118E-02	1.250E-02	8.672E-03
1.330E-04	2.127E-02	1.256E-02	8.712E-03
1.343E-04	2.137E-02	1.261E-02	8.751E-03
1.355E-04	2.146E-02	1.267E-02	8.791E-03
1.368E-04	2.156E-02	1.273E-02	8.831E-03
1.380E-04	2.165E-02	1.278E-02	8.871E-03
1.393E-04	2.175E-02	1.284E-02	8.912E-03
1.406E-04	2.185E-02	1.289E-02	8.952E-03
1.419E-04	2.194E-02	1.295E-02	8.993E-03
1.432E-04	2.204E-02	1.301E-02	9.034E-03
1.445E-04	2.214E-02	1.306E-02	9.075E-03
1.459E-04	2.224E-02	1.312E-02	9.117E-03
1.472E-04	2.234E-02	1.318E-02	9.158E-03
1.486E-04	2.244E-02	1.324E-02	9.200E-03
1.500E-04	2.254E-02	1.330E-02	9.242E-03
1.514E-04	2.264E-02	1.335E-02	9.284E-03
1.528E-04	2.274E-02	1.341E-02	9.326E-03
1.542E-04	2.284E-02	1.347E-02	9.369E-03
1.556E-04	2.294E-02	1.353E-02	9.411E-03
1.570E-04	2.304E-02	1.359E-02	9.454E-03
1.585E-04	2.315E-02	1.365E-02	9.497E-03
1.600E-04	2.325E-02	1.371E-02	9.541E-03
1.614E-04	2.335E-02	1.377E-02	9.584E-03
1.629E-04	2.346E-02	1.383E-02	9.628E-03
1.644E-04	2.356E-02	1.389E-02	9.672E-03
1.660E-04	2.367E-02	1.395E-02	9.716E-03
1.675E-04	2.377E-02	1.401E-02	9.760E-03
1.690E-04	2.388E-02	1.408E-02	9.804E-03
1.706E-04	2.399E-02	1.414E-02	9.849E-03
1.722E-04	2.409E-02	1.420E-02	9.894E-03
1.738E-04	2.420E-02	1.426E-02	9.939E-03
1.754E-04	2.431E-02	1.432E-02	9.984E-03
1.770E-04	2.442E-02	1.439E-02	1.003E-02
1.786E-04	2.453E-02	1.445E-02	1.008E-02
1.803E-04	2.464E-02	1.451E-02	1.012E-02
1.820E-04	2.475E-02	1.458E-02	1.017E-02
1.837E-04	2.486E-02	1.464E-02	1.021E-02
1.854E-04	2.497E-02	1.471E-02	1.026E-02
1.871E-04	2.508E-02	1.477E-02	1.031E-02
1.888E-04	2.519E-02	1.484E-02	1.035E-02
1.905E-04	2.530E-02	1.490E-02	1.040E-02
1.923E-04	2.541E-02	1.497E-02	1.045E-02
1.941E-04	2.553E-02	1.503E-02	1.050E-02
1.959E-04	2.564E-02	1.510E-02	1.054E-02
1.977E-04	2.576E-02	1.516E-02	1.059E-02
1.995E-04	2.587E-02	1.523E-02	1.064E-02
2.014E-04	2.599E-02	1.530E-02	1.069E-02
2.032E-04	2.610E-02	1.537E-02	1.074E-02
2.051E-04	2.622E-02	1.543E-02	1.079E-02
2.070E-04	2.634E-02	1.550E-02	1.084E-02
2.089E-04	2.645E-02	1.557E-02	1.088E-02
2.109E-04	2.657E-02	1.564E-02	1.093E-02
2.128E-04	2.669E-02	1.571E-02	1.098E-02
2.148E-04	2.681E-02	1.577E-02	1.103E-02
2.168E-04	2.693E-02	1.584E-02	1.108E-02
2.188E-04	2.705E-02	1.591E-02	1.113E-02
2.208E-04	2.717E-02	1.598E-02	1.119E-02
2.228E-04	2.729E-02	1.605E-02	1.124E-02
2.249E-04	2.741E-02	1.612E-02	1.129E-02
2.270E-04	2.753E-02	1.619E-02	1.134E-02
2.291E-04	2.766E-02	1.627E-02	1.139E-02
2.312E-04	2.778E-02	1.634E-02	1.144E-02
2.333E-04	2.790E-02	1.641E-02	1.149E-02
2.355E-04	2.803E-02	1.648E-02	1.155E-02
2.377E-04	2.815E-02	1.655E-02	1.160E-02
2.399E-04	2.828E-02	1.663E-02	1.165E-02
2.421E-04	2.840E-02	1.670E-02	1.171E-02
2.443E-04	2.853E-02	1.677E-02	1.176E-02
2.466E-04	2.866E-02	1.685E-02	1.181E-02
2.489E-04	2.879E-02	1.692E-02	1.187E-02
2.512E-04	2.891E-02	1.699E-02	1.192E-02
2.535E-04	2.904E-02	1.707E-02	1.197E-02
2.559E-04	2.917E-02	1.714E-02	1.203E-02
2.582E-04	2.930E-02	1.722E-02	1.208E-02
2.606E-04	2.943E-02	1.729E-02	1.214E-02
2.630E-04	2.956E-02	1.737E-02	1.219E-02
2.655E-04	2.970E-02	1.745E-02	1.225E-02
2.679E-04	2.983E-02	1.752E-02	1.231E-02
2.704E-04	2.996E-02	1.760E-02	1.236E-02
2.729E-04	3.010E-02	1.768E-02	1.242E-02
2.754E-04	3.023E-02	1.776E-02	1.247E-02
2.780E-04	3.036E-02	1.783E-02	1.253E-02
2.805E-04	3.050E-02	1.791E-02	1.259E-02
2.831E-04	3.064E-02	1.799E-02	1.265E-02
2.858E-04	3.077E-02	1.807E-02	1.270E-02
2.884E-04	3.091E-02	1.815E-02	1.276E-02
2.911E-04	3.105E-02	1.823E-02	1.282E-02
2.938E-04	3.119E-02	1.831E-02	1.288E-02
2.965E-04	3.132E-02	1.839E-02	1.294E-02
2.992E-04	3.146E-02	1.847E-02	1.299E-02
3.020E-04	3.160E-02	1.855E-02	1.305E-02
3.048E-04	3.174E-02	1.863E-02	1.311E-02
3.076E-04	3.189E-02	1.871E-02	1.317E-02
3.105E-04	3.203E-02	1.880E-02	1.323E-02
3.133E-04	3.217E-02	1.888E-02	1.329E-02
3.162E-04	3.231E-02	1.896E-02	1.335E-02
3.192E-04	3.246E-02	1.904E-02	1.342E-02
3.221E-04	3.260E-02	1.913E-02	1.348E-02
3.251E-04	3.275E-02	1.921E-02	1.354E-02
3.281E-04	3.289E-02	1.930E-02	1.360E-02
3.311E-04	3.304E-02	1.938E-02	1.366E-02
3.342E-04	3.319E-02	1.947E-02	1.372E-02
3.373E-04	3.334E-02	1.955E-02	1.379E-02
3.404E-04	3.349E-02	1.964E-02	1.385E-02
3.436E-04	3.363E-02	1.972E-02	1.391E-02
3.467E-04	3.378E-02	1.981E-02	1.398E-02
3.499E-04	3.393E-02	1.990E-02	1.404E-02
3.532E-04	3.409E-02	1.998E-02	1.410E-02
3.565E-04	3.424E-02	2.007E-02	1.417E-02
3.597E-04	3.439E-02	2.016E-02	1.423E-02
3.631E-04	3.454E-02	2.025E-02	1.430E-02
3.664E-04	3.470E-02	2.034E-02	1.436E-02
3.698E-04	3.485E-02	2.043E-02	1.443E-02
3.733E-04	3.501E-02	2.052E-02	1.449E-02
3.767E-04	3.516E-02	2.061E-02	1.456E-02
3.802E-04	3.532E-02	2.070E-02	1.462E-02
3.837E-04	3.548E-02	2.079E-02	1.469E-02
3.873E-04	3.564E-02	2.088E-02	1.476E-02
3.908E-04	3.580E-02	2.097E-02	1.483E-02
3.945E-04	3.595E-02	2.106E-02	1.489E-02
3.981E-04	3.611E-02	2.115E-02	1.496E-02
4.018E-04	3.628E-02	2.125E-02	1.503E-02
4.055E-04	3.644E-02	2.134E-02	1.510E-02
4.093E-04	3.660E-02	2.143E-02	1.517E-02
4.130E-04	3.676E-02	2.153E-02	1.524E-02
4.169E-04	3.693E-02	2.162E-02	1.530E-02
4.207E-04	3.709E-02	2.172E-02	1.537E-02
4.246E-04	3.726E-02	2.181E-02	1.544E-02
4.285E-04	3.742E-02	2.191E-02	1.552E-02
4.325E-04	3.759E-02	2.200E-02	1.559E-02
4.365E-04	3.776E-02	2.210E-02	1.566E-02
4.406E-04	3.793E-02	2.220E-02	1.573E-02
4.446E-04	3.809E-02	2.229E-02	1.580E-02
4.487E-04	3.826E-02	2.239E-02	1.587E-02
4.529E-04	3.844E-02	2.249E-02	1.594E-02
4.571E-04	3.861E-02	2.259E-02	1.602E-02
4.613E-04	3.878E-02	2.269E-02	1.609E-02
4.656E-04	3.895E-02	2.279E-02	1.616E-02
4.699E-04	3.913E-02	2.289E-02	1.624E-02
4.742E-04	3.930E-02	2.299E-02	1.631E-02
4.786E-04	3.947E-02	2.309E-02	1.638E-02
4.831E-04	3.965E-02	2.319E-02	1.646E-02
4.875E-04	3.983E-02	2.329E-02	1.653E-02
4.920E-04	4.001E-02	2.340E-02	1.661E-02
4.966E-04	4.018E-02	2.350E-02	1.669E-02
5.012E-04	4.036E-02	2.360E-02	1.676E-02
5.058E-04	4.054E-02	2.370E-02	1.684E-02
5.105E-04	4.072E-02	2.381E-02	1.691E-02
5.152E-04	4.090E-02	2.391E-02	1.699E-02
5.200E-04	4.109E-02	2.402E-02	1.707E-02
5.248E-04	4.127E-02	2.412E-02	1.715E-02
5.297E-04	4.145E-02	2.423E-02	1.723E-02
5.346E-04	4.164E-02	2.434E-02	1.730E-02
5.395E-04	4.183E-02	2.444E-02	1.738E-02
5.445E-04	4.201E-02	2.455E-02	1.746E-02
5.495E-04	4.220E-02	2.466E-02	1.754E-02
5.546E-04	4.239E-02	2.477E-02	1.762E-02
5.598E-04	4.258E-02	2.487E-02	1.770E-02
5.649E-04	4.277E-02	2.498E-02	1.778E-02
5.702E-04	4.296E-02	2.509E-02	1.786E-02
5.754E-04	4.315E-02	2.520E-02	1.795E-02
5.808E-04	4.334E-02	2.531E-02	1.803E-02
5.861E-04	4.353E-02	2.543E-02	1.811E-02
5.916E-04	4.373E-02	2.554E-02	1.819E-02
5.970E-04	4.392E-02	2.565E-02	1.827E-02
6.026E-04	4.412E-02	2.576E-02	1.836E-02
6.081E-04	4.432E-02	2.587E-02	1.844E-02
6.138E-04	4.451E-02	2.599E-02	1.853E-02
6.194E-04	4.471E-02	2.610E-02	1.861E-02
6.252E-04	4.491E-02	2.622E-02	1.870E-02
6.310E-04	4.511E-02	2.633E-02	1.878E-02
6.368E-04	4.531E-02	2.645E-02	1.887E-02
6.427E-04	4.552E-02	2.656E-02	1.895E-02
6.486E-04	4.572E-02	2.668E-02	1.904E-02
6.546E-04	4.592E-02	2.680E-02	1.913E-02
6.607E-04	4.613E-02	2.691E-02	1.921E-02
6.668E-04	4.633E-02	2.703E-02	1.930E-02
6.730E-04	4.654E-02	2.715E-02	1.939E-02
6.792E-04	4.675E-02	2.727E-02	1.948E-02
6.855E-04	4.696E-02	2.739E-02	1.957E-02
6.918E-04	4.717E-02	2.751E-02	1.965E-02
6.982E-04	4.738E-02	2.763E-02	1.974E-02
7.047E-04	4.759E-02	2.775E-02	1.983E-02
7.112E-04	4.780E-02	2.787E-02	1.992E-02
7.178E-04	4.801E-02	2.800E-02	2.002E-02
7.244E-04	4.823E-02	2.812E-02	2.011E-02
7.311E-04	4.844E-02	2.824E-02	2.020E-02
7.379E-04	4.866E-02	2.837E-02	2.029E-02
7.447E-04	4.888E-02	2.849E-02	2.038E-02
7.516E-04	4.909E-02	2.862E-02	2.048E-02
7.586E-04	4.931E-02	2.874E-02	2.057E-02
7.656E-04	4.953E-02	2.887E-02	2.066E-02
7.727E-04	4.975E-02	2.900E-02	2.076E-02
7.798E-04	4.998E-02	2.912E-02	2.085E-02
7.870E-04	5.020E-02	2.925E-02	2.095E-02
7.943E-04	5.042E-02	2.938E-02	2.104E-02
8.017E-04	5.065E-02	2.951E-02	2.114E-02
8.091E-04	5.088E-02	2.964E-02	2.124E-02
8.166E-04	5.110E-02	2.977E-02	2.133E-02
8.241E-04	5.133E-02	2.990E-02	2.143E-02
8.318E-04	5.156E-02	3.003E-02	2.153E-02
8.395E-04	5.179E-02	3.016E-02	2.163E-02
8.472E-04	5.202E-02	3.030E-02	2.173E-02
8.551E-04	5.225E-02	3.043E-02	2.182E-02
8.630E-04	5.249E-02	3.056E-02	2.192E-02
8.710E-04	5.272E-02	3.070E-02	2.202E-02
8.790E-04	5.296E-02	3.083E-02	2.213E-02
8.872E-04	5.319E-02	3.097E-02	2.223E-02
8.954E-04	5.343E-02	3.110E-02	2.233E-02
9.036E-04	5.367E-02	3.124E-02	2.243E-02
9.120E-04	5.391E-02	3.138E-02	2.253E-02
9.204E-04	5.415E-02	3.152E-02	2.264E-02
9.290E-04	5.439E-02	3.165E-02	2.274E-02
9.376E-04	5.464E-02	3.179E-02	2.284E-02
9.462E-04	5.488E-02	3.193E-02	2.295E-02
9.550E-04	5.512E-02	3.207E-02	2.305E-02
9.638E-04	5.537E-02	3.221E-02	2.316E-02
9.727E-04	5.562E-02	3.236E-02	2.326E-02
9.817E-04	5.587E-02	3.250E-02	2.337E-02
9.908E-04	5.612E-02	3.264E-02	2.348E-02
1.000E-03	5.637E-02	3.278E-02	2.358E-02
1.009E-03	5.662E-02	3.293E-02	2.369E-02
1.019E-03	5.687E-02	3.307E-02	2.380E-02
1.028E-03	5.713E-02	3.322E-02	2.391E-02
1.038E-03	5.738E-02	3.336E-02	2.402E-02
1.047E-03	5.764E-02	3.351E-02	2.413E-02
1.057E-03	5.790E-02	3.366E-02	2.424E-02
1.067E-03	5.815E-02	3.381E-02	2.435E-02
1.076E-03	5.841E-02	3.396E-02	2.446E-02
1.086E-03	5.868E-02	3.410E-02	2.457E-02
1.096E-03	5.894E-02	3.425E-02	2.468E-02
1.107E-03	5.920E-02	3.441E-02	2.480E-02
1.117E-03	5.947E-02	3.456E-02	2.491E-02
1.127E-03	5.973E-02	3.471E-02	2.502E-02
1.138E-03	6.000E-02	3.486E-02	2.514E-02
1.148E-03	6.027E-02	3.501E-02	2.525E-02
1.159E-03	6.054E-02	3.517E-02	2.537E-02
1.169E-03	6.081E-02	3.532E-02	2.548E-02
1.180E-03	6.108E-02	3.548E-02	2.560E-02
1.191E-03	6.135E-02	3.564E-02	2.572E-02
1.202E-03	6.163E-02	3.579E-02	2.584E-02
1.213E-03	6.190E-02	3.595E-02	2.595E-02
1.225E-03	6.218E-02	3.611E-02	2.607E-02
1.236E-03	6.246E-02	3.627E-02	2.619E-02
1.247E-03	6.274E-02	3.643E-02	2.631E-02
1.259E-03	6.302E-02	3.659E-02	2.643E-02
1.271E-03	6.330E-02	3.675E-02	2.655E-02
1.282E-03	6.358E-02	3.691E-02	2.668E-02
1.294E-03	6.387E-02	3.707E-02	2.680E-02
1.306E-03	6.416E-02	3.724E-02	2.692E-02
1.318E-03	6.444E-02	3.740E-02	2.704E-02
1.330E-03	6.473E-02	3.756E-02	2.717E-02
1.343E-03	6.502E-02	3.773E-02	2.729E-02
1.355E-03	6.531E-02	3.790E-02	2.742E-02
1.368E-03	6.560E-02	3.806E-02	2.754E-02
1.380E-03	6.590E-02	3.823E-02	2.767E-02
1.393E-03	6.619E-02	3.840E-02	2.779E-02
1.406E-03	6.649E-02	3.857E-02	2.792E-02
1.419E-03	6.679E-02	3.874E-02	2.805E-02
1.432E-03	6.709E-02	3.891E-02	2.818E-02
1.445E-03	6.739E-02	3.908E-02	2.831E-02
1.459E-03	6.769E-02	3.925E-02	2.844E-02
1.472E-03	6.799E-02	3.942E-02	2.857E-02
1.486E-03	6.830E-02	3.960E-02	2.870E-02
1.500E-03	6.860E-02	3.977E-02	2.883E-02
1.514E-03	6.891E-02	3.995E-02	2.896E-02
1.528E-03	6.922E-02	4.012E-02	2.910E-02
1.542E-03	6.953E-02	4.030E-02	2.923E-02
1.556E-03	6.984E-02	4.048E-02	2.936E-02
1.570E-03	7.015E-02	4.066E-02	2.950E-02
1.585E-03	7.047E-02	4.084E-02	2.963E-02
1.600E-03	7.078E-02	4.102E-02	2.977E-02
1.614E-03	7.110E-02	4.120E-02	2.990E-02
1.629E-03	7.142E-02	4.138E-02	3.004E-02
1.644E-03	7.174E-02	4.156E-02	3.018E-02
1.660E-03	7.206E-02	4.174E-02	3.032E-02
1.675E-03	7.239E-02	4.193E-02	3.046E-02
1.690E-03	7.271E-02	4.211E-02	3.060E-02
1.706E-03	7.304E-02	4.230E-02	3.074E-02
1.722E-03	7.336E-02	4.249E-02	3.088E-02
1.738E-03	7.369E-02	4.267E-02	3.102E-02
1.754E-03	7.402E-02	4.286E-02	3.116E-02
1.770E-03	7.436E-02	4.305E-02	3.131E-02
1.786E-03	7.469E-02	4.324E-02	3.145E-02
1.803E-03	7.503E-02	4.343E-02	3.159E-02
1.820E-03	7.536E-02	4.362E-02	3.174E-02
1.837E-03	7.570E-02	4.382E-02	3.188E-02
1.854E-03	7.604E-02	4.401E-02	3.203E-02
1.871E-03	7.638E-02	4.420E-02	3.218E-02
1.888E-03	7.672E-02	4.440E-02	3.233E-02
1.905E-03	7.707E-02	4.459E-02	3.247E-02
1.923E-03	7.742E-02	4.479E-02	3.262E-02
1.941E-03	7.776E-02	4.499E-02	3.277E-02
1.959E-03	7.811E-02	4.519E-02	3.292E-02
1.977E-03	7.846E-02	4.539E-02	3.308E-02
1.995E-03	7.882E-02	4.559E-02	3.323E-02
2.014E-03	7.917E-02	4.579E-02	3.338E-02
2.032E-03	7.953E-02	4.599E-02	3.353E-02
2.051E-03	7.988E-02	4.619E-02	3.369E-02
2.070E-03	8.024E-02	4.640E-02	3.384E-02
2.089E-03	8.060E-02	4.660E-02	3.400E-02
2.109E-03	8.096E-02	4.681E-02	3.416E-02
2.128E-03	8.133E-02	4.702E-02	3.431E-02
2.148E-03	8.169E-02	4.722E-02	3.447E-02
2.168E-03	8.206E-02	4.743E-02	3.463E-02
2.188E-03	8.243E-02	4.764E-02	3.479E-02
2.208E-03	8.280E-02	4.785E-02	3.495E-02
2.228E-03	8.317E-02	4.806E-02	3.511E-02
2.249E-03	8.355E-02	4.828E-02	3.527E-02
2.270E-03	8.392E-02	4.849E-02	3.543E-02
2.291E-03	8.430E-02	4.870E-02	3.560E-02
2.312E-03	8.468E-02	4.892E-02	3.576E-02
2.333E-03	8.506E-02	4.914E-02	3.592E-02
2.355E-03	8.544E-02	4.935E-02	3.609E-02
2.377E-03	8.583E-02	4.957E-02	3.626E-02
2.399E-03	8.622E-02	4.979E-02	3.642E-02
2.421E-03	8.660E-02	5.001E-02	3.659E-02
2.443E-03	8.699E-02	5.023E-02	3.676E-02
2.466E-03	8.738E-02	5.046E-02	3.693E-02
2.489E-03	8.778E-02	5.068E-02	3.710E-02
2.512E-03	8.817E-02	5.090E-02	3.727E-02
2.535E-03	8.857E-02	5.113E-02	3.744E-02
2.559E-03	8.897E-02	5.135E-02	3.762E-02
2.582E-03	8.937E-02	5.158E-02	3.779E-02
2.606E-03	8.977E-02	5.181E-02	3.796E-02
2.630E-03	9.018E-02	5.204E-02	3.814E-02
2.655E-03	9.058E-02	5.227E-02	3.831E-02
2.679E-03	9.099E-02	5.250E-02	3.849E-02
2.704E-03	9.140E-02	5.273E-02	3.867E-02
2.729E-03	9.181E-02	5.297E-02	3.885E-02
2.754E-03	9.223E-02	5.320E-02	3.903E-02
2.780E-03	9.264E-02	5.344E-02	3.921E-02
2.805E-03	9.306E-02	5.367E-02	3.939E-02
2.831E-03	9.348E-02	5.391E-02	3.957E-02
2.858E-03	9.390E-02	5.415E-02	3.975E-02
2.884E-03	9.433E-02	5.439E-02	3.994E-02
2.911E-03	9.475E-02	5.463E-02	4.012E-02
2.938E-03	9.518E-02	5.487E-02	4.031E-02
2.965E-03	9.561E-02	5.512E-02	4.049E-02
2.992E-03	9.604E-02	5.536E-02	4.068E-02
3.020E-03	9.647E-02	5.561E-02	4.087E-02
3.048E-03	9.691E-02	5.585E-02	4.106E-02
3.076E-03	9.735E-02	5.610E-02	4.125E-02
3.105E-03	9.779E-02	5.635E-02	4.144E-02
3.133E-03	9.823E-02	5.660E-02	4.163E-02
3.162E-03	9.867E-02	5.685E-02	4.182E-02
3.192E-03	9.912E-02	5.710E-02	4.201E-02
3.221E-03	9.957E-02	5.736E-02	4.221E-02
3.251E-03	1.000E-01	5.761E-02	4.240E-02
3.281E-03	1.005E-01	5.787E-02	4.260E-02
3.311E-03	1.009E-01	5.812E-02	4.280E-02
3.342E-03	1.014E-01	5.838E-02	4.300E-02
3.373E-03	1.018E-01	5.864E-02	4.319E-02
3.404E-03	1.023E-01	5.890E-02	4.339E-02
3.436E-03	1.028E-01	5.916E-02	4.360E-02
3.467E-03	1.032E-01	5.942E-02	4.380E-02
3.499E-03	1.037E-01	5.969E-02	4.400E-02
3.532E-03	1.042E-01	5.995E-02	4.420E-02
3.565E-03	1.046E-01	6.022E-02	4.441E-02
3.597E-03	1.051E-01	6.049E-02	4.462E-02
3.631E-03	1.056E-01	6.076E-02	4.482E-02
3.664E-03	1.061E-01	6.103E-02	4.503E-02
3.698E-03	1.065E-01	6.130E-02	4.524E-02
3.733E-03	1.070E-01	6.157E-02	4.545E-02
3.767E-03	1.075E-01	6.184E-02	4.566E-02
3.802E-03	1.080E-01	6.212E-02	4.587E-02
3.837E-03	1.085E-01	6.239E-02	4.608E-02
3.873E-03	1.090E-01	6.267E-02	4.630E-02
3.908E-03	1.095E-01	6.295E-02	4.651E-02
3.945E-03	1.100E-01	6.323E-02	4.673E-02
3.981E-03	1.105E-01	6.351E-02	4.695E-02
4.018E-03	1.110E-01	6.379E-02	4.716E-02
4.055E-03	1.115E-01	6.408E-02	4.738E-02
4.093E-03	1.120E-01	6.436E-02	4.760E-02
4.130E-03	1.125E-01	6.465E-02	4.782E-02
4.169E-03	1.130E-01	6.494E-02	4.805E-02
4.207E-03	1.135E-01	6.522E-02	4.827E-02
4.246E-03	1.140E-01	6.551E-02	4.850E-02
4.285E-03	1.145E-01	6.581E-02	4.872E-02
4.325E-03	1.150E-01	6.610E-02	4.895E-02
4.365E-03	1.156E-01	6.639E-02	4.918E-02
4.406E-03	1.161E-01	6.669E-02	4.940E-02
4.446E-03	1.166E-01	6.699E-02	4.963E-02
4.487E-03	1.171E-01	6.728E-02	4.986E-02
4.529E-03	1.177E-01	6.758E-02	5.010E-02
4.571E-03	1.182E-01	6.788E-02	5.033E-02
4.613E-03	1.188E-01	6.819E-02	5.056E-02
4.656E-03	1.193E-01	6.849E-02	5.080E-02
4.699E-03	1.198E-01	6.880E-02	5.104E-02
4.742E-03	1.204E-01	6.910E-02	5.127E-02
4.786E-03	1.209E-01	6.941E-02	5.151E-02
4.831E-03	1.215E-01	6.972E-02	5.175E-02
4.875E-03	1.220E-01	7.003E-02	5.200E-02
4.920E-03	1.226E-01	7.034E-02	5.224E-02
4.966E-03	1.231E-01	7.066E-02	5.248E-02
5.012E-03	1.237E-01	7.097E-02	5.273E-02
5.058E-03	1.243E-01	7.129E-02	5.297E-02
5.105E-03	1.248E-01	7.160E-02	5.322E-02
5.152E-03	1.254E-01	7.192E-02	5.347E-02
5.200E-03	1.260E-01	7.224E-02	5.372E-02
5.248E-03	1.265E-01	7.257E-02	5.397E-02
5.297E-03	1.271E-01	7.289E-02	5.422E-02
5.346E-03	1.277E-01	7.321E-02	5.447E-02
5.395E-03	1.283E-01	7.354E-02	5.473E-02
5.445E-03	1.289E-01	7.387E-02	5.498E-02
5.495E-03	1.294E-01	7.420E-02	5.524E-02
5.546E-03	1.300E-01	7.453E-02	5.550E-02
5.598E-03	1.306E-01	7.486E-02	5.576E-02
5.649E-03	1.312E-01	7.520E-02	5.602E-02
5.702E-03	1.318E-01	7.553E-02	5.628E-02
5.754E-03	1.324E-01	7.587E-02	5.655E-02
5.808E-03	1.330E-01	7.621E-02	5.681E-02
5.861E-03	1.336E-01	7.655E-02	5.708E-02
5.916E-03	1.342E-01	7.689E-02	5.734E-02
5.970E-03	1.348E-01	7.723E-02	5.761E-02
6.026E-03	1.355E-01	7.758E-02	5.788E-02
6.081E-03	1.361E-01	7.792E-02	5.815E-02
6.138E-03	1.367E-01	7.827E-02	5.843E-02
6.194E-03	1.373E-01	7.862E-02	5.870E-02
6.252E-03	1.379E-01	7.897E-02	5.898E-02
6.310E-03	1.386E-01	7.933E-02	5.925E-02
6.368E-03	1.392E-01	7.968E-02	5.953E-02
6.427E-03	1.398E-01	8.004E-02	5.981E-02
6.486E-03	1.405E-01	8.039E-02	6.009E-02
6.546E-03	1.411E-01	8.075E-02	6.037E-02
6.607E-03	1.418E-01	8.111E-02	6.066E-02
6.668E-03	1.424E-01	8.148E-02	6.094E-02
6.730E-03	1.431E-01	8.184E-02	6.123E-02
6.792E-03	1.437E-01	8.221E-02	6.151E-02
6.855E-03	1.444E-01	8.257E-02	6.180E-02
6.918E-03	1.450E-01	8.294E-02	6.209E-02
6.982E-03	1.457E-01	8.331E-02	6.239E-02
7.047E-03	1.464E-01	8.369E-02	6.268E-02
7.112E-03	1.470E-01	8.406E-02	6.297E-02
7.178E-03	1.477E-01	8.444E-02	6.327E-02
7.244E-03	1.484E-01	8.482E-02	6.357E-02
7.311E-03	1.491E-01	8.519E-02	6.387E-02
7.379E-03	1.497E-01	8.558E-02	6.417E-02
7.447E-03	1.504E-01	8.596E-02	6.447E-02
7.516E-03	1.511E-01	8.634E-02	6.477E-02
7.586E-03	1.518E-01	8.673E-02	6.508E-02
7.656E-03	1.525E-01	8.712E-02	6.539E-02
7.727E-03	1.532E-01	8.751E-02	6.569E-02
7.798E-03	1.539E-01	8.790E-02	6.600E-02
7.870E-03	1.546E-01	8.829E-02	6.631E-02
7.943E-03	1.553E-01	8.869E-02	6.663E-02
8.017E-03	1.560E-01	8.908E-02	6.694E-02
8.091E-03	1.567E-01	8.948E-02	6.726E-02
8.166E-03	1.575E-01	8.988E-02	6.758E-02
8.241E-03	1.582E-01	9.029E-02	6.789E-02
8.318E-03	1.589E-01	9.069E-02	6.821E-02
8.395E-03	1.596E-01	9.110E-02	6.854E-02
8.472E-03	1.604E-01	9.150E-02	6.886E-02
8.551E-03	1.611E-01	9.191E-02	6.919E-02
8.630E-03	1.618E-01	9.233E-02	6.951E-02
8.710E-03	1.626E-01	9.274E-02	6.984E-02
8.790E-03	1.633E-01	9.315E-02	7.017E-02
8.872E-03	1.641E-01	9.357E-02	7.050E-02
8.954E-03	1.648E-01	9.399E-02	7.084E-02
9.036E-03	1.656E-01	9.441E-02	7.117E-02
9.120E-03	1.663E-01	9.483E-02	7.151E-02
9.204E-03	1.671E-01	9.526E-02	7.185E-02
9.290E-03	1.679E-01	9.569E-02	7.219E-02
9.376E-03	1.686E-01	9.611E-02	7.253E-02
9.462E-03	1.694E-01	9.655E-02	7.288E-02
9.550E-03	1.702E-01	9.698E-02	7.322E-02
9.638E-03	1.710E-01	9.741E-02	7.357E-02
9.727E-03	1.718E-01	9.785E-02	7.392E-02
9.817E-03	1.726E-01	9.829E-02	7.427E-02
9.908E-03	1.733E-01	9.873E-02	7.462E-02
1.000E-02	1.741E-01	9.917E-02	7.497E-02
1.009E-02	1.749E-01	9.961E-02	7.533E-02
1.019E-02	1.757E-01	1.001E-01	7.569E-02
1.028E-02	1.766E-01	1.005E-01	7.605E-02
1.038E-02	1.774E-01	1.010E-01	7.641E-02
1.047E-02	1.782E-01	1.014E-01	7.677E-02
1.057E-02	1.790E-01	1.019E-01	7.714E-02
1.067E-02	1.798E-01	1.023E-01	7.750E-02
1.076E-02	1.807E-01	1.028E-01	7.787E-02
1.086E-02	1.815E-01	1.032E-01	7.824E-02
1.096E-02	1.823E-01	1.037E-01	7.862E-02
1.107E-02	1.832E-01	1.042E-01	7.899E-02
1.117E-02	1.840E-01	1.046E-01	7.937E-02
1.127E-02	1.848E-01	1.051E-01	7.974E-02
1.138E-02	1.857E-01	1.056E-01	8.012E-02
1.148E-02	1.866E-01	1.060E-01	8.051E-02
1.159E-02	1.874E-01	1.065E-01	8.089E-02
1.169E-02	1.883E-01	1.070E-01	8.127E-02
1.180E-02	1.891E-01	1.075E-01	8.166E-02
1.191E-02	1.900E-01	1.080E-01	8.205E-02
1.202E-02	1.909E-01	1.084E-01	8.244E-02
1.213E-02	1.918E-01	1.089E-01	8.284E-02
1.225E-02	1.927E-01	1.094E-01	8.323E-02
1.236E-02	1.935E-01	1.099E-01	8.363E-02
1.247E-02	1.944E-01	1.104E-01	8.403E-02
1.259E-02	1.953E-01	1.109E-01	8.443E-02
1.271E-02	1.962E-01	1.114E-01	8.483E-02
1.282E-02	1.971E-01	1.119E-01	8.524E-02
1.294E-02	1.980E-01	1.124E-01	8.565E-02
1.306E-02	1.990E-01	1.129E-01	8.606E-02
1.318E-02	1.999E-01	1.134E-01	8.647E-02
1.330E-02	2.008E-01	1.139E-01	8.688E-02
1.343E-02	2.017E-01	1.144E-01	8.730E-02
1.355E-02	2.026E-01	1.149E-01	8.772E-02
1.368E-02	2.036E-01	1.154E-01	8.814E-02
1.380E-02	2.045E-01	1.160E-01	8.856E-02
1.393E-02	2.055E-01	1.165E-01	8.898E-02
1.406E-02	2.064E-01	1.170E-01	8.941E-02
1.419E-02	2.074E-01	1.175E-01	8.984E-02
1.432E-02	2.083E-01	1.181E-01	9.027E-02
1.445E-02	2.093E-01	1.186E-01	9.070E-02
1.459E-02	2.103E-01	1.191E-01	9.114E-02
1.472E-02	2.112E-01	1.196E-01	9.158E-02
1.486E-02	2.122E-01	1.202E-01	9.201E-02
1.500E-02	2.132E-01	1.207E-01	9.246E-02
1.514E-02	2.142E-01	1.213E-01	9.290E-02
1.528E-02	2.151E-01	1.218E-01	9.335E-02
1.542E-02	2.161E-01	1.223E-01	9.380E-02
1.556E-02	2.171E-01	1.229E-01	9.425E-02
1.570E-02	2.181E-01	1.234E-01	9.470E-02
1.585E-02	2.191E-01	1.240E-01	9.516E-02
1.600E-02	2.202E-01	1.245E-01	9.561E-02
1.614E-02	2.212E-01	1.251E-01	9.607E-02
1.629E-02	2.222E-01	1.257E-01	9.654E-02
1.644E-02	2.232E-01	1.262E-01	9.700E-02
1.660E-02	2.243E-01	1.268E-01	9.747E-02
1.675E-02	2.253E-01	1.274E-01	9.794E-02
1.690E-02	2.263E-01	1.279E-01	9.841E-02
1.706E-02	2.274E-01	1.285E-01	9.888E-02
1.722E-02	2.284E-01	1.291E-01	9.936E-02
1.738E-02	2.295E-01	1.296E-01	9.984E-02
1.754E-02	2.305E-01	1.302E-01	1.003E-01
1.770E-02	2.316E-01	1.308E-01	1.008E-01
1.786E-02	2.327E-01	1.314E-01	1.013E-01
1.803E-02	2.338E-01	1.320E-01	1.018E-01
1.820E-02	2.348E-01	1.326E-01	1.023E-01
1.837E-02	2.359E-01	1.331E-01	1.028E-01
1.854E-02	2.370E-01	1.337E-01	1.033E-01
1.871E-02	2.381E-01	1.343E-01	1.038E-01
1.888E-02	2.392E-01	1.349E-01	1.043E-01
1.905E-02	2.403E-01	1.355E-01	1.048E-01
1.923E-02	2.414E-01	1.361E-01	1.053E-01
1.941E-02	2.425E-01	1.367E-01	1.058E-01
1.959E-02	2.436E-01	1.374E-01	1.063E-01
1.977E-02	2.448E-01	1.380E-01	1.068E-01
1.995E-02	2.459E-01	1.386E-01	1.073E-01
2.014E-02	2.470E-01	1.392E-01	1.078E-01
2.032E-02	2.482E-01	1.398E-01	1.084E-01
2.051E-02	2.493E-01	1.404E-01	1.089E-01
2.070E-02	2.505E-01	1.411E-01	1.094E-01
2.089E-02	2.516E-01	1.417E-01	1.100E-01
2.109E-02	2.528E-01	1.423E-01	1.105E-01
2.128E-02	2.540E-01	1.429E-01	1.110E-01
2.148E-02	2.551E-01	1.436E-01	1.116E-01
2.168E-02	2.563E-01	1.442E-01	1.121E-01
2.188E-02	2.575E-01	1.448E-01	1.126E-01
2.208E-02	2.587E-01	1.455E-01	1.132E-01
2.228E-02	2.599E-01	1.461E-01	1.137E-01
2.249E-02	2.611E-01	1.468E-01	1.143E-01
2.270E-02	2.623E-01	1.474E-01	1.148E-01
2.291E-02	2.635E-01	1.481E-01	1.154E-01
2.312E-02	2.647E-01	1.487E-01	1.160E-01
2.333E-02	2.659E-01	1.494E-01	1.165E-01
2.355E-02	2.671E-01	1.500E-01	1.171E-01
2.377E-02	2.684E-01	1.507E-01	1.177E-01
2.399E-02	2.696E-01	1.514E-01	1.182E-01
2.421E-02	2.708E-01	1.520E-01	1.188E-01
2.443E-02	2.721E-01	1.527E-01	1.194E-01
2.466E-02	2.733E-01	1.534E-01	1.200E-01
2.489E-02	2.746E-01	1.541E-01	1.206E-01
2.512E-02	2.759E-01	1.547E-01	1.211E-01
2.535E-02	2.771E-01	1.554E-01	1.217E-01
2.559E-02	2.784E-01	1.561E-01	1.223E-01
2.582E-02	2.797E-01	1.568E-01	1.229E-01
2.606E-02	2.810E-01	1.575E-01	1.235E-01
2.630E-02	2.823E-01	1.582E-01	1.241E-01
2.655E-02	2.836E-01	1.588E-01	1.247E-01
2.679E-02	2.849E-01	1.595E-01	1.253E-01
2.704E-02	2.862E-01	1.602E-01	1.259E-01
2.729E-02	2.875E-01	1.609E-01	1.266E-01
2.754E-02	2.888E-01	1.616E-01	1.272E-01
2.780E-02	2.901E-01	1.623E-01	1.278E-01
2.805E-02	2.915E-01	1.631E-01	1.284E-01
2.831E-02	2.928E-01	1.638E-01	1.290E-01
2.858E-02	2.942E-01	1.645E-01	1.297E-01
2.884E-02	2.955E-01	1.652E-01	1.303E-01
2.911E-02	2.969E-01	1.659E-01	1.309E-01
2.938E-02	2.982E-01	1.666E-01	1.316E-01
2.965E-02	2.996E-01	1.674E-01	1.322E-01
2.992E-02	3.009E-01	1.681E-01	1.329E-01
3.020E-02	3.023E-01	1.688E-01	1.335E-01
3.048E-02	3.037E-01	1.695E-01	1.342E-01
3.076E-02	3.051E-01	1.703E-01	1.348E-01
3.105E-02	3.065E-01	1.710E-01	1.355E-01
3.133E-02	3.079E-01	1.718E-01	1.361E-01
3.162E-02	3.093E-01	1.725E-01	1.368E-01
3.192E-02	3.107E-01	1.732E-01	1.375E-01
3.221E-02	3.121E-01	1.740E-01	1.381E-01
3.251E-02	3.135E-01	1.747E-01	1.388E-01
3.281E-02	3.150E-01	1.755E-01	1.395E-01
3.311E-02	3.164E-01	1.762E-01	1.402E-01
3.342E-02	3.179E-01	1.770E-01	1.409E-01
3.373E-02	3.193E-01	1.777E-01	1.416E-01
3.404E-02	3.208E-01	1.785E-01	1.422E-01
3.436E-02	3.222E-01	1.793E-01	1.429E-01
3.467E-02	3.237E-01	1.800E-01	1.436E-01
3.499E-02	3.251E-01	1.808E-01	1.443E-01
3.532E-02	3.266E-01	1.816E-01	1.450E-01
3.565E-02	3.281E-01	1.823E-01	1.458E-01
3.597E-02	3.296E-01	1.831E-01	1.465E-01
3.631E-02	3.311E-01	1.839E-01	1.472E-01
3.664E-02	3.326E-01	1.847E-01	1.479E-01
3.698E-02	3.341E-01	1.855E-01	1.486E-01
3.733E-02	3.356E-01	1.862E-01	1.493E-01
3.767E-02	3.371E-01	1.870E-01	1.501E-01
3.802E-02	3.386E-01	1.878E-01	1.508E-01
3.837E-02	3.402E-01	1.886E-01	1.515E-01
3.873E-02	3.417E-01	1.894E-01	1.523E-01
3.908E-02	3.432E-01	1.902E-01	1.530E-01
3.945E-02	3.448E-01	1.910E-01	1.538E-01
3.981E-02	3.463E-01	1.918E-01	1.545E-01
4.018E-02	3.479E-01	1.926E-01	1.553E-01
4.055E-02	3.494E-01	1.934E-01	1.560E-01
4.093E-02	3.510E-01	1.942E-01	1.568E-01
4.130E-02	3.526E-01	1.950E-01	1.576E-01
4.169E-02	3.542E-01	1.958E-01	1.583E-01
4.207E-02	3.557E-01	1.966E-01	1.591E-01
4.246E-02	3.573E-01	1.974E-01	1.599E-01
4.285E-02	3.589E-01	1.983E-01	1.607E-01
4.325E-02	3.605E-01	1.991E-01	1.615E-01
4.365E-02	3.621E-01	1.999E-01	1.622E-01
4.406E-02	3.637E-01	2.007E-01	1.630E-01
4.446E-02	3.654E-01	2.015E-01	1.638E-01
4.487E-02	3.670E-01	2.024E-01	1.646E-01
4.529E-02	3.686E-01	2.032E-01	1.654E-01
4.571E-02	3.702E-01	2.040E-01	1.662E-01
4.613E-02	3.719E-01	2.048E-01	1.670E-01
4.656E-02	3.735E-01	2.057E-01	1.679E-01
4.699E-02	3.752E-01	2.065E-01	1.687E-01
4.742E-02	3.768E-01	2.073E-01	1.695E-01
4.786E-02	3.785E-01	2.082E-01	1.703E-01
4.831E-02	3.802E-01	2.090E-01	1.711E-01
4.875E-02	3.818E-01	2.099E-01	1.720E-01
4.920E-02	3.835E-01	2.107E-01	1.728E-01
4.966E-02	3.852E-01	2.115E-01	1.737E-01
5.012E-02	3.869E-01	2.124E-01	1.745E-01
5.058E-02	3.886E-01	2.132E-01	1.753E-01
5.105E-02	3.903E-01	2.141E-01	1.762E-01
5.152E-02	3.920E-01	2.149E-01	1.770E-01
5.200E-02	3.937E-01	2.158E-01	1.779E-01
5.248E-02	3.954E-01	2.166E-01	1.788E-01
5.297E-02	3.971E-01	2.175E-01	1.796E-01
5.346E-02	3.988E-01	2.183E-01	1.805E-01
5.395E-02	4.005E-01	2.192E-01	1.814E-01
5.445E-02	4.023E-01	2.200E-01	1.823E-01
5.495E-02	4.040E-01	2.209E-01	1.831E-01
5.546E-02	4.057E-01	2.217E-01	1.840E-01
5.598E-02	4.075E-01	2.226E-01	1.849E-01
5.649E-02	4.092E-01	2.234E-01	1.858E-01
5.702E-02	4.110E-01	2.243E-01	1.867E-01
5.754E-02	4.127E-01	2.251E-01	1.876E-01
5.808E-02	4.145E-01	2.260E-01	1.885E-01
5.861E-02	4.162E-01	2.268E-01	1.894E-01
5.916E-02	4.180E-01	2.277E-01	1.903E-01
5.970E-02	4.198E-01	2.285E-01	1.912E-01
6.026E-02	4.216E-01	2.294E-01	1.922E-01
6.081E-02	4.233E-01	2.303E-01	1.931E-01
6.138E-02	4.251E-01	2.311E-01	1.940E-01
6.194E-02	4.269E-01	2.320E-01	1.949E-01
6.252E-02	4.287E-01	2.328E-01	1.959E-01
6.310E-02	4.305E-01	2.337E-01	1.968E-01
6.368E-02	4.323E-01	2.345E-01	1.977E-01
6.427E-02	4.341E-01	2.354E-01	1.987E-01
6.486E-02	4.359E-01	2.362E-01	1.996E-01
6.546E-02	4.377E-01	2.371E-01	2.006E-01
6.607E-02	4.395E-01	2.380E-01	2.015E-01
6.668E-02	4.413E-01	2.388E-01	2.025E-01
6.730E-02	4.431E-01	2.397E-01	2.035E-01
6.792E-02	4.449E-01	2.405E-01	2.044E-01
6.855E-02	4.468E-01	2.414E-01	2.054E-01
6.918E-02	4.486E-01	2.422E-01	2.064E-01
6.982E-02	4.504E-01	2.430E-01	2.074E-01
7.047E-02	4.522E-01	2.439E-01	2.083E-01
7.112E-02	4.540E-01	2.447E-01	2.093E-01
7.178E-02	4.559E-01	2.456E-01	2.103E-01
7.244E-02	4.577E-01	2.464E-01	2.113E-01
7.311E-02	4.595E-01	2.472E-01	2.123E-01
7.379E-02	4.614E-01	2.481E-01	2.133E-01
7.447E-02	4.632E-01	2.489E-01	2.143E-01
7.516E-02	4.650E-01	2.497E-01	2.153E-01
7.586E-02	4.669E-01	2.506E-01	2.163E-01
7.656E-02	4.687E-01	2.514E-01	2.173E-01
7.727E-02	4.705E-01	2.522E-01	2.183E-01
7.798E-02	4.724E-01	2.530E-01	2.193E-01
7.870E-02	4.742E-01	2.539E-01	2.204E-01
7.943E-02	4.761E-01	2.547E-01	2.214E-01
8.017E-02	4.779E-01	2.555E-01	2.224E-01
8.091E-02	4.797E-01	2.563E-01	2.234E-01
8.166E-02	4.816E-01	2.571E-01	2.245E-01
8.241E-02	4.834E-01	2.579E-01	2.255E-01
8.318E-02	4.852E-01	2.587E-01	2.265E-01
8.395E-02	4.871E-01	2.595E-01	2.276E-01
8.472E-02	4.889E-01	2.603E-01	2.286E-01
8.551E-02	4.907E-01	2.611E-01	2.297E-01
8.630E-02	4.926E-01	2.618E-01	2.307E-01
8.710E-02	4.944E-01	2.626E-01	2.318E-01
8.790E-02	4.962E-01	2.634E-01	2.328E-01
8.872E-02	4.980E-01	2.641E-01	2.339E-01
8.954E-02	4.998E-01	2.649E-01	2.349E-01
9.036E-02	5.017E-01	2.657E-01	2.360E-01
9.120E-02	5.035E-01	2.664E-01	2.371E-01
9.204E-02	5.053E-01	2.672E-01	2.381E-01
9.290E-02	5.071E-01	2.679E-01	2.392E-01
9.376E-02	5.089E-01	2.686E-01	2.403E-01
9.462E-02	5.107E-01	2.694E-01	2.413E-01
9.550E-02	5.125E-01	2.701E-01	2.424E-01
9.638E-02	5.143E-01	2.708E-01	2.435E-01
9.727E-02	5.160E-01	2.715E-01	2.446E-01
9.817E-02	5.178E-01	2.722E-01	2.456E-01
9.908E-02	5.196E-01	2.729E-01	2.467E-01
1.000E-01	5.214E-01	2.736E-01	2.478E-01
1.009E-01	5.231E-01	2.742E-01	2.489E-01
1.019E-01	5.249E-01	2.749E-01	2.500E-01
1.028E-01	5.266E-01	2.756E-01	2.511E-01
1.038E-01	5.284E-01	2.762E-01	2.521E-01
1.047E-01	5.301E-01	2.769E-01	2.532E-01
1.057E-01	5.318E-01	2.775E-01	2.543E-01
1.067E-01	5.335E-01	2.781E-01	2.554E-01
1.076E-01	5.352E-01	2.787E-01	2.565E-01
1.086E-01	5.369E-01	2.794E-01	2.576E-01
1.096E-01	5.386E-01	2.800E-01	2.587E-01
1.107E-01	5.403E-01	2.805E-01	2.598E-01
1.117E-01	5.420E-01	2.811E-01	2.609E-01
1.127E-01	5.436E-01	2.817E-01	2.620E-01
1.138E-01	5.453E-01	2.822E-01	2.630E-01
1.148E-01	5.469E-01	2.828E-01	2.641E-01
1.159E-01	5.485E-01	2.833E-01	2.652E-01
1.169E-01	5.502E-01	2.838E-01	2.663E-01
1.180E-01	5.518E-01	2.843E-01	2.674E-01
1.191E-01	5.533E-01	2.848E-01	2.685E-01
1.202E-01	5.549E-01	2.853E-01	2.696E-01
1.213E-01	5.565E-01	2.858E-01	2.707E-01
1.225E-01	5.580E-01	2.863E-01	2.718E-01
1.236E-01	5.596E-01	2.867E-01	2.729E-01
1.247E-01	5.611E-01	2.871E-01	2.739E-01
1.259E-01	5.626E-01	2.876E-01	2.750E-01
1.271E-01	5.641E-01	2.880E-01	2.761E-01
1.282E-01	5.655E-01	2.883E-01	2.772E-01
1.294E-01	5.670E-01	2.887E-01	2.783E-01
1.306E-01	5.684E-01	2.891E-01	2.793E-01
1.318E-01	5.698E-01	2.894E-01	2.804E-01
1.330E-01	5.712E-01	2.898E-01	2.815E-01
1.343E-01	5.726E-01	2.901E-01	2.825E-01
1.355E-01	5.740E-01	2.904E-01	2.836E-01
1.368E-01	5.753E-01	2.906E-01	2.846E-01
1.380E-01	5.766E-01	2.909E-01	2.857E-01
1.393E-01	5.779E-01	2.911E-01	2.868E-01
1.406E-01	5.792E-01	2.914E-01	2.878E-01
1.419E-01	5.804E-01	2.916E-01	2.888E-01
1.432E-01	5.816E-01	2.918E-01	2.899E-01
1.445E-01	5.829E-01	2.919E-01	2.909E-01
1.459E-01	5.840E-01	2.921E-01	2.919E-01
1.472E-01	5.852E-01	2.922E-01	2.930E-01
1.486E-01	5.863E-01	2.923E-01	2.940E-01
1.500E-01	5.874E-01	2.924E-01	2.950E-01
1.514E-01	5.885E-01	2.925E-01	2.960E-01
1.528E-01	5.895E-01	2.925E-01	2.970E-01
1.542E-01	5.906E-01	2.926E-01	2.980E-01
1.556E-01	5.915E-01	2.926E-01	2.990E-01
1.570E-01	5.925E-01	2.926E-01	2.999E-01
1.585E-01	5.934E-01	2.925E-01	3.009E-01
1.600E-01	5.943E-01	2.925E-01	3.019E-01
1.614E-01	5.952E-01	2.924E-01	3.028E-01
1.629E-01	5.960E-01	2.923E-01	3.038E-01
1.644E-01	5.968E-01	2.921E-01	3.047E-01
1.660E-01	5.976E-01	2.920E-01	3.056E-01
1.675E-01	5.983E-01	2.918E-01	3.065E-01
1.690E-01	5.990E-01	2.916E-01	3.074E-01
1.706E-01	5.997E-01	2.914E-01	3.083E-01
1.722E-01	6.003E-01	2.911E-01	3.092E-01
1.738E-01	6.009E-01	2.908E-01	3.101E-01
1.754E-01	6.015E-01	2.905E-01	3.109E-01
1.770E-01	6.020E-01	2.902E-01	3.118E-01
1.786E-01	6.025E-01	2.898E-01	3.126E-01
1.803E-01	6.029E-01	2.894E-01	3.135E-01
1.820E-01	6.033E-01	2.890E-01	3.143E-01
1.837E-01	6.036E-01	2.886E-01	3.151E-01
1.854E-01	6.039E-01	2.881E-01	3.158E-01
1.871E-01	6.042E-01	2.876E-01	3.166E-01
1.888E-01	6.044E-01	2.870E-01	3.174E-01
1.905E-01	6.046E-01	2.865E-01	3.181E-01
1.923E-01	6.047E-01	2.859E-01	3.188E-01
1.941E-01	6.048E-01	2.852E-01	3.195E-01
1.959E-01	6.048E-01	2.846E-01	3.202E-01
1.977E-01	6.048E-01	2.839E-01	3.209E-01
1.995E-01	6.047E-01	2.832E-01	3.215E-01
2.014E-01	6.046E-01	2.824E-01	3.222E-01
2.032E-01	6.044E-01	2.816E-01	3.228E-01
2.051E-01	6.042E-01	2.808E-01	3.234E-01
2.070E-01	6.039E-01	2.800E-01	3.240E-01
2.089E-01	6.036E-01	2.791E-01	3.245E-01
2.109E-01	6.032E-01	2.782E-01	3.251E-01
2.128E-01	6.028E-01	2.772E-01	3.256E-01
2.148E-01	6.023E-01	2.762E-01	3.261E-01
2.168E-01	6.017E-01	2.752E-01	3.265E-01
2.188E-01	6.011E-01	2.741E-01	3.270E-01
2.208E-01	6.004E-01	2.730E-01	3.274E-01
2.228E-01	5.997E-01	2.719E-01	3.278E-01
2.249E-01	5.989E-01	2.708E-01	3.282E-01
2.270E-01	5.981E-01	2.696E-01	3.285E-01
2.291E-01	5.972E-01	2.683E-01	3.288E-01
2.312E-01	5.962E-01	2.671E-01	3.291E-01
2.333E-01	5.951E-01	2.657E-01	3.294E-01
2.355E-01	5.940E-01	2.644E-01	3.296E-01
2.377E-01	5.928E-01	2.630E-01	3.298E-01
2.399E-01	5.916E-01	2.616E-01	3.300E-01
2.421E-01	5.903E-01	2.602E-01	3.301E-01
2.443E-01	5.889E-01	2.587E-01	3.303E-01
2.466E-01	5.875E-01	2.571E-01	3.303E-01
2.489E-01	5.860E-01	2.556E-01	3.304E-01
2.512E-01	5.844E-01	2.540E-01	3.304E-01
2.535E-01	5.827E-01	2.523E-01	3.304E-01
2.559E-01	5.810E-01	2.506E-01	3.304E-01
2.582E-01	5.792E-01	2.489E-01	3.303E-01
2.606E-01	5.773E-01	2.472E-01	3.301E-01
2.630E-01	5.754E-01	2.454E-01	3.300E-01
2.655E-01	5.733E-01	2.436E-01	3.298E-01
2.679E-01	5.713E-01	2.417E-01	3.296E-01
2.704E-01	5.691E-01	2.398E-01	3.293E-01
2.729E-01	5.668E-01	2.378E-01	3.290E-01
2.754E-01	5.645E-01	2.359E-01	3.286E-01
2.780E-01	5.621E-01	2.339E-01	3.282E-01
2.805E-01	5.596E-01	2.318E-01	3.278E-01
2.831E-01	5.570E-01	2.297E-01	3.273E-01
2.858E-01	5.544E-01	2.276E-01	3.268E-01
2.884E-01	5.517E-01	2.254E-01	3.262E-01
2.911E-01	5.489E-01	2.233E-01	3.256E-01
2.938E-01	5.460E-01	2.210E-01	3.250E-01
2.965E-01	5.430E-01	2.188E-01	3.243E-01
2.992E-01	5.400E-01	2.165E-01	3.235E-01
3.020E-01	5.368E-01	2.141E-01	3.227E-01
3.048E-01	5.336E-01	2.118E-01	3.219E-01
3.076E-01	5.303E-01	2.094E-01	3.210E-01
3.105E-01	5.270E-01	2.069E-01	3.200E-01
3.133E-01	5.235E-01	2.045E-01	3.190E-01
3.162E-01	5.200E-01	2.020E-01	3.180E-01
3.192E-01	5.164E-01	1.995E-01	3.169E-01
3.221E-01	5.127E-01	1.969E-01	3.157E-01
3.251E-01	5.089E-01	1.943E-01	3.145E-01
3.281E-01	5.050E-01	1.917E-01	3.133E-01
3.311E-01	5.010E-01	1.891E-01	3.119E-01
3.342E-01	4.970E-01	1.864E-01	3.106E-01
3.373E-01	4.929E-01	1.837E-01	3.091E-01
3.404E-01	4.887E-01	1.810E-01	3.077E-01
3.436E-01	4.844E-01	1.783E-01	3.061E-01
3.467E-01	4.801E-01	1.755E-01	3.045E-01
3.499E-01	4.756E-01	1.728E-01	3.029E-01
3.532E-01	4.711E-01	1.700E-01	3.011E-01
3.565E-01	4.665E-01	1.671E-01	2.994E-01
3.597E-01	4.618E-01	1.643E-01	2.975E-01
3.631E-01	4.571E-01	1.614E-01	2.956E-01
3.664E-01	4.522E-01	1.586E-01	2.937E-01
3.698E-01	4.473E-01	1.557E-01	2.917E-01
3.733E-01	4.424E-01	1.528E-01	2.896E-01
3.767E-01	4.373E-01	1.498E-01	2.875E-01
3.802E-01	4.322E-01	1.469E-01	2.852E-01
3.837E-01	4.270E-01	1.440E-01	2.830E-01
3.873E-01	4.217E-01	1.410E-01	2.807E-01
3.908E-01	4.164E-01	1.381E-01	2.783E-01
3.945E-01	4.109E-01	1.351E-01	2.758E-01
3.981E-01	4.055E-01	1.322E-01	2.733E-01
4.018E-01	3.999E-01	1.292E-01	2.707E-01
4.055E-01	3.943E-01	1.262E-01	2.681E-01
4.093E-01	3.887E-01	1.233E-01	2.654E-01
4.130E-01	3.830E-01	1.203E-01	2.626E-01
4.169E-01	3.772E-01	1.174E-01	2.598E-01
4.207E-01	3.713E-01	1.144E-01	2.569E-01
4.246E-01	3.655E-01	1.115E-01	2.540E-01
4.285E-01	3.595E-01	1.085E-01	2.510E-01
4.325E-01	3.535E-01	1.056E-01	2.479E-01
4.365E-01	3.475E-01	1.027E-01	2.448E-01
4.406E-01	3.414E-01	9.980E-02	2.416E-01
4.446E-01	3.353E-01	9.692E-02	2.384E-01
4.487E-01	3.291E-01	9.406E-02	2.351E-01
4.529E-01	3.229E-01	9.122E-02	2.317E-01
4.571E-01	3.167E-01	8.840E-02	2.283E-01
4.613E-01	3.105E-01	8.560E-02	2.249E-01
4.656E-01	3.042E-01	8.283E-02	2.213E-01
4.699E-01	2.979E-01	8.008E-02	2.178E-01
4.742E-01	2.915E-01	7.737E-02	2.142E-01
4.786E-01	2.852E-01	7.468E-02	2.105E-01
4.831E-01	2.788E-01	7.203E-02	2.068E-01
4.875E-01	2.724E-01	6.941E-02	2.030E-01
4.920E-01	2.660E-01	6.682E-02	1.992E-01
4.966E-01	2.597E-01	6.427E-02	1.954E-01
5.012E-01	2.533E-01	6.176E-02	1.915E-01
5.058E-01	2.469E-01	5.929E-02	1.876E-01
5.105E-01	2.405E-01	5.686E-02	1.836E-01
5.152E-01	2.341E-01	5.448E-02	1.796E-01
5.200E-01	2.278E-01	5.214E-02	1.756E-01
5.248E-01	2.214E-01	4.984E-02	1.716E-01
5.297E-01	2.151E-01	4.760E-02	1.675E-01
5.346E-01	2.088E-01	4.540E-02	1.634E-01
5.395E-01	2.025E-01	4.325E-02	1.593E-01
5.445E-01	1.963E-01	4.115E-02	1.552E-01
5.495E-01	1.901E-01	3.911E-02	1.510E-01
5.546E-01	1.840E-01	3.711E-02	1.468E-01
5.598E-01	1.778E-01	3.517E-02	1.427E-01
5.649E-01	1.718E-01	3.329E-02	1.385E-01
5.702E-01	1.658E-01	3.146E-02	1.343E-01
5.754E-01	1.598E-01	2.969E-02	1.302E-01
5.808E-01	1.540E-01	2.797E-02	1.260E-01
5.861E-01	1.481E-01	2.631E-02	1.218E-01
5.916E-01	1.424E-01	2.471E-02	1.177E-01
5.970E-01	1.367E-01	2.316E-02	1.136E-01
6.026E-01	1.311E-01	2.168E-02	1.095E-01
6.081E-01	1.256E-01	2.025E-02	1.054E-01
6.138E-01	1.202E-01	1.888E-02	1.013E-01
6.194E-01	1.149E-01	1.757E-02	9.731E-02
6.252E-01	1.096E-01	1.631E-02	9.333E-02
6.310E-01	1.045E-01	1.511E-02	8.939E-02
6.368E-01	9.946E-02	1.397E-02	8.549E-02
6.427E-01	9.453E-02	1.289E-02	8.164E-02
6.486E-01	8.970E-02	1.186E-02	7.785E-02
6.546E-01	8.499E-02	1.088E-02	7.411E-02
6.607E-01	8.039E-02	9.961E-03	7.043E-02
6.668E-01	7.591E-02	9.093E-03	6.682E-02
6.730E-01	7.155E-02	8.277E-03	6.327E-02
6.792E-01	6.731E-02	7.511E-03	5.980E-02
6.855E-01	6.320E-02	6.795E-03	5.641E-02
6.918E-01	5.922E-02	6.126E-03	5.309E-02
6.982E-01	5.537E-02	5.504E-03	4.986E-02
7.047E-01	5.165E-02	4.928E-03	4.672E-02
7.112E-01	4.806E-02	4.394E-03	4.367E-02
7.178E-01	4.461E-02	3.903E-03	4.071E-02
7.244E-01	4.130E-02	3.451E-03	3.785E-02
7.311E-01	3.813E-02	3.038E-03	3.509E-02
7.379E-01	3.509E-02	2.662E-03	3.243E-02
7.447E-01	3.220E-02	2.321E-03	2.988E-02
7.516E-01	2.944E-02	2.012E-03	2.743E-02
7.586E-01	2.682E-02	1.734E-03	2.509E-02
7.656E-01	2.435E-02	1.486E-03	2.286E-02
7.727E-01	2.201E-02	1.265E-03	2.074E-02
7.798E-01	1.980E-02	1.069E-03	1.874E-02
7.870E-01	1.774E-02	8.965E-04	1.684E-02
7.943E-01	1.581E-02	7.459E-04	1.506E-02
8.017E-01	1.401E-02	6.152E-04	1.340E-02
8.091E-01	1.234E-02	5.025E-04	1.184E-02
8.166E-01	1.081E-02	4.062E-04	1.040E-02
8.241E-01	9.392E-03	3.247E-04	9.067E-03
8.318E-01	8.100E-03	2.563E-04	7.844E-03
8.395E-01	6.926E-03	1.996E-04	6.727E-03
8.472E-01	5.867E-03	1.531E-04	5.714E-03
8.551E-01	4.917E-03	1.155E-04	4.802E-03
8.630E-01	4.073E-03	8.545E-05	3.987E-03
8.710E-01	3.329E-03	6.191E-05	3.267E-03
8.790E-01	2.680E-03	4.377E-05	2.636E-03
8.872E-01	2.120E-03	3.010E-05	2.090E-03
8.954E-01	1.643E-03	2.005E-05	1.623E-03
9.036E-01	1.244E-03	1.285E-05	1.231E-03
9.120E-01	9.158E-04	7.879E-06	9.079E-04
9.204E-01	6.514E-04	4.574E-06	6.468E-04
9.290E-01	4.442E-04	2.482E-06	4.417E-04
9.376E-01	2.871E-04	1.237E-06	2.859E-04
9.462E-01	1.730E-04	5.517E-07	1.725E-04
9.550E-01	9.477E-05	2.113E-07	9.456E-05
9.638E-01	4.519E-05	6.490E-08	4.512E-05
9.727E-01	1.731E-05	1.407E-08	1.730E-05
9.817E-01	4.446E-06	1.616E-09	4.444E-06
9.908E-01	4.301E-07	3.933E-11	4.301E-07
