Q0 = 0.9 GeV	 Q = 3.2 GeV
x	 x*uv	 x*dv	 x*(uv-dv)
1.000E-04	1.919E-02	1.138E-02	7.807E-03
1.009E-04	1.927E-02	1.143E-02	7.842E-03
1.019E-04	1.936E-02	1.148E-02	7.877E-03
1.028E-04	1.944E-02	1.153E-02	7.913E-03
1.038E-04	1.953E-02	1.158E-02	7.949E-03
1.047E-04	1.961E-02	1.163E-02	7.985E-03
1.057E-04	1.970E-02	1.168E-02	8.021E-03
1.067E-04	1.978E-02	1.173E-02	8.057E-03
1.076E-04	1.987E-02	1.178E-02	8.094E-03
1.086E-04	1.996E-02	1.183E-02	8.130E-03
1.096E-04	2.005E-02	1.188E-02	8.167E-03
1.107E-04	2.014E-02	1.193E-02	8.204E-03
1.117E-04	2.022E-02	1.198E-02	8.241E-03
1.127E-04	2.031E-02	1.203E-02	8.278E-03
1.138E-04	2.040E-02	1.209E-02	8.316E-03
1.148E-04	2.049E-02	1.214E-02	8.353E-03
1.159E-04	2.058E-02	1.219E-02	8.391E-03
1.169E-04	2.067E-02	1.224E-02	8.429E-03
1.180E-04	2.076E-02	1.230E-02	8.467E-03
1.191E-04	2.085E-02	1.235E-02	8.505E-03
1.202E-04	2.095E-02	1.240E-02	8.544E-03
1.213E-04	2.104E-02	1.246E-02	8.582E-03
1.225E-04	2.113E-02	1.251E-02	8.621E-03
1.236E-04	2.122E-02	1.256E-02	8.660E-03
1.247E-04	2.132E-02	1.262E-02	8.699E-03
1.259E-04	2.141E-02	1.267E-02	8.739E-03
1.271E-04	2.151E-02	1.273E-02	8.778E-03
1.282E-04	2.160E-02	1.278E-02	8.818E-03
1.294E-04	2.169E-02	1.284E-02	8.858E-03
1.306E-04	2.179E-02	1.289E-02	8.898E-03
1.318E-04	2.189E-02	1.295E-02	8.938E-03
1.330E-04	2.198E-02	1.300E-02	8.978E-03
1.343E-04	2.208E-02	1.306E-02	9.019E-03
1.355E-04	2.218E-02	1.312E-02	9.060E-03
1.368E-04	2.227E-02	1.317E-02	9.101E-03
1.380E-04	2.237E-02	1.323E-02	9.142E-03
1.393E-04	2.247E-02	1.329E-02	9.183E-03
1.406E-04	2.257E-02	1.334E-02	9.225E-03
1.419E-04	2.267E-02	1.340E-02	9.266E-03
1.432E-04	2.277E-02	1.346E-02	9.308E-03
1.445E-04	2.287E-02	1.352E-02	9.350E-03
1.459E-04	2.297E-02	1.358E-02	9.392E-03
1.472E-04	2.307E-02	1.363E-02	9.435E-03
1.486E-04	2.317E-02	1.369E-02	9.478E-03
1.500E-04	2.327E-02	1.375E-02	9.520E-03
1.514E-04	2.337E-02	1.381E-02	9.563E-03
1.528E-04	2.348E-02	1.387E-02	9.607E-03
1.542E-04	2.358E-02	1.393E-02	9.650E-03
1.556E-04	2.368E-02	1.399E-02	9.694E-03
1.570E-04	2.379E-02	1.405E-02	9.737E-03
1.585E-04	2.389E-02	1.411E-02	9.781E-03
1.600E-04	2.400E-02	1.417E-02	9.825E-03
1.614E-04	2.410E-02	1.423E-02	9.870E-03
1.629E-04	2.421E-02	1.429E-02	9.914E-03
1.644E-04	2.431E-02	1.436E-02	9.959E-03
1.660E-04	2.442E-02	1.442E-02	1.000E-02
1.675E-04	2.453E-02	1.448E-02	1.005E-02
1.690E-04	2.464E-02	1.454E-02	1.009E-02
1.706E-04	2.474E-02	1.460E-02	1.014E-02
1.722E-04	2.485E-02	1.467E-02	1.019E-02
1.738E-04	2.496E-02	1.473E-02	1.023E-02
1.754E-04	2.507E-02	1.479E-02	1.028E-02
1.770E-04	2.518E-02	1.486E-02	1.032E-02
1.786E-04	2.529E-02	1.492E-02	1.037E-02
1.803E-04	2.540E-02	1.499E-02	1.042E-02
1.820E-04	2.551E-02	1.505E-02	1.047E-02
1.837E-04	2.563E-02	1.511E-02	1.051E-02
1.854E-04	2.574E-02	1.518E-02	1.056E-02
1.871E-04	2.585E-02	1.524E-02	1.061E-02
1.888E-04	2.597E-02	1.531E-02	1.066E-02
1.905E-04	2.608E-02	1.538E-02	1.070E-02
1.923E-04	2.619E-02	1.544E-02	1.075E-02
1.941E-04	2.631E-02	1.551E-02	1.080E-02
1.959E-04	2.642E-02	1.558E-02	1.085E-02
1.977E-04	2.654E-02	1.564E-02	1.090E-02
1.995E-04	2.666E-02	1.571E-02	1.095E-02
2.014E-04	2.677E-02	1.578E-02	1.100E-02
2.032E-04	2.689E-02	1.584E-02	1.105E-02
2.051E-04	2.701E-02	1.591E-02	1.110E-02
2.070E-04	2.713E-02	1.598E-02	1.115E-02
2.089E-04	2.725E-02	1.605E-02	1.120E-02
2.109E-04	2.737E-02	1.612E-02	1.125E-02
2.128E-04	2.749E-02	1.619E-02	1.130E-02
2.148E-04	2.761E-02	1.626E-02	1.135E-02
2.168E-04	2.773E-02	1.633E-02	1.140E-02
2.188E-04	2.785E-02	1.640E-02	1.145E-02
2.208E-04	2.797E-02	1.647E-02	1.150E-02
2.228E-04	2.809E-02	1.654E-02	1.156E-02
2.249E-04	2.822E-02	1.661E-02	1.161E-02
2.270E-04	2.834E-02	1.668E-02	1.166E-02
2.291E-04	2.847E-02	1.675E-02	1.171E-02
2.312E-04	2.859E-02	1.683E-02	1.177E-02
2.333E-04	2.872E-02	1.690E-02	1.182E-02
2.355E-04	2.884E-02	1.697E-02	1.187E-02
2.377E-04	2.897E-02	1.704E-02	1.193E-02
2.399E-04	2.910E-02	1.712E-02	1.198E-02
2.421E-04	2.922E-02	1.719E-02	1.203E-02
2.443E-04	2.935E-02	1.726E-02	1.209E-02
2.466E-04	2.948E-02	1.734E-02	1.214E-02
2.489E-04	2.961E-02	1.741E-02	1.220E-02
2.512E-04	2.974E-02	1.749E-02	1.225E-02
2.535E-04	2.987E-02	1.756E-02	1.231E-02
2.559E-04	3.000E-02	1.764E-02	1.236E-02
2.582E-04	3.013E-02	1.771E-02	1.242E-02
2.606E-04	3.026E-02	1.779E-02	1.247E-02
2.630E-04	3.040E-02	1.787E-02	1.253E-02
2.655E-04	3.053E-02	1.794E-02	1.259E-02
2.679E-04	3.066E-02	1.802E-02	1.264E-02
2.704E-04	3.080E-02	1.810E-02	1.270E-02
2.729E-04	3.093E-02	1.817E-02	1.276E-02
2.754E-04	3.107E-02	1.825E-02	1.282E-02
2.780E-04	3.120E-02	1.833E-02	1.287E-02
2.805E-04	3.134E-02	1.841E-02	1.293E-02
2.831E-04	3.148E-02	1.849E-02	1.299E-02
2.858E-04	3.162E-02	1.857E-02	1.305E-02
2.884E-04	3.175E-02	1.865E-02	1.311E-02
2.911E-04	3.189E-02	1.873E-02	1.317E-02
2.938E-04	3.203E-02	1.881E-02	1.323E-02
2.965E-04	3.217E-02	1.889E-02	1.328E-02
2.992E-04	3.232E-02	1.897E-02	1.334E-02
3.020E-04	3.246E-02	1.905E-02	1.341E-02
3.048E-04	3.260E-02	1.913E-02	1.347E-02
3.076E-04	3.274E-02	1.922E-02	1.353E-02
3.105E-04	3.289E-02	1.930E-02	1.359E-02
3.133E-04	3.303E-02	1.938E-02	1.365E-02
3.162E-04	3.317E-02	1.946E-02	1.371E-02
3.192E-04	3.332E-02	1.955E-02	1.377E-02
3.221E-04	3.347E-02	1.963E-02	1.383E-02
3.251E-04	3.361E-02	1.972E-02	1.390E-02
3.281E-04	3.376E-02	1.980E-02	1.396E-02
3.311E-04	3.391E-02	1.989E-02	1.402E-02
3.342E-04	3.406E-02	1.997E-02	1.408E-02
3.373E-04	3.420E-02	2.006E-02	1.415E-02
3.404E-04	3.435E-02	2.014E-02	1.421E-02
3.436E-04	3.450E-02	2.023E-02	1.428E-02
3.467E-04	3.466E-02	2.032E-02	1.434E-02
3.499E-04	3.481E-02	2.040E-02	1.441E-02
3.532E-04	3.496E-02	2.049E-02	1.447E-02
3.565E-04	3.511E-02	2.058E-02	1.454E-02
3.597E-04	3.527E-02	2.067E-02	1.460E-02
3.631E-04	3.542E-02	2.075E-02	1.467E-02
3.664E-04	3.558E-02	2.084E-02	1.473E-02
3.698E-04	3.573E-02	2.093E-02	1.480E-02
3.733E-04	3.589E-02	2.102E-02	1.487E-02
3.767E-04	3.605E-02	2.111E-02	1.493E-02
3.802E-04	3.620E-02	2.120E-02	1.500E-02
3.837E-04	3.636E-02	2.129E-02	1.507E-02
3.873E-04	3.652E-02	2.139E-02	1.514E-02
3.908E-04	3.668E-02	2.148E-02	1.520E-02
3.945E-04	3.684E-02	2.157E-02	1.527E-02
3.981E-04	3.700E-02	2.166E-02	1.534E-02
4.018E-04	3.717E-02	2.176E-02	1.541E-02
4.055E-04	3.733E-02	2.185E-02	1.548E-02
4.093E-04	3.749E-02	2.194E-02	1.555E-02
4.130E-04	3.766E-02	2.204E-02	1.562E-02
4.169E-04	3.782E-02	2.213E-02	1.569E-02
4.207E-04	3.799E-02	2.223E-02	1.576E-02
4.246E-04	3.815E-02	2.232E-02	1.583E-02
4.285E-04	3.832E-02	2.242E-02	1.590E-02
4.325E-04	3.849E-02	2.251E-02	1.597E-02
4.365E-04	3.866E-02	2.261E-02	1.605E-02
4.406E-04	3.882E-02	2.271E-02	1.612E-02
4.446E-04	3.899E-02	2.280E-02	1.619E-02
4.487E-04	3.917E-02	2.290E-02	1.626E-02
4.529E-04	3.934E-02	2.300E-02	1.634E-02
4.571E-04	3.951E-02	2.310E-02	1.641E-02
4.613E-04	3.968E-02	2.320E-02	1.649E-02
4.656E-04	3.986E-02	2.330E-02	1.656E-02
4.699E-04	4.003E-02	2.340E-02	1.663E-02
4.742E-04	4.020E-02	2.350E-02	1.671E-02
4.786E-04	4.038E-02	2.360E-02	1.678E-02
4.831E-04	4.056E-02	2.370E-02	1.686E-02
4.875E-04	4.074E-02	2.380E-02	1.694E-02
4.920E-04	4.091E-02	2.390E-02	1.701E-02
4.966E-04	4.109E-02	2.400E-02	1.709E-02
5.012E-04	4.127E-02	2.411E-02	1.717E-02
5.058E-04	4.145E-02	2.421E-02	1.724E-02
5.105E-04	4.163E-02	2.431E-02	1.732E-02
5.152E-04	4.182E-02	2.442E-02	1.740E-02
5.200E-04	4.200E-02	2.452E-02	1.748E-02
5.248E-04	4.218E-02	2.463E-02	1.756E-02
5.297E-04	4.237E-02	2.473E-02	1.763E-02
5.346E-04	4.255E-02	2.484E-02	1.771E-02
5.395E-04	4.274E-02	2.495E-02	1.779E-02
5.445E-04	4.293E-02	2.505E-02	1.787E-02
5.495E-04	4.311E-02	2.516E-02	1.795E-02
5.546E-04	4.330E-02	2.527E-02	1.804E-02
5.598E-04	4.349E-02	2.538E-02	1.812E-02
5.649E-04	4.368E-02	2.548E-02	1.820E-02
5.702E-04	4.387E-02	2.559E-02	1.828E-02
5.754E-04	4.407E-02	2.570E-02	1.836E-02
5.808E-04	4.426E-02	2.581E-02	1.845E-02
5.861E-04	4.445E-02	2.592E-02	1.853E-02
5.916E-04	4.465E-02	2.603E-02	1.861E-02
5.970E-04	4.484E-02	2.615E-02	1.870E-02
6.026E-04	4.504E-02	2.626E-02	1.878E-02
6.081E-04	4.524E-02	2.637E-02	1.886E-02
6.138E-04	4.543E-02	2.648E-02	1.895E-02
6.194E-04	4.563E-02	2.660E-02	1.903E-02
6.252E-04	4.583E-02	2.671E-02	1.912E-02
6.310E-04	4.603E-02	2.683E-02	1.921E-02
6.368E-04	4.623E-02	2.694E-02	1.929E-02
6.427E-04	4.644E-02	2.706E-02	1.938E-02
6.486E-04	4.664E-02	2.717E-02	1.947E-02
6.546E-04	4.684E-02	2.729E-02	1.955E-02
6.607E-04	4.705E-02	2.741E-02	1.964E-02
6.668E-04	4.725E-02	2.752E-02	1.973E-02
6.730E-04	4.746E-02	2.764E-02	1.982E-02
6.792E-04	4.767E-02	2.776E-02	1.991E-02
6.855E-04	4.788E-02	2.788E-02	2.000E-02
6.918E-04	4.809E-02	2.800E-02	2.009E-02
6.982E-04	4.830E-02	2.812E-02	2.018E-02
7.047E-04	4.851E-02	2.824E-02	2.027E-02
7.112E-04	4.872E-02	2.836E-02	2.036E-02
7.178E-04	4.893E-02	2.848E-02	2.045E-02
7.244E-04	4.915E-02	2.860E-02	2.055E-02
7.311E-04	4.936E-02	2.872E-02	2.064E-02
7.379E-04	4.958E-02	2.885E-02	2.073E-02
7.447E-04	4.980E-02	2.897E-02	2.082E-02
7.516E-04	5.001E-02	2.910E-02	2.092E-02
7.586E-04	5.023E-02	2.922E-02	2.101E-02
7.656E-04	5.045E-02	2.934E-02	2.111E-02
7.727E-04	5.067E-02	2.947E-02	2.120E-02
7.798E-04	5.089E-02	2.960E-02	2.130E-02
7.870E-04	5.112E-02	2.972E-02	2.139E-02
7.943E-04	5.134E-02	2.985E-02	2.149E-02
8.017E-04	5.157E-02	2.998E-02	2.159E-02
8.091E-04	5.179E-02	3.011E-02	2.168E-02
8.166E-04	5.202E-02	3.024E-02	2.178E-02
8.241E-04	5.225E-02	3.037E-02	2.188E-02
8.318E-04	5.247E-02	3.050E-02	2.198E-02
8.395E-04	5.270E-02	3.063E-02	2.208E-02
8.472E-04	5.293E-02	3.076E-02	2.218E-02
8.551E-04	5.317E-02	3.089E-02	2.228E-02
8.630E-04	5.340E-02	3.102E-02	2.238E-02
8.710E-04	5.363E-02	3.115E-02	2.248E-02
8.790E-04	5.387E-02	3.129E-02	2.258E-02
8.872E-04	5.410E-02	3.142E-02	2.268E-02
8.954E-04	5.434E-02	3.156E-02	2.278E-02
9.036E-04	5.458E-02	3.169E-02	2.289E-02
9.120E-04	5.482E-02	3.183E-02	2.299E-02
9.204E-04	5.506E-02	3.196E-02	2.309E-02
9.290E-04	5.530E-02	3.210E-02	2.320E-02
9.376E-04	5.554E-02	3.224E-02	2.330E-02
9.462E-04	5.578E-02	3.238E-02	2.341E-02
9.550E-04	5.603E-02	3.251E-02	2.351E-02
9.638E-04	5.627E-02	3.265E-02	2.362E-02
9.727E-04	5.652E-02	3.279E-02	2.372E-02
9.817E-04	5.676E-02	3.293E-02	2.383E-02
9.908E-04	5.701E-02	3.308E-02	2.394E-02
1.000E-03	5.726E-02	3.322E-02	2.405E-02
1.009E-03	5.751E-02	3.336E-02	2.415E-02
1.019E-03	5.777E-02	3.350E-02	2.426E-02
1.028E-03	5.802E-02	3.365E-02	2.437E-02
1.038E-03	5.827E-02	3.379E-02	2.448E-02
1.047E-03	5.853E-02	3.394E-02	2.459E-02
1.057E-03	5.878E-02	3.408E-02	2.470E-02
1.067E-03	5.904E-02	3.423E-02	2.481E-02
1.076E-03	5.930E-02	3.437E-02	2.493E-02
1.086E-03	5.956E-02	3.452E-02	2.504E-02
1.096E-03	5.982E-02	3.467E-02	2.515E-02
1.107E-03	6.008E-02	3.482E-02	2.526E-02
1.117E-03	6.034E-02	3.497E-02	2.538E-02
1.127E-03	6.061E-02	3.512E-02	2.549E-02
1.138E-03	6.087E-02	3.527E-02	2.561E-02
1.148E-03	6.114E-02	3.542E-02	2.572E-02
1.159E-03	6.141E-02	3.557E-02	2.584E-02
1.169E-03	6.168E-02	3.572E-02	2.596E-02
1.180E-03	6.195E-02	3.587E-02	2.607E-02
1.191E-03	6.222E-02	3.603E-02	2.619E-02
1.202E-03	6.249E-02	3.618E-02	2.631E-02
1.213E-03	6.276E-02	3.634E-02	2.643E-02
1.225E-03	6.304E-02	3.649E-02	2.655E-02
1.236E-03	6.332E-02	3.665E-02	2.667E-02
1.247E-03	6.359E-02	3.681E-02	2.679E-02
1.259E-03	6.387E-02	3.697E-02	2.691E-02
1.271E-03	6.415E-02	3.712E-02	2.703E-02
1.282E-03	6.443E-02	3.728E-02	2.715E-02
1.294E-03	6.471E-02	3.744E-02	2.727E-02
1.306E-03	6.500E-02	3.760E-02	2.740E-02
1.318E-03	6.528E-02	3.776E-02	2.752E-02
1.330E-03	6.557E-02	3.793E-02	2.764E-02
1.343E-03	6.586E-02	3.809E-02	2.777E-02
1.355E-03	6.614E-02	3.825E-02	2.789E-02
1.368E-03	6.643E-02	3.842E-02	2.802E-02
1.380E-03	6.673E-02	3.858E-02	2.814E-02
1.393E-03	6.702E-02	3.875E-02	2.827E-02
1.406E-03	6.731E-02	3.891E-02	2.840E-02
1.419E-03	6.761E-02	3.908E-02	2.853E-02
1.432E-03	6.790E-02	3.925E-02	2.866E-02
1.445E-03	6.820E-02	3.942E-02	2.879E-02
1.459E-03	6.850E-02	3.958E-02	2.892E-02
1.472E-03	6.880E-02	3.975E-02	2.905E-02
1.486E-03	6.910E-02	3.992E-02	2.918E-02
1.500E-03	6.940E-02	4.010E-02	2.931E-02
1.514E-03	6.971E-02	4.027E-02	2.944E-02
1.528E-03	7.001E-02	4.044E-02	2.957E-02
1.542E-03	7.032E-02	4.061E-02	2.971E-02
1.556E-03	7.063E-02	4.079E-02	2.984E-02
1.570E-03	7.094E-02	4.096E-02	2.998E-02
1.585E-03	7.125E-02	4.114E-02	3.011E-02
1.600E-03	7.156E-02	4.132E-02	3.025E-02
1.614E-03	7.188E-02	4.149E-02	3.038E-02
1.629E-03	7.219E-02	4.167E-02	3.052E-02
1.644E-03	7.251E-02	4.185E-02	3.066E-02
1.660E-03	7.283E-02	4.203E-02	3.080E-02
1.675E-03	7.314E-02	4.221E-02	3.094E-02
1.690E-03	7.347E-02	4.239E-02	3.108E-02
1.706E-03	7.379E-02	4.257E-02	3.122E-02
1.722E-03	7.411E-02	4.276E-02	3.136E-02
1.738E-03	7.444E-02	4.294E-02	3.150E-02
1.754E-03	7.476E-02	4.312E-02	3.164E-02
1.770E-03	7.509E-02	4.331E-02	3.178E-02
1.786E-03	7.542E-02	4.349E-02	3.193E-02
1.803E-03	7.575E-02	4.368E-02	3.207E-02
1.820E-03	7.608E-02	4.387E-02	3.222E-02
1.837E-03	7.642E-02	4.406E-02	3.236E-02
1.854E-03	7.675E-02	4.425E-02	3.251E-02
1.871E-03	7.709E-02	4.444E-02	3.265E-02
1.888E-03	7.743E-02	4.463E-02	3.280E-02
1.905E-03	7.777E-02	4.482E-02	3.295E-02
1.923E-03	7.811E-02	4.501E-02	3.310E-02
1.941E-03	7.845E-02	4.520E-02	3.325E-02
1.959E-03	7.880E-02	4.540E-02	3.340E-02
1.977E-03	7.914E-02	4.559E-02	3.355E-02
1.995E-03	7.949E-02	4.579E-02	3.370E-02
2.014E-03	7.984E-02	4.599E-02	3.385E-02
2.032E-03	8.019E-02	4.618E-02	3.401E-02
2.051E-03	8.054E-02	4.638E-02	3.416E-02
2.070E-03	8.090E-02	4.658E-02	3.431E-02
2.089E-03	8.125E-02	4.678E-02	3.447E-02
2.109E-03	8.161E-02	4.698E-02	3.463E-02
2.128E-03	8.197E-02	4.718E-02	3.478E-02
2.148E-03	8.233E-02	4.739E-02	3.494E-02
2.168E-03	8.269E-02	4.759E-02	3.510E-02
2.188E-03	8.305E-02	4.780E-02	3.526E-02
2.208E-03	8.342E-02	4.800E-02	3.542E-02
2.228E-03	8.378E-02	4.821E-02	3.558E-02
2.249E-03	8.415E-02	4.841E-02	3.574E-02
2.270E-03	8.452E-02	4.862E-02	3.590E-02
2.291E-03	8.489E-02	4.883E-02	3.606E-02
2.312E-03	8.527E-02	4.904E-02	3.622E-02
2.333E-03	8.564E-02	4.925E-02	3.639E-02
2.355E-03	8.602E-02	4.946E-02	3.655E-02
2.377E-03	8.640E-02	4.968E-02	3.672E-02
2.399E-03	8.678E-02	4.989E-02	3.688E-02
2.421E-03	8.716E-02	5.011E-02	3.705E-02
2.443E-03	8.754E-02	5.032E-02	3.722E-02
2.466E-03	8.793E-02	5.054E-02	3.739E-02
2.489E-03	8.831E-02	5.076E-02	3.756E-02
2.512E-03	8.870E-02	5.097E-02	3.773E-02
2.535E-03	8.909E-02	5.119E-02	3.790E-02
2.559E-03	8.948E-02	5.141E-02	3.807E-02
2.582E-03	8.988E-02	5.164E-02	3.824E-02
2.606E-03	9.027E-02	5.186E-02	3.842E-02
2.630E-03	9.067E-02	5.208E-02	3.859E-02
2.655E-03	9.107E-02	5.230E-02	3.877E-02
2.679E-03	9.147E-02	5.253E-02	3.894E-02
2.704E-03	9.187E-02	5.276E-02	3.912E-02
2.729E-03	9.228E-02	5.298E-02	3.929E-02
2.754E-03	9.268E-02	5.321E-02	3.947E-02
2.780E-03	9.309E-02	5.344E-02	3.965E-02
2.805E-03	9.350E-02	5.367E-02	3.983E-02
2.831E-03	9.391E-02	5.390E-02	4.001E-02
2.858E-03	9.433E-02	5.413E-02	4.019E-02
2.884E-03	9.474E-02	5.437E-02	4.038E-02
2.911E-03	9.516E-02	5.460E-02	4.056E-02
2.938E-03	9.558E-02	5.484E-02	4.074E-02
2.965E-03	9.600E-02	5.507E-02	4.093E-02
2.992E-03	9.642E-02	5.531E-02	4.111E-02
3.020E-03	9.685E-02	5.555E-02	4.130E-02
3.048E-03	9.728E-02	5.579E-02	4.149E-02
3.076E-03	9.771E-02	5.603E-02	4.168E-02
3.105E-03	9.814E-02	5.627E-02	4.187E-02
3.133E-03	9.857E-02	5.651E-02	4.206E-02
3.162E-03	9.900E-02	5.676E-02	4.225E-02
3.192E-03	9.944E-02	5.700E-02	4.244E-02
3.221E-03	9.988E-02	5.725E-02	4.263E-02
3.251E-03	1.003E-01	5.749E-02	4.282E-02
3.281E-03	1.008E-01	5.774E-02	4.302E-02
3.311E-03	1.012E-01	5.799E-02	4.321E-02
3.342E-03	1.017E-01	5.824E-02	4.341E-02
3.373E-03	1.021E-01	5.849E-02	4.361E-02
3.404E-03	1.026E-01	5.875E-02	4.381E-02
3.436E-03	1.030E-01	5.900E-02	4.401E-02
3.467E-03	1.035E-01	5.925E-02	4.421E-02
3.499E-03	1.039E-01	5.951E-02	4.441E-02
3.532E-03	1.044E-01	5.977E-02	4.461E-02
3.565E-03	1.048E-01	6.002E-02	4.481E-02
3.597E-03	1.053E-01	6.028E-02	4.502E-02
3.631E-03	1.058E-01	6.054E-02	4.522E-02
3.664E-03	1.062E-01	6.081E-02	4.543E-02
3.698E-03	1.067E-01	6.107E-02	4.563E-02
3.733E-03	1.072E-01	6.133E-02	4.584E-02
3.767E-03	1.076E-01	6.160E-02	4.605E-02
3.802E-03	1.081E-01	6.186E-02	4.626E-02
3.837E-03	1.086E-01	6.213E-02	4.647E-02
3.873E-03	1.091E-01	6.240E-02	4.668E-02
3.908E-03	1.096E-01	6.267E-02	4.689E-02
3.945E-03	1.100E-01	6.294E-02	4.711E-02
3.981E-03	1.105E-01	6.321E-02	4.732E-02
4.018E-03	1.110E-01	6.348E-02	4.754E-02
4.055E-03	1.115E-01	6.376E-02	4.775E-02
4.093E-03	1.120E-01	6.404E-02	4.797E-02
4.130E-03	1.125E-01	6.431E-02	4.819E-02
4.169E-03	1.130E-01	6.459E-02	4.841E-02
4.207E-03	1.135E-01	6.487E-02	4.863E-02
4.246E-03	1.140E-01	6.515E-02	4.885E-02
4.285E-03	1.145E-01	6.543E-02	4.908E-02
4.325E-03	1.150E-01	6.572E-02	4.930E-02
4.365E-03	1.155E-01	6.600E-02	4.953E-02
4.406E-03	1.160E-01	6.629E-02	4.975E-02
4.446E-03	1.166E-01	6.657E-02	4.998E-02
4.487E-03	1.171E-01	6.686E-02	5.021E-02
4.529E-03	1.176E-01	6.715E-02	5.044E-02
4.571E-03	1.181E-01	6.744E-02	5.067E-02
4.613E-03	1.186E-01	6.773E-02	5.090E-02
4.656E-03	1.192E-01	6.803E-02	5.113E-02
4.699E-03	1.197E-01	6.832E-02	5.136E-02
4.742E-03	1.202E-01	6.862E-02	5.160E-02
4.786E-03	1.207E-01	6.891E-02	5.183E-02
4.831E-03	1.213E-01	6.921E-02	5.207E-02
4.875E-03	1.218E-01	6.951E-02	5.231E-02
4.920E-03	1.224E-01	6.981E-02	5.255E-02
4.966E-03	1.229E-01	7.012E-02	5.279E-02
5.012E-03	1.235E-01	7.042E-02	5.303E-02
5.058E-03	1.240E-01	7.073E-02	5.327E-02
5.105E-03	1.245E-01	7.103E-02	5.352E-02
5.152E-03	1.251E-01	7.134E-02	5.376E-02
5.200E-03	1.257E-01	7.165E-02	5.401E-02
5.248E-03	1.262E-01	7.196E-02	5.426E-02
5.297E-03	1.268E-01	7.227E-02	5.450E-02
5.346E-03	1.273E-01	7.259E-02	5.475E-02
5.395E-03	1.279E-01	7.290E-02	5.501E-02
5.445E-03	1.285E-01	7.322E-02	5.526E-02
5.495E-03	1.290E-01	7.353E-02	5.551E-02
5.546E-03	1.296E-01	7.385E-02	5.577E-02
5.598E-03	1.302E-01	7.417E-02	5.602E-02
5.649E-03	1.308E-01	7.450E-02	5.628E-02
5.702E-03	1.314E-01	7.482E-02	5.654E-02
5.754E-03	1.319E-01	7.515E-02	5.680E-02
5.808E-03	1.325E-01	7.547E-02	5.706E-02
5.861E-03	1.331E-01	7.580E-02	5.732E-02
5.916E-03	1.337E-01	7.613E-02	5.758E-02
5.970E-03	1.343E-01	7.646E-02	5.785E-02
6.026E-03	1.349E-01	7.679E-02	5.811E-02
6.081E-03	1.355E-01	7.713E-02	5.838E-02
6.138E-03	1.361E-01	7.746E-02	5.865E-02
6.194E-03	1.367E-01	7.780E-02	5.892E-02
6.252E-03	1.373E-01	7.814E-02	5.919E-02
6.310E-03	1.379E-01	7.847E-02	5.946E-02
6.368E-03	1.385E-01	7.882E-02	5.973E-02
6.427E-03	1.392E-01	7.916E-02	6.001E-02
6.486E-03	1.398E-01	7.950E-02	6.028E-02
6.546E-03	1.404E-01	7.985E-02	6.056E-02
6.607E-03	1.410E-01	8.020E-02	6.084E-02
6.668E-03	1.417E-01	8.055E-02	6.112E-02
6.730E-03	1.423E-01	8.090E-02	6.140E-02
6.792E-03	1.429E-01	8.125E-02	6.168E-02
6.855E-03	1.436E-01	8.160E-02	6.197E-02
6.918E-03	1.442E-01	8.196E-02	6.225E-02
6.982E-03	1.449E-01	8.231E-02	6.254E-02
7.047E-03	1.455E-01	8.267E-02	6.283E-02
7.112E-03	1.462E-01	8.303E-02	6.312E-02
7.178E-03	1.468E-01	8.339E-02	6.341E-02
7.244E-03	1.475E-01	8.376E-02	6.370E-02
7.311E-03	1.481E-01	8.412E-02	6.400E-02
7.379E-03	1.488E-01	8.449E-02	6.429E-02
7.447E-03	1.494E-01	8.486E-02	6.459E-02
7.516E-03	1.501E-01	8.523E-02	6.489E-02
7.586E-03	1.508E-01	8.560E-02	6.519E-02
7.656E-03	1.515E-01	8.597E-02	6.549E-02
7.727E-03	1.521E-01	8.635E-02	6.579E-02
7.798E-03	1.528E-01	8.672E-02	6.609E-02
7.870E-03	1.535E-01	8.710E-02	6.640E-02
7.943E-03	1.542E-01	8.748E-02	6.671E-02
8.017E-03	1.549E-01	8.786E-02	6.702E-02
8.091E-03	1.556E-01	8.824E-02	6.733E-02
8.166E-03	1.563E-01	8.863E-02	6.764E-02
8.241E-03	1.570E-01	8.902E-02	6.795E-02
8.318E-03	1.577E-01	8.940E-02	6.826E-02
8.395E-03	1.584E-01	8.979E-02	6.858E-02
8.472E-03	1.591E-01	9.019E-02	6.890E-02
8.551E-03	1.598E-01	9.058E-02	6.922E-02
8.630E-03	1.605E-01	9.098E-02	6.954E-02
8.710E-03	1.612E-01	9.137E-02	6.986E-02
8.790E-03	1.620E-01	9.177E-02	7.018E-02
8.872E-03	1.627E-01	9.217E-02	7.051E-02
8.954E-03	1.634E-01	9.257E-02	7.084E-02
9.036E-03	1.641E-01	9.298E-02	7.117E-02
9.120E-03	1.649E-01	9.338E-02	7.150E-02
9.204E-03	1.656E-01	9.379E-02	7.183E-02
9.290E-03	1.664E-01	9.420E-02	7.216E-02
9.376E-03	1.671E-01	9.461E-02	7.250E-02
9.462E-03	1.679E-01	9.503E-02	7.283E-02
9.550E-03	1.686E-01	9.544E-02	7.317E-02
9.638E-03	1.694E-01	9.586E-02	7.351E-02
9.727E-03	1.701E-01	9.628E-02	7.386E-02
9.817E-03	1.709E-01	9.670E-02	7.420E-02
9.908E-03	1.717E-01	9.712E-02	7.454E-02
1.000E-02	1.724E-01	9.755E-02	7.489E-02
1.009E-02	1.732E-01	9.797E-02	7.524E-02
1.019E-02	1.740E-01	9.840E-02	7.559E-02
1.028E-02	1.748E-01	9.883E-02	7.594E-02
1.038E-02	1.756E-01	9.926E-02	7.630E-02
1.047E-02	1.764E-01	9.970E-02	7.665E-02
1.057E-02	1.771E-01	1.001E-01	7.701E-02
1.067E-02	1.779E-01	1.006E-01	7.737E-02
1.076E-02	1.787E-01	1.010E-01	7.773E-02
1.086E-02	1.795E-01	1.015E-01	7.809E-02
1.096E-02	1.804E-01	1.019E-01	7.846E-02
1.107E-02	1.812E-01	1.023E-01	7.882E-02
1.117E-02	1.820E-01	1.028E-01	7.919E-02
1.127E-02	1.828E-01	1.032E-01	7.956E-02
1.138E-02	1.836E-01	1.037E-01	7.993E-02
1.148E-02	1.845E-01	1.041E-01	8.031E-02
1.159E-02	1.853E-01	1.046E-01	8.068E-02
1.169E-02	1.861E-01	1.051E-01	8.106E-02
1.180E-02	1.870E-01	1.055E-01	8.144E-02
1.191E-02	1.878E-01	1.060E-01	8.182E-02
1.202E-02	1.887E-01	1.064E-01	8.220E-02
1.213E-02	1.895E-01	1.069E-01	8.259E-02
1.225E-02	1.904E-01	1.074E-01	8.297E-02
1.236E-02	1.912E-01	1.079E-01	8.336E-02
1.247E-02	1.921E-01	1.083E-01	8.375E-02
1.259E-02	1.929E-01	1.088E-01	8.415E-02
1.271E-02	1.938E-01	1.093E-01	8.454E-02
1.282E-02	1.947E-01	1.098E-01	8.494E-02
1.294E-02	1.956E-01	1.102E-01	8.534E-02
1.306E-02	1.965E-01	1.107E-01	8.574E-02
1.318E-02	1.973E-01	1.112E-01	8.614E-02
1.330E-02	1.982E-01	1.117E-01	8.654E-02
1.343E-02	1.991E-01	1.122E-01	8.695E-02
1.355E-02	2.000E-01	1.127E-01	8.736E-02
1.368E-02	2.009E-01	1.132E-01	8.777E-02
1.380E-02	2.018E-01	1.137E-01	8.818E-02
1.393E-02	2.028E-01	1.142E-01	8.860E-02
1.406E-02	2.037E-01	1.147E-01	8.901E-02
1.419E-02	2.046E-01	1.152E-01	8.943E-02
1.432E-02	2.055E-01	1.157E-01	8.985E-02
1.445E-02	2.065E-01	1.162E-01	9.028E-02
1.459E-02	2.074E-01	1.167E-01	9.070E-02
1.472E-02	2.083E-01	1.172E-01	9.113E-02
1.486E-02	2.093E-01	1.177E-01	9.156E-02
1.500E-02	2.102E-01	1.182E-01	9.199E-02
1.514E-02	2.112E-01	1.187E-01	9.242E-02
1.528E-02	2.121E-01	1.193E-01	9.286E-02
1.542E-02	2.131E-01	1.198E-01	9.330E-02
1.556E-02	2.140E-01	1.203E-01	9.374E-02
1.570E-02	2.150E-01	1.208E-01	9.418E-02
1.585E-02	2.160E-01	1.214E-01	9.463E-02
1.600E-02	2.170E-01	1.219E-01	9.507E-02
1.614E-02	2.180E-01	1.224E-01	9.552E-02
1.629E-02	2.189E-01	1.230E-01	9.597E-02
1.644E-02	2.199E-01	1.235E-01	9.643E-02
1.660E-02	2.209E-01	1.240E-01	9.688E-02
1.675E-02	2.219E-01	1.246E-01	9.734E-02
1.690E-02	2.229E-01	1.251E-01	9.780E-02
1.706E-02	2.240E-01	1.257E-01	9.827E-02
1.722E-02	2.250E-01	1.262E-01	9.873E-02
1.738E-02	2.260E-01	1.268E-01	9.920E-02
1.754E-02	2.270E-01	1.273E-01	9.967E-02
1.770E-02	2.280E-01	1.279E-01	1.001E-01
1.786E-02	2.291E-01	1.285E-01	1.006E-01
1.803E-02	2.301E-01	1.290E-01	1.011E-01
1.820E-02	2.312E-01	1.296E-01	1.016E-01
1.837E-02	2.322E-01	1.302E-01	1.021E-01
1.854E-02	2.333E-01	1.307E-01	1.025E-01
1.871E-02	2.343E-01	1.313E-01	1.030E-01
1.888E-02	2.354E-01	1.319E-01	1.035E-01
1.905E-02	2.365E-01	1.324E-01	1.040E-01
1.923E-02	2.375E-01	1.330E-01	1.045E-01
1.941E-02	2.386E-01	1.336E-01	1.050E-01
1.959E-02	2.397E-01	1.342E-01	1.055E-01
1.977E-02	2.408E-01	1.348E-01	1.060E-01
1.995E-02	2.419E-01	1.354E-01	1.065E-01
2.014E-02	2.430E-01	1.360E-01	1.070E-01
2.032E-02	2.441E-01	1.366E-01	1.075E-01
2.051E-02	2.452E-01	1.371E-01	1.080E-01
2.070E-02	2.463E-01	1.377E-01	1.085E-01
2.089E-02	2.474E-01	1.383E-01	1.091E-01
2.109E-02	2.485E-01	1.390E-01	1.096E-01
2.128E-02	2.497E-01	1.396E-01	1.101E-01
2.148E-02	2.508E-01	1.402E-01	1.106E-01
2.168E-02	2.519E-01	1.408E-01	1.112E-01
2.188E-02	2.531E-01	1.414E-01	1.117E-01
2.208E-02	2.542E-01	1.420E-01	1.122E-01
2.228E-02	2.554E-01	1.426E-01	1.128E-01
2.249E-02	2.565E-01	1.433E-01	1.133E-01
2.270E-02	2.577E-01	1.439E-01	1.138E-01
2.291E-02	2.589E-01	1.445E-01	1.144E-01
2.312E-02	2.601E-01	1.451E-01	1.149E-01
2.333E-02	2.612E-01	1.458E-01	1.155E-01
2.355E-02	2.624E-01	1.464E-01	1.160E-01
2.377E-02	2.636E-01	1.470E-01	1.166E-01
2.399E-02	2.648E-01	1.477E-01	1.171E-01
2.421E-02	2.660E-01	1.483E-01	1.177E-01
2.443E-02	2.672E-01	1.490E-01	1.183E-01
2.466E-02	2.684E-01	1.496E-01	1.188E-01
2.489E-02	2.697E-01	1.503E-01	1.194E-01
2.512E-02	2.709E-01	1.509E-01	1.200E-01
2.535E-02	2.721E-01	1.516E-01	1.205E-01
2.559E-02	2.733E-01	1.522E-01	1.211E-01
2.582E-02	2.746E-01	1.529E-01	1.217E-01
2.606E-02	2.758E-01	1.535E-01	1.223E-01
2.630E-02	2.771E-01	1.542E-01	1.229E-01
2.655E-02	2.783E-01	1.549E-01	1.235E-01
2.679E-02	2.796E-01	1.555E-01	1.241E-01
2.704E-02	2.809E-01	1.562E-01	1.247E-01
2.729E-02	2.821E-01	1.569E-01	1.252E-01
2.754E-02	2.834E-01	1.576E-01	1.259E-01
2.780E-02	2.847E-01	1.582E-01	1.265E-01
2.805E-02	2.860E-01	1.589E-01	1.271E-01
2.831E-02	2.873E-01	1.596E-01	1.277E-01
2.858E-02	2.886E-01	1.603E-01	1.283E-01
2.884E-02	2.899E-01	1.610E-01	1.289E-01
2.911E-02	2.912E-01	1.617E-01	1.295E-01
2.938E-02	2.925E-01	1.624E-01	1.301E-01
2.965E-02	2.939E-01	1.631E-01	1.308E-01
2.992E-02	2.952E-01	1.638E-01	1.314E-01
3.020E-02	2.965E-01	1.645E-01	1.320E-01
3.048E-02	2.979E-01	1.652E-01	1.327E-01
3.076E-02	2.992E-01	1.659E-01	1.333E-01
3.105E-02	3.006E-01	1.666E-01	1.339E-01
3.133E-02	3.019E-01	1.673E-01	1.346E-01
3.162E-02	3.033E-01	1.680E-01	1.352E-01
3.192E-02	3.046E-01	1.688E-01	1.359E-01
3.221E-02	3.060E-01	1.695E-01	1.365E-01
3.251E-02	3.074E-01	1.702E-01	1.372E-01
3.281E-02	3.088E-01	1.709E-01	1.379E-01
3.311E-02	3.102E-01	1.717E-01	1.385E-01
3.342E-02	3.116E-01	1.724E-01	1.392E-01
3.373E-02	3.130E-01	1.731E-01	1.399E-01
3.404E-02	3.144E-01	1.739E-01	1.405E-01
3.436E-02	3.158E-01	1.746E-01	1.412E-01
3.467E-02	3.172E-01	1.753E-01	1.419E-01
3.499E-02	3.187E-01	1.761E-01	1.426E-01
3.532E-02	3.201E-01	1.768E-01	1.433E-01
3.565E-02	3.215E-01	1.776E-01	1.439E-01
3.597E-02	3.230E-01	1.783E-01	1.446E-01
3.631E-02	3.244E-01	1.791E-01	1.453E-01
3.664E-02	3.259E-01	1.798E-01	1.460E-01
3.698E-02	3.273E-01	1.806E-01	1.467E-01
3.733E-02	3.288E-01	1.813E-01	1.474E-01
3.767E-02	3.303E-01	1.821E-01	1.482E-01
3.802E-02	3.317E-01	1.829E-01	1.489E-01
3.837E-02	3.332E-01	1.836E-01	1.496E-01
3.873E-02	3.347E-01	1.844E-01	1.503E-01
3.908E-02	3.362E-01	1.852E-01	1.510E-01
3.945E-02	3.377E-01	1.860E-01	1.518E-01
3.981E-02	3.392E-01	1.867E-01	1.525E-01
4.018E-02	3.407E-01	1.875E-01	1.532E-01
4.055E-02	3.422E-01	1.883E-01	1.540E-01
4.093E-02	3.438E-01	1.891E-01	1.547E-01
4.130E-02	3.453E-01	1.899E-01	1.554E-01
4.169E-02	3.468E-01	1.906E-01	1.562E-01
4.207E-02	3.484E-01	1.914E-01	1.569E-01
4.246E-02	3.499E-01	1.922E-01	1.577E-01
4.285E-02	3.515E-01	1.930E-01	1.585E-01
4.325E-02	3.530E-01	1.938E-01	1.592E-01
4.365E-02	3.546E-01	1.946E-01	1.600E-01
4.406E-02	3.562E-01	1.954E-01	1.608E-01
4.446E-02	3.577E-01	1.962E-01	1.615E-01
4.487E-02	3.593E-01	1.970E-01	1.623E-01
4.529E-02	3.609E-01	1.978E-01	1.631E-01
4.571E-02	3.625E-01	1.986E-01	1.639E-01
4.613E-02	3.641E-01	1.994E-01	1.647E-01
4.656E-02	3.657E-01	2.002E-01	1.654E-01
4.699E-02	3.673E-01	2.010E-01	1.662E-01
4.742E-02	3.689E-01	2.019E-01	1.670E-01
4.786E-02	3.705E-01	2.027E-01	1.678E-01
4.831E-02	3.721E-01	2.035E-01	1.686E-01
4.875E-02	3.738E-01	2.043E-01	1.694E-01
4.920E-02	3.754E-01	2.051E-01	1.703E-01
4.966E-02	3.770E-01	2.059E-01	1.711E-01
5.012E-02	3.787E-01	2.068E-01	1.719E-01
5.058E-02	3.803E-01	2.076E-01	1.727E-01
5.105E-02	3.820E-01	2.084E-01	1.735E-01
5.152E-02	3.836E-01	2.092E-01	1.744E-01
5.200E-02	3.853E-01	2.101E-01	1.752E-01
5.248E-02	3.869E-01	2.109E-01	1.760E-01
5.297E-02	3.886E-01	2.117E-01	1.769E-01
5.346E-02	3.903E-01	2.126E-01	1.777E-01
5.395E-02	3.920E-01	2.134E-01	1.786E-01
5.445E-02	3.937E-01	2.142E-01	1.794E-01
5.495E-02	3.953E-01	2.151E-01	1.803E-01
5.546E-02	3.970E-01	2.159E-01	1.811E-01
5.598E-02	3.987E-01	2.167E-01	1.820E-01
5.649E-02	4.004E-01	2.176E-01	1.829E-01
5.702E-02	4.021E-01	2.184E-01	1.837E-01
5.754E-02	4.039E-01	2.192E-01	1.846E-01
5.808E-02	4.056E-01	2.201E-01	1.855E-01
5.861E-02	4.073E-01	2.209E-01	1.864E-01
5.916E-02	4.090E-01	2.218E-01	1.873E-01
5.970E-02	4.107E-01	2.226E-01	1.881E-01
6.026E-02	4.125E-01	2.234E-01	1.890E-01
6.081E-02	4.142E-01	2.243E-01	1.899E-01
6.138E-02	4.159E-01	2.251E-01	1.908E-01
6.194E-02	4.177E-01	2.260E-01	1.917E-01
6.252E-02	4.194E-01	2.268E-01	1.926E-01
6.310E-02	4.212E-01	2.276E-01	1.935E-01
6.368E-02	4.229E-01	2.285E-01	1.944E-01
6.427E-02	4.247E-01	2.293E-01	1.954E-01
6.486E-02	4.265E-01	2.302E-01	1.963E-01
6.546E-02	4.282E-01	2.310E-01	1.972E-01
6.607E-02	4.300E-01	2.319E-01	1.981E-01
6.668E-02	4.317E-01	2.327E-01	1.991E-01
6.730E-02	4.335E-01	2.335E-01	2.000E-01
6.792E-02	4.353E-01	2.344E-01	2.009E-01
6.855E-02	4.371E-01	2.352E-01	2.019E-01
6.918E-02	4.388E-01	2.360E-01	2.028E-01
6.982E-02	4.406E-01	2.369E-01	2.037E-01
7.047E-02	4.424E-01	2.377E-01	2.047E-01
7.112E-02	4.442E-01	2.386E-01	2.056E-01
7.178E-02	4.460E-01	2.394E-01	2.066E-01
7.244E-02	4.478E-01	2.402E-01	2.076E-01
7.311E-02	4.496E-01	2.410E-01	2.085E-01
7.379E-02	4.514E-01	2.419E-01	2.095E-01
7.447E-02	4.532E-01	2.427E-01	2.104E-01
7.516E-02	4.549E-01	2.435E-01	2.114E-01
7.586E-02	4.567E-01	2.443E-01	2.124E-01
7.656E-02	4.585E-01	2.452E-01	2.134E-01
7.727E-02	4.603E-01	2.460E-01	2.143E-01
7.798E-02	4.621E-01	2.468E-01	2.153E-01
7.870E-02	4.639E-01	2.476E-01	2.163E-01
7.943E-02	4.657E-01	2.484E-01	2.173E-01
8.017E-02	4.675E-01	2.492E-01	2.183E-01
8.091E-02	4.693E-01	2.500E-01	2.193E-01
8.166E-02	4.711E-01	2.508E-01	2.203E-01
8.241E-02	4.729E-01	2.516E-01	2.213E-01
8.318E-02	4.747E-01	2.524E-01	2.223E-01
8.395E-02	4.765E-01	2.532E-01	2.233E-01
8.472E-02	4.783E-01	2.540E-01	2.243E-01
8.551E-02	4.801E-01	2.548E-01	2.253E-01
8.630E-02	4.819E-01	2.556E-01	2.263E-01
8.710E-02	4.837E-01	2.564E-01	2.273E-01
8.790E-02	4.855E-01	2.572E-01	2.283E-01
8.872E-02	4.873E-01	2.579E-01	2.294E-01
8.954E-02	4.891E-01	2.587E-01	2.304E-01
9.036E-02	4.908E-01	2.594E-01	2.314E-01
9.120E-02	4.926E-01	2.602E-01	2.324E-01
9.204E-02	4.944E-01	2.610E-01	2.335E-01
9.290E-02	4.962E-01	2.617E-01	2.345E-01
9.376E-02	4.980E-01	2.624E-01	2.355E-01
9.462E-02	4.997E-01	2.632E-01	2.365E-01
9.550E-02	5.015E-01	2.639E-01	2.376E-01
9.638E-02	5.032E-01	2.646E-01	2.386E-01
9.727E-02	5.050E-01	2.654E-01	2.396E-01
9.817E-02	5.068E-01	2.661E-01	2.407E-01
9.908E-02	5.085E-01	2.668E-01	2.417E-01
1.000E-01	5.102E-01	2.675E-01	2.428E-01
1.009E-01	5.120E-01	2.682E-01	2.438E-01
1.019E-01	5.137E-01	2.688E-01	2.449E-01
1.028E-01	5.154E-01	2.695E-01	2.459E-01
1.038E-01	5.171E-01	2.702E-01	2.469E-01
1.047E-01	5.188E-01	2.709E-01	2.480E-01
1.057E-01	5.206E-01	2.715E-01	2.490E-01
1.067E-01	5.222E-01	2.722E-01	2.501E-01
1.076E-01	5.239E-01	2.728E-01	2.511E-01
1.086E-01	5.256E-01	2.734E-01	2.522E-01
1.096E-01	5.273E-01	2.741E-01	2.532E-01
1.107E-01	5.289E-01	2.747E-01	2.543E-01
1.117E-01	5.306E-01	2.753E-01	2.553E-01
1.127E-01	5.322E-01	2.759E-01	2.564E-01
1.138E-01	5.339E-01	2.765E-01	2.574E-01
1.148E-01	5.355E-01	2.770E-01	2.585E-01
1.159E-01	5.371E-01	2.776E-01	2.595E-01
1.169E-01	5.387E-01	2.782E-01	2.606E-01
1.180E-01	5.403E-01	2.787E-01	2.616E-01
1.191E-01	5.419E-01	2.792E-01	2.627E-01
1.202E-01	5.435E-01	2.798E-01	2.637E-01
1.213E-01	5.450E-01	2.803E-01	2.648E-01
1.225E-01	5.466E-01	2.808E-01	2.658E-01
1.236E-01	5.481E-01	2.812E-01	2.668E-01
1.247E-01	5.496E-01	2.817E-01	2.679E-01
1.259E-01	5.511E-01	2.822E-01	2.689E-01
1.271E-01	5.526E-01	2.826E-01	2.700E-01
1.282E-01	5.541E-01	2.831E-01	2.710E-01
1.294E-01	5.555E-01	2.835E-01	2.720E-01
1.306E-01	5.570E-01	2.839E-01	2.731E-01
1.318E-01	5.584E-01	2.843E-01	2.741E-01
1.330E-01	5.598E-01	2.847E-01	2.751E-01
1.343E-01	5.612E-01	2.850E-01	2.761E-01
1.355E-01	5.625E-01	2.854E-01	2.771E-01
1.368E-01	5.639E-01	2.857E-01	2.782E-01
1.380E-01	5.652E-01	2.861E-01	2.792E-01
1.393E-01	5.665E-01	2.864E-01	2.802E-01
1.406E-01	5.678E-01	2.867E-01	2.812E-01
1.419E-01	5.691E-01	2.869E-01	2.822E-01
1.432E-01	5.704E-01	2.872E-01	2.832E-01
1.445E-01	5.716E-01	2.874E-01	2.842E-01
1.459E-01	5.728E-01	2.876E-01	2.852E-01
1.472E-01	5.740E-01	2.879E-01	2.861E-01
1.486E-01	5.752E-01	2.880E-01	2.871E-01
1.500E-01	5.763E-01	2.882E-01	2.881E-01
1.514E-01	5.774E-01	2.884E-01	2.891E-01
1.528E-01	5.785E-01	2.885E-01	2.900E-01
1.542E-01	5.796E-01	2.886E-01	2.910E-01
1.556E-01	5.806E-01	2.887E-01	2.919E-01
1.570E-01	5.816E-01	2.888E-01	2.929E-01
1.585E-01	5.826E-01	2.888E-01	2.938E-01
1.600E-01	5.836E-01	2.888E-01	2.947E-01
1.614E-01	5.845E-01	2.889E-01	2.956E-01
1.629E-01	5.854E-01	2.888E-01	2.966E-01
1.644E-01	5.863E-01	2.888E-01	2.975E-01
1.660E-01	5.871E-01	2.888E-01	2.984E-01
1.675E-01	5.879E-01	2.887E-01	2.992E-01
1.690E-01	5.887E-01	2.886E-01	3.001E-01
1.706E-01	5.894E-01	2.885E-01	3.010E-01
1.722E-01	5.901E-01	2.883E-01	3.018E-01
1.738E-01	5.908E-01	2.881E-01	3.027E-01
1.754E-01	5.915E-01	2.879E-01	3.035E-01
1.770E-01	5.921E-01	2.877E-01	3.044E-01
1.786E-01	5.926E-01	2.875E-01	3.052E-01
1.803E-01	5.932E-01	2.872E-01	3.060E-01
1.820E-01	5.937E-01	2.869E-01	3.068E-01
1.837E-01	5.941E-01	2.866E-01	3.076E-01
1.854E-01	5.946E-01	2.862E-01	3.083E-01
1.871E-01	5.949E-01	2.859E-01	3.091E-01
1.888E-01	5.953E-01	2.855E-01	3.098E-01
1.905E-01	5.956E-01	2.850E-01	3.106E-01
1.923E-01	5.958E-01	2.846E-01	3.113E-01
1.941E-01	5.961E-01	2.841E-01	3.120E-01
1.959E-01	5.962E-01	2.836E-01	3.127E-01
1.977E-01	5.964E-01	2.830E-01	3.133E-01
1.995E-01	5.965E-01	2.825E-01	3.140E-01
2.014E-01	5.965E-01	2.819E-01	3.146E-01
2.032E-01	5.965E-01	2.812E-01	3.152E-01
2.051E-01	5.964E-01	2.806E-01	3.158E-01
2.070E-01	5.963E-01	2.799E-01	3.164E-01
2.089E-01	5.962E-01	2.792E-01	3.170E-01
2.109E-01	5.960E-01	2.784E-01	3.176E-01
2.128E-01	5.957E-01	2.776E-01	3.181E-01
2.148E-01	5.954E-01	2.768E-01	3.186E-01
2.168E-01	5.951E-01	2.760E-01	3.191E-01
2.188E-01	5.947E-01	2.751E-01	3.196E-01
2.208E-01	5.942E-01	2.742E-01	3.200E-01
2.228E-01	5.937E-01	2.732E-01	3.205E-01
2.249E-01	5.931E-01	2.723E-01	3.209E-01
2.270E-01	5.925E-01	2.713E-01	3.213E-01
2.291E-01	5.918E-01	2.702E-01	3.216E-01
2.312E-01	5.911E-01	2.691E-01	3.220E-01
2.333E-01	5.903E-01	2.680E-01	3.223E-01
2.355E-01	5.895E-01	2.669E-01	3.226E-01
2.377E-01	5.886E-01	2.657E-01	3.228E-01
2.399E-01	5.876E-01	2.645E-01	3.231E-01
2.421E-01	5.866E-01	2.633E-01	3.233E-01
2.443E-01	5.855E-01	2.620E-01	3.235E-01
2.466E-01	5.843E-01	2.607E-01	3.237E-01
2.489E-01	5.831E-01	2.593E-01	3.238E-01
2.512E-01	5.818E-01	2.579E-01	3.239E-01
2.535E-01	5.805E-01	2.565E-01	3.240E-01
2.559E-01	5.790E-01	2.550E-01	3.240E-01
2.582E-01	5.776E-01	2.535E-01	3.240E-01
2.606E-01	5.760E-01	2.520E-01	3.240E-01
2.630E-01	5.744E-01	2.504E-01	3.240E-01
2.655E-01	5.727E-01	2.488E-01	3.239E-01
2.679E-01	5.710E-01	2.472E-01	3.238E-01
2.704E-01	5.692E-01	2.455E-01	3.236E-01
2.729E-01	5.673E-01	2.438E-01	3.235E-01
2.754E-01	5.653E-01	2.421E-01	3.232E-01
2.780E-01	5.633E-01	2.403E-01	3.230E-01
2.805E-01	5.612E-01	2.385E-01	3.227E-01
2.831E-01	5.590E-01	2.366E-01	3.224E-01
2.858E-01	5.568E-01	2.347E-01	3.220E-01
2.884E-01	5.544E-01	2.328E-01	3.216E-01
2.911E-01	5.520E-01	2.309E-01	3.212E-01
2.938E-01	5.496E-01	2.289E-01	3.207E-01
2.965E-01	5.470E-01	2.268E-01	3.202E-01
2.992E-01	5.444E-01	2.248E-01	3.196E-01
3.020E-01	5.417E-01	2.227E-01	3.190E-01
3.048E-01	5.389E-01	2.205E-01	3.184E-01
3.076E-01	5.361E-01	2.184E-01	3.177E-01
3.105E-01	5.332E-01	2.162E-01	3.170E-01
3.133E-01	5.301E-01	2.140E-01	3.162E-01
3.162E-01	5.271E-01	2.117E-01	3.154E-01
3.192E-01	5.239E-01	2.094E-01	3.145E-01
3.221E-01	5.207E-01	2.071E-01	3.136E-01
3.251E-01	5.174E-01	2.047E-01	3.126E-01
3.281E-01	5.140E-01	2.023E-01	3.116E-01
3.311E-01	5.105E-01	1.999E-01	3.106E-01
3.342E-01	5.069E-01	1.975E-01	3.095E-01
3.373E-01	5.033E-01	1.950E-01	3.083E-01
3.404E-01	4.996E-01	1.925E-01	3.071E-01
3.436E-01	4.958E-01	1.900E-01	3.059E-01
3.467E-01	4.919E-01	1.874E-01	3.046E-01
3.499E-01	4.880E-01	1.848E-01	3.032E-01
3.532E-01	4.840E-01	1.822E-01	3.018E-01
3.565E-01	4.799E-01	1.796E-01	3.003E-01
3.597E-01	4.757E-01	1.769E-01	2.988E-01
3.631E-01	4.714E-01	1.742E-01	2.972E-01
3.664E-01	4.671E-01	1.715E-01	2.956E-01
3.698E-01	4.627E-01	1.688E-01	2.939E-01
3.733E-01	4.582E-01	1.660E-01	2.922E-01
3.767E-01	4.537E-01	1.633E-01	2.904E-01
3.802E-01	4.490E-01	1.605E-01	2.885E-01
3.837E-01	4.443E-01	1.577E-01	2.866E-01
3.873E-01	4.395E-01	1.549E-01	2.847E-01
3.908E-01	4.347E-01	1.521E-01	2.826E-01
3.945E-01	4.298E-01	1.492E-01	2.805E-01
3.981E-01	4.248E-01	1.464E-01	2.784E-01
4.018E-01	4.197E-01	1.435E-01	2.762E-01
4.055E-01	4.146E-01	1.406E-01	2.739E-01
4.093E-01	4.094E-01	1.377E-01	2.716E-01
4.130E-01	4.041E-01	1.348E-01	2.692E-01
4.169E-01	3.987E-01	1.319E-01	2.668E-01
4.207E-01	3.933E-01	1.290E-01	2.643E-01
4.246E-01	3.879E-01	1.261E-01	2.618E-01
4.285E-01	3.824E-01	1.232E-01	2.591E-01
4.325E-01	3.768E-01	1.203E-01	2.565E-01
4.365E-01	3.711E-01	1.174E-01	2.537E-01
4.406E-01	3.655E-01	1.145E-01	2.509E-01
4.446E-01	3.597E-01	1.116E-01	2.481E-01
4.487E-01	3.539E-01	1.087E-01	2.452E-01
4.529E-01	3.480E-01	1.059E-01	2.422E-01
4.571E-01	3.422E-01	1.030E-01	2.392E-01
4.613E-01	3.362E-01	1.001E-01	2.361E-01
4.656E-01	3.302E-01	9.729E-02	2.329E-01
4.699E-01	3.242E-01	9.446E-02	2.297E-01
4.742E-01	3.181E-01	9.165E-02	2.265E-01
4.786E-01	3.120E-01	8.885E-02	2.232E-01
4.831E-01	3.059E-01	8.608E-02	2.198E-01
4.875E-01	2.997E-01	8.332E-02	2.164E-01
4.920E-01	2.935E-01	8.059E-02	2.129E-01
4.966E-01	2.873E-01	7.789E-02	2.094E-01
5.012E-01	2.810E-01	7.521E-02	2.058E-01
5.058E-01	2.748E-01	7.256E-02	2.022E-01
5.105E-01	2.685E-01	6.994E-02	1.985E-01
5.152E-01	2.622E-01	6.736E-02	1.948E-01
5.200E-01	2.559E-01	6.481E-02	1.911E-01
5.248E-01	2.496E-01	6.229E-02	1.873E-01
5.297E-01	2.432E-01	5.981E-02	1.834E-01
5.346E-01	2.369E-01	5.737E-02	1.796E-01
5.395E-01	2.306E-01	5.497E-02	1.756E-01
5.445E-01	2.243E-01	5.261E-02	1.717E-01
5.495E-01	2.180E-01	5.029E-02	1.677E-01
5.546E-01	2.117E-01	4.802E-02	1.637E-01
5.598E-01	2.055E-01	4.580E-02	1.597E-01
5.649E-01	1.992E-01	4.362E-02	1.556E-01
5.702E-01	1.930E-01	4.149E-02	1.515E-01
5.754E-01	1.868E-01	3.941E-02	1.474E-01
5.808E-01	1.807E-01	3.738E-02	1.433E-01
5.861E-01	1.746E-01	3.541E-02	1.392E-01
5.916E-01	1.685E-01	3.349E-02	1.350E-01
5.970E-01	1.625E-01	3.162E-02	1.309E-01
6.026E-01	1.565E-01	2.981E-02	1.267E-01
6.081E-01	1.506E-01	2.806E-02	1.226E-01
6.138E-01	1.448E-01	2.636E-02	1.184E-01
6.194E-01	1.390E-01	2.472E-02	1.143E-01
6.252E-01	1.333E-01	2.313E-02	1.101E-01
6.310E-01	1.276E-01	2.161E-02	1.060E-01
6.368E-01	1.221E-01	2.014E-02	1.019E-01
6.427E-01	1.166E-01	1.873E-02	9.786E-02
6.486E-01	1.112E-01	1.739E-02	9.382E-02
6.546E-01	1.059E-01	1.610E-02	8.980E-02
6.607E-01	1.007E-01	1.487E-02	8.583E-02
6.668E-01	9.559E-02	1.370E-02	8.190E-02
6.730E-01	9.059E-02	1.258E-02	7.801E-02
6.792E-01	8.570E-02	1.153E-02	7.417E-02
6.855E-01	8.092E-02	1.053E-02	7.039E-02
6.918E-01	7.625E-02	9.585E-03	6.666E-02
6.982E-01	7.170E-02	8.699E-03	6.301E-02
7.047E-01	6.728E-02	7.867E-03	5.942E-02
7.112E-01	6.299E-02	7.088E-03	5.590E-02
7.178E-01	5.882E-02	6.362E-03	5.246E-02
7.244E-01	5.479E-02	5.687E-03	4.911E-02
7.311E-01	5.090E-02	5.062E-03	4.584E-02
7.379E-01	4.715E-02	4.484E-03	4.266E-02
7.447E-01	4.354E-02	3.953E-03	3.958E-02
7.516E-01	4.007E-02	3.467E-03	3.660E-02
7.586E-01	3.675E-02	3.024E-03	3.373E-02
7.656E-01	3.358E-02	2.621E-03	3.096E-02
7.727E-01	3.056E-02	2.258E-03	2.830E-02
7.798E-01	2.769E-02	1.932E-03	2.576E-02
7.870E-01	2.498E-02	1.641E-03	2.334E-02
7.943E-01	2.242E-02	1.382E-03	2.104E-02
8.017E-01	2.001E-02	1.155E-03	1.886E-02
8.091E-01	1.776E-02	9.556E-04	1.680E-02
8.166E-01	1.566E-02	7.827E-04	1.487E-02
8.241E-01	1.371E-02	6.340E-04	1.307E-02
8.318E-01	1.191E-02	5.072E-04	1.140E-02
8.395E-01	1.026E-02	4.003E-04	9.856E-03
8.472E-01	8.751E-03	3.113E-04	8.439E-03
8.551E-01	7.387E-03	2.380E-04	7.149E-03
8.630E-01	6.163E-03	1.785E-04	5.984E-03
8.710E-01	5.072E-03	1.311E-04	4.941E-03
8.790E-01	4.112E-03	9.400E-05	4.018E-03
8.872E-01	3.274E-03	6.553E-05	3.209E-03
8.954E-01	2.555E-03	4.423E-05	2.511E-03
9.036E-01	1.946E-03	2.873E-05	1.917E-03
9.120E-01	1.440E-03	1.784E-05	1.422E-03
9.204E-01	1.030E-03	1.048E-05	1.019E-03
9.290E-01	7.049E-04	5.756E-06	6.991E-04
9.376E-01	4.569E-04	2.899E-06	4.540E-04
9.462E-01	2.757E-04	1.304E-06	2.744E-04
9.550E-01	1.508E-04	5.027E-07	1.503E-04
9.638E-01	7.155E-05	1.549E-07	7.139E-05
9.727E-01	2.711E-05	3.349E-08	2.707E-05
9.817E-01	6.809E-06	3.793E-09	6.806E-06
9.908E-01	6.266E-07	8.850E-11	6.265E-07
