Q0 = 1.2 GeV	 Q = 3.2 GeV
x	 x*uv	 x*dv	 x*(uv-dv)
1.000E-04	2.744E-03	1.690E-03	1.054E-03
1.009E-04	2.762E-03	1.700E-03	1.062E-03
1.019E-04	2.781E-03	1.711E-03	1.070E-03
1.028E-04	2.799E-03	1.722E-03	1.077E-03
1.038E-04	2.818E-03	1.733E-03	1.085E-03
1.047E-04	2.837E-03	1.744E-03	1.093E-03
1.057E-04	2.856E-03	1.755E-03	1.101E-03
1.067E-04	2.875E-03	1.766E-03	1.108E-03
1.076E-04	2.894E-03	1.778E-03	1.116E-03
1.086E-04	2.913E-03	1.789E-03	1.124E-03
1.096E-04	2.933E-03	1.800E-03	1.132E-03
1.107E-04	2.952E-03	1.812E-03	1.141E-03
1.117E-04	2.972E-03	1.823E-03	1.149E-03
1.127E-04	2.992E-03	1.835E-03	1.157E-03
1.138E-04	3.012E-03	1.847E-03	1.165E-03
1.148E-04	3.032E-03	1.858E-03	1.174E-03
1.159E-04	3.052E-03	1.870E-03	1.182E-03
1.169E-04	3.073E-03	1.882E-03	1.191E-03
1.180E-04	3.093E-03	1.894E-03	1.199E-03
1.191E-04	3.114E-03	1.906E-03	1.208E-03
1.202E-04	3.135E-03	1.919E-03	1.216E-03
1.213E-04	3.156E-03	1.931E-03	1.225E-03
1.225E-04	3.177E-03	1.943E-03	1.234E-03
1.236E-04	3.198E-03	1.956E-03	1.243E-03
1.247E-04	3.220E-03	1.968E-03	1.252E-03
1.259E-04	3.241E-03	1.981E-03	1.261E-03
1.271E-04	3.263E-03	1.993E-03	1.270E-03
1.282E-04	3.285E-03	2.006E-03	1.279E-03
1.294E-04	3.307E-03	2.019E-03	1.288E-03
1.306E-04	3.329E-03	2.032E-03	1.297E-03
1.318E-04	3.352E-03	2.045E-03	1.307E-03
1.330E-04	3.374E-03	2.058E-03	1.316E-03
1.343E-04	3.397E-03	2.071E-03	1.325E-03
1.355E-04	3.420E-03	2.085E-03	1.335E-03
1.368E-04	3.443E-03	2.098E-03	1.344E-03
1.380E-04	3.466E-03	2.112E-03	1.354E-03
1.393E-04	3.489E-03	2.125E-03	1.364E-03
1.406E-04	3.512E-03	2.139E-03	1.374E-03
1.419E-04	3.536E-03	2.153E-03	1.384E-03
1.432E-04	3.560E-03	2.166E-03	1.393E-03
1.445E-04	3.584E-03	2.180E-03	1.404E-03
1.459E-04	3.608E-03	2.194E-03	1.414E-03
1.472E-04	3.632E-03	2.208E-03	1.424E-03
1.486E-04	3.657E-03	2.223E-03	1.434E-03
1.500E-04	3.681E-03	2.237E-03	1.444E-03
1.514E-04	3.706E-03	2.251E-03	1.455E-03
1.528E-04	3.731E-03	2.266E-03	1.465E-03
1.542E-04	3.756E-03	2.281E-03	1.476E-03
1.556E-04	3.782E-03	2.295E-03	1.486E-03
1.570E-04	3.807E-03	2.310E-03	1.497E-03
1.585E-04	3.833E-03	2.325E-03	1.508E-03
1.600E-04	3.859E-03	2.340E-03	1.519E-03
1.614E-04	3.885E-03	2.355E-03	1.530E-03
1.629E-04	3.911E-03	2.371E-03	1.541E-03
1.644E-04	3.938E-03	2.386E-03	1.552E-03
1.660E-04	3.964E-03	2.401E-03	1.563E-03
1.675E-04	3.991E-03	2.417E-03	1.574E-03
1.690E-04	4.018E-03	2.433E-03	1.585E-03
1.706E-04	4.045E-03	2.448E-03	1.597E-03
1.722E-04	4.073E-03	2.464E-03	1.608E-03
1.738E-04	4.100E-03	2.480E-03	1.620E-03
1.754E-04	4.128E-03	2.496E-03	1.632E-03
1.770E-04	4.156E-03	2.512E-03	1.643E-03
1.786E-04	4.184E-03	2.529E-03	1.655E-03
1.803E-04	4.212E-03	2.545E-03	1.667E-03
1.820E-04	4.241E-03	2.562E-03	1.679E-03
1.837E-04	4.270E-03	2.578E-03	1.691E-03
1.854E-04	4.299E-03	2.595E-03	1.704E-03
1.871E-04	4.328E-03	2.612E-03	1.716E-03
1.888E-04	4.357E-03	2.629E-03	1.728E-03
1.905E-04	4.387E-03	2.646E-03	1.741E-03
1.923E-04	4.417E-03	2.663E-03	1.753E-03
1.941E-04	4.447E-03	2.681E-03	1.766E-03
1.959E-04	4.477E-03	2.698E-03	1.779E-03
1.977E-04	4.507E-03	2.716E-03	1.792E-03
1.995E-04	4.538E-03	2.734E-03	1.804E-03
2.014E-04	4.569E-03	2.751E-03	1.817E-03
2.032E-04	4.600E-03	2.769E-03	1.831E-03
2.051E-04	4.631E-03	2.788E-03	1.844E-03
2.070E-04	4.663E-03	2.806E-03	1.857E-03
2.089E-04	4.695E-03	2.824E-03	1.871E-03
2.109E-04	4.727E-03	2.843E-03	1.884E-03
2.128E-04	4.759E-03	2.861E-03	1.898E-03
2.148E-04	4.791E-03	2.880E-03	1.911E-03
2.168E-04	4.824E-03	2.899E-03	1.925E-03
2.188E-04	4.857E-03	2.918E-03	1.939E-03
2.208E-04	4.890E-03	2.937E-03	1.953E-03
2.228E-04	4.923E-03	2.956E-03	1.967E-03
2.249E-04	4.957E-03	2.976E-03	1.981E-03
2.270E-04	4.991E-03	2.995E-03	1.996E-03
2.291E-04	5.025E-03	3.015E-03	2.010E-03
2.312E-04	5.059E-03	3.034E-03	2.025E-03
2.333E-04	5.094E-03	3.054E-03	2.039E-03
2.355E-04	5.129E-03	3.075E-03	2.054E-03
2.377E-04	5.164E-03	3.095E-03	2.069E-03
2.399E-04	5.199E-03	3.115E-03	2.084E-03
2.421E-04	5.235E-03	3.136E-03	2.099E-03
2.443E-04	5.271E-03	3.156E-03	2.114E-03
2.466E-04	5.307E-03	3.177E-03	2.130E-03
2.489E-04	5.343E-03	3.198E-03	2.145E-03
2.512E-04	5.380E-03	3.219E-03	2.161E-03
2.535E-04	5.417E-03	3.240E-03	2.176E-03
2.559E-04	5.454E-03	3.262E-03	2.192E-03
2.582E-04	5.491E-03	3.283E-03	2.208E-03
2.606E-04	5.529E-03	3.305E-03	2.224E-03
2.630E-04	5.567E-03	3.327E-03	2.240E-03
2.655E-04	5.605E-03	3.349E-03	2.256E-03
2.679E-04	5.643E-03	3.371E-03	2.273E-03
2.704E-04	5.682E-03	3.393E-03	2.289E-03
2.729E-04	5.721E-03	3.416E-03	2.306E-03
2.754E-04	5.761E-03	3.438E-03	2.322E-03
2.780E-04	5.800E-03	3.461E-03	2.339E-03
2.805E-04	5.840E-03	3.484E-03	2.356E-03
2.831E-04	5.880E-03	3.507E-03	2.373E-03
2.858E-04	5.921E-03	3.530E-03	2.390E-03
2.884E-04	5.961E-03	3.554E-03	2.408E-03
2.911E-04	6.003E-03	3.577E-03	2.425E-03
2.938E-04	6.044E-03	3.601E-03	2.443E-03
2.965E-04	6.086E-03	3.625E-03	2.461E-03
2.992E-04	6.127E-03	3.649E-03	2.479E-03
3.020E-04	6.170E-03	3.673E-03	2.496E-03
3.048E-04	6.212E-03	3.698E-03	2.515E-03
3.076E-04	6.255E-03	3.722E-03	2.533E-03
3.105E-04	6.298E-03	3.747E-03	2.551E-03
3.133E-04	6.342E-03	3.772E-03	2.570E-03
3.162E-04	6.386E-03	3.797E-03	2.588E-03
3.192E-04	6.430E-03	3.822E-03	2.607E-03
3.221E-04	6.474E-03	3.848E-03	2.626E-03
3.251E-04	6.519E-03	3.874E-03	2.645E-03
3.281E-04	6.564E-03	3.899E-03	2.665E-03
3.311E-04	6.609E-03	3.925E-03	2.684E-03
3.342E-04	6.655E-03	3.952E-03	2.703E-03
3.373E-04	6.701E-03	3.978E-03	2.723E-03
3.404E-04	6.748E-03	4.005E-03	2.743E-03
3.436E-04	6.794E-03	4.031E-03	2.763E-03
3.467E-04	6.841E-03	4.058E-03	2.783E-03
3.499E-04	6.889E-03	4.086E-03	2.803E-03
3.532E-04	6.936E-03	4.113E-03	2.824E-03
3.565E-04	6.985E-03	4.140E-03	2.844E-03
3.597E-04	7.033E-03	4.168E-03	2.865E-03
3.631E-04	7.082E-03	4.196E-03	2.886E-03
3.664E-04	7.131E-03	4.224E-03	2.907E-03
3.698E-04	7.180E-03	4.253E-03	2.928E-03
3.733E-04	7.230E-03	4.281E-03	2.949E-03
3.767E-04	7.281E-03	4.310E-03	2.971E-03
3.802E-04	7.331E-03	4.339E-03	2.992E-03
3.837E-04	7.382E-03	4.368E-03	3.014E-03
3.873E-04	7.433E-03	4.397E-03	3.036E-03
3.908E-04	7.485E-03	4.427E-03	3.058E-03
3.945E-04	7.537E-03	4.457E-03	3.080E-03
3.981E-04	7.590E-03	4.487E-03	3.103E-03
4.018E-04	7.642E-03	4.517E-03	3.125E-03
4.055E-04	7.696E-03	4.547E-03	3.148E-03
4.093E-04	7.749E-03	4.578E-03	3.171E-03
4.130E-04	7.803E-03	4.609E-03	3.194E-03
4.169E-04	7.858E-03	4.640E-03	3.218E-03
4.207E-04	7.912E-03	4.671E-03	3.241E-03
4.246E-04	7.968E-03	4.703E-03	3.265E-03
4.285E-04	8.023E-03	4.735E-03	3.289E-03
4.325E-04	8.079E-03	4.767E-03	3.313E-03
4.365E-04	8.136E-03	4.799E-03	3.337E-03
4.406E-04	8.192E-03	4.831E-03	3.361E-03
4.446E-04	8.250E-03	4.864E-03	3.386E-03
4.487E-04	8.307E-03	4.897E-03	3.410E-03
4.529E-04	8.365E-03	4.930E-03	3.435E-03
4.571E-04	8.424E-03	4.964E-03	3.460E-03
4.613E-04	8.483E-03	4.997E-03	3.486E-03
4.656E-04	8.542E-03	5.031E-03	3.511E-03
4.699E-04	8.602E-03	5.065E-03	3.537E-03
4.742E-04	8.662E-03	5.100E-03	3.563E-03
4.786E-04	8.723E-03	5.134E-03	3.589E-03
4.831E-04	8.784E-03	5.169E-03	3.615E-03
4.875E-04	8.845E-03	5.204E-03	3.641E-03
4.920E-04	8.907E-03	5.240E-03	3.668E-03
4.966E-04	8.970E-03	5.275E-03	3.695E-03
5.012E-04	9.033E-03	5.311E-03	3.722E-03
5.058E-04	9.096E-03	5.347E-03	3.749E-03
5.105E-04	9.160E-03	5.384E-03	3.776E-03
5.152E-04	9.224E-03	5.420E-03	3.804E-03
5.200E-04	9.289E-03	5.457E-03	3.832E-03
5.248E-04	9.354E-03	5.495E-03	3.860E-03
5.297E-04	9.420E-03	5.532E-03	3.888E-03
5.346E-04	9.486E-03	5.570E-03	3.916E-03
5.395E-04	9.553E-03	5.608E-03	3.945E-03
5.445E-04	9.620E-03	5.646E-03	3.974E-03
5.495E-04	9.688E-03	5.685E-03	4.003E-03
5.546E-04	9.756E-03	5.724E-03	4.032E-03
5.598E-04	9.825E-03	5.763E-03	4.062E-03
5.649E-04	9.894E-03	5.802E-03	4.092E-03
5.702E-04	9.964E-03	5.842E-03	4.122E-03
5.754E-04	1.003E-02	5.882E-03	4.152E-03
5.808E-04	1.010E-02	5.922E-03	4.182E-03
5.861E-04	1.018E-02	5.963E-03	4.213E-03
5.916E-04	1.025E-02	6.004E-03	4.244E-03
5.970E-04	1.032E-02	6.045E-03	4.275E-03
6.026E-04	1.039E-02	6.086E-03	4.306E-03
6.081E-04	1.047E-02	6.128E-03	4.338E-03
6.138E-04	1.054E-02	6.170E-03	4.370E-03
6.194E-04	1.061E-02	6.213E-03	4.402E-03
6.252E-04	1.069E-02	6.255E-03	4.434E-03
6.310E-04	1.076E-02	6.299E-03	4.466E-03
6.368E-04	1.084E-02	6.342E-03	4.499E-03
6.427E-04	1.092E-02	6.386E-03	4.532E-03
6.486E-04	1.099E-02	6.430E-03	4.565E-03
6.546E-04	1.107E-02	6.474E-03	4.599E-03
6.607E-04	1.115E-02	6.518E-03	4.633E-03
6.668E-04	1.123E-02	6.563E-03	4.667E-03
6.730E-04	1.131E-02	6.609E-03	4.701E-03
6.792E-04	1.139E-02	6.654E-03	4.735E-03
6.855E-04	1.147E-02	6.700E-03	4.770E-03
6.918E-04	1.155E-02	6.746E-03	4.805E-03
6.982E-04	1.163E-02	6.793E-03	4.841E-03
7.047E-04	1.172E-02	6.840E-03	4.876E-03
7.112E-04	1.180E-02	6.887E-03	4.912E-03
7.178E-04	1.188E-02	6.935E-03	4.948E-03
7.244E-04	1.197E-02	6.983E-03	4.984E-03
7.311E-04	1.205E-02	7.031E-03	5.021E-03
7.379E-04	1.214E-02	7.080E-03	5.058E-03
7.447E-04	1.222E-02	7.129E-03	5.095E-03
7.516E-04	1.231E-02	7.179E-03	5.133E-03
7.586E-04	1.240E-02	7.228E-03	5.170E-03
7.656E-04	1.249E-02	7.279E-03	5.208E-03
7.727E-04	1.258E-02	7.329E-03	5.247E-03
7.798E-04	1.267E-02	7.380E-03	5.285E-03
7.870E-04	1.276E-02	7.431E-03	5.324E-03
7.943E-04	1.285E-02	7.483E-03	5.363E-03
8.017E-04	1.294E-02	7.535E-03	5.403E-03
8.091E-04	1.303E-02	7.587E-03	5.443E-03
8.166E-04	1.312E-02	7.640E-03	5.483E-03
8.241E-04	1.322E-02	7.693E-03	5.523E-03
8.318E-04	1.331E-02	7.747E-03	5.564E-03
8.395E-04	1.341E-02	7.801E-03	5.605E-03
8.472E-04	1.350E-02	7.855E-03	5.646E-03
8.551E-04	1.360E-02	7.910E-03	5.688E-03
8.630E-04	1.369E-02	7.965E-03	5.729E-03
8.710E-04	1.379E-02	8.021E-03	5.772E-03
8.790E-04	1.389E-02	8.077E-03	5.814E-03
8.872E-04	1.399E-02	8.133E-03	5.857E-03
8.954E-04	1.409E-02	8.190E-03	5.900E-03
9.036E-04	1.419E-02	8.248E-03	5.944E-03
9.120E-04	1.429E-02	8.305E-03	5.987E-03
9.204E-04	1.440E-02	8.363E-03	6.032E-03
9.290E-04	1.450E-02	8.422E-03	6.076E-03
9.376E-04	1.460E-02	8.481E-03	6.121E-03
9.462E-04	1.471E-02	8.540E-03	6.166E-03
9.550E-04	1.481E-02	8.600E-03	6.212E-03
9.638E-04	1.492E-02	8.660E-03	6.257E-03
9.727E-04	1.502E-02	8.721E-03	6.304E-03
9.817E-04	1.513E-02	8.782E-03	6.350E-03
9.908E-04	1.524E-02	8.844E-03	6.397E-03
1.000E-03	1.535E-02	8.906E-03	6.444E-03
1.009E-03	1.546E-02	8.969E-03	6.492E-03
1.019E-03	1.557E-02	9.032E-03	6.540E-03
1.028E-03	1.568E-02	9.095E-03	6.588E-03
1.038E-03	1.580E-02	9.159E-03	6.637E-03
1.047E-03	1.591E-02	9.224E-03	6.686E-03
1.057E-03	1.602E-02	9.289E-03	6.735E-03
1.067E-03	1.614E-02	9.354E-03	6.785E-03
1.076E-03	1.625E-02	9.420E-03	6.835E-03
1.086E-03	1.637E-02	9.486E-03	6.885E-03
1.096E-03	1.649E-02	9.553E-03	6.936E-03
1.107E-03	1.661E-02	9.621E-03	6.988E-03
1.117E-03	1.673E-02	9.689E-03	7.039E-03
1.127E-03	1.685E-02	9.757E-03	7.091E-03
1.138E-03	1.697E-02	9.826E-03	7.144E-03
1.148E-03	1.709E-02	9.895E-03	7.197E-03
1.159E-03	1.722E-02	9.965E-03	7.250E-03
1.169E-03	1.734E-02	1.004E-02	7.303E-03
1.180E-03	1.746E-02	1.011E-02	7.357E-03
1.191E-03	1.759E-02	1.018E-02	7.412E-03
1.202E-03	1.772E-02	1.025E-02	7.467E-03
1.213E-03	1.784E-02	1.032E-02	7.522E-03
1.225E-03	1.797E-02	1.040E-02	7.578E-03
1.236E-03	1.810E-02	1.047E-02	7.634E-03
1.247E-03	1.823E-02	1.054E-02	7.690E-03
1.259E-03	1.837E-02	1.062E-02	7.747E-03
1.271E-03	1.850E-02	1.069E-02	7.805E-03
1.282E-03	1.863E-02	1.077E-02	7.862E-03
1.294E-03	1.877E-02	1.085E-02	7.921E-03
1.306E-03	1.890E-02	1.092E-02	7.979E-03
1.318E-03	1.904E-02	1.100E-02	8.038E-03
1.330E-03	1.918E-02	1.108E-02	8.098E-03
1.343E-03	1.932E-02	1.116E-02	8.158E-03
1.355E-03	1.946E-02	1.124E-02	8.218E-03
1.368E-03	1.960E-02	1.132E-02	8.279E-03
1.380E-03	1.974E-02	1.140E-02	8.341E-03
1.393E-03	1.988E-02	1.148E-02	8.403E-03
1.406E-03	2.003E-02	1.156E-02	8.465E-03
1.419E-03	2.017E-02	1.164E-02	8.528E-03
1.432E-03	2.032E-02	1.173E-02	8.591E-03
1.445E-03	2.047E-02	1.181E-02	8.655E-03
1.459E-03	2.061E-02	1.189E-02	8.719E-03
1.472E-03	2.076E-02	1.198E-02	8.784E-03
1.486E-03	2.091E-02	1.207E-02	8.849E-03
1.500E-03	2.107E-02	1.215E-02	8.914E-03
1.514E-03	2.122E-02	1.224E-02	8.981E-03
1.528E-03	2.137E-02	1.233E-02	9.047E-03
1.542E-03	2.153E-02	1.241E-02	9.114E-03
1.556E-03	2.168E-02	1.250E-02	9.182E-03
1.570E-03	2.184E-02	1.259E-02	9.250E-03
1.585E-03	2.200E-02	1.268E-02	9.319E-03
1.600E-03	2.216E-02	1.277E-02	9.388E-03
1.614E-03	2.232E-02	1.286E-02	9.458E-03
1.629E-03	2.249E-02	1.296E-02	9.528E-03
1.644E-03	2.265E-02	1.305E-02	9.599E-03
1.660E-03	2.281E-02	1.314E-02	9.670E-03
1.675E-03	2.298E-02	1.324E-02	9.742E-03
1.690E-03	2.315E-02	1.333E-02	9.814E-03
1.706E-03	2.332E-02	1.343E-02	9.887E-03
1.722E-03	2.349E-02	1.353E-02	9.961E-03
1.738E-03	2.366E-02	1.362E-02	1.003E-02
1.754E-03	2.383E-02	1.372E-02	1.011E-02
1.770E-03	2.400E-02	1.382E-02	1.018E-02
1.786E-03	2.418E-02	1.392E-02	1.026E-02
1.803E-03	2.436E-02	1.402E-02	1.034E-02
1.820E-03	2.453E-02	1.412E-02	1.041E-02
1.837E-03	2.471E-02	1.422E-02	1.049E-02
1.854E-03	2.489E-02	1.432E-02	1.057E-02
1.871E-03	2.507E-02	1.443E-02	1.065E-02
1.888E-03	2.526E-02	1.453E-02	1.073E-02
1.905E-03	2.544E-02	1.464E-02	1.081E-02
1.923E-03	2.563E-02	1.474E-02	1.089E-02
1.941E-03	2.582E-02	1.485E-02	1.097E-02
1.959E-03	2.600E-02	1.495E-02	1.105E-02
1.977E-03	2.620E-02	1.506E-02	1.113E-02
1.995E-03	2.639E-02	1.517E-02	1.122E-02
2.014E-03	2.658E-02	1.528E-02	1.130E-02
2.032E-03	2.677E-02	1.539E-02	1.138E-02
2.051E-03	2.697E-02	1.550E-02	1.147E-02
2.070E-03	2.717E-02	1.561E-02	1.155E-02
2.089E-03	2.737E-02	1.573E-02	1.164E-02
2.109E-03	2.757E-02	1.584E-02	1.173E-02
2.128E-03	2.777E-02	1.596E-02	1.181E-02
2.148E-03	2.797E-02	1.607E-02	1.190E-02
2.168E-03	2.818E-02	1.619E-02	1.199E-02
2.188E-03	2.839E-02	1.631E-02	1.208E-02
2.208E-03	2.859E-02	1.642E-02	1.217E-02
2.228E-03	2.880E-02	1.654E-02	1.226E-02
2.249E-03	2.901E-02	1.666E-02	1.235E-02
2.270E-03	2.923E-02	1.678E-02	1.244E-02
2.291E-03	2.944E-02	1.691E-02	1.254E-02
2.312E-03	2.966E-02	1.703E-02	1.263E-02
2.333E-03	2.988E-02	1.715E-02	1.272E-02
2.355E-03	3.010E-02	1.728E-02	1.282E-02
2.377E-03	3.032E-02	1.740E-02	1.292E-02
2.399E-03	3.054E-02	1.753E-02	1.301E-02
2.421E-03	3.077E-02	1.766E-02	1.311E-02
2.443E-03	3.099E-02	1.779E-02	1.321E-02
2.466E-03	3.122E-02	1.791E-02	1.330E-02
2.489E-03	3.145E-02	1.804E-02	1.340E-02
2.512E-03	3.168E-02	1.818E-02	1.350E-02
2.535E-03	3.191E-02	1.831E-02	1.361E-02
2.559E-03	3.215E-02	1.844E-02	1.371E-02
2.582E-03	3.239E-02	1.858E-02	1.381E-02
2.606E-03	3.262E-02	1.871E-02	1.391E-02
2.630E-03	3.286E-02	1.885E-02	1.402E-02
2.655E-03	3.311E-02	1.899E-02	1.412E-02
2.679E-03	3.335E-02	1.912E-02	1.423E-02
2.704E-03	3.360E-02	1.926E-02	1.433E-02
2.729E-03	3.384E-02	1.940E-02	1.444E-02
2.754E-03	3.409E-02	1.955E-02	1.455E-02
2.780E-03	3.435E-02	1.969E-02	1.466E-02
2.805E-03	3.460E-02	1.983E-02	1.477E-02
2.831E-03	3.485E-02	1.998E-02	1.488E-02
2.858E-03	3.511E-02	2.012E-02	1.499E-02
2.884E-03	3.537E-02	2.027E-02	1.510E-02
2.911E-03	3.563E-02	2.042E-02	1.521E-02
2.938E-03	3.590E-02	2.057E-02	1.533E-02
2.965E-03	3.616E-02	2.072E-02	1.544E-02
2.992E-03	3.643E-02	2.087E-02	1.556E-02
3.020E-03	3.670E-02	2.102E-02	1.567E-02
3.048E-03	3.697E-02	2.118E-02	1.579E-02
3.076E-03	3.724E-02	2.133E-02	1.591E-02
3.105E-03	3.752E-02	2.149E-02	1.603E-02
3.133E-03	3.779E-02	2.165E-02	1.615E-02
3.162E-03	3.807E-02	2.181E-02	1.627E-02
3.192E-03	3.836E-02	2.197E-02	1.639E-02
3.221E-03	3.864E-02	2.213E-02	1.651E-02
3.251E-03	3.893E-02	2.229E-02	1.664E-02
3.281E-03	3.921E-02	2.245E-02	1.676E-02
3.311E-03	3.950E-02	2.262E-02	1.689E-02
3.342E-03	3.980E-02	2.278E-02	1.701E-02
3.373E-03	4.009E-02	2.295E-02	1.714E-02
3.404E-03	4.039E-02	2.312E-02	1.727E-02
3.436E-03	4.069E-02	2.329E-02	1.740E-02
3.467E-03	4.099E-02	2.346E-02	1.753E-02
3.499E-03	4.129E-02	2.363E-02	1.766E-02
3.532E-03	4.160E-02	2.381E-02	1.779E-02
3.565E-03	4.191E-02	2.398E-02	1.792E-02
3.597E-03	4.222E-02	2.416E-02	1.806E-02
3.631E-03	4.253E-02	2.434E-02	1.819E-02
3.664E-03	4.285E-02	2.452E-02	1.833E-02
3.698E-03	4.317E-02	2.470E-02	1.847E-02
3.733E-03	4.349E-02	2.488E-02	1.861E-02
3.767E-03	4.381E-02	2.506E-02	1.875E-02
3.802E-03	4.413E-02	2.525E-02	1.889E-02
3.837E-03	4.446E-02	2.543E-02	1.903E-02
3.873E-03	4.479E-02	2.562E-02	1.917E-02
3.908E-03	4.512E-02	2.581E-02	1.931E-02
3.945E-03	4.546E-02	2.600E-02	1.946E-02
3.981E-03	4.580E-02	2.619E-02	1.960E-02
4.018E-03	4.614E-02	2.639E-02	1.975E-02
4.055E-03	4.648E-02	2.658E-02	1.990E-02
4.093E-03	4.683E-02	2.678E-02	2.005E-02
4.130E-03	4.717E-02	2.698E-02	2.020E-02
4.169E-03	4.752E-02	2.717E-02	2.035E-02
4.207E-03	4.788E-02	2.738E-02	2.050E-02
4.246E-03	4.823E-02	2.758E-02	2.066E-02
4.285E-03	4.859E-02	2.778E-02	2.081E-02
4.325E-03	4.895E-02	2.799E-02	2.097E-02
4.365E-03	4.932E-02	2.819E-02	2.112E-02
4.406E-03	4.969E-02	2.840E-02	2.128E-02
4.446E-03	5.006E-02	2.861E-02	2.144E-02
4.487E-03	5.043E-02	2.882E-02	2.160E-02
4.529E-03	5.080E-02	2.904E-02	2.177E-02
4.571E-03	5.118E-02	2.925E-02	2.193E-02
4.613E-03	5.156E-02	2.947E-02	2.209E-02
4.656E-03	5.195E-02	2.969E-02	2.226E-02
4.699E-03	5.233E-02	2.991E-02	2.243E-02
4.742E-03	5.272E-02	3.013E-02	2.259E-02
4.786E-03	5.312E-02	3.035E-02	2.276E-02
4.831E-03	5.351E-02	3.058E-02	2.294E-02
4.875E-03	5.391E-02	3.080E-02	2.311E-02
4.920E-03	5.431E-02	3.103E-02	2.328E-02
4.966E-03	5.472E-02	3.126E-02	2.346E-02
5.012E-03	5.513E-02	3.149E-02	2.363E-02
5.058E-03	5.554E-02	3.173E-02	2.381E-02
5.105E-03	5.595E-02	3.196E-02	2.399E-02
5.152E-03	5.637E-02	3.220E-02	2.417E-02
5.200E-03	5.679E-02	3.244E-02	2.435E-02
5.248E-03	5.721E-02	3.268E-02	2.453E-02
5.297E-03	5.764E-02	3.292E-02	2.472E-02
5.346E-03	5.807E-02	3.317E-02	2.490E-02
5.395E-03	5.850E-02	3.341E-02	2.509E-02
5.445E-03	5.894E-02	3.366E-02	2.528E-02
5.495E-03	5.938E-02	3.391E-02	2.547E-02
5.546E-03	5.982E-02	3.416E-02	2.566E-02
5.598E-03	6.027E-02	3.442E-02	2.585E-02
5.649E-03	6.072E-02	3.467E-02	2.605E-02
5.702E-03	6.117E-02	3.493E-02	2.624E-02
5.754E-03	6.163E-02	3.519E-02	2.644E-02
5.808E-03	6.209E-02	3.545E-02	2.664E-02
5.861E-03	6.255E-02	3.572E-02	2.684E-02
5.916E-03	6.302E-02	3.598E-02	2.704E-02
5.970E-03	6.349E-02	3.625E-02	2.724E-02
6.026E-03	6.397E-02	3.652E-02	2.745E-02
6.081E-03	6.444E-02	3.679E-02	2.765E-02
6.138E-03	6.493E-02	3.707E-02	2.786E-02
6.194E-03	6.541E-02	3.734E-02	2.807E-02
6.252E-03	6.590E-02	3.762E-02	2.828E-02
6.310E-03	6.639E-02	3.790E-02	2.849E-02
6.368E-03	6.689E-02	3.818E-02	2.871E-02
6.427E-03	6.739E-02	3.847E-02	2.892E-02
6.486E-03	6.789E-02	3.875E-02	2.914E-02
6.546E-03	6.840E-02	3.904E-02	2.936E-02
6.607E-03	6.891E-02	3.933E-02	2.958E-02
6.668E-03	6.943E-02	3.962E-02	2.980E-02
6.730E-03	6.995E-02	3.992E-02	3.003E-02
6.792E-03	7.047E-02	4.022E-02	3.025E-02
6.855E-03	7.100E-02	4.052E-02	3.048E-02
6.918E-03	7.153E-02	4.082E-02	3.071E-02
6.982E-03	7.206E-02	4.112E-02	3.094E-02
7.047E-03	7.260E-02	4.143E-02	3.117E-02
7.112E-03	7.314E-02	4.174E-02	3.141E-02
7.178E-03	7.369E-02	4.205E-02	3.164E-02
7.244E-03	7.424E-02	4.236E-02	3.188E-02
7.311E-03	7.480E-02	4.268E-02	3.212E-02
7.379E-03	7.536E-02	4.300E-02	3.236E-02
7.447E-03	7.592E-02	4.332E-02	3.260E-02
7.516E-03	7.649E-02	4.364E-02	3.285E-02
7.586E-03	7.706E-02	4.397E-02	3.310E-02
7.656E-03	7.764E-02	4.429E-02	3.334E-02
7.727E-03	7.822E-02	4.463E-02	3.360E-02
7.798E-03	7.881E-02	4.496E-02	3.385E-02
7.870E-03	7.940E-02	4.529E-02	3.410E-02
7.943E-03	7.999E-02	4.563E-02	3.436E-02
8.017E-03	8.059E-02	4.597E-02	3.462E-02
8.091E-03	8.119E-02	4.632E-02	3.488E-02
8.166E-03	8.180E-02	4.666E-02	3.514E-02
8.241E-03	8.241E-02	4.701E-02	3.540E-02
8.318E-03	8.303E-02	4.736E-02	3.567E-02
8.395E-03	8.365E-02	4.771E-02	3.594E-02
8.472E-03	8.428E-02	4.807E-02	3.621E-02
8.551E-03	8.491E-02	4.843E-02	3.648E-02
8.630E-03	8.554E-02	4.879E-02	3.675E-02
8.710E-03	8.618E-02	4.915E-02	3.703E-02
8.790E-03	8.683E-02	4.952E-02	3.731E-02
8.872E-03	8.748E-02	4.989E-02	3.759E-02
8.954E-03	8.813E-02	5.026E-02	3.787E-02
9.036E-03	8.879E-02	5.064E-02	3.816E-02
9.120E-03	8.946E-02	5.102E-02	3.844E-02
9.204E-03	9.013E-02	5.140E-02	3.873E-02
9.290E-03	9.080E-02	5.178E-02	3.902E-02
9.376E-03	9.148E-02	5.217E-02	3.932E-02
9.462E-03	9.217E-02	5.256E-02	3.961E-02
9.550E-03	9.286E-02	5.295E-02	3.991E-02
9.638E-03	9.355E-02	5.335E-02	4.021E-02
9.727E-03	9.425E-02	5.374E-02	4.051E-02
9.817E-03	9.496E-02	5.415E-02	4.081E-02
9.908E-03	9.567E-02	5.455E-02	4.112E-02
1.000E-02	9.639E-02	5.496E-02	4.143E-02
1.009E-02	9.711E-02	5.537E-02	4.174E-02
1.019E-02	9.784E-02	5.578E-02	4.205E-02
1.028E-02	9.857E-02	5.620E-02	4.237E-02
1.038E-02	9.931E-02	5.662E-02	4.269E-02
1.047E-02	1.000E-01	5.704E-02	4.301E-02
1.057E-02	1.008E-01	5.747E-02	4.333E-02
1.067E-02	1.016E-01	5.789E-02	4.366E-02
1.076E-02	1.023E-01	5.833E-02	4.399E-02
1.086E-02	1.031E-01	5.876E-02	4.432E-02
1.096E-02	1.038E-01	5.920E-02	4.465E-02
1.107E-02	1.046E-01	5.964E-02	4.498E-02
1.117E-02	1.054E-01	6.009E-02	4.532E-02
1.127E-02	1.062E-01	6.054E-02	4.566E-02
1.138E-02	1.070E-01	6.099E-02	4.600E-02
1.148E-02	1.078E-01	6.144E-02	4.635E-02
1.159E-02	1.086E-01	6.190E-02	4.670E-02
1.169E-02	1.094E-01	6.236E-02	4.705E-02
1.180E-02	1.102E-01	6.283E-02	4.740E-02
1.191E-02	1.111E-01	6.330E-02	4.776E-02
1.202E-02	1.119E-01	6.377E-02	4.811E-02
1.213E-02	1.127E-01	6.425E-02	4.848E-02
1.225E-02	1.136E-01	6.472E-02	4.884E-02
1.236E-02	1.144E-01	6.521E-02	4.921E-02
1.247E-02	1.153E-01	6.569E-02	4.957E-02
1.259E-02	1.161E-01	6.618E-02	4.995E-02
1.271E-02	1.170E-01	6.668E-02	5.032E-02
1.282E-02	1.179E-01	6.717E-02	5.070E-02
1.294E-02	1.188E-01	6.767E-02	5.108E-02
1.306E-02	1.196E-01	6.818E-02	5.146E-02
1.318E-02	1.205E-01	6.869E-02	5.185E-02
1.330E-02	1.214E-01	6.920E-02	5.223E-02
1.343E-02	1.223E-01	6.971E-02	5.263E-02
1.355E-02	1.233E-01	7.023E-02	5.302E-02
1.368E-02	1.242E-01	7.076E-02	5.342E-02
1.380E-02	1.251E-01	7.128E-02	5.382E-02
1.393E-02	1.260E-01	7.181E-02	5.422E-02
1.406E-02	1.270E-01	7.235E-02	5.463E-02
1.419E-02	1.279E-01	7.289E-02	5.504E-02
1.432E-02	1.289E-01	7.343E-02	5.545E-02
1.445E-02	1.298E-01	7.398E-02	5.586E-02
1.459E-02	1.308E-01	7.453E-02	5.628E-02
1.472E-02	1.318E-01	7.508E-02	5.670E-02
1.486E-02	1.328E-01	7.564E-02	5.713E-02
1.500E-02	1.338E-01	7.620E-02	5.756E-02
1.514E-02	1.348E-01	7.677E-02	5.799E-02
1.528E-02	1.358E-01	7.734E-02	5.842E-02
1.542E-02	1.368E-01	7.791E-02	5.886E-02
1.556E-02	1.378E-01	7.849E-02	5.930E-02
1.570E-02	1.388E-01	7.908E-02	5.974E-02
1.585E-02	1.399E-01	7.966E-02	6.019E-02
1.600E-02	1.409E-01	8.026E-02	6.064E-02
1.614E-02	1.419E-01	8.085E-02	6.109E-02
1.629E-02	1.430E-01	8.145E-02	6.155E-02
1.644E-02	1.441E-01	8.206E-02	6.201E-02
1.660E-02	1.451E-01	8.267E-02	6.247E-02
1.675E-02	1.462E-01	8.328E-02	6.294E-02
1.690E-02	1.473E-01	8.390E-02	6.341E-02
1.706E-02	1.484E-01	8.452E-02	6.388E-02
1.722E-02	1.495E-01	8.514E-02	6.436E-02
1.738E-02	1.506E-01	8.578E-02	6.484E-02
1.754E-02	1.517E-01	8.641E-02	6.532E-02
1.770E-02	1.529E-01	8.705E-02	6.581E-02
1.786E-02	1.540E-01	8.770E-02	6.630E-02
1.803E-02	1.551E-01	8.834E-02	6.680E-02
1.820E-02	1.563E-01	8.900E-02	6.729E-02
1.837E-02	1.575E-01	8.966E-02	6.780E-02
1.854E-02	1.586E-01	9.032E-02	6.830E-02
1.871E-02	1.598E-01	9.099E-02	6.881E-02
1.888E-02	1.610E-01	9.166E-02	6.932E-02
1.905E-02	1.622E-01	9.234E-02	6.984E-02
1.923E-02	1.634E-01	9.302E-02	7.036E-02
1.941E-02	1.646E-01	9.371E-02	7.088E-02
1.959E-02	1.658E-01	9.440E-02	7.141E-02
1.977E-02	1.670E-01	9.510E-02	7.194E-02
1.995E-02	1.683E-01	9.580E-02	7.248E-02
2.014E-02	1.695E-01	9.650E-02	7.302E-02
2.032E-02	1.708E-01	9.722E-02	7.356E-02
2.051E-02	1.720E-01	9.793E-02	7.411E-02
2.070E-02	1.733E-01	9.865E-02	7.466E-02
2.089E-02	1.746E-01	9.938E-02	7.522E-02
2.109E-02	1.759E-01	1.001E-01	7.577E-02
2.128E-02	1.772E-01	1.008E-01	7.634E-02
2.148E-02	1.785E-01	1.016E-01	7.690E-02
2.168E-02	1.798E-01	1.023E-01	7.748E-02
2.188E-02	1.811E-01	1.031E-01	7.805E-02
2.208E-02	1.825E-01	1.038E-01	7.863E-02
2.228E-02	1.838E-01	1.046E-01	7.921E-02
2.249E-02	1.852E-01	1.054E-01	7.980E-02
2.270E-02	1.865E-01	1.062E-01	8.039E-02
2.291E-02	1.879E-01	1.069E-01	8.099E-02
2.312E-02	1.893E-01	1.077E-01	8.159E-02
2.333E-02	1.907E-01	1.085E-01	8.220E-02
2.355E-02	1.921E-01	1.093E-01	8.281E-02
2.377E-02	1.935E-01	1.101E-01	8.342E-02
2.399E-02	1.949E-01	1.109E-01	8.404E-02
2.421E-02	1.964E-01	1.117E-01	8.466E-02
2.443E-02	1.978E-01	1.125E-01	8.529E-02
2.466E-02	1.993E-01	1.134E-01	8.592E-02
2.489E-02	2.007E-01	1.142E-01	8.655E-02
2.512E-02	2.022E-01	1.150E-01	8.719E-02
2.535E-02	2.037E-01	1.159E-01	8.784E-02
2.559E-02	2.052E-01	1.167E-01	8.849E-02
2.582E-02	2.067E-01	1.175E-01	8.914E-02
2.606E-02	2.082E-01	1.184E-01	8.980E-02
2.630E-02	2.097E-01	1.193E-01	9.046E-02
2.655E-02	2.113E-01	1.201E-01	9.113E-02
2.679E-02	2.128E-01	1.210E-01	9.180E-02
2.704E-02	2.144E-01	1.219E-01	9.248E-02
2.729E-02	2.159E-01	1.228E-01	9.316E-02
2.754E-02	2.175E-01	1.237E-01	9.385E-02
2.780E-02	2.191E-01	1.246E-01	9.454E-02
2.805E-02	2.207E-01	1.255E-01	9.524E-02
2.831E-02	2.223E-01	1.264E-01	9.594E-02
2.858E-02	2.239E-01	1.273E-01	9.664E-02
2.884E-02	2.256E-01	1.282E-01	9.736E-02
2.911E-02	2.272E-01	1.291E-01	9.807E-02
2.938E-02	2.289E-01	1.301E-01	9.879E-02
2.965E-02	2.305E-01	1.310E-01	9.952E-02
2.992E-02	2.322E-01	1.320E-01	1.003E-01
3.020E-02	2.339E-01	1.329E-01	1.010E-01
3.048E-02	2.356E-01	1.339E-01	1.017E-01
3.076E-02	2.373E-01	1.348E-01	1.025E-01
3.105E-02	2.390E-01	1.358E-01	1.032E-01
3.133E-02	2.408E-01	1.368E-01	1.040E-01
3.162E-02	2.425E-01	1.378E-01	1.047E-01
3.192E-02	2.443E-01	1.387E-01	1.055E-01
3.221E-02	2.460E-01	1.397E-01	1.063E-01
3.251E-02	2.478E-01	1.407E-01	1.071E-01
3.281E-02	2.496E-01	1.417E-01	1.078E-01
3.311E-02	2.514E-01	1.428E-01	1.086E-01
3.342E-02	2.532E-01	1.438E-01	1.094E-01
3.373E-02	2.550E-01	1.448E-01	1.102E-01
3.404E-02	2.569E-01	1.458E-01	1.110E-01
3.436E-02	2.587E-01	1.469E-01	1.118E-01
3.467E-02	2.606E-01	1.479E-01	1.127E-01
3.499E-02	2.625E-01	1.490E-01	1.135E-01
3.532E-02	2.643E-01	1.500E-01	1.143E-01
3.565E-02	2.662E-01	1.511E-01	1.151E-01
3.597E-02	2.682E-01	1.522E-01	1.160E-01
3.631E-02	2.701E-01	1.533E-01	1.168E-01
3.664E-02	2.720E-01	1.543E-01	1.177E-01
3.698E-02	2.740E-01	1.554E-01	1.185E-01
3.733E-02	2.759E-01	1.565E-01	1.194E-01
3.767E-02	2.779E-01	1.576E-01	1.203E-01
3.802E-02	2.799E-01	1.588E-01	1.211E-01
3.837E-02	2.819E-01	1.599E-01	1.220E-01
3.873E-02	2.839E-01	1.610E-01	1.229E-01
3.908E-02	2.859E-01	1.621E-01	1.238E-01
3.945E-02	2.880E-01	1.633E-01	1.247E-01
3.981E-02	2.900E-01	1.644E-01	1.256E-01
4.018E-02	2.921E-01	1.656E-01	1.265E-01
4.055E-02	2.941E-01	1.667E-01	1.274E-01
4.093E-02	2.962E-01	1.679E-01	1.283E-01
4.130E-02	2.983E-01	1.691E-01	1.293E-01
4.169E-02	3.004E-01	1.702E-01	1.302E-01
4.207E-02	3.026E-01	1.714E-01	1.311E-01
4.246E-02	3.047E-01	1.726E-01	1.321E-01
4.285E-02	3.068E-01	1.738E-01	1.330E-01
4.325E-02	3.090E-01	1.750E-01	1.340E-01
4.365E-02	3.112E-01	1.762E-01	1.349E-01
4.406E-02	3.134E-01	1.775E-01	1.359E-01
4.446E-02	3.156E-01	1.787E-01	1.369E-01
4.487E-02	3.178E-01	1.799E-01	1.379E-01
4.529E-02	3.200E-01	1.812E-01	1.389E-01
4.571E-02	3.223E-01	1.824E-01	1.399E-01
4.613E-02	3.245E-01	1.837E-01	1.409E-01
4.656E-02	3.268E-01	1.849E-01	1.419E-01
4.699E-02	3.291E-01	1.862E-01	1.429E-01
4.742E-02	3.314E-01	1.875E-01	1.439E-01
4.786E-02	3.337E-01	1.888E-01	1.449E-01
4.831E-02	3.360E-01	1.900E-01	1.460E-01
4.875E-02	3.383E-01	1.913E-01	1.470E-01
4.920E-02	3.407E-01	1.926E-01	1.480E-01
4.966E-02	3.431E-01	1.940E-01	1.491E-01
5.012E-02	3.454E-01	1.953E-01	1.502E-01
5.058E-02	3.478E-01	1.966E-01	1.512E-01
5.105E-02	3.502E-01	1.979E-01	1.523E-01
5.152E-02	3.526E-01	1.993E-01	1.534E-01
5.200E-02	3.551E-01	2.006E-01	1.545E-01
5.248E-02	3.575E-01	2.020E-01	1.556E-01
5.297E-02	3.600E-01	2.033E-01	1.567E-01
5.346E-02	3.624E-01	2.047E-01	1.578E-01
5.395E-02	3.649E-01	2.060E-01	1.589E-01
5.445E-02	3.674E-01	2.074E-01	1.600E-01
5.495E-02	3.699E-01	2.088E-01	1.611E-01
5.546E-02	3.725E-01	2.102E-01	1.623E-01
5.598E-02	3.750E-01	2.116E-01	1.634E-01
5.649E-02	3.776E-01	2.130E-01	1.646E-01
5.702E-02	3.801E-01	2.144E-01	1.657E-01
5.754E-02	3.827E-01	2.158E-01	1.669E-01
5.808E-02	3.853E-01	2.172E-01	1.681E-01
5.861E-02	3.879E-01	2.187E-01	1.692E-01
5.916E-02	3.905E-01	2.201E-01	1.704E-01
5.970E-02	3.931E-01	2.215E-01	1.716E-01
6.026E-02	3.958E-01	2.230E-01	1.728E-01
6.081E-02	3.984E-01	2.244E-01	1.740E-01
6.138E-02	4.011E-01	2.259E-01	1.752E-01
6.194E-02	4.038E-01	2.274E-01	1.764E-01
6.252E-02	4.065E-01	2.288E-01	1.777E-01
6.310E-02	4.092E-01	2.303E-01	1.789E-01
6.368E-02	4.119E-01	2.318E-01	1.801E-01
6.427E-02	4.147E-01	2.333E-01	1.814E-01
6.486E-02	4.174E-01	2.348E-01	1.826E-01
6.546E-02	4.202E-01	2.363E-01	1.839E-01
6.607E-02	4.230E-01	2.378E-01	1.852E-01
6.668E-02	4.258E-01	2.393E-01	1.865E-01
6.730E-02	4.286E-01	2.408E-01	1.877E-01
6.792E-02	4.314E-01	2.423E-01	1.890E-01
6.855E-02	4.342E-01	2.439E-01	1.903E-01
6.918E-02	4.370E-01	2.454E-01	1.916E-01
6.982E-02	4.399E-01	2.469E-01	1.929E-01
7.047E-02	4.427E-01	2.485E-01	1.943E-01
7.112E-02	4.456E-01	2.500E-01	1.956E-01
7.178E-02	4.485E-01	2.516E-01	1.969E-01
7.244E-02	4.514E-01	2.531E-01	1.983E-01
7.311E-02	4.543E-01	2.547E-01	1.996E-01
7.379E-02	4.573E-01	2.563E-01	2.010E-01
7.447E-02	4.602E-01	2.578E-01	2.023E-01
7.516E-02	4.631E-01	2.594E-01	2.037E-01
7.586E-02	4.661E-01	2.610E-01	2.051E-01
7.656E-02	4.691E-01	2.626E-01	2.065E-01
7.727E-02	4.720E-01	2.642E-01	2.079E-01
7.798E-02	4.750E-01	2.658E-01	2.093E-01
7.870E-02	4.780E-01	2.674E-01	2.107E-01
7.943E-02	4.811E-01	2.690E-01	2.121E-01
8.017E-02	4.841E-01	2.706E-01	2.135E-01
8.091E-02	4.871E-01	2.722E-01	2.149E-01
8.166E-02	4.902E-01	2.738E-01	2.164E-01
8.241E-02	4.932E-01	2.754E-01	2.178E-01
8.318E-02	4.963E-01	2.770E-01	2.193E-01
8.395E-02	4.994E-01	2.787E-01	2.207E-01
8.472E-02	5.025E-01	2.803E-01	2.222E-01
8.551E-02	5.056E-01	2.819E-01	2.237E-01
8.630E-02	5.087E-01	2.835E-01	2.251E-01
8.710E-02	5.118E-01	2.852E-01	2.266E-01
8.790E-02	5.149E-01	2.868E-01	2.281E-01
8.872E-02	5.180E-01	2.884E-01	2.296E-01
8.954E-02	5.212E-01	2.901E-01	2.311E-01
9.036E-02	5.243E-01	2.917E-01	2.326E-01
9.120E-02	5.275E-01	2.933E-01	2.342E-01
9.204E-02	5.307E-01	2.950E-01	2.357E-01
9.290E-02	5.338E-01	2.966E-01	2.372E-01
9.376E-02	5.370E-01	2.983E-01	2.388E-01
9.462E-02	5.402E-01	2.999E-01	2.403E-01
9.550E-02	5.434E-01	3.015E-01	2.419E-01
9.638E-02	5.466E-01	3.032E-01	2.434E-01
9.727E-02	5.498E-01	3.048E-01	2.450E-01
9.817E-02	5.530E-01	3.065E-01	2.466E-01
9.908E-02	5.562E-01	3.081E-01	2.481E-01
1.000E-01	5.595E-01	3.097E-01	2.497E-01
1.009E-01	5.627E-01	3.114E-01	2.513E-01
1.019E-01	5.659E-01	3.130E-01	2.529E-01
1.028E-01	5.692E-01	3.147E-01	2.545E-01
1.038E-01	5.724E-01	3.163E-01	2.561E-01
1.047E-01	5.757E-01	3.179E-01	2.577E-01
1.057E-01	5.789E-01	3.196E-01	2.594E-01
1.067E-01	5.822E-01	3.212E-01	2.610E-01
1.076E-01	5.854E-01	3.228E-01	2.626E-01
1.086E-01	5.887E-01	3.244E-01	2.643E-01
1.096E-01	5.919E-01	3.260E-01	2.659E-01
1.107E-01	5.952E-01	3.276E-01	2.676E-01
1.117E-01	5.985E-01	3.293E-01	2.692E-01
1.127E-01	6.017E-01	3.309E-01	2.709E-01
1.138E-01	6.050E-01	3.325E-01	2.725E-01
1.148E-01	6.083E-01	3.340E-01	2.742E-01
1.159E-01	6.115E-01	3.356E-01	2.759E-01
1.169E-01	6.148E-01	3.372E-01	2.776E-01
1.180E-01	6.180E-01	3.388E-01	2.793E-01
1.191E-01	6.213E-01	3.403E-01	2.810E-01
1.202E-01	6.246E-01	3.419E-01	2.827E-01
1.213E-01	6.278E-01	3.435E-01	2.844E-01
1.225E-01	6.311E-01	3.450E-01	2.861E-01
1.236E-01	6.343E-01	3.465E-01	2.878E-01
1.247E-01	6.376E-01	3.481E-01	2.895E-01
1.259E-01	6.408E-01	3.496E-01	2.912E-01
1.271E-01	6.440E-01	3.511E-01	2.929E-01
1.282E-01	6.472E-01	3.526E-01	2.947E-01
1.294E-01	6.505E-01	3.541E-01	2.964E-01
1.306E-01	6.537E-01	3.555E-01	2.981E-01
1.318E-01	6.569E-01	3.570E-01	2.999E-01
1.330E-01	6.601E-01	3.585E-01	3.016E-01
1.343E-01	6.632E-01	3.599E-01	3.033E-01
1.355E-01	6.664E-01	3.613E-01	3.051E-01
1.368E-01	6.696E-01	3.627E-01	3.068E-01
1.380E-01	6.727E-01	3.641E-01	3.086E-01
1.393E-01	6.759E-01	3.655E-01	3.103E-01
1.406E-01	6.790E-01	3.669E-01	3.121E-01
1.419E-01	6.821E-01	3.683E-01	3.138E-01
1.432E-01	6.852E-01	3.696E-01	3.156E-01
1.445E-01	6.883E-01	3.709E-01	3.173E-01
1.459E-01	6.913E-01	3.722E-01	3.191E-01
1.472E-01	6.944E-01	3.735E-01	3.209E-01
1.486E-01	6.974E-01	3.748E-01	3.226E-01
1.500E-01	7.004E-01	3.760E-01	3.244E-01
1.514E-01	7.034E-01	3.773E-01	3.261E-01
1.528E-01	7.064E-01	3.785E-01	3.279E-01
1.542E-01	7.093E-01	3.797E-01	3.297E-01
1.556E-01	7.123E-01	3.808E-01	3.314E-01
1.570E-01	7.152E-01	3.820E-01	3.332E-01
1.585E-01	7.180E-01	3.831E-01	3.349E-01
1.600E-01	7.209E-01	3.842E-01	3.367E-01
1.614E-01	7.237E-01	3.853E-01	3.384E-01
1.629E-01	7.265E-01	3.863E-01	3.402E-01
1.644E-01	7.293E-01	3.874E-01	3.419E-01
1.660E-01	7.321E-01	3.884E-01	3.437E-01
1.675E-01	7.348E-01	3.894E-01	3.454E-01
1.690E-01	7.375E-01	3.903E-01	3.472E-01
1.706E-01	7.401E-01	3.912E-01	3.489E-01
1.722E-01	7.428E-01	3.921E-01	3.506E-01
1.738E-01	7.454E-01	3.930E-01	3.524E-01
1.754E-01	7.479E-01	3.938E-01	3.541E-01
1.770E-01	7.504E-01	3.946E-01	3.558E-01
1.786E-01	7.529E-01	3.954E-01	3.575E-01
1.803E-01	7.554E-01	3.962E-01	3.592E-01
1.820E-01	7.578E-01	3.969E-01	3.609E-01
1.837E-01	7.601E-01	3.975E-01	3.626E-01
1.854E-01	7.625E-01	3.982E-01	3.643E-01
1.871E-01	7.647E-01	3.988E-01	3.659E-01
1.888E-01	7.670E-01	3.994E-01	3.676E-01
1.905E-01	7.692E-01	3.999E-01	3.693E-01
1.923E-01	7.713E-01	4.004E-01	3.709E-01
1.941E-01	7.734E-01	4.009E-01	3.726E-01
1.959E-01	7.755E-01	4.013E-01	3.742E-01
1.977E-01	7.775E-01	4.017E-01	3.758E-01
1.995E-01	7.794E-01	4.020E-01	3.774E-01
2.014E-01	7.813E-01	4.023E-01	3.790E-01
2.032E-01	7.831E-01	4.026E-01	3.806E-01
2.051E-01	7.849E-01	4.028E-01	3.821E-01
2.070E-01	7.866E-01	4.030E-01	3.837E-01
2.089E-01	7.883E-01	4.031E-01	3.852E-01
2.109E-01	7.899E-01	4.032E-01	3.868E-01
2.128E-01	7.915E-01	4.032E-01	3.883E-01
2.148E-01	7.929E-01	4.032E-01	3.898E-01
2.168E-01	7.944E-01	4.031E-01	3.912E-01
2.188E-01	7.957E-01	4.030E-01	3.927E-01
2.208E-01	7.970E-01	4.029E-01	3.941E-01
2.228E-01	7.982E-01	4.027E-01	3.956E-01
2.249E-01	7.994E-01	4.024E-01	3.970E-01
2.270E-01	8.004E-01	4.021E-01	3.983E-01
2.291E-01	8.014E-01	4.017E-01	3.997E-01
2.312E-01	8.024E-01	4.013E-01	4.010E-01
2.333E-01	8.032E-01	4.009E-01	4.023E-01
2.355E-01	8.040E-01	4.003E-01	4.036E-01
2.377E-01	8.047E-01	3.998E-01	4.049E-01
2.399E-01	8.053E-01	3.991E-01	4.062E-01
2.421E-01	8.058E-01	3.984E-01	4.074E-01
2.443E-01	8.063E-01	3.977E-01	4.086E-01
2.466E-01	8.066E-01	3.969E-01	4.097E-01
2.489E-01	8.069E-01	3.960E-01	4.109E-01
2.512E-01	8.071E-01	3.951E-01	4.120E-01
2.535E-01	8.072E-01	3.941E-01	4.130E-01
2.559E-01	8.072E-01	3.931E-01	4.141E-01
2.582E-01	8.071E-01	3.920E-01	4.151E-01
2.606E-01	8.069E-01	3.908E-01	4.161E-01
2.630E-01	8.066E-01	3.896E-01	4.170E-01
2.655E-01	8.062E-01	3.883E-01	4.179E-01
2.679E-01	8.057E-01	3.869E-01	4.188E-01
2.704E-01	8.051E-01	3.855E-01	4.197E-01
2.729E-01	8.044E-01	3.840E-01	4.205E-01
2.754E-01	8.036E-01	3.824E-01	4.212E-01
2.780E-01	8.027E-01	3.808E-01	4.219E-01
2.805E-01	8.017E-01	3.791E-01	4.226E-01
2.831E-01	8.006E-01	3.773E-01	4.233E-01
2.858E-01	7.994E-01	3.755E-01	4.239E-01
2.884E-01	7.980E-01	3.736E-01	4.244E-01
2.911E-01	7.965E-01	3.716E-01	4.249E-01
2.938E-01	7.950E-01	3.696E-01	4.254E-01
2.965E-01	7.933E-01	3.675E-01	4.258E-01
2.992E-01	7.915E-01	3.653E-01	4.261E-01
3.020E-01	7.895E-01	3.631E-01	4.264E-01
3.048E-01	7.875E-01	3.608E-01	4.267E-01
3.076E-01	7.853E-01	3.584E-01	4.269E-01
3.105E-01	7.830E-01	3.559E-01	4.270E-01
3.133E-01	7.806E-01	3.534E-01	4.271E-01
3.162E-01	7.780E-01	3.508E-01	4.272E-01
3.192E-01	7.753E-01	3.482E-01	4.272E-01
3.221E-01	7.725E-01	3.454E-01	4.271E-01
3.251E-01	7.696E-01	3.426E-01	4.269E-01
3.281E-01	7.665E-01	3.397E-01	4.267E-01
3.311E-01	7.633E-01	3.368E-01	4.265E-01
3.342E-01	7.599E-01	3.338E-01	4.261E-01
3.373E-01	7.564E-01	3.307E-01	4.257E-01
3.404E-01	7.528E-01	3.276E-01	4.253E-01
3.436E-01	7.491E-01	3.243E-01	4.247E-01
3.467E-01	7.452E-01	3.211E-01	4.241E-01
3.499E-01	7.411E-01	3.177E-01	4.234E-01
3.532E-01	7.370E-01	3.143E-01	4.227E-01
3.565E-01	7.327E-01	3.108E-01	4.219E-01
3.597E-01	7.282E-01	3.073E-01	4.210E-01
3.631E-01	7.236E-01	3.037E-01	4.200E-01
3.664E-01	7.189E-01	3.000E-01	4.189E-01
3.698E-01	7.140E-01	2.963E-01	4.178E-01
3.733E-01	7.090E-01	2.925E-01	4.166E-01
3.767E-01	7.038E-01	2.886E-01	4.152E-01
3.802E-01	6.985E-01	2.847E-01	4.139E-01
3.837E-01	6.931E-01	2.807E-01	4.124E-01
3.873E-01	6.875E-01	2.767E-01	4.108E-01
3.908E-01	6.818E-01	2.726E-01	4.092E-01
3.945E-01	6.759E-01	2.685E-01	4.074E-01
3.981E-01	6.699E-01	2.643E-01	4.056E-01
4.018E-01	6.637E-01	2.601E-01	4.037E-01
4.055E-01	6.575E-01	2.558E-01	4.017E-01
4.093E-01	6.510E-01	2.515E-01	3.996E-01
4.130E-01	6.444E-01	2.471E-01	3.973E-01
4.169E-01	6.377E-01	2.427E-01	3.950E-01
4.207E-01	6.309E-01	2.382E-01	3.926E-01
4.246E-01	6.239E-01	2.338E-01	3.901E-01
4.285E-01	6.168E-01	2.292E-01	3.875E-01
4.325E-01	6.095E-01	2.247E-01	3.848E-01
4.365E-01	6.021E-01	2.201E-01	3.820E-01
4.406E-01	5.946E-01	2.155E-01	3.791E-01
4.446E-01	5.870E-01	2.109E-01	3.761E-01
4.487E-01	5.792E-01	2.062E-01	3.730E-01
4.529E-01	5.713E-01	2.015E-01	3.698E-01
4.571E-01	5.633E-01	1.968E-01	3.664E-01
4.613E-01	5.552E-01	1.921E-01	3.630E-01
4.656E-01	5.469E-01	1.874E-01	3.595E-01
4.699E-01	5.385E-01	1.827E-01	3.558E-01
4.742E-01	5.301E-01	1.780E-01	3.521E-01
4.786E-01	5.215E-01	1.733E-01	3.482E-01
4.831E-01	5.128E-01	1.685E-01	3.443E-01
4.875E-01	5.040E-01	1.638E-01	3.402E-01
4.920E-01	4.951E-01	1.591E-01	3.360E-01
4.966E-01	4.861E-01	1.544E-01	3.317E-01
5.012E-01	4.771E-01	1.497E-01	3.273E-01
5.058E-01	4.679E-01	1.451E-01	3.229E-01
5.105E-01	4.587E-01	1.404E-01	3.183E-01
5.152E-01	4.494E-01	1.358E-01	3.136E-01
5.200E-01	4.400E-01	1.312E-01	3.088E-01
5.248E-01	4.306E-01	1.267E-01	3.039E-01
5.297E-01	4.210E-01	1.222E-01	2.988E-01
5.346E-01	4.115E-01	1.177E-01	2.938E-01
5.395E-01	4.019E-01	1.133E-01	2.886E-01
5.445E-01	3.922E-01	1.089E-01	2.833E-01
5.495E-01	3.825E-01	1.046E-01	2.779E-01
5.546E-01	3.728E-01	1.004E-01	2.724E-01
5.598E-01	3.630E-01	9.615E-02	2.669E-01
5.649E-01	3.532E-01	9.201E-02	2.612E-01
5.702E-01	3.435E-01	8.794E-02	2.555E-01
5.754E-01	3.337E-01	8.393E-02	2.497E-01
5.808E-01	3.239E-01	8.000E-02	2.439E-01
5.861E-01	3.141E-01	7.615E-02	2.379E-01
5.916E-01	3.043E-01	7.237E-02	2.319E-01
5.970E-01	2.945E-01	6.868E-02	2.259E-01
6.026E-01	2.848E-01	6.507E-02	2.198E-01
6.081E-01	2.751E-01	6.155E-02	2.136E-01
6.138E-01	2.655E-01	5.813E-02	2.074E-01
6.194E-01	2.559E-01	5.479E-02	2.011E-01
6.252E-01	2.464E-01	5.155E-02	1.948E-01
6.310E-01	2.369E-01	4.841E-02	1.885E-01
6.368E-01	2.276E-01	4.537E-02	1.822E-01
6.427E-01	2.183E-01	4.244E-02	1.758E-01
6.486E-01	2.091E-01	3.960E-02	1.695E-01
6.546E-01	2.000E-01	3.687E-02	1.631E-01
6.607E-01	1.910E-01	3.425E-02	1.567E-01
6.668E-01	1.821E-01	3.174E-02	1.504E-01
6.730E-01	1.734E-01	2.933E-02	1.441E-01
6.792E-01	1.648E-01	2.703E-02	1.378E-01
6.855E-01	1.564E-01	2.484E-02	1.315E-01
6.918E-01	1.481E-01	2.276E-02	1.253E-01
6.982E-01	1.399E-01	2.078E-02	1.192E-01
7.047E-01	1.320E-01	1.891E-02	1.131E-01
7.112E-01	1.242E-01	1.715E-02	1.070E-01
7.178E-01	1.166E-01	1.550E-02	1.011E-01
7.244E-01	1.092E-01	1.395E-02	9.526E-02
7.311E-01	1.020E-01	1.250E-02	8.952E-02
7.379E-01	9.504E-02	1.115E-02	8.389E-02
7.447E-01	8.829E-02	9.905E-03	7.838E-02
7.516E-01	8.175E-02	8.752E-03	7.300E-02
7.586E-01	7.545E-02	7.691E-03	6.776E-02
7.656E-01	6.939E-02	6.720E-03	6.267E-02
7.727E-01	6.357E-02	5.835E-03	5.773E-02
7.798E-01	5.800E-02	5.033E-03	5.297E-02
7.870E-01	5.269E-02	4.311E-03	4.838E-02
7.943E-01	4.764E-02	3.664E-03	4.397E-02
8.017E-01	4.285E-02	3.088E-03	3.976E-02
8.091E-01	3.832E-02	2.579E-03	3.574E-02
8.166E-01	3.407E-02	2.133E-03	3.194E-02
8.241E-01	3.008E-02	1.745E-03	2.834E-02
8.318E-01	2.637E-02	1.410E-03	2.496E-02
8.395E-01	2.293E-02	1.125E-03	2.180E-02
8.472E-01	1.976E-02	8.847E-04	1.887E-02
8.551E-01	1.686E-02	6.843E-04	1.617E-02
8.630E-01	1.422E-02	5.198E-04	1.370E-02
8.710E-01	1.184E-02	3.867E-04	1.145E-02
8.790E-01	9.718E-03	2.811E-04	9.437E-03
8.872E-01	7.843E-03	1.988E-04	7.644E-03
8.954E-01	6.208E-03	1.363E-04	6.072E-03
9.036E-01	4.803E-03	9.004E-05	4.713E-03
9.120E-01	3.615E-03	5.692E-05	3.558E-03
9.204E-01	2.633E-03	3.412E-05	2.599E-03
9.290E-01	1.840E-03	1.915E-05	1.821E-03
9.376E-01	1.221E-03	9.883E-06	1.211E-03
9.462E-01	7.568E-04	4.571E-06	7.522E-04
9.550E-01	4.272E-04	1.820E-06	4.254E-04
9.638E-01	2.106E-04	5.833E-07	2.100E-04
9.727E-01	8.380E-05	1.326E-07	8.366E-05
9.817E-01	2.254E-05	1.609E-08	2.252E-05
9.908E-01	2.328E-06	4.221E-10	2.328E-06
