G_Mp/mu/G_D	Q2	error
0.9796632746152902	0.3893793656233565	0.027926911779113432
0.9866307608191116	0.5840690484350347	0.021540121570633553
1.006416476795704	0.778758731246713	0.022934059003891904
1.0164390798521425	0.9734484140583912	0.024398942167822214
1.0496139786494922	1.1681380968700694	0.026031931449921362
1.0398473130626553	1.3628277796817478	0.026358485008733508
1.062801851082435	1.557517462493426	0.026798178862603928
1.0715444252161945	1.7522071453051042	0.02961874412445926
1.0306483149909078	1.9468968281167824	0.04306301350226945
