CT14nnlo	1.057 GeV
x	q(x)	delta_q	xq(x)	delta_xq(x)
1.000000E-04	2.229398E+01	2.678991E+01	2.229398E-03	2.678991E-03
1.009253E-04	2.224366E+01	2.668601E+01	2.244948E-03	2.693293E-03
1.018591E-04	2.219415E+01	2.658176E+01	2.260677E-03	2.707595E-03
1.028016E-04	2.214492E+01	2.647758E+01	2.276534E-03	2.721939E-03
1.037528E-04	2.209594E+01	2.637356E+01	2.292516E-03	2.736332E-03
1.047129E-04	2.204720E+01	2.626975E+01	2.308625E-03	2.750780E-03
1.056818E-04	2.199870E+01	2.616620E+01	2.324861E-03	2.765290E-03
1.066596E-04	2.195043E+01	2.606299E+01	2.341224E-03	2.779868E-03
1.076465E-04	2.190238E+01	2.596015E+01	2.357715E-03	2.794520E-03
1.086426E-04	2.185454E+01	2.585772E+01	2.374333E-03	2.809249E-03
1.096478E-04	2.180690E+01	2.575573E+01	2.391079E-03	2.824059E-03
1.106624E-04	2.175946E+01	2.565417E+01	2.407953E-03	2.838951E-03
1.116863E-04	2.171221E+01	2.555303E+01	2.424956E-03	2.853924E-03
1.127197E-04	2.166513E+01	2.545230E+01	2.442088E-03	2.868977E-03
1.137627E-04	2.161823E+01	2.535193E+01	2.459349E-03	2.884105E-03
1.148154E-04	2.157150E+01	2.525188E+01	2.476739E-03	2.899304E-03
1.158777E-04	2.152492E+01	2.515207E+01	2.494259E-03	2.914565E-03
1.169499E-04	2.147850E+01	2.505245E+01	2.511909E-03	2.929882E-03
1.180321E-04	2.143222E+01	2.495293E+01	2.529689E-03	2.945246E-03
1.191242E-04	2.138608E+01	2.485344E+01	2.547599E-03	2.960646E-03
1.202264E-04	2.134007E+01	2.475390E+01	2.565640E-03	2.976074E-03
1.213389E-04	2.129418E+01	2.465425E+01	2.583812E-03	2.991520E-03
1.224616E-04	2.124841E+01	2.455443E+01	2.602115E-03	3.006975E-03
1.235947E-04	2.120276E+01	2.445438E+01	2.620550E-03	3.022433E-03
1.247384E-04	2.115728E+01	2.435423E+01	2.639125E-03	3.037906E-03
1.258925E-04	2.111200E+01	2.425410E+01	2.657843E-03	3.053410E-03
1.270574E-04	2.106687E+01	2.415407E+01	2.676702E-03	3.068954E-03
1.282331E-04	2.102188E+01	2.405423E+01	2.695700E-03	3.084547E-03
1.294196E-04	2.097700E+01	2.395465E+01	2.714835E-03	3.100200E-03
1.306171E-04	2.093221E+01	2.385539E+01	2.734104E-03	3.115922E-03
1.318257E-04	2.088748E+01	2.375651E+01	2.753506E-03	3.131718E-03
1.330454E-04	2.084278E+01	2.365805E+01	2.773037E-03	3.147596E-03
1.342765E-04	2.079809E+01	2.356002E+01	2.792695E-03	3.163556E-03
1.355189E-04	2.075340E+01	2.346241E+01	2.812479E-03	3.179601E-03
1.367729E-04	2.070868E+01	2.336522E+01	2.832386E-03	3.195729E-03
1.380384E-04	2.066391E+01	2.326840E+01	2.852414E-03	3.211934E-03
1.393157E-04	2.061907E+01	2.317190E+01	2.872560E-03	3.228209E-03
1.406048E-04	2.057415E+01	2.307566E+01	2.892823E-03	3.244547E-03
1.419058E-04	2.052911E+01	2.297959E+01	2.913199E-03	3.260936E-03
1.432188E-04	2.048396E+01	2.288361E+01	2.933688E-03	3.277363E-03
1.445440E-04	2.043866E+01	2.278764E+01	2.954286E-03	3.293816E-03
1.458814E-04	2.039321E+01	2.269157E+01	2.974991E-03	3.310279E-03
1.472313E-04	2.034759E+01	2.259534E+01	2.995801E-03	3.326740E-03
1.485936E-04	2.030178E+01	2.249886E+01	3.016715E-03	3.343185E-03
1.499685E-04	2.025578E+01	2.240207E+01	3.037728E-03	3.359604E-03
1.513561E-04	2.020954E+01	2.230483E+01	3.058837E-03	3.375973E-03
1.527566E-04	2.016291E+01	2.220653E+01	3.080018E-03	3.392194E-03
1.541700E-04	2.011592E+01	2.210727E+01	3.101272E-03	3.408280E-03
1.555966E-04	2.006861E+01	2.200737E+01	3.122606E-03	3.424272E-03
1.570363E-04	2.002103E+01	2.190711E+01	3.144028E-03	3.440212E-03
1.584893E-04	1.997323E+01	2.180677E+01	3.165543E-03	3.456140E-03
1.599558E-04	1.992525E+01	2.170659E+01	3.187160E-03	3.472095E-03
1.614359E-04	1.987715E+01	2.160681E+01	3.208885E-03	3.488114E-03
1.629296E-04	1.982896E+01	2.150764E+01	3.230724E-03	3.504231E-03
1.644372E-04	1.978071E+01	2.140923E+01	3.252685E-03	3.520474E-03
1.659587E-04	1.973247E+01	2.131175E+01	3.274774E-03	3.536870E-03
1.674943E-04	1.968425E+01	2.121529E+01	3.296999E-03	3.553439E-03
1.690441E-04	1.963610E+01	2.111994E+01	3.319366E-03	3.570201E-03
1.706082E-04	1.958805E+01	2.102575E+01	3.341883E-03	3.587167E-03
1.721869E-04	1.954014E+01	2.093277E+01	3.364555E-03	3.604347E-03
1.737801E-04	1.949240E+01	2.084099E+01	3.387391E-03	3.621749E-03
1.753881E-04	1.944486E+01	2.075043E+01	3.410397E-03	3.639377E-03
1.770109E-04	1.939756E+01	2.066106E+01	3.433579E-03	3.657233E-03
1.786488E-04	1.935051E+01	2.057288E+01	3.456945E-03	3.675320E-03
1.803018E-04	1.930376E+01	2.048588E+01	3.480502E-03	3.693640E-03
1.819701E-04	1.925732E+01	2.040004E+01	3.504256E-03	3.712197E-03
1.836538E-04	1.921122E+01	2.031539E+01	3.528215E-03	3.730999E-03
1.853532E-04	1.916516E+01	2.023231E+01	3.552322E-03	3.750122E-03
1.870682E-04	1.911833E+01	2.015164E+01	3.576431E-03	3.769732E-03
1.887991E-04	1.907085E+01	2.007323E+01	3.600560E-03	3.789808E-03
1.905461E-04	1.902288E+01	1.999687E+01	3.624734E-03	3.810325E-03
1.923092E-04	1.897455E+01	1.992238E+01	3.648980E-03	3.831255E-03
1.940886E-04	1.892602E+01	1.984955E+01	3.673324E-03	3.852571E-03
1.958845E-04	1.887741E+01	1.977818E+01	3.697792E-03	3.874238E-03
1.976970E-04	1.882886E+01	1.970803E+01	3.722409E-03	3.896217E-03
1.995262E-04	1.878050E+01	1.963884E+01	3.747203E-03	3.918463E-03
2.013724E-04	1.873245E+01	1.957033E+01	3.772199E-03	3.940925E-03
2.032357E-04	1.868482E+01	1.950220E+01	3.797423E-03	3.963543E-03
2.051162E-04	1.863773E+01	1.943410E+01	3.822901E-03	3.986250E-03
2.070141E-04	1.859129E+01	1.936569E+01	3.848661E-03	4.008972E-03
2.089296E-04	1.854561E+01	1.929660E+01	3.874726E-03	4.031631E-03
2.108628E-04	1.850077E+01	1.922644E+01	3.901125E-03	4.054142E-03
2.128139E-04	1.845689E+01	1.915483E+01	3.927883E-03	4.076414E-03
2.147830E-04	1.841405E+01	1.908138E+01	3.955026E-03	4.098357E-03
2.167704E-04	1.837235E+01	1.900572E+01	3.982581E-03	4.119877E-03
2.187762E-04	1.833186E+01	1.892748E+01	4.010573E-03	4.140881E-03
2.208005E-04	1.829266E+01	1.884633E+01	4.039029E-03	4.161279E-03
2.228435E-04	1.825485E+01	1.876198E+01	4.067975E-03	4.180986E-03
2.249055E-04	1.821849E+01	1.867417E+01	4.097437E-03	4.199923E-03
2.269865E-04	1.818393E+01	1.858229E+01	4.127506E-03	4.217929E-03
2.290868E-04	1.815128E+01	1.848643E+01	4.158217E-03	4.234996E-03
2.312065E-04	1.812028E+01	1.838736E+01	4.189526E-03	4.251278E-03
2.333458E-04	1.809068E+01	1.828587E+01	4.221384E-03	4.266931E-03
2.355049E-04	1.806223E+01	1.818269E+01	4.253745E-03	4.282112E-03
2.376840E-04	1.803471E+01	1.807851E+01	4.286563E-03	4.296974E-03
2.398833E-04	1.800788E+01	1.797399E+01	4.319791E-03	4.311661E-03
2.421029E-04	1.798154E+01	1.786970E+01	4.353382E-03	4.326307E-03
2.443431E-04	1.795545E+01	1.776615E+01	4.387290E-03	4.341035E-03
2.466039E-04	1.792943E+01	1.766376E+01	4.421468E-03	4.355952E-03
2.488857E-04	1.790327E+01	1.756288E+01	4.455869E-03	4.371150E-03
2.511886E-04	1.787679E+01	1.746380E+01	4.490447E-03	4.386707E-03
2.535129E-04	1.784980E+01	1.736672E+01	4.525155E-03	4.402686E-03
2.558586E-04	1.782213E+01	1.727178E+01	4.559946E-03	4.419134E-03
2.582260E-04	1.779361E+01	1.717908E+01	4.594773E-03	4.436085E-03
2.606154E-04	1.776408E+01	1.708865E+01	4.629591E-03	4.453565E-03
2.630268E-04	1.773337E+01	1.700050E+01	4.664351E-03	4.471588E-03
2.654606E-04	1.770134E+01	1.691462E+01	4.699008E-03	4.490163E-03
2.679168E-04	1.766785E+01	1.683096E+01	4.733514E-03	4.509299E-03
2.703958E-04	1.763275E+01	1.674953E+01	4.767823E-03	4.529003E-03
2.728978E-04	1.759592E+01	1.667031E+01	4.801888E-03	4.549291E-03
2.754229E-04	1.755722E+01	1.659336E+01	4.835659E-03	4.570192E-03
2.779713E-04	1.751643E+01	1.651879E+01	4.869065E-03	4.591750E-03
2.805434E-04	1.747372E+01	1.644647E+01	4.902137E-03	4.613948E-03
2.831392E-04	1.742935E+01	1.637627E+01	4.934934E-03	4.636764E-03
2.857591E-04	1.738358E+01	1.630809E+01	4.967514E-03	4.660186E-03
2.884032E-04	1.733662E+01	1.624185E+01	4.999937E-03	4.684200E-03
2.910717E-04	1.728873E+01	1.617743E+01	5.032261E-03	4.708791E-03
2.937650E-04	1.724012E+01	1.611470E+01	5.064545E-03	4.733934E-03
2.964831E-04	1.719102E+01	1.605351E+01	5.096846E-03	4.759596E-03
2.992265E-04	1.714161E+01	1.599366E+01	5.129225E-03	4.785727E-03
3.019952E-04	1.709212E+01	1.593491E+01	5.161739E-03	4.812266E-03
3.047895E-04	1.704274E+01	1.587697E+01	5.194447E-03	4.839133E-03
3.076097E-04	1.699364E+01	1.581951E+01	5.227409E-03	4.866234E-03
3.104560E-04	1.694502E+01	1.576217E+01	5.260682E-03	4.893459E-03
3.133286E-04	1.689704E+01	1.570455E+01	5.294325E-03	4.920683E-03
3.162278E-04	1.684987E+01	1.564623E+01	5.328398E-03	4.947772E-03
3.191538E-04	1.680368E+01	1.558677E+01	5.362958E-03	4.974578E-03
3.221069E-04	1.675862E+01	1.552574E+01	5.398066E-03	5.000949E-03
3.250873E-04	1.671483E+01	1.546271E+01	5.433778E-03	5.026730E-03
3.280953E-04	1.667246E+01	1.539725E+01	5.470155E-03	5.051765E-03
3.311311E-04	1.663164E+01	1.532898E+01	5.507254E-03	5.075904E-03
3.341950E-04	1.659251E+01	1.525758E+01	5.545136E-03	5.099008E-03
3.372873E-04	1.655514E+01	1.518278E+01	5.583840E-03	5.120958E-03
3.404082E-04	1.651930E+01	1.510471E+01	5.623304E-03	5.141766E-03
3.435579E-04	1.648477E+01	1.502391E+01	5.663475E-03	5.161583E-03
3.467369E-04	1.645140E+01	1.494094E+01	5.704307E-03	5.180575E-03
3.499452E-04	1.641900E+01	1.485637E+01	5.745751E-03	5.198914E-03
3.531832E-04	1.638742E+01	1.477072E+01	5.787760E-03	5.216769E-03
3.564511E-04	1.635648E+01	1.468450E+01	5.830287E-03	5.234307E-03
3.597493E-04	1.632605E+01	1.459818E+01	5.873285E-03	5.251685E-03
3.630781E-04	1.629596E+01	1.451216E+01	5.916706E-03	5.269048E-03
3.664376E-04	1.626608E+01	1.442681E+01	5.960503E-03	5.286527E-03
3.698282E-04	1.623626E+01	1.434243E+01	6.004628E-03	5.304236E-03
3.732502E-04	1.620638E+01	1.425927E+01	6.049035E-03	5.322275E-03
3.767038E-04	1.617630E+01	1.417752E+01	6.093675E-03	5.340724E-03
3.801894E-04	1.614590E+01	1.409731E+01	6.138501E-03	5.359647E-03
3.837072E-04	1.611506E+01	1.401874E+01	6.183466E-03	5.379091E-03
3.872576E-04	1.608367E+01	1.394185E+01	6.228523E-03	5.399089E-03
3.908409E-04	1.605160E+01	1.386667E+01	6.273623E-03	5.419661E-03
3.944573E-04	1.601877E+01	1.379317E+01	6.318721E-03	5.440818E-03
3.981072E-04	1.598506E+01	1.372134E+01	6.363767E-03	5.462566E-03
4.017908E-04	1.595038E+01	1.365115E+01	6.408715E-03	5.484906E-03
4.055085E-04	1.591463E+01	1.358256E+01	6.453518E-03	5.507844E-03
4.092607E-04	1.587772E+01	1.351558E+01	6.498127E-03	5.531393E-03
4.130475E-04	1.583963E+01	1.345010E+01	6.542520E-03	5.555531E-03
4.168694E-04	1.580049E+01	1.338591E+01	6.586741E-03	5.580174E-03
4.207266E-04	1.576043E+01	1.332288E+01	6.630833E-03	5.605292E-03
4.246196E-04	1.571957E+01	1.326096E+01	6.674837E-03	5.630863E-03
4.285485E-04	1.567803E+01	1.320007E+01	6.718795E-03	5.656869E-03
4.325138E-04	1.563592E+01	1.314015E+01	6.762750E-03	5.683295E-03
4.365158E-04	1.559335E+01	1.308114E+01	6.806744E-03	5.710127E-03
4.405549E-04	1.555043E+01	1.302300E+01	6.850819E-03	5.737345E-03
4.446313E-04	1.550727E+01	1.296564E+01	6.895016E-03	5.764929E-03
4.487454E-04	1.546396E+01	1.290899E+01	6.939379E-03	5.792851E-03
4.528976E-04	1.542059E+01	1.285297E+01	6.983948E-03	5.821080E-03
4.570882E-04	1.537727E+01	1.279747E+01	7.028767E-03	5.849574E-03
4.613176E-04	1.533407E+01	1.274239E+01	7.073878E-03	5.878286E-03
4.655861E-04	1.529110E+01	1.268758E+01	7.119322E-03	5.907163E-03
4.698941E-04	1.524842E+01	1.263293E+01	7.165141E-03	5.936142E-03
4.742420E-04	1.520612E+01	1.257829E+01	7.211379E-03	5.965154E-03
4.786301E-04	1.516427E+01	1.252350E+01	7.258077E-03	5.994125E-03
4.830588E-04	1.512296E+01	1.246841E+01	7.305277E-03	6.022975E-03
4.875285E-04	1.508224E+01	1.241285E+01	7.353022E-03	6.051620E-03
4.920395E-04	1.504219E+01	1.235667E+01	7.401354E-03	6.079972E-03
4.965923E-04	1.500288E+01	1.229971E+01	7.450315E-03	6.107943E-03
5.011872E-04	1.496435E+01	1.224184E+01	7.499943E-03	6.135451E-03
5.058247E-04	1.492628E+01	1.218343E+01	7.550080E-03	6.162678E-03
5.105050E-04	1.488844E+01	1.212477E+01	7.600623E-03	6.189757E-03
5.152286E-04	1.485083E+01	1.206590E+01	7.651572E-03	6.216697E-03
5.199960E-04	1.481343E+01	1.200684E+01	7.702925E-03	6.243507E-03
5.248075E-04	1.477624E+01	1.194762E+01	7.754683E-03	6.270199E-03
5.296634E-04	1.473925E+01	1.188827E+01	7.806844E-03	6.296784E-03
5.345644E-04	1.470245E+01	1.182884E+01	7.859407E-03	6.323276E-03
5.395106E-04	1.466583E+01	1.176935E+01	7.912372E-03	6.349687E-03
5.445027E-04	1.462938E+01	1.170982E+01	7.965738E-03	6.376031E-03
5.495409E-04	1.459310E+01	1.165031E+01	8.019504E-03	6.402320E-03
5.546257E-04	1.455697E+01	1.159082E+01	8.073669E-03	6.428568E-03
5.597576E-04	1.452099E+01	1.153140E+01	8.128233E-03	6.454789E-03
5.649370E-04	1.448515E+01	1.147207E+01	8.183195E-03	6.480996E-03
5.701643E-04	1.444944E+01	1.141285E+01	8.238553E-03	6.507201E-03
5.754399E-04	1.441386E+01	1.135378E+01	8.294308E-03	6.533419E-03
5.807644E-04	1.437839E+01	1.129487E+01	8.350459E-03	6.559661E-03
5.861382E-04	1.434304E+01	1.123616E+01	8.407004E-03	6.585940E-03
5.915616E-04	1.430780E+01	1.117765E+01	8.463943E-03	6.612269E-03
5.970353E-04	1.427265E+01	1.111938E+01	8.521275E-03	6.638660E-03
6.025596E-04	1.423760E+01	1.106136E+01	8.579000E-03	6.665127E-03
6.081350E-04	1.420263E+01	1.100361E+01	8.637116E-03	6.691681E-03
6.137620E-04	1.416774E+01	1.094614E+01	8.695623E-03	6.718325E-03
6.194411E-04	1.413293E+01	1.088881E+01	8.754520E-03	6.744975E-03
6.251727E-04	1.409820E+01	1.083160E+01	8.813807E-03	6.771618E-03
6.309573E-04	1.406353E+01	1.077452E+01	8.873487E-03	6.798259E-03
6.367955E-04	1.402893E+01	1.071758E+01	8.933560E-03	6.824906E-03
6.426877E-04	1.399439E+01	1.066079E+01	8.994026E-03	6.851562E-03
6.486344E-04	1.395992E+01	1.060418E+01	9.054886E-03	6.878233E-03
6.546362E-04	1.392551E+01	1.054773E+01	9.116142E-03	6.904925E-03
6.606934E-04	1.389115E+01	1.049147E+01	9.177795E-03	6.931643E-03
6.668068E-04	1.385685E+01	1.043539E+01	9.239845E-03	6.958390E-03
6.729767E-04	1.382261E+01	1.037952E+01	9.302293E-03	6.985172E-03
6.792036E-04	1.378841E+01	1.032384E+01	9.365140E-03	7.011991E-03
6.854882E-04	1.375426E+01	1.026838E+01	9.428387E-03	7.038851E-03
6.918310E-04	1.372016E+01	1.021312E+01	9.492034E-03	7.065755E-03
6.982324E-04	1.368611E+01	1.015809E+01	9.556084E-03	7.092706E-03
7.046931E-04	1.365209E+01	1.010327E+01	9.620536E-03	7.119704E-03
7.112135E-04	1.361812E+01	1.004867E+01	9.685391E-03	7.146752E-03
7.177943E-04	1.358419E+01	9.994301E+00	9.750651E-03	7.173852E-03
7.244360E-04	1.355029E+01	9.940154E+00	9.816317E-03	7.201005E-03
7.311391E-04	1.351643E+01	9.886234E+00	9.882388E-03	7.228212E-03
7.379042E-04	1.348260E+01	9.832542E+00	9.948866E-03	7.255474E-03
7.447320E-04	1.344880E+01	9.779080E+00	1.001575E-02	7.282793E-03
7.516229E-04	1.341499E+01	9.725844E+00	1.008302E-02	7.310167E-03
7.585776E-04	1.338108E+01	9.672821E+00	1.015059E-02	7.337585E-03
7.655966E-04	1.334707E+01	9.620010E+00	1.021847E-02	7.365047E-03
7.726806E-04	1.331299E+01	9.567412E+00	1.028669E-02	7.392553E-03
7.798301E-04	1.327886E+01	9.515029E+00	1.035525E-02	7.420106E-03
7.870458E-04	1.324469E+01	9.462860E+00	1.042418E-02	7.447704E-03
7.943282E-04	1.321052E+01	9.410909E+00	1.049349E-02	7.475350E-03
8.016781E-04	1.317635E+01	9.359174E+00	1.056319E-02	7.503044E-03
8.090959E-04	1.314220E+01	9.307656E+00	1.063330E-02	7.530786E-03
8.165824E-04	1.310809E+01	9.256355E+00	1.070384E-02	7.558576E-03
8.241381E-04	1.307404E+01	9.205271E+00	1.077482E-02	7.586415E-03
8.317638E-04	1.304006E+01	9.154403E+00	1.084625E-02	7.614301E-03
8.394600E-04	1.300617E+01	9.103749E+00	1.091816E-02	7.642233E-03
8.472274E-04	1.297238E+01	9.053308E+00	1.099056E-02	7.670211E-03
8.550667E-04	1.293871E+01	9.003078E+00	1.106346E-02	7.698232E-03
8.629785E-04	1.290517E+01	8.953057E+00	1.113688E-02	7.726296E-03
8.709636E-04	1.287176E+01	8.903242E+00	1.121084E-02	7.754400E-03
8.790225E-04	1.283852E+01	8.853632E+00	1.128535E-02	7.782542E-03
8.871560E-04	1.280544E+01	8.804224E+00	1.136042E-02	7.810720E-03
8.953648E-04	1.277254E+01	8.755017E+00	1.143608E-02	7.838933E-03
9.036495E-04	1.273983E+01	8.706008E+00	1.151234E-02	7.867180E-03
9.120108E-04	1.270731E+01	8.657198E+00	1.158921E-02	7.895459E-03
9.204496E-04	1.267495E+01	8.608665E+00	1.166665E-02	7.923842E-03
9.289664E-04	1.264267E+01	8.560466E+00	1.174461E-02	7.952386E-03
9.375620E-04	1.261047E+01	8.512582E+00	1.182310E-02	7.981073E-03
9.462372E-04	1.257835E+01	8.464992E+00	1.190210E-02	8.009890E-03
9.549926E-04	1.254630E+01	8.417675E+00	1.198162E-02	8.038818E-03
9.638290E-04	1.251431E+01	8.370614E+00	1.206166E-02	8.067841E-03
9.727472E-04	1.248240E+01	8.323790E+00	1.214222E-02	8.096943E-03
9.817479E-04	1.245054E+01	8.277182E+00	1.222329E-02	8.126107E-03
9.908319E-04	1.241873E+01	8.230774E+00	1.230488E-02	8.155314E-03
1.000000E-03	1.238698E+01	8.184546E+00	1.238698E-02	8.184546E-03
1.009253E-03	1.235528E+01	8.138480E+00	1.246960E-02	8.213785E-03
1.018591E-03	1.232361E+01	8.092558E+00	1.255273E-02	8.243010E-03
1.028016E-03	1.229199E+01	8.046761E+00	1.263637E-02	8.272202E-03
1.037528E-03	1.226041E+01	8.001071E+00	1.272052E-02	8.301339E-03
1.047129E-03	1.222886E+01	7.955470E+00	1.280519E-02	8.330400E-03
1.056818E-03	1.219734E+01	7.909940E+00	1.289036E-02	8.359363E-03
1.066596E-03	1.216585E+01	7.864463E+00	1.297605E-02	8.388206E-03
1.076465E-03	1.213438E+01	7.819022E+00	1.306224E-02	8.416906E-03
1.086426E-03	1.210294E+01	7.773602E+00	1.314894E-02	8.445440E-03
1.096478E-03	1.207151E+01	7.728185E+00	1.323614E-02	8.473786E-03
1.106624E-03	1.204010E+01	7.682756E+00	1.332386E-02	8.501921E-03
1.116863E-03	1.200870E+01	7.637301E+00	1.341207E-02	8.529821E-03
1.127197E-03	1.197729E+01	7.591797E+00	1.350077E-02	8.557454E-03
1.137627E-03	1.194586E+01	7.546264E+00	1.358994E-02	8.584836E-03
1.148154E-03	1.191442E+01	7.500734E+00	1.367959E-02	8.611995E-03
1.158777E-03	1.188298E+01	7.455237E+00	1.376973E-02	8.638960E-03
1.169499E-03	1.185153E+01	7.409803E+00	1.386036E-02	8.665760E-03
1.180321E-03	1.182009E+01	7.364460E+00	1.395149E-02	8.692424E-03
1.191242E-03	1.178865E+01	7.319234E+00	1.404313E-02	8.718979E-03
1.202264E-03	1.175721E+01	7.274152E+00	1.413528E-02	8.745454E-03
1.213389E-03	1.172579E+01	7.229237E+00	1.422794E-02	8.771876E-03
1.224616E-03	1.169438E+01	7.184514E+00	1.432113E-02	8.798272E-03
1.235947E-03	1.166299E+01	7.140003E+00	1.441484E-02	8.824669E-03
1.247384E-03	1.163162E+01	7.095726E+00	1.450909E-02	8.851092E-03
1.258925E-03	1.160027E+01	7.051702E+00	1.460388E-02	8.877566E-03
1.270574E-03	1.156895E+01	7.007948E+00	1.469921E-02	8.904117E-03
1.282331E-03	1.153766E+01	6.964482E+00	1.479509E-02	8.930769E-03
1.294196E-03	1.150640E+01	6.921321E+00	1.489153E-02	8.957545E-03
1.306171E-03	1.147517E+01	6.878479E+00	1.498854E-02	8.984470E-03
1.318257E-03	1.144398E+01	6.835972E+00	1.508611E-02	9.011566E-03
1.330454E-03	1.141283E+01	6.793814E+00	1.518425E-02	9.038860E-03
1.342765E-03	1.138172E+01	6.752018E+00	1.528298E-02	9.066373E-03
1.355189E-03	1.135066E+01	6.710599E+00	1.538229E-02	9.094132E-03
1.367729E-03	1.131961E+01	6.669583E+00	1.548216E-02	9.122182E-03
1.380384E-03	1.128848E+01	6.629027E+00	1.558245E-02	9.150604E-03
1.393157E-03	1.125728E+01	6.588902E+00	1.568316E-02	9.179373E-03
1.406048E-03	1.122602E+01	6.549176E+00	1.578431E-02	9.208452E-03
1.419058E-03	1.119471E+01	6.509816E+00	1.588594E-02	9.237803E-03
1.432188E-03	1.116338E+01	6.470791E+00	1.598806E-02	9.267389E-03
1.445440E-03	1.113204E+01	6.432071E+00	1.609069E-02	9.297171E-03
1.458814E-03	1.110070E+01	6.393625E+00	1.619386E-02	9.327111E-03
1.472313E-03	1.106938E+01	6.355422E+00	1.629759E-02	9.357168E-03
1.485936E-03	1.103810E+01	6.317435E+00	1.640190E-02	9.387301E-03
1.499685E-03	1.100686E+01	6.279632E+00	1.650682E-02	9.417469E-03
1.513561E-03	1.097568E+01	6.241986E+00	1.661236E-02	9.447628E-03
1.527566E-03	1.094457E+01	6.204467E+00	1.671856E-02	9.477734E-03
1.541700E-03	1.091355E+01	6.167048E+00	1.682543E-02	9.507741E-03
1.555966E-03	1.088263E+01	6.129700E+00	1.693299E-02	9.537602E-03
1.570363E-03	1.085181E+01	6.092396E+00	1.704128E-02	9.567271E-03
1.584893E-03	1.082111E+01	6.055108E+00	1.715030E-02	9.596699E-03
1.599558E-03	1.079054E+01	6.017810E+00	1.726009E-02	9.625837E-03
1.614359E-03	1.076011E+01	5.980477E+00	1.737067E-02	9.654635E-03
1.629296E-03	1.072982E+01	5.943084E+00	1.748205E-02	9.683043E-03
1.644372E-03	1.069969E+01	5.905607E+00	1.759427E-02	9.711013E-03
1.659587E-03	1.066973E+01	5.868023E+00	1.770734E-02	9.738495E-03
1.674943E-03	1.063990E+01	5.830386E+00	1.782123E-02	9.765563E-03
1.690441E-03	1.061014E+01	5.792808E+00	1.793582E-02	9.792400E-03
1.706082E-03	1.058045E+01	5.755300E+00	1.805111E-02	9.819015E-03
1.721869E-03	1.055082E+01	5.717867E+00	1.816712E-02	9.845416E-03
1.737801E-03	1.052125E+01	5.680518E+00	1.828384E-02	9.871610E-03
1.753881E-03	1.049175E+01	5.643260E+00	1.840128E-02	9.897604E-03
1.770109E-03	1.046231E+01	5.606099E+00	1.851943E-02	9.923406E-03
1.786488E-03	1.043292E+01	5.569041E+00	1.863829E-02	9.949023E-03
1.803018E-03	1.040360E+01	5.532091E+00	1.875787E-02	9.974459E-03
1.819701E-03	1.037433E+01	5.495255E+00	1.887817E-02	9.999720E-03
1.836538E-03	1.034511E+01	5.458535E+00	1.899919E-02	1.002481E-02
1.853532E-03	1.031595E+01	5.421935E+00	1.912093E-02	1.004973E-02
1.870682E-03	1.028683E+01	5.385457E+00	1.924340E-02	1.007448E-02
1.887991E-03	1.025777E+01	5.349103E+00	1.936658E-02	1.009906E-02
1.905461E-03	1.022876E+01	5.312874E+00	1.949050E-02	1.012347E-02
1.923092E-03	1.019979E+01	5.276771E+00	1.961514E-02	1.014772E-02
1.940886E-03	1.017088E+01	5.240794E+00	1.974051E-02	1.017178E-02
1.958845E-03	1.014200E+01	5.204944E+00	1.986661E-02	1.019568E-02
1.976970E-03	1.011318E+01	5.169220E+00	1.999344E-02	1.021939E-02
1.995262E-03	1.008439E+01	5.133624E+00	2.012101E-02	1.024293E-02
2.013724E-03	1.005565E+01	5.098155E+00	2.024931E-02	1.026628E-02
2.032357E-03	1.002695E+01	5.062815E+00	2.037834E-02	1.028945E-02
2.051162E-03	9.998245E+00	5.027577E+00	2.050802E-02	1.031238E-02
2.070141E-03	9.969521E+00	4.992435E+00	2.063832E-02	1.033505E-02
2.089296E-03	9.940786E+00	4.957400E+00	2.076925E-02	1.035748E-02
2.108628E-03	9.912049E+00	4.922483E+00	2.090083E-02	1.037969E-02
2.128139E-03	9.883318E+00	4.887693E+00	2.103307E-02	1.040169E-02
2.147830E-03	9.854601E+00	4.853042E+00	2.116601E-02	1.042351E-02
2.167704E-03	9.825905E+00	4.818539E+00	2.129965E-02	1.044517E-02
2.187762E-03	9.797238E+00	4.784193E+00	2.143402E-02	1.046667E-02
2.208005E-03	9.768608E+00	4.750011E+00	2.156913E-02	1.048805E-02
2.228435E-03	9.740021E+00	4.716001E+00	2.170500E-02	1.050930E-02
2.249055E-03	9.711483E+00	4.682170E+00	2.184166E-02	1.053046E-02
2.269865E-03	9.683002E+00	4.648522E+00	2.197910E-02	1.055152E-02
2.290868E-03	9.654583E+00	4.615063E+00	2.211737E-02	1.057250E-02
2.312065E-03	9.626232E+00	4.581796E+00	2.225647E-02	1.059341E-02
2.333458E-03	9.597955E+00	4.548725E+00	2.239643E-02	1.061426E-02
2.355049E-03	9.569758E+00	4.515852E+00	2.253725E-02	1.063506E-02
2.376840E-03	9.541646E+00	4.483180E+00	2.267897E-02	1.065580E-02
2.398833E-03	9.513624E+00	4.450710E+00	2.282159E-02	1.067651E-02
2.421029E-03	9.485697E+00	4.418444E+00	2.296515E-02	1.069718E-02
2.443431E-03	9.457869E+00	4.386383E+00	2.310965E-02	1.071782E-02
2.466039E-03	9.430145E+00	4.354528E+00	2.325511E-02	1.073844E-02
2.488857E-03	9.402524E+00	4.322886E+00	2.340154E-02	1.075905E-02
2.511886E-03	9.374966E+00	4.291482E+00	2.354885E-02	1.077972E-02
2.535129E-03	9.347460E+00	4.260314E+00	2.369701E-02	1.080044E-02
2.558586E-03	9.320006E+00	4.229372E+00	2.384604E-02	1.082121E-02
2.582260E-03	9.292602E+00	4.198650E+00	2.399592E-02	1.084201E-02
2.606154E-03	9.265246E+00	4.168140E+00	2.414665E-02	1.086281E-02
2.630268E-03	9.237937E+00	4.137834E+00	2.429825E-02	1.088361E-02
2.654606E-03	9.210673E+00	4.107725E+00	2.445070E-02	1.090439E-02
2.679168E-03	9.183455E+00	4.077806E+00	2.460402E-02	1.092513E-02
2.703958E-03	9.156279E+00	4.048068E+00	2.475820E-02	1.094581E-02
2.728978E-03	9.129145E+00	4.018503E+00	2.491324E-02	1.096640E-02
2.754229E-03	9.102053E+00	3.989103E+00	2.506914E-02	1.098690E-02
2.779713E-03	9.075000E+00	3.959860E+00	2.522590E-02	1.100728E-02
2.805434E-03	9.047986E+00	3.930765E+00	2.538352E-02	1.102750E-02
2.831392E-03	9.021009E+00	3.901809E+00	2.554201E-02	1.104755E-02
2.857591E-03	8.994069E+00	3.872983E+00	2.570137E-02	1.106740E-02
2.884032E-03	8.967165E+00	3.844278E+00	2.586159E-02	1.108702E-02
2.910717E-03	8.940295E+00	3.815686E+00	2.602267E-02	1.110638E-02
2.937650E-03	8.913459E+00	3.787197E+00	2.618462E-02	1.112546E-02
2.964831E-03	8.886655E+00	3.758804E+00	2.634744E-02	1.114422E-02
2.992265E-03	8.859884E+00	3.730497E+00	2.651112E-02	1.116264E-02
3.019952E-03	8.833144E+00	3.702270E+00	2.667567E-02	1.118068E-02
3.047895E-03	8.806417E+00	3.674142E+00	2.684103E-02	1.119840E-02
3.076097E-03	8.779663E+00	3.646176E+00	2.700709E-02	1.121599E-02
3.104560E-03	8.752887E+00	3.618373E+00	2.717386E-02	1.123346E-02
3.133286E-03	8.726101E+00	3.590730E+00	2.734137E-02	1.125078E-02
3.162278E-03	8.699312E+00	3.563243E+00	2.750964E-02	1.126796E-02
3.191538E-03	8.672529E+00	3.535910E+00	2.767871E-02	1.128499E-02
3.221069E-03	8.645762E+00	3.508727E+00	2.784859E-02	1.130185E-02
3.250873E-03	8.619018E+00	3.481691E+00	2.801933E-02	1.131854E-02
3.280953E-03	8.592305E+00	3.454800E+00	2.819095E-02	1.133504E-02
3.311311E-03	8.565630E+00	3.428050E+00	2.836347E-02	1.135134E-02
3.341950E-03	8.539002E+00	3.401437E+00	2.853692E-02	1.136743E-02
3.372873E-03	8.512426E+00	3.374956E+00	2.871133E-02	1.138330E-02
3.404082E-03	8.485910E+00	3.348604E+00	2.888673E-02	1.139892E-02
3.435579E-03	8.459461E+00	3.322377E+00	2.906315E-02	1.141429E-02
3.467369E-03	8.433084E+00	3.296268E+00	2.924061E-02	1.142938E-02
3.499452E-03	8.406786E+00	3.270273E+00	2.941914E-02	1.144416E-02
3.531832E-03	8.380573E+00	3.244388E+00	2.959877E-02	1.145863E-02
3.564511E-03	8.354450E+00	3.218607E+00	2.977953E-02	1.147276E-02
3.597493E-03	8.328423E+00	3.192925E+00	2.996144E-02	1.148653E-02
3.630781E-03	8.302496E+00	3.167337E+00	3.014454E-02	1.149991E-02
3.664376E-03	8.276675E+00	3.141838E+00	3.032885E-02	1.151288E-02
3.698282E-03	8.250964E+00	3.116424E+00	3.051439E-02	1.152542E-02
3.732502E-03	8.225344E+00	3.091125E+00	3.070111E-02	1.153763E-02
3.767038E-03	8.199792E+00	3.065968E+00	3.088893E-02	1.154962E-02
3.801894E-03	8.174303E+00	3.040951E+00	3.107783E-02	1.156137E-02
3.837072E-03	8.148876E+00	3.016071E+00	3.126783E-02	1.157288E-02
3.872576E-03	8.123507E+00	2.991325E+00	3.145890E-02	1.158413E-02
3.908409E-03	8.098194E+00	2.966711E+00	3.165105E-02	1.159512E-02
3.944573E-03	8.072934E+00	2.942227E+00	3.184428E-02	1.160583E-02
3.981072E-03	8.047724E+00	2.917871E+00	3.203857E-02	1.161625E-02
4.017908E-03	8.022561E+00	2.893640E+00	3.223391E-02	1.162638E-02
4.055085E-03	7.997444E+00	2.869534E+00	3.243032E-02	1.163620E-02
4.092607E-03	7.972370E+00	2.845548E+00	3.262778E-02	1.164571E-02
4.130475E-03	7.947337E+00	2.821682E+00	3.282628E-02	1.165489E-02
4.168694E-03	7.922342E+00	2.797934E+00	3.302582E-02	1.166373E-02
4.207266E-03	7.897384E+00	2.774300E+00	3.322640E-02	1.167222E-02
4.246196E-03	7.872460E+00	2.750779E+00	3.342801E-02	1.168034E-02
4.285485E-03	7.847569E+00	2.727368E+00	3.363064E-02	1.168810E-02
4.325138E-03	7.822708E+00	2.704066E+00	3.383429E-02	1.169546E-02
4.365158E-03	7.797876E+00	2.680869E+00	3.403896E-02	1.170242E-02
4.405549E-03	7.773071E+00	2.657777E+00	3.424464E-02	1.170897E-02
4.446313E-03	7.748291E+00	2.634787E+00	3.445133E-02	1.171509E-02
4.487454E-03	7.723536E+00	2.611897E+00	3.465901E-02	1.172077E-02
4.528976E-03	7.698801E+00	2.589108E+00	3.486768E-02	1.172601E-02
4.570882E-03	7.674070E+00	2.566449E+00	3.507727E-02	1.173094E-02
4.613176E-03	7.649339E+00	2.543932E+00	3.528774E-02	1.173561E-02
4.655861E-03	7.624614E+00	2.521553E+00	3.549914E-02	1.174000E-02
4.698941E-03	7.599899E+00	2.499309E+00	3.571148E-02	1.174411E-02
4.742420E-03	7.575200E+00	2.477200E+00	3.592478E-02	1.174792E-02
4.786301E-03	7.550521E+00	2.455223E+00	3.613907E-02	1.175144E-02
4.830588E-03	7.525866E+00	2.433376E+00	3.635436E-02	1.175464E-02
4.875285E-03	7.501240E+00	2.411657E+00	3.657068E-02	1.175752E-02
4.920395E-03	7.476647E+00	2.390064E+00	3.678806E-02	1.176006E-02
4.965923E-03	7.452090E+00	2.368596E+00	3.700651E-02	1.176227E-02
5.011872E-03	7.427573E+00	2.347250E+00	3.722605E-02	1.176412E-02
5.058247E-03	7.403101E+00	2.326025E+00	3.744671E-02	1.176561E-02
5.105050E-03	7.378676E+00	2.304918E+00	3.766851E-02	1.176672E-02
5.152286E-03	7.354302E+00	2.283929E+00	3.789147E-02	1.176746E-02
5.199960E-03	7.329982E+00	2.263055E+00	3.811561E-02	1.176779E-02
5.248075E-03	7.305720E+00	2.242294E+00	3.834097E-02	1.176773E-02
5.296634E-03	7.281519E+00	2.221645E+00	3.856754E-02	1.176724E-02
5.345644E-03	7.257381E+00	2.201106E+00	3.879537E-02	1.176633E-02
5.395106E-03	7.233309E+00	2.180676E+00	3.902447E-02	1.176498E-02
5.445027E-03	7.209307E+00	2.160352E+00	3.925487E-02	1.176317E-02
5.495409E-03	7.185376E+00	2.140133E+00	3.948658E-02	1.176090E-02
5.546257E-03	7.161510E+00	2.120027E+00	3.971958E-02	1.175821E-02
5.597576E-03	7.137677E+00	2.100072E+00	3.995369E-02	1.175531E-02
5.649370E-03	7.113874E+00	2.080268E+00	4.018890E-02	1.175220E-02
5.701643E-03	7.090103E+00	2.060611E+00	4.042524E-02	1.174887E-02
5.754399E-03	7.066367E+00	2.041096E+00	4.066270E-02	1.174528E-02
5.807644E-03	7.042668E+00	2.021718E+00	4.090131E-02	1.174142E-02
5.861382E-03	7.019008E+00	2.002474E+00	4.114108E-02	1.173726E-02
5.915616E-03	6.995389E+00	1.983359E+00	4.138204E-02	1.173279E-02
5.970353E-03	6.971812E+00	1.964369E+00	4.162418E-02	1.172797E-02
6.025596E-03	6.948281E+00	1.945500E+00	4.186753E-02	1.172280E-02
6.081350E-03	6.924796E+00	1.926749E+00	4.211211E-02	1.171723E-02
6.137620E-03	6.901360E+00	1.908112E+00	4.235793E-02	1.171126E-02
6.194411E-03	6.877974E+00	1.889585E+00	4.260500E-02	1.170486E-02
6.251727E-03	6.854640E+00	1.871164E+00	4.285334E-02	1.169801E-02
6.309573E-03	6.831359E+00	1.852848E+00	4.310296E-02	1.169068E-02
6.367955E-03	6.808132E+00	1.834632E+00	4.335388E-02	1.168285E-02
6.426877E-03	6.784963E+00	1.816513E+00	4.360612E-02	1.167451E-02
6.486344E-03	6.761850E+00	1.798489E+00	4.385969E-02	1.166562E-02
6.546362E-03	6.738797E+00	1.780557E+00	4.411460E-02	1.165617E-02
6.606934E-03	6.715804E+00	1.762714E+00	4.437088E-02	1.164613E-02
6.668068E-03	6.692873E+00	1.744956E+00	4.462853E-02	1.163549E-02
6.729767E-03	6.670004E+00	1.727283E+00	4.488757E-02	1.162421E-02
6.792036E-03	6.647192E+00	1.709702E+00	4.514797E-02	1.161236E-02
6.854882E-03	6.624426E+00	1.692229E+00	4.540966E-02	1.160003E-02
6.918310E-03	6.601705E+00	1.674866E+00	4.567264E-02	1.158724E-02
6.982324E-03	6.579029E+00	1.657615E+00	4.593692E-02	1.157401E-02
7.046931E-03	6.556398E+00	1.640479E+00	4.620248E-02	1.156034E-02
7.112135E-03	6.533811E+00	1.623459E+00	4.646935E-02	1.154626E-02
7.177943E-03	6.511267E+00	1.606557E+00	4.673750E-02	1.153178E-02
7.244360E-03	6.488767E+00	1.589775E+00	4.700696E-02	1.151690E-02
7.311391E-03	6.466310E+00	1.573113E+00	4.727772E-02	1.150165E-02
7.379042E-03	6.443895E+00	1.556574E+00	4.754978E-02	1.148603E-02
7.447320E-03	6.421523E+00	1.540159E+00	4.782314E-02	1.147006E-02
7.516229E-03	6.399193E+00	1.523868E+00	4.809780E-02	1.145374E-02
7.585776E-03	6.376904E+00	1.507704E+00	4.837377E-02	1.143710E-02
7.655966E-03	6.354658E+00	1.491666E+00	4.865104E-02	1.142014E-02
7.726806E-03	6.332452E+00	1.475755E+00	4.892963E-02	1.140288E-02
7.798301E-03	6.310287E+00	1.459973E+00	4.920952E-02	1.138531E-02
7.870458E-03	6.288163E+00	1.444320E+00	4.949072E-02	1.136746E-02
7.943282E-03	6.266080E+00	1.428797E+00	4.977324E-02	1.134934E-02
8.016781E-03	6.244037E+00	1.413404E+00	5.005707E-02	1.133095E-02
8.090959E-03	6.222034E+00	1.398141E+00	5.034222E-02	1.131230E-02
8.165824E-03	6.200070E+00	1.383010E+00	5.062868E-02	1.129341E-02
8.241381E-03	6.178147E+00	1.368010E+00	5.091646E-02	1.127430E-02
8.317638E-03	6.156271E+00	1.353145E+00	5.120563E-02	1.125497E-02
8.394600E-03	6.134444E+00	1.338416E+00	5.149620E-02	1.123546E-02
8.472274E-03	6.112664E+00	1.323821E+00	5.178816E-02	1.121578E-02
8.550667E-03	6.090928E+00	1.309362E+00	5.208150E-02	1.119592E-02
8.629785E-03	6.069235E+00	1.295039E+00	5.237619E-02	1.117591E-02
8.709636E-03	6.047581E+00	1.280851E+00	5.267223E-02	1.115574E-02
8.790225E-03	6.025966E+00	1.266798E+00	5.296959E-02	1.113544E-02
8.871560E-03	6.004386E+00	1.252880E+00	5.326827E-02	1.111500E-02
8.953648E-03	5.982840E+00	1.239097E+00	5.356824E-02	1.109444E-02
9.036495E-03	5.961325E+00	1.225448E+00	5.386949E-02	1.107375E-02
9.120108E-03	5.939841E+00	1.211932E+00	5.417200E-02	1.105295E-02
9.204496E-03	5.918385E+00	1.198550E+00	5.447575E-02	1.103204E-02
9.289664E-03	5.896956E+00	1.185299E+00	5.478074E-02	1.101103E-02
9.375620E-03	5.875552E+00	1.172180E+00	5.508695E-02	1.098991E-02
9.462372E-03	5.854172E+00	1.159190E+00	5.539435E-02	1.096869E-02
9.549926E-03	5.832814E+00	1.146330E+00	5.570294E-02	1.094737E-02
9.638290E-03	5.811476E+00	1.133597E+00	5.601269E-02	1.092594E-02
9.727472E-03	5.790158E+00	1.120991E+00	5.632360E-02	1.090441E-02
9.817479E-03	5.768858E+00	1.108510E+00	5.663564E-02	1.088278E-02
9.908319E-03	5.747574E+00	1.096153E+00	5.694880E-02	1.086104E-02
1.000000E-02	5.726307E+00	1.083919E+00	5.726307E-02	1.083919E-02
1.198397E-02	5.326036E+00	8.636103E-01	6.382705E-02	1.034948E-02
1.396794E-02	5.001884E+00	7.113256E-01	6.986600E-02	9.935750E-03
1.595190E-02	4.732933E+00	6.084822E-01	7.549929E-02	9.706450E-03
1.793587E-02	4.505249E+00	5.408807E-01	8.080558E-02	9.701167E-03
1.991984E-02	4.309232E+00	4.931737E-01	8.583920E-02	9.823941E-03
2.190381E-02	4.138071E+00	4.605973E-01	9.063952E-02	1.008884E-02
2.388778E-02	3.987714E+00	4.404903E-01	9.525763E-02	1.052233E-02
2.587174E-02	3.853879E+00	4.282025E-01	9.970656E-02	1.107835E-02
2.785571E-02	3.734168E+00	4.200413E-01	1.040179E-01	1.170055E-02
2.983968E-02	3.625877E+00	4.141026E-01	1.081950E-01	1.235669E-02
3.182365E-02	3.527526E+00	4.097255E-01	1.122588E-01	1.303896E-02
3.380762E-02	3.438042E+00	4.062278E-01	1.162320E-01	1.373359E-02
3.579158E-02	3.355962E+00	4.032627E-01	1.201152E-01	1.443341E-02
3.777555E-02	3.280330E+00	4.004078E-01	1.239163E-01	1.512563E-02
3.975952E-02	3.210491E+00	3.975148E-01	1.276476E-01	1.580500E-02
4.174349E-02	3.145800E+00	3.945803E-01	1.313167E-01	1.647116E-02
4.372745E-02	3.085363E+00	3.917144E-01	1.349151E-01	1.712867E-02
4.571142E-02	3.028974E+00	3.885675E-01	1.384587E-01	1.776197E-02
4.769539E-02	2.976229E+00	3.852173E-01	1.419524E-01	1.837309E-02
4.967936E-02	2.927047E+00	3.814122E-01	1.454138E-01	1.894831E-02
5.166333E-02	2.881114E+00	3.770667E-01	1.488480E-01	1.948052E-02
5.364729E-02	2.837856E+00	3.724593E-01	1.522433E-01	1.998144E-02
5.563126E-02	2.797015E+00	3.676443E-01	1.556015E-01	2.045252E-02
5.761523E-02	2.758436E+00	3.626538E-01	1.589279E-01	2.089438E-02
5.959920E-02	2.721914E+00	3.575611E-01	1.622239E-01	2.131036E-02
6.158317E-02	2.687216E+00	3.524225E-01	1.654873E-01	2.170330E-02
6.356713E-02	2.654054E+00	3.473446E-01	1.687106E-01	2.207970E-02
6.555110E-02	2.622340E+00	3.422670E-01	1.718973E-01	2.243598E-02
6.753507E-02	2.592022E+00	3.371177E-01	1.750524E-01	2.276727E-02
6.951904E-02	2.563021E+00	3.319257E-01	1.781788E-01	2.307516E-02
7.150301E-02	2.535258E+00	3.267208E-01	1.812785E-01	2.336152E-02
7.348697E-02	2.508674E+00	3.214594E-01	1.843549E-01	2.362308E-02
7.547094E-02	2.483194E+00	3.161392E-01	1.874090E-01	2.385932E-02
7.745491E-02	2.458663E+00	3.108607E-01	1.904355E-01	2.407769E-02
7.943888E-02	2.434996E+00	3.056266E-01	1.934334E-01	2.427863E-02
8.142285E-02	2.412128E+00	3.004277E-01	1.964024E-01	2.446168E-02
8.340681E-02	2.390010E+00	2.952587E-01	1.993431E-01	2.462659E-02
8.539078E-02	2.368648E+00	2.901362E-01	2.022607E-01	2.477496E-02
8.737475E-02	2.347979E+00	2.850658E-01	2.051541E-01	2.490755E-02
8.935872E-02	2.327935E+00	2.800461E-01	2.080213E-01	2.502456E-02
9.134269E-02	2.308458E+00	2.750768E-01	2.108607E-01	2.512626E-02
9.332665E-02	2.289513E+00	2.701992E-01	2.136726E-01	2.521679E-02
9.531062E-02	2.271061E+00	2.654184E-01	2.164563E-01	2.529720E-02
9.729459E-02	2.253060E+00	2.607246E-01	2.192106E-01	2.536709E-02
9.927856E-02	2.235474E+00	2.561091E-01	2.219346E-01	2.542615E-02
1.012625E-01	2.218274E+00	2.515649E-01	2.246281E-01	2.547410E-02
1.032465E-01	2.201499E+00	2.470906E-01	2.272971E-01	2.551124E-02
1.052305E-01	2.185124E+00	2.426916E-01	2.299416E-01	2.553855E-02
1.072144E-01	2.169097E+00	2.383721E-01	2.325585E-01	2.555692E-02
1.091984E-01	2.153377E+00	2.341341E-01	2.351453E-01	2.556707E-02
1.111824E-01	2.137926E+00	2.299792E-01	2.376997E-01	2.556963E-02
1.131663E-01	2.122769E+00	2.259267E-01	2.402260E-01	2.556729E-02
1.151503E-01	2.107897E+00	2.219791E-01	2.427250E-01	2.556096E-02
1.171343E-01	2.093278E+00	2.181276E-01	2.451946E-01	2.555022E-02
1.191182E-01	2.078883E+00	2.143637E-01	2.476328E-01	2.553463E-02
1.211022E-01	2.064687E+00	2.106792E-01	2.500382E-01	2.551372E-02
1.230862E-01	2.050670E+00	2.070664E-01	2.524092E-01	2.548701E-02
1.250701E-01	2.036867E+00	2.035052E-01	2.547513E-01	2.545243E-02
1.270541E-01	2.023297E+00	1.999971E-01	2.570682E-01	2.541046E-02
1.290381E-01	2.009924E+00	1.965627E-01	2.593568E-01	2.536408E-02
1.310220E-01	1.996716E+00	1.932186E-01	2.616138E-01	2.531589E-02
1.330060E-01	1.983646E+00	1.899775E-01	2.638368E-01	2.526816E-02
1.349900E-01	1.970689E+00	1.868495E-01	2.660232E-01	2.522281E-02
1.369739E-01	1.957845E+00	1.837840E-01	2.681737E-01	2.517362E-02
1.389579E-01	1.945135E+00	1.807261E-01	2.702919E-01	2.511333E-02
1.409419E-01	1.932550E+00	1.777473E-01	2.723773E-01	2.505204E-02
1.429259E-01	1.920096E+00	1.748380E-01	2.744313E-01	2.498887E-02
1.449098E-01	1.907746E+00	1.719961E-01	2.764511E-01	2.492392E-02
1.468938E-01	1.895499E+00	1.692249E-01	2.784370E-01	2.485809E-02
1.488778E-01	1.883355E+00	1.665228E-01	2.803897E-01	2.479153E-02
1.508617E-01	1.871307E+00	1.638859E-01	2.823085E-01	2.472411E-02
1.528457E-01	1.859358E+00	1.613124E-01	2.841948E-01	2.465590E-02
1.548297E-01	1.847497E+00	1.587979E-01	2.860474E-01	2.458663E-02
1.568136E-01	1.835734E+00	1.563390E-01	2.878681E-01	2.451609E-02
1.587976E-01	1.824060E+00	1.539365E-01	2.896563E-01	2.444475E-02
1.607816E-01	1.812452E+00	1.515909E-01	2.914089E-01	2.437301E-02
1.627655E-01	1.800924E+00	1.492980E-01	2.931284E-01	2.430056E-02
1.647495E-01	1.789456E+00	1.470601E-01	2.948120E-01	2.422808E-02
1.667335E-01	1.778032E+00	1.448810E-01	2.964575E-01	2.415652E-02
1.687174E-01	1.766670E+00	1.427592E-01	2.980680E-01	2.408597E-02
1.707014E-01	1.755361E+00	1.406880E-01	2.996426E-01	2.401564E-02
1.726854E-01	1.744106E+00	1.386636E-01	3.011817E-01	2.394517E-02
1.746693E-01	1.732909E+00	1.366853E-01	3.026861E-01	2.387474E-02
1.766533E-01	1.721756E+00	1.347467E-01	3.041539E-01	2.380344E-02
1.786373E-01	1.710651E+00	1.328446E-01	3.055860E-01	2.373099E-02
1.806212E-01	1.699602E+00	1.309804E-01	3.069841E-01	2.365784E-02
1.826052E-01	1.688597E+00	1.291529E-01	3.083466E-01	2.358400E-02
1.845892E-01	1.677638E+00	1.273612E-01	3.096738E-01	2.350950E-02
1.865731E-01	1.666729E+00	1.256033E-01	3.109668E-01	2.343420E-02
1.885571E-01	1.655858E+00	1.238757E-01	3.122237E-01	2.335764E-02
1.905411E-01	1.645026E+00	1.221763E-01	3.134450E-01	2.327961E-02
1.925251E-01	1.634244E+00	1.205066E-01	3.146330E-01	2.320054E-02
1.945090E-01	1.623505E+00	1.188672E-01	3.157863E-01	2.312073E-02
1.964930E-01	1.612802E+00	1.172575E-01	3.169042E-01	2.304028E-02
1.984770E-01	1.602143E+00	1.156757E-01	3.179884E-01	2.295895E-02
2.004609E-01	1.591524E+00	1.141215E-01	3.190383E-01	2.287690E-02
2.024449E-01	1.580940E+00	1.125946E-01	3.200533E-01	2.279420E-02
2.044289E-01	1.570409E+00	1.110952E-01	3.210370E-01	2.271106E-02
2.064128E-01	1.559924E+00	1.096225E-01	3.219882E-01	2.262748E-02
2.083968E-01	1.549466E+00	1.081747E-01	3.229038E-01	2.254325E-02
2.103808E-01	1.539035E+00	1.067510E-01	3.237834E-01	2.245835E-02
2.123647E-01	1.528643E+00	1.053512E-01	3.246299E-01	2.237289E-02
2.143487E-01	1.518270E+00	1.039715E-01	3.254392E-01	2.228615E-02
2.163327E-01	1.507896E+00	1.026074E-01	3.262071E-01	2.219734E-02
2.183166E-01	1.497533E+00	1.012577E-01	3.269363E-01	2.210623E-02
2.203006E-01	1.487192E+00	9.992748E-02	3.276293E-01	2.201408E-02
2.222846E-01	1.476877E+00	9.862220E-02	3.282869E-01	2.192219E-02
2.242685E-01	1.466589E+00	9.734361E-02	3.289099E-01	2.183111E-02
2.262525E-01	1.456332E+00	9.608570E-02	3.294987E-01	2.173963E-02
2.282365E-01	1.446104E+00	9.485404E-02	3.300536E-01	2.164915E-02
2.302204E-01	1.435906E+00	9.365412E-02	3.305749E-01	2.156109E-02
2.322044E-01	1.425745E+00	9.248969E-02	3.310642E-01	2.147651E-02
2.341884E-01	1.415628E+00	9.135728E-02	3.315235E-01	2.139481E-02
2.361723E-01	1.405548E+00	9.024849E-02	3.319516E-01	2.131420E-02
2.381563E-01	1.395499E+00	8.915561E-02	3.323469E-01	2.123297E-02
2.401403E-01	1.385479E+00	8.807700E-02	3.327094E-01	2.115084E-02
2.421242E-01	1.375496E+00	8.701772E-02	3.330409E-01	2.106910E-02
2.441082E-01	1.365544E+00	8.596981E-02	3.333404E-01	2.098594E-02
2.460922E-01	1.355619E+00	8.492535E-02	3.336071E-01	2.089947E-02
2.480762E-01	1.345723E+00	8.387954E-02	3.338417E-01	2.080851E-02
2.500601E-01	1.335868E+00	8.283732E-02	3.340472E-01	2.071431E-02
2.520441E-01	1.326048E+00	8.180333E-02	3.342225E-01	2.061804E-02
2.540281E-01	1.316258E+00	8.078137E-02	3.343663E-01	2.052073E-02
2.560120E-01	1.306494E+00	7.977370E-02	3.344781E-01	2.042303E-02
2.579960E-01	1.296765E+00	7.877681E-02	3.345603E-01	2.032410E-02
2.599800E-01	1.287068E+00	7.779185E-02	3.346119E-01	2.022432E-02
2.619639E-01	1.277394E+00	7.682049E-02	3.346311E-01	2.012420E-02
2.639479E-01	1.267737E+00	7.586383E-02	3.346166E-01	2.002410E-02
2.659319E-01	1.258106E+00	7.492190E-02	3.345706E-01	1.992412E-02
2.679158E-01	1.248507E+00	7.399389E-02	3.344947E-01	1.982414E-02
2.698998E-01	1.238938E+00	7.307913E-02	3.343892E-01	1.972404E-02
2.718838E-01	1.229400E+00	7.217691E-02	3.342539E-01	1.962373E-02
2.738677E-01	1.219892E+00	7.128679E-02	3.340892E-01	1.952315E-02
2.758517E-01	1.210418E+00	7.040939E-02	3.338958E-01	1.942255E-02
2.778357E-01	1.200975E+00	6.954397E-02	3.336736E-01	1.932180E-02
2.798196E-01	1.191562E+00	6.868947E-02	3.334225E-01	1.922066E-02
2.818036E-01	1.182180E+00	6.784467E-02	3.331425E-01	1.911887E-02
2.837876E-01	1.172832E+00	6.700851E-02	3.328353E-01	1.901618E-02
2.857715E-01	1.163525E+00	6.618205E-02	3.325024E-01	1.891295E-02
2.877555E-01	1.154255E+00	6.536720E-02	3.321431E-01	1.880977E-02
2.897395E-01	1.145018E+00	6.456571E-02	3.317570E-01	1.870724E-02
2.917234E-01	1.135813E+00	6.377913E-02	3.313433E-01	1.860587E-02
2.937074E-01	1.126643E+00	6.300459E-02	3.309034E-01	1.850492E-02
2.956914E-01	1.117509E+00	6.224197E-02	3.304376E-01	1.840442E-02
2.976754E-01	1.108406E+00	6.149411E-02	3.299453E-01	1.830528E-02
2.996593E-01	1.099334E+00	6.076362E-02	3.294257E-01	1.820839E-02
3.016433E-01	1.090289E+00	6.005291E-02	3.288784E-01	1.811456E-02
3.036273E-01	1.081278E+00	5.936307E-02	3.283054E-01	1.802425E-02
3.056112E-01	1.072303E+00	5.869197E-02	3.277078E-01	1.793692E-02
3.075952E-01	1.063365E+00	5.803700E-02	3.270858E-01	1.785190E-02
3.095792E-01	1.054462E+00	5.739557E-02	3.264395E-01	1.776847E-02
3.115631E-01	1.045595E+00	5.676515E-02	3.257688E-01	1.768593E-02
3.135471E-01	1.036764E+00	5.614753E-02	3.250743E-01	1.760489E-02
3.155311E-01	1.027969E+00	5.554448E-02	3.243562E-01	1.752601E-02
3.175150E-01	1.019210E+00	5.495326E-02	3.236146E-01	1.744848E-02
3.194990E-01	1.010486E+00	5.437110E-02	3.228493E-01	1.737151E-02
3.214830E-01	1.001796E+00	5.379531E-02	3.220604E-01	1.729427E-02
3.234669E-01	9.931417E-01	5.322441E-02	3.212485E-01	1.721634E-02
3.254509E-01	9.845277E-01	5.266062E-02	3.204154E-01	1.713845E-02
3.274349E-01	9.759536E-01	5.210534E-02	3.195612E-01	1.706110E-02
3.294188E-01	9.674188E-01	5.155977E-02	3.186860E-01	1.698476E-02
3.314028E-01	9.589228E-01	5.102493E-02	3.177897E-01	1.690981E-02
3.333868E-01	9.504651E-01	5.050165E-02	3.168725E-01	1.683658E-02
3.353707E-01	9.420457E-01	4.998915E-02	3.159346E-01	1.676490E-02
3.373547E-01	9.336646E-01	4.948696E-02	3.149762E-01	1.669466E-02
3.393387E-01	9.253216E-01	4.899512E-02	3.139974E-01	1.662594E-02
3.413226E-01	9.170165E-01	4.851353E-02	3.129985E-01	1.655877E-02
3.433066E-01	9.087491E-01	4.804191E-02	3.119796E-01	1.649311E-02
3.452906E-01	9.005200E-01	4.757989E-02	3.109411E-01	1.642889E-02
3.472745E-01	8.923332E-01	4.712723E-02	3.098846E-01	1.636609E-02
3.492585E-01	8.841882E-01	4.668451E-02	3.088103E-01	1.630496E-02
3.512425E-01	8.760844E-01	4.625231E-02	3.077181E-01	1.624578E-02
3.532265E-01	8.680210E-01	4.583111E-02	3.066080E-01	1.618876E-02
3.552104E-01	8.599972E-01	4.542122E-02	3.054800E-01	1.613409E-02
3.571944E-01	8.520128E-01	4.502243E-02	3.043342E-01	1.608176E-02
3.591784E-01	8.440688E-01	4.463343E-02	3.031713E-01	1.603136E-02
3.611623E-01	8.361642E-01	4.425479E-02	3.019910E-01	1.598316E-02
3.631463E-01	8.282977E-01	4.388709E-02	3.007932E-01	1.593743E-02
3.651303E-01	8.204683E-01	4.353075E-02	2.995778E-01	1.589439E-02
3.671142E-01	8.126749E-01	4.318608E-02	2.983445E-01	1.585423E-02
3.690982E-01	8.049168E-01	4.285344E-02	2.970933E-01	1.581713E-02
3.710822E-01	7.971961E-01	4.253292E-02	2.958253E-01	1.578321E-02
3.730661E-01	7.895145E-01	4.222399E-02	2.945411E-01	1.575234E-02
3.750501E-01	7.818733E-01	4.192600E-02	2.932416E-01	1.572435E-02
3.770341E-01	7.742738E-01	4.163815E-02	2.919276E-01	1.569900E-02
3.790180E-01	7.667174E-01	4.135948E-02	2.905997E-01	1.567599E-02
3.810020E-01	7.592050E-01	4.108898E-02	2.892586E-01	1.565498E-02
3.829860E-01	7.517327E-01	4.082830E-02	2.879031E-01	1.563667E-02
3.849699E-01	7.442997E-01	4.057748E-02	2.865330E-01	1.562111E-02
3.869539E-01	7.369077E-01	4.033512E-02	2.851493E-01	1.560783E-02
3.889379E-01	7.295583E-01	4.009961E-02	2.837528E-01	1.559626E-02
3.909218E-01	7.222529E-01	3.986918E-02	2.823444E-01	1.558573E-02
3.929058E-01	7.149929E-01	3.964199E-02	2.809249E-01	1.557557E-02
3.948898E-01	7.077791E-01	3.941680E-02	2.794947E-01	1.556529E-02
3.968737E-01	7.006107E-01	3.919444E-02	2.780540E-01	1.555524E-02
3.988577E-01	6.934875E-01	3.897584E-02	2.766028E-01	1.554581E-02
4.008417E-01	6.864089E-01	3.876191E-02	2.751413E-01	1.553739E-02
4.028257E-01	6.793746E-01	3.855348E-02	2.736695E-01	1.553033E-02
4.048096E-01	6.723841E-01	3.835128E-02	2.721876E-01	1.552497E-02
4.067936E-01	6.654372E-01	3.815594E-02	2.706956E-01	1.552159E-02
4.087776E-01	6.585330E-01	3.796588E-02	2.691935E-01	1.551960E-02
4.107615E-01	6.516708E-01	3.777980E-02	2.676813E-01	1.551849E-02
4.127455E-01	6.448504E-01	3.759857E-02	2.661591E-01	1.551864E-02
4.147295E-01	6.380716E-01	3.742293E-02	2.646271E-01	1.552039E-02
4.167134E-01	6.313343E-01	3.725344E-02	2.630855E-01	1.552401E-02
4.186974E-01	6.246382E-01	3.709059E-02	2.615344E-01	1.552974E-02
4.206814E-01	6.179831E-01	3.693478E-02	2.599740E-01	1.553777E-02
4.226653E-01	6.113677E-01	3.678624E-02	2.584039E-01	1.554827E-02
4.246493E-01	6.047925E-01	3.664417E-02	2.568247E-01	1.556092E-02
4.266333E-01	5.982587E-01	3.650755E-02	2.552370E-01	1.557534E-02
4.286172E-01	5.917674E-01	3.637539E-02	2.536417E-01	1.559112E-02
4.306012E-01	5.853199E-01	3.624674E-02	2.520394E-01	1.560789E-02
4.325852E-01	5.789171E-01	3.612063E-02	2.504309E-01	1.562525E-02
4.345691E-01	5.725600E-01	3.599613E-02	2.488169E-01	1.564281E-02
4.365531E-01	5.662466E-01	3.587373E-02	2.471967E-01	1.566079E-02
4.385371E-01	5.599729E-01	3.575486E-02	2.455689E-01	1.567983E-02
4.405210E-01	5.537404E-01	3.563858E-02	2.439343E-01	1.569955E-02
4.425050E-01	5.475503E-01	3.552398E-02	2.422937E-01	1.571954E-02
4.444890E-01	5.414039E-01	3.541012E-02	2.406480E-01	1.573941E-02
4.464729E-01	5.353024E-01	3.529612E-02	2.389980E-01	1.575876E-02
4.484569E-01	5.292469E-01	3.518112E-02	2.373445E-01	1.577722E-02
4.504409E-01	5.232379E-01	3.506461E-02	2.356877E-01	1.579454E-02
4.524248E-01	5.172724E-01	3.494769E-02	2.340269E-01	1.581120E-02
4.544088E-01	5.113503E-01	3.483074E-02	2.323621E-01	1.582739E-02
4.563928E-01	5.054720E-01	3.471393E-02	2.306938E-01	1.584319E-02
4.583768E-01	4.996375E-01	3.459739E-02	2.290222E-01	1.585864E-02
4.603607E-01	4.938473E-01	3.448121E-02	2.273479E-01	1.587379E-02
4.623447E-01	4.881013E-01	3.436537E-02	2.256710E-01	1.588865E-02
4.643287E-01	4.823999E-01	3.424983E-02	2.239921E-01	1.590318E-02
4.663126E-01	4.767418E-01	3.413454E-02	2.223107E-01	1.591737E-02
4.682966E-01	4.711241E-01	3.401947E-02	2.206258E-01	1.593120E-02
4.702806E-01	4.655475E-01	3.390448E-02	2.189379E-01	1.594462E-02
4.722645E-01	4.600123E-01	3.378934E-02	2.172475E-01	1.595751E-02
4.742485E-01	4.545193E-01	3.367378E-02	2.155551E-01	1.596974E-02
4.762325E-01	4.490688E-01	3.355747E-02	2.138612E-01	1.598116E-02
4.782164E-01	4.436615E-01	3.344004E-02	2.121662E-01	1.599158E-02
4.802004E-01	4.382976E-01	3.332110E-02	2.104707E-01	1.600080E-02
4.821844E-01	4.329756E-01	3.320065E-02	2.087741E-01	1.600884E-02
4.841683E-01	4.276934E-01	3.307905E-02	2.070756E-01	1.601583E-02
4.861523E-01	4.224517E-01	3.295620E-02	2.053759E-01	1.602173E-02
4.881363E-01	4.172512E-01	3.283204E-02	2.036754E-01	1.602651E-02
4.901202E-01	4.120924E-01	3.270649E-02	2.019748E-01	1.603012E-02
4.921042E-01	4.069761E-01	3.257953E-02	2.002747E-01	1.603252E-02
4.940882E-01	4.019028E-01	3.245110E-02	1.985754E-01	1.603371E-02
4.960721E-01	3.968729E-01	3.232118E-02	1.968776E-01	1.603364E-02
4.980561E-01	3.918858E-01	3.218974E-02	1.951811E-01	1.603230E-02
5.000401E-01	3.869370E-01	3.205669E-02	1.934840E-01	1.602963E-02
5.020240E-01	3.820271E-01	3.192198E-02	1.917868E-01	1.602560E-02
5.040080E-01	3.771568E-01	3.178555E-02	1.900900E-01	1.602017E-02
5.059920E-01	3.723270E-01	3.164733E-02	1.883945E-01	1.601329E-02
5.079760E-01	3.675385E-01	3.150727E-02	1.867007E-01	1.600493E-02
5.099599E-01	3.627921E-01	3.136530E-02	1.850094E-01	1.599504E-02
5.119439E-01	3.580884E-01	3.122135E-02	1.833212E-01	1.598358E-02
5.139279E-01	3.534281E-01	3.107540E-02	1.816365E-01	1.597051E-02
5.159118E-01	3.488076E-01	3.092777E-02	1.799540E-01	1.595600E-02
5.178958E-01	3.442259E-01	3.077855E-02	1.782732E-01	1.594008E-02
5.198798E-01	3.396835E-01	3.062767E-02	1.765946E-01	1.592271E-02
5.218637E-01	3.351807E-01	3.047504E-02	1.749187E-01	1.590382E-02
5.238477E-01	3.307179E-01	3.032059E-02	1.732458E-01	1.588337E-02
5.258317E-01	3.262955E-01	3.016423E-02	1.715765E-01	1.586131E-02
5.278156E-01	3.219137E-01	3.000589E-02	1.699111E-01	1.583758E-02
5.297996E-01	3.175730E-01	2.984549E-02	1.682500E-01	1.581213E-02
5.317836E-01	3.132731E-01	2.968288E-02	1.665935E-01	1.578487E-02
5.337675E-01	3.090102E-01	2.951705E-02	1.649396E-01	1.575524E-02
5.357515E-01	3.047838E-01	2.934826E-02	1.632884E-01	1.572337E-02
5.377355E-01	3.005945E-01	2.917710E-02	1.616403E-01	1.568956E-02
5.397194E-01	2.964431E-01	2.900418E-02	1.599961E-01	1.565412E-02
5.417034E-01	2.923303E-01	2.883008E-02	1.583563E-01	1.561735E-02
5.436874E-01	2.882567E-01	2.865536E-02	1.567215E-01	1.557956E-02
5.456713E-01	2.842229E-01	2.848057E-02	1.550923E-01	1.554103E-02
5.476553E-01	2.802296E-01	2.830626E-02	1.534692E-01	1.550208E-02
5.496393E-01	2.762765E-01	2.813187E-02	1.518524E-01	1.546238E-02
5.516232E-01	2.723588E-01	2.795021E-02	1.502394E-01	1.541799E-02
5.536072E-01	2.684774E-01	2.776383E-02	1.486310E-01	1.537026E-02
5.555912E-01	2.646344E-01	2.757720E-02	1.470285E-01	1.532165E-02
5.575752E-01	2.608285E-01	2.738968E-02	1.454315E-01	1.527181E-02
5.595591E-01	2.570597E-01	2.720062E-02	1.438401E-01	1.522036E-02
5.615431E-01	2.533288E-01	2.701032E-02	1.422550E-01	1.516746E-02
5.635271E-01	2.496350E-01	2.681880E-02	1.406761E-01	1.511312E-02
5.655110E-01	2.459779E-01	2.662604E-02	1.391032E-01	1.505732E-02
5.674950E-01	2.423580E-01	2.643212E-02	1.375369E-01	1.500009E-02
5.694790E-01	2.387745E-01	2.623692E-02	1.359771E-01	1.494137E-02
5.714629E-01	2.352272E-01	2.604053E-02	1.344236E-01	1.488119E-02
5.734469E-01	2.317165E-01	2.584323E-02	1.328771E-01	1.481972E-02
5.754309E-01	2.282423E-01	2.564527E-02	1.313376E-01	1.475708E-02
5.774148E-01	2.248037E-01	2.544658E-02	1.298050E-01	1.469323E-02
5.793988E-01	2.214011E-01	2.524689E-02	1.282795E-01	1.462802E-02
5.813828E-01	2.180342E-01	2.504601E-02	1.267614E-01	1.456132E-02
5.833667E-01	2.147023E-01	2.484413E-02	1.252502E-01	1.449324E-02
5.853507E-01	2.114056E-01	2.464098E-02	1.237464E-01	1.442362E-02
5.873347E-01	2.081447E-01	2.443622E-02	1.222506E-01	1.435224E-02
5.893186E-01	2.049188E-01	2.422986E-02	1.207625E-01	1.427911E-02
5.913026E-01	2.017274E-01	2.402220E-02	1.192819E-01	1.420439E-02
5.932866E-01	1.985702E-01	2.381353E-02	1.178090E-01	1.412825E-02
5.952705E-01	1.954470E-01	2.360382E-02	1.163438E-01	1.405066E-02
5.972545E-01	1.923573E-01	2.339302E-02	1.148862E-01	1.397159E-02
5.992385E-01	1.893003E-01	2.318135E-02	1.134360E-01	1.389116E-02
6.012224E-01	1.862750E-01	2.296894E-02	1.119927E-01	1.380944E-02
6.032064E-01	1.832808E-01	2.275577E-02	1.105561E-01	1.372643E-02
6.051904E-01	1.803192E-01	2.254176E-02	1.091275E-01	1.364205E-02
6.071743E-01	1.773919E-01	2.232683E-02	1.077078E-01	1.355628E-02
6.091583E-01	1.744968E-01	2.211114E-02	1.062962E-01	1.346918E-02
6.111423E-01	1.716348E-01	2.189451E-02	1.048933E-01	1.338066E-02
6.131263E-01	1.688080E-01	2.167664E-02	1.035006E-01	1.329052E-02
6.151102E-01	1.660170E-01	2.145718E-02	1.021188E-01	1.319853E-02
6.170942E-01	1.632602E-01	2.123649E-02	1.007469E-01	1.310491E-02
6.190782E-01	1.605364E-01	2.101533E-02	9.938455E-02	1.301013E-02
6.210621E-01	1.578444E-01	2.079428E-02	9.803117E-02	1.291454E-02
6.230461E-01	1.551844E-01	2.057283E-02	9.668702E-02	1.281782E-02
6.250301E-01	1.525557E-01	2.035146E-02	9.535189E-02	1.272027E-02
6.270140E-01	1.499575E-01	2.013086E-02	9.402544E-02	1.262233E-02
6.289980E-01	1.473887E-01	1.991131E-02	9.270723E-02	1.252417E-02
6.309820E-01	1.448494E-01	1.969248E-02	9.139739E-02	1.242560E-02
6.329659E-01	1.423403E-01	1.947418E-02	9.009656E-02	1.232649E-02
6.349499E-01	1.398618E-01	1.925618E-02	8.880525E-02	1.222671E-02
6.369339E-01	1.374130E-01	1.903858E-02	8.752299E-02	1.212632E-02
6.389178E-01	1.349938E-01	1.882133E-02	8.624997E-02	1.202528E-02
6.409018E-01	1.326047E-01	1.860430E-02	8.498662E-02	1.192353E-02
6.428858E-01	1.302454E-01	1.838733E-02	8.373289E-02	1.182095E-02
6.448697E-01	1.279149E-01	1.817044E-02	8.248844E-02	1.171757E-02
6.468537E-01	1.256136E-01	1.795379E-02	8.125362E-02	1.161347E-02
6.488377E-01	1.233417E-01	1.773750E-02	8.002875E-02	1.150876E-02
6.508216E-01	1.210983E-01	1.752150E-02	7.881341E-02	1.140337E-02
6.528056E-01	1.188834E-01	1.730577E-02	7.760778E-02	1.129730E-02
6.547896E-01	1.166977E-01	1.709046E-02	7.641245E-02	1.119065E-02
6.567735E-01	1.145415E-01	1.687568E-02	7.522782E-02	1.108350E-02
6.587575E-01	1.124139E-01	1.666143E-02	7.405349E-02	1.097584E-02
6.607415E-01	1.103143E-01	1.644775E-02	7.288921E-02	1.086771E-02
6.627255E-01	1.082421E-01	1.623464E-02	7.173478E-02	1.075911E-02
6.647094E-01	1.061971E-01	1.602214E-02	7.059022E-02	1.065007E-02
6.666934E-01	1.041791E-01	1.581024E-02	6.945554E-02	1.054058E-02
6.686774E-01	1.021874E-01	1.559871E-02	6.833039E-02	1.043050E-02
6.706613E-01	1.002211E-01	1.538726E-02	6.721438E-02	1.031964E-02
6.726453E-01	9.827895E-02	1.517553E-02	6.610687E-02	1.020775E-02
6.746293E-01	9.636158E-02	1.496396E-02	6.500834E-02	1.009513E-02
6.766132E-01	9.447013E-02	1.475325E-02	6.391974E-02	9.982241E-03
6.785972E-01	9.260547E-02	1.454387E-02	6.284181E-02	9.869431E-03
6.805812E-01	9.076592E-02	1.433519E-02	6.177358E-02	9.756262E-03
6.825651E-01	8.895210E-02	1.412766E-02	6.071560E-02	9.643047E-03
6.845491E-01	8.716532E-02	1.392199E-02	5.966894E-02	9.530286E-03
6.865331E-01	8.540657E-02	1.371878E-02	5.863444E-02	9.418398E-03
6.885170E-01	8.367483E-02	1.351788E-02	5.761154E-02	9.307288E-03
6.905010E-01	8.196896E-02	1.331874E-02	5.659965E-02	9.196605E-03
6.924850E-01	8.028794E-02	1.312083E-02	5.559820E-02	9.085977E-03
6.944689E-01	7.863122E-02	1.292394E-02	5.460694E-02	8.975276E-03
6.964529E-01	7.699906E-02	1.272862E-02	5.362622E-02	8.864883E-03
6.984369E-01	7.539068E-02	1.253418E-02	5.265563E-02	8.754331E-03
7.004208E-01	7.380523E-02	1.233979E-02	5.169472E-02	8.643049E-03
7.024048E-01	7.224177E-02	1.214469E-02	5.074297E-02	8.530487E-03
7.043888E-01	7.070011E-02	1.194918E-02	4.980036E-02	8.416869E-03
7.063727E-01	6.918093E-02	1.175432E-02	4.886752E-02	8.302934E-03
7.083567E-01	6.768492E-02	1.156113E-02	4.794507E-02	8.189404E-03
7.103407E-01	6.621188E-02	1.136961E-02	4.703299E-02	8.076299E-03
7.123246E-01	6.476094E-02	1.117910E-02	4.613081E-02	7.963147E-03
7.143086E-01	6.333270E-02	1.099051E-02	4.523909E-02	7.850614E-03
7.162926E-01	6.192776E-02	1.080473E-02	4.435840E-02	7.739347E-03
7.182766E-01	6.054619E-02	1.062221E-02	4.348891E-02	7.629683E-03
7.202605E-01	5.918710E-02	1.044238E-02	4.263013E-02	7.521233E-03
7.222445E-01	5.784998E-02	1.026476E-02	4.178183E-02	7.413670E-03
7.242285E-01	5.653434E-02	1.008890E-02	4.094378E-02	7.306668E-03
7.262124E-01	5.523988E-02	9.914658E-03	4.011589E-02	7.200148E-03
7.281964E-01	5.396653E-02	9.742171E-03	3.929823E-02	7.094214E-03
7.301804E-01	5.271394E-02	9.571463E-03	3.849069E-02	6.988894E-03
7.321643E-01	5.148181E-02	9.402072E-03	3.769314E-02	6.883861E-03
7.341483E-01	5.026967E-02	9.233723E-03	3.690539E-02	6.778922E-03
7.361323E-01	4.907714E-02	9.066495E-03	3.612726E-02	6.674140E-03
7.381162E-01	4.790428E-02	8.900682E-03	3.535893E-02	6.569738E-03
7.401002E-01	4.675119E-02	8.736568E-03	3.460057E-02	6.465936E-03
7.420842E-01	4.561780E-02	8.574290E-03	3.385225E-02	6.362845E-03
7.440681E-01	4.450359E-02	8.413646E-03	3.311370E-02	6.260326E-03
7.460521E-01	4.340856E-02	8.254032E-03	3.238505E-02	6.157938E-03
7.480361E-01	4.233277E-02	8.096807E-03	3.166644E-02	6.056704E-03
7.500200E-01	4.127617E-02	7.941471E-03	3.095795E-02	5.956263E-03
7.520040E-01	4.023823E-02	7.787906E-03	3.025931E-02	5.856537E-03
7.539880E-01	3.921870E-02	7.636365E-03	2.957043E-02	5.757728E-03
7.559719E-01	3.821742E-02	7.486369E-03	2.889129E-02	5.659485E-03
7.579559E-01	3.723420E-02	7.338267E-03	2.822188E-02	5.562083E-03
7.599399E-01	3.626879E-02	7.191891E-03	2.756210E-02	5.465405E-03
7.619238E-01	3.532104E-02	7.047258E-03	2.691194E-02	5.369474E-03
7.639078E-01	3.439083E-02	6.904497E-03	2.627142E-02	5.274400E-03
7.658918E-01	3.347804E-02	6.763736E-03	2.564056E-02	5.180290E-03
7.678758E-01	3.258237E-02	6.624946E-03	2.501921E-02	5.087135E-03
7.698597E-01	3.170346E-02	6.488101E-03	2.440722E-02	4.994928E-03
7.718437E-01	3.084120E-02	6.352993E-03	2.380459E-02	4.903518E-03
7.738277E-01	2.999548E-02	6.219728E-03	2.321133E-02	4.812997E-03
7.758116E-01	2.916613E-02	6.088272E-03	2.262743E-02	4.723352E-03
7.777956E-01	2.835291E-02	5.958563E-03	2.205277E-02	4.634544E-03
7.797796E-01	2.755571E-02	5.830592E-03	2.148738E-02	4.546576E-03
7.817635E-01	2.677444E-02	5.705353E-03	2.093128E-02	4.460237E-03
7.837475E-01	2.600899E-02	5.580542E-03	2.038448E-02	4.373736E-03
7.857315E-01	2.525902E-02	5.456991E-03	1.984680E-02	4.287729E-03
7.877154E-01	2.452428E-02	5.336372E-03	1.931815E-02	4.203542E-03
7.896994E-01	2.380459E-02	5.215902E-03	1.879847E-02	4.118995E-03
7.916834E-01	2.309978E-02	5.098295E-03	1.828771E-02	4.036236E-03
7.936673E-01	2.240968E-02	4.981884E-03	1.778583E-02	3.953959E-03
7.956513E-01	2.173731E-02	4.869380E-03	1.729532E-02	3.874329E-03
7.976353E-01	2.107445E-02	4.754715E-03	1.680973E-02	3.792528E-03
7.996192E-01	2.042751E-02	4.642792E-03	1.633423E-02	3.712466E-03
8.016032E-01	1.979467E-02	4.534135E-03	1.586747E-02	3.634577E-03
8.035872E-01	1.917562E-02	4.427534E-03	1.540928E-02	3.557909E-03
8.055711E-01	1.857018E-02	4.320775E-03	1.495960E-02	3.480692E-03
8.075551E-01	1.797821E-02	4.217112E-03	1.451839E-02	3.405550E-03
8.095391E-01	1.739955E-02	4.114812E-03	1.408561E-02	3.331101E-03
8.115230E-01	1.683510E-02	4.014145E-03	1.366207E-02	3.257571E-03
8.135070E-01	1.628493E-02	3.915211E-03	1.324791E-02	3.185052E-03
8.154910E-01	1.574684E-02	3.818127E-03	1.284141E-02	3.113649E-03
8.174749E-01	1.521862E-02	3.722435E-03	1.244084E-02	3.042998E-03
8.194589E-01	1.469957E-02	3.628408E-03	1.204570E-02	2.973332E-03
8.214429E-01	1.419846E-02	3.536477E-03	1.166322E-02	2.905014E-03
8.234269E-01	1.370835E-02	3.445926E-03	1.128782E-02	2.837468E-03
8.254108E-01	1.323004E-02	3.356573E-03	1.092022E-02	2.770552E-03
8.273948E-01	1.276337E-02	3.268175E-03	1.056035E-02	2.704071E-03
8.293788E-01	1.230827E-02	3.181263E-03	1.020822E-02	2.638472E-03
8.313627E-01	1.186462E-02	3.096159E-03	9.863802E-03	2.574031E-03
8.333467E-01	1.143225E-02	3.013384E-03	9.527030E-03	2.511193E-03
8.353307E-01	1.101095E-02	2.932083E-03	9.197787E-03	2.449259E-03
8.373146E-01	1.060061E-02	2.851872E-03	8.876046E-03	2.387914E-03
8.392986E-01	1.020112E-02	2.771981E-03	8.561784E-03	2.326519E-03
8.412826E-01	9.812119E-03	2.693252E-03	8.254764E-03	2.265786E-03
8.432665E-01	9.433372E-03	2.615915E-03	7.954847E-03	2.205914E-03
8.452505E-01	9.064305E-03	2.540502E-03	7.661609E-03	2.147361E-03
8.472345E-01	8.705196E-03	2.466716E-03	7.375342E-03	2.089887E-03
8.492184E-01	8.356113E-03	2.394447E-03	7.096166E-03	2.033408E-03
8.512024E-01	8.017452E-03	2.323709E-03	6.824474E-03	1.977947E-03
8.531864E-01	7.688728E-03	2.254369E-03	6.559918E-03	1.923397E-03
8.551703E-01	7.369579E-03	2.186330E-03	6.302245E-03	1.869684E-03
8.571543E-01	7.059586E-03	2.119393E-03	6.051155E-03	1.816647E-03
8.591383E-01	6.758612E-03	2.053549E-03	5.806583E-03	1.764283E-03
8.611222E-01	6.466611E-03	1.988868E-03	5.568543E-03	1.712659E-03
8.631062E-01	6.183411E-03	1.925284E-03	5.336941E-03	1.661724E-03
8.650902E-01	5.908858E-03	1.862771E-03	5.111695E-03	1.611465E-03
8.670741E-01	5.642817E-03	1.801452E-03	4.892740E-03	1.561992E-03
8.690581E-01	5.385186E-03	1.741386E-03	4.680040E-03	1.513366E-03
8.710421E-01	5.135845E-03	1.682657E-03	4.473538E-03	1.465665E-03
8.730261E-01	4.894578E-03	1.625121E-03	4.273094E-03	1.418773E-03
8.750100E-01	4.661267E-03	1.568726E-03	4.078656E-03	1.372651E-03
8.769940E-01	4.435734E-03	1.513389E-03	3.890112E-03	1.327233E-03
8.789780E-01	4.217818E-03	1.459151E-03	3.707369E-03	1.282562E-03
8.809619E-01	4.007401E-03	1.406016E-03	3.530368E-03	1.238647E-03
8.829459E-01	3.804301E-03	1.354023E-03	3.358992E-03	1.195529E-03
8.849299E-01	3.608384E-03	1.303137E-03	3.193167E-03	1.153185E-03
8.869138E-01	3.419518E-03	1.253329E-03	3.032818E-03	1.111594E-03
8.888978E-01	3.237591E-03	1.204572E-03	2.877887E-03	1.070741E-03
8.908818E-01	3.062482E-03	1.156838E-03	2.728309E-03	1.030606E-03
8.928657E-01	2.893969E-03	1.110162E-03	2.583926E-03	9.912256E-04
8.948497E-01	2.731929E-03	1.064542E-03	2.444666E-03	9.526049E-04
8.968337E-01	2.576144E-03	1.020010E-03	2.310373E-03	9.147796E-04
8.988176E-01	2.426526E-03	9.765143E-04	2.181005E-03	8.777082E-04
9.008016E-01	2.282998E-03	9.340229E-04	2.056528E-03	8.413694E-04
9.027856E-01	2.145489E-03	8.925064E-04	1.936916E-03	8.057419E-04
9.047695E-01	2.013838E-03	8.519533E-04	1.822060E-03	7.708214E-04
9.067535E-01	1.887832E-03	8.123791E-04	1.711798E-03	7.366276E-04
9.087375E-01	1.767274E-03	7.737610E-04	1.605988E-03	7.031456E-04
9.107214E-01	1.651995E-03	7.360686E-04	1.504507E-03	6.703535E-04
9.127054E-01	1.541920E-03	6.993677E-04	1.407319E-03	6.383167E-04
9.146894E-01	1.436991E-03	6.636639E-04	1.314400E-03	6.070463E-04
9.166733E-01	1.337145E-03	6.290483E-04	1.225726E-03	5.766318E-04
9.186573E-01	1.242173E-03	5.956461E-04	1.141132E-03	5.471947E-04
9.206413E-01	1.151926E-03	5.630241E-04	1.060510E-03	5.183432E-04
9.226253E-01	1.066161E-03	5.313386E-04	9.836666E-04	4.902264E-04
9.246092E-01	9.847669E-04	5.005632E-04	9.105246E-04	4.628254E-04
9.265932E-01	9.076672E-04	4.706416E-04	8.410383E-04	4.360933E-04
9.285772E-01	8.347974E-04	4.418059E-04	7.751738E-04	4.102508E-04
9.305611E-01	7.660841E-04	4.139829E-04	7.128881E-04	3.852364E-04
9.325451E-01	7.013290E-04	3.871281E-04	6.540209E-04	3.610144E-04
9.345291E-01	6.404268E-04	3.612193E-04	5.984975E-04	3.375699E-04
9.365130E-01	5.831851E-04	3.362247E-04	5.461605E-04	3.148788E-04
9.384970E-01	5.295189E-04	3.121274E-04	4.969519E-04	2.929306E-04
9.404810E-01	4.792783E-04	2.889736E-04	4.507522E-04	2.717742E-04
9.424649E-01	4.323826E-04	2.667673E-04	4.075054E-04	2.514189E-04
9.444489E-01	3.887034E-04	2.455429E-04	3.671105E-04	2.319027E-04
9.464329E-01	3.480957E-04	2.252714E-04	3.294492E-04	2.132042E-04
9.484168E-01	3.104788E-04	2.059362E-04	2.944633E-04	1.953134E-04
9.504008E-01	2.756859E-04	1.875447E-04	2.620121E-04	1.782426E-04
9.523848E-01	2.436470E-04	1.700816E-04	2.320457E-04	1.619831E-04
9.543687E-01	2.141919E-04	1.535461E-04	2.044180E-04	1.465396E-04
9.563527E-01	1.872561E-04	1.379310E-04	1.790829E-04	1.319107E-04
9.583367E-01	1.626935E-04	1.232450E-04	1.559151E-04	1.181102E-04
9.603206E-01	1.403921E-04	1.094595E-04	1.348215E-04	1.051163E-04
9.623046E-01	1.202591E-04	9.657206E-05	1.157258E-04	9.293174E-05
9.642886E-01	1.021510E-04	8.458953E-05	9.850302E-05	8.156872E-05
9.662725E-01	8.600513E-05	7.368516E-05	8.310440E-05	7.119994E-05
9.682565E-01	7.163938E-05	6.285114E-05	6.936529E-05	6.085603E-05
9.702405E-01	5.900952E-05	5.160339E-05	5.725342E-05	5.006770E-05
9.722244E-01	4.926105E-05	4.589750E-05	4.789280E-05	4.462267E-05
9.742084E-01	3.942904E-05	3.830230E-05	3.841210E-05	3.731442E-05
9.761924E-01	3.099226E-05	3.136472E-05	3.025441E-05	3.061800E-05
9.781764E-01	2.386227E-05	2.517508E-05	2.334151E-05	2.462567E-05
9.801603E-01	1.794725E-05	1.980422E-05	1.759118E-05	1.941131E-05
9.821443E-01	1.308919E-05	1.517075E-05	1.285547E-05	1.489987E-05
9.841283E-01	9.228061E-06	1.495060E-05	9.081596E-06	1.471331E-05
9.861122E-01	3.363363E-06	1.006737E-05	3.316654E-06	9.927552E-06
9.880962E-01	2.110658E-06	2.951678E-06	2.085533E-06	2.916542E-06
9.900802E-01	1.201449E-06	1.820113E-06	1.189531E-06	1.802057E-06
9.920641E-01	6.176308E-07	9.998905E-07	6.127294E-07	9.919555E-07
9.940481E-01	2.535830E-07	4.346711E-07	2.520737E-07	4.320840E-07
9.960321E-01	8.185896E-08	1.078612E-07	8.153415E-08	1.074332E-07
9.980160E-01	9.967059E-09	6.724719E-09	9.947285E-09	6.711378E-09
1.000000E+00	0.000000E+00	0.000000E+00	0.000000E+00	0.000000E+00
