MMHT2014nnlo68cl	1.057 GeV
x	q(x)	delta_q	xq(x)	delta_xq(x)
1.000000E-04	4.092526E+01	2.113956E+01	4.092526E-03	2.113956E-03
1.009253E-04	4.081722E+01	2.104274E+01	4.119490E-03	2.123745E-03
1.018591E-04	4.070785E+01	2.094609E+01	4.146466E-03	2.133550E-03
1.028016E-04	4.059720E+01	2.084959E+01	4.173458E-03	2.143372E-03
1.037528E-04	4.048535E+01	2.075326E+01	4.200470E-03	2.153210E-03
1.047129E-04	4.037237E+01	2.065711E+01	4.227506E-03	2.163065E-03
1.056818E-04	4.025833E+01	2.056114E+01	4.254571E-03	2.172937E-03
1.066596E-04	4.014329E+01	2.046535E+01	4.281668E-03	2.182827E-03
1.076465E-04	4.002732E+01	2.036976E+01	4.308802E-03	2.192733E-03
1.086426E-04	3.991048E+01	2.027436E+01	4.335977E-03	2.202658E-03
1.096478E-04	3.979283E+01	2.017916E+01	4.363197E-03	2.212601E-03
1.106624E-04	3.967442E+01	2.008416E+01	4.390466E-03	2.222561E-03
1.116863E-04	3.955532E+01	1.998938E+01	4.417788E-03	2.232540E-03
1.127197E-04	3.943558E+01	1.989481E+01	4.445168E-03	2.242538E-03
1.137627E-04	3.931525E+01	1.980046E+01	4.472610E-03	2.252554E-03
1.148154E-04	3.919439E+01	1.970633E+01	4.500118E-03	2.262590E-03
1.158777E-04	3.907305E+01	1.961244E+01	4.527696E-03	2.272645E-03
1.169499E-04	3.895127E+01	1.951877E+01	4.555349E-03	2.282719E-03
1.180321E-04	3.882911E+01	1.942534E+01	4.583079E-03	2.292813E-03
1.191242E-04	3.870660E+01	1.933215E+01	4.610893E-03	2.302927E-03
1.202264E-04	3.858380E+01	1.923921E+01	4.638793E-03	2.313062E-03
1.213389E-04	3.846075E+01	1.914651E+01	4.666784E-03	2.323217E-03
1.224616E-04	3.833749E+01	1.905407E+01	4.694871E-03	2.333392E-03
1.235947E-04	3.821405E+01	1.896188E+01	4.723056E-03	2.343589E-03
1.247384E-04	3.809049E+01	1.886995E+01	4.751346E-03	2.353807E-03
1.258925E-04	3.796684E+01	1.877829E+01	4.779742E-03	2.364046E-03
1.270574E-04	3.784314E+01	1.868689E+01	4.808251E-03	2.374307E-03
1.282331E-04	3.771941E+01	1.859575E+01	4.836876E-03	2.384590E-03
1.294196E-04	3.759571E+01	1.850489E+01	4.865621E-03	2.394896E-03
1.306171E-04	3.747205E+01	1.841431E+01	4.894490E-03	2.405224E-03
1.318257E-04	3.734847E+01	1.832400E+01	4.923488E-03	2.415574E-03
1.330454E-04	3.722501E+01	1.823398E+01	4.952618E-03	2.425948E-03
1.342765E-04	3.710170E+01	1.814423E+01	4.981886E-03	2.436344E-03
1.355189E-04	3.697855E+01	1.805478E+01	5.011294E-03	2.446764E-03
1.367729E-04	3.685561E+01	1.796561E+01	5.040848E-03	2.457208E-03
1.380384E-04	3.673289E+01	1.787674E+01	5.070551E-03	2.467676E-03
1.393157E-04	3.661043E+01	1.778815E+01	5.100407E-03	2.478169E-03
1.406048E-04	3.648825E+01	1.769987E+01	5.130422E-03	2.488686E-03
1.419058E-04	3.636638E+01	1.761188E+01	5.160598E-03	2.499227E-03
1.432188E-04	3.624483E+01	1.752420E+01	5.190940E-03	2.509794E-03
1.445440E-04	3.612363E+01	1.743681E+01	5.221453E-03	2.520386E-03
1.458814E-04	3.600280E+01	1.734973E+01	5.252140E-03	2.531004E-03
1.472313E-04	3.588237E+01	1.726296E+01	5.283006E-03	2.541647E-03
1.485936E-04	3.576234E+01	1.717650E+01	5.314054E-03	2.552317E-03
1.499685E-04	3.564275E+01	1.709035E+01	5.345290E-03	2.563013E-03
1.513561E-04	3.552361E+01	1.700451E+01	5.376716E-03	2.573736E-03
1.527566E-04	3.540494E+01	1.691898E+01	5.408338E-03	2.584486E-03
1.541700E-04	3.528675E+01	1.683377E+01	5.440159E-03	2.595263E-03
1.555966E-04	3.516906E+01	1.674888E+01	5.472184E-03	2.606068E-03
1.570363E-04	3.505188E+01	1.666431E+01	5.504417E-03	2.616901E-03
1.584893E-04	3.493523E+01	1.658005E+01	5.536862E-03	2.627761E-03
1.599558E-04	3.481913E+01	1.649612E+01	5.569522E-03	2.638650E-03
1.614359E-04	3.470359E+01	1.641251E+01	5.602404E-03	2.649568E-03
1.629296E-04	3.458861E+01	1.632923E+01	5.635509E-03	2.660515E-03
1.644372E-04	3.447422E+01	1.624627E+01	5.668844E-03	2.671491E-03
1.659587E-04	3.436042E+01	1.616364E+01	5.702411E-03	2.682496E-03
1.674943E-04	3.424723E+01	1.608134E+01	5.736215E-03	2.693532E-03
1.690441E-04	3.413465E+01	1.599936E+01	5.770260E-03	2.704597E-03
1.706082E-04	3.402269E+01	1.591772E+01	5.804551E-03	2.715694E-03
1.721869E-04	3.391137E+01	1.583640E+01	5.839091E-03	2.726820E-03
1.737801E-04	3.380068E+01	1.575542E+01	5.873885E-03	2.737978E-03
1.753881E-04	3.369065E+01	1.567477E+01	5.908937E-03	2.749167E-03
1.770109E-04	3.358127E+01	1.559445E+01	5.944251E-03	2.760388E-03
1.786488E-04	3.347256E+01	1.551447E+01	5.979831E-03	2.771641E-03
1.803018E-04	3.336452E+01	1.543482E+01	6.015682E-03	2.782926E-03
1.819701E-04	3.325715E+01	1.535551E+01	6.051807E-03	2.794244E-03
1.836538E-04	3.315047E+01	1.527654E+01	6.088211E-03	2.805594E-03
1.853532E-04	3.304447E+01	1.519790E+01	6.124898E-03	2.816978E-03
1.870682E-04	3.293917E+01	1.511959E+01	6.161872E-03	2.828395E-03
1.887991E-04	3.283456E+01	1.504163E+01	6.199137E-03	2.839846E-03
1.905461E-04	3.273065E+01	1.496400E+01	6.236697E-03	2.851332E-03
1.923092E-04	3.262745E+01	1.488671E+01	6.274558E-03	2.862852E-03
1.940886E-04	3.252495E+01	1.480976E+01	6.312721E-03	2.874406E-03
1.958845E-04	3.242316E+01	1.473315E+01	6.351193E-03	2.885996E-03
1.976970E-04	3.232208E+01	1.465688E+01	6.389977E-03	2.897621E-03
1.995262E-04	3.222172E+01	1.458095E+01	6.429078E-03	2.909282E-03
2.013724E-04	3.212190E+01	1.450537E+01	6.468466E-03	2.920982E-03
2.032357E-04	3.202224E+01	1.443018E+01	6.508062E-03	2.932728E-03
2.051162E-04	3.192270E+01	1.435536E+01	6.547863E-03	2.944518E-03
2.070141E-04	3.182328E+01	1.428092E+01	6.587869E-03	2.956352E-03
2.089296E-04	3.172399E+01	1.420684E+01	6.628081E-03	2.968230E-03
2.108628E-04	3.162482E+01	1.413313E+01	6.668499E-03	2.980152E-03
2.128139E-04	3.152578E+01	1.405977E+01	6.709124E-03	2.992115E-03
2.147830E-04	3.142686E+01	1.398677E+01	6.749956E-03	3.004121E-03
2.167704E-04	3.132806E+01	1.391411E+01	6.790996E-03	3.016168E-03
2.187762E-04	3.122938E+01	1.384180E+01	6.832244E-03	3.028256E-03
2.208005E-04	3.113083E+01	1.376982E+01	6.873701E-03	3.040383E-03
2.228435E-04	3.103239E+01	1.369818E+01	6.915368E-03	3.052551E-03
2.249055E-04	3.093408E+01	1.362687E+01	6.957244E-03	3.064756E-03
2.269865E-04	3.083590E+01	1.355588E+01	6.999331E-03	3.077001E-03
2.290868E-04	3.073783E+01	1.348521E+01	7.041629E-03	3.089282E-03
2.312065E-04	3.063988E+01	1.341485E+01	7.084139E-03	3.101601E-03
2.333458E-04	3.054205E+01	1.334481E+01	7.126860E-03	3.113956E-03
2.355049E-04	3.044435E+01	1.327508E+01	7.169794E-03	3.126346E-03
2.376840E-04	3.034676E+01	1.320565E+01	7.212941E-03	3.138772E-03
2.398833E-04	3.024930E+01	1.313652E+01	7.256302E-03	3.151233E-03
2.421029E-04	3.015196E+01	1.306769E+01	7.299876E-03	3.163727E-03
2.443431E-04	3.005473E+01	1.299916E+01	7.343666E-03	3.176254E-03
2.466039E-04	2.995763E+01	1.293092E+01	7.387670E-03	3.188815E-03
2.488857E-04	2.986065E+01	1.286296E+01	7.431890E-03	3.201407E-03
2.511886E-04	2.976379E+01	1.279529E+01	7.476326E-03	3.214031E-03
2.535129E-04	2.966705E+01	1.272790E+01	7.520979E-03	3.226685E-03
2.558586E-04	2.957043E+01	1.266078E+01	7.565849E-03	3.239370E-03
2.582260E-04	2.947394E+01	1.259395E+01	7.610937E-03	3.252085E-03
2.606154E-04	2.937756E+01	1.252738E+01	7.656243E-03	3.264828E-03
2.630268E-04	2.928130E+01	1.246109E+01	7.701768E-03	3.277601E-03
2.654606E-04	2.918517E+01	1.239506E+01	7.747512E-03	3.290400E-03
2.679168E-04	2.908916E+01	1.232930E+01	7.793476E-03	3.303228E-03
2.703958E-04	2.899327E+01	1.226380E+01	7.839660E-03	3.316081E-03
2.728978E-04	2.889751E+01	1.219856E+01	7.886066E-03	3.328961E-03
2.754229E-04	2.880186E+01	1.213358E+01	7.932692E-03	3.341866E-03
2.779713E-04	2.870634E+01	1.206886E+01	7.979541E-03	3.354796E-03
2.805434E-04	2.861095E+01	1.200438E+01	8.026611E-03	3.367750E-03
2.831392E-04	2.851567E+01	1.194016E+01	8.073905E-03	3.380728E-03
2.857591E-04	2.842053E+01	1.187619E+01	8.121423E-03	3.393729E-03
2.884032E-04	2.832550E+01	1.181247E+01	8.169164E-03	3.406753E-03
2.910717E-04	2.823060E+01	1.174899E+01	8.217130E-03	3.419798E-03
2.937650E-04	2.813583E+01	1.168575E+01	8.265321E-03	3.432864E-03
2.964831E-04	2.804118E+01	1.162276E+01	8.313737E-03	3.445951E-03
2.992265E-04	2.794666E+01	1.156000E+01	8.362380E-03	3.459058E-03
3.019952E-04	2.785226E+01	1.149748E+01	8.411249E-03	3.472185E-03
3.047895E-04	2.775799E+01	1.143520E+01	8.460345E-03	3.485330E-03
3.076097E-04	2.766385E+01	1.137316E+01	8.509669E-03	3.498494E-03
3.104560E-04	2.756984E+01	1.131135E+01	8.559221E-03	3.511675E-03
3.133286E-04	2.747595E+01	1.124977E+01	8.609001E-03	3.524873E-03
3.162278E-04	2.738220E+01	1.118842E+01	8.659011E-03	3.538088E-03
3.191538E-04	2.728857E+01	1.112730E+01	8.709251E-03	3.551319E-03
3.221069E-04	2.719508E+01	1.106640E+01	8.759721E-03	3.564565E-03
3.250873E-04	2.710171E+01	1.100574E+01	8.810421E-03	3.577826E-03
3.280953E-04	2.700847E+01	1.094530E+01	8.861353E-03	3.591101E-03
3.311311E-04	2.691537E+01	1.088508E+01	8.912517E-03	3.604389E-03
3.341950E-04	2.682240E+01	1.082509E+01	8.963913E-03	3.617691E-03
3.372873E-04	2.672956E+01	1.076532E+01	9.015542E-03	3.631005E-03
3.404082E-04	2.663686E+01	1.070577E+01	9.067404E-03	3.644330E-03
3.435579E-04	2.654429E+01	1.064643E+01	9.119501E-03	3.657667E-03
3.467369E-04	2.645185E+01	1.058732E+01	9.171831E-03	3.671014E-03
3.499452E-04	2.635955E+01	1.052843E+01	9.224397E-03	3.684372E-03
3.531832E-04	2.626738E+01	1.046975E+01	9.277198E-03	3.697739E-03
3.564511E-04	2.617535E+01	1.041129E+01	9.330235E-03	3.711115E-03
3.597493E-04	2.608346E+01	1.035304E+01	9.383508E-03	3.724499E-03
3.630781E-04	2.599171E+01	1.029501E+01	9.437019E-03	3.737891E-03
3.664376E-04	2.590009E+01	1.023719E+01	9.490767E-03	3.751290E-03
3.698282E-04	2.580861E+01	1.017958E+01	9.544753E-03	3.764695E-03
3.732502E-04	2.571728E+01	1.012218E+01	9.598978E-03	3.778107E-03
3.767038E-04	2.562608E+01	1.006500E+01	9.653441E-03	3.791524E-03
3.801894E-04	2.553502E+01	1.000803E+01	9.708145E-03	3.804946E-03
3.837072E-04	2.544411E+01	9.951263E+00	9.763088E-03	3.818372E-03
3.872576E-04	2.535333E+01	9.894709E+00	9.818273E-03	3.831802E-03
3.908409E-04	2.526270E+01	9.838363E+00	9.873698E-03	3.845235E-03
3.944573E-04	2.517222E+01	9.782225E+00	9.929365E-03	3.858670E-03
3.981072E-04	2.508188E+01	9.726295E+00	9.985275E-03	3.872108E-03
4.017908E-04	2.499175E+01	9.670586E+00	1.004145E-02	3.885553E-03
4.055085E-04	2.490225E+01	9.615194E+00	1.009808E-02	3.899043E-03
4.092607E-04	2.481345E+01	9.560128E+00	1.015517E-02	3.912584E-03
4.130475E-04	2.472529E+01	9.505381E+00	1.021272E-02	3.926174E-03
4.168694E-04	2.463776E+01	9.450949E+00	1.027073E-02	3.939811E-03
4.207266E-04	2.455084E+01	9.396823E+00	1.032919E-02	3.953494E-03
4.246196E-04	2.446448E+01	9.343000E+00	1.038810E-02	3.967220E-03
4.285485E-04	2.437867E+01	9.289472E+00	1.044744E-02	3.980989E-03
4.325138E-04	2.429338E+01	9.236233E+00	1.050722E-02	3.994799E-03
4.365158E-04	2.420859E+01	9.183280E+00	1.056743E-02	4.008647E-03
4.405549E-04	2.412427E+01	9.130605E+00	1.062806E-02	4.022533E-03
4.446313E-04	2.404039E+01	9.078205E+00	1.068911E-02	4.036454E-03
4.487454E-04	2.395695E+01	9.026073E+00	1.075057E-02	4.050408E-03
4.528976E-04	2.387391E+01	8.974205E+00	1.081244E-02	4.064396E-03
4.570882E-04	2.379125E+01	8.922596E+00	1.087470E-02	4.078413E-03
4.613176E-04	2.370896E+01	8.871241E+00	1.093736E-02	4.092459E-03
4.655861E-04	2.362701E+01	8.820136E+00	1.100041E-02	4.106533E-03
4.698941E-04	2.354538E+01	8.769277E+00	1.106384E-02	4.120632E-03
4.742420E-04	2.346406E+01	8.718659E+00	1.112764E-02	4.134754E-03
4.786301E-04	2.338303E+01	8.668278E+00	1.119182E-02	4.148899E-03
4.830588E-04	2.330227E+01	8.618131E+00	1.125637E-02	4.163064E-03
4.875285E-04	2.322176E+01	8.568212E+00	1.132127E-02	4.177247E-03
4.920395E-04	2.314149E+01	8.518519E+00	1.138653E-02	4.191448E-03
4.965923E-04	2.306145E+01	8.469047E+00	1.145214E-02	4.205664E-03
5.011872E-04	2.298161E+01	8.419793E+00	1.151809E-02	4.219893E-03
5.058247E-04	2.290196E+01	8.370754E+00	1.158438E-02	4.234134E-03
5.105050E-04	2.282249E+01	8.321927E+00	1.165099E-02	4.248385E-03
5.152286E-04	2.274318E+01	8.273307E+00	1.171794E-02	4.262645E-03
5.199960E-04	2.266403E+01	8.224892E+00	1.178520E-02	4.276911E-03
5.248075E-04	2.258501E+01	8.176679E+00	1.185278E-02	4.291182E-03
5.296634E-04	2.250613E+01	8.128665E+00	1.192067E-02	4.305457E-03
5.345644E-04	2.242735E+01	8.080846E+00	1.198886E-02	4.319733E-03
5.395106E-04	2.234868E+01	8.033221E+00	1.205735E-02	4.334008E-03
5.445027E-04	2.227011E+01	7.985787E+00	1.212613E-02	4.348282E-03
5.495409E-04	2.219162E+01	7.938540E+00	1.219520E-02	4.362552E-03
5.546257E-04	2.211319E+01	7.891479E+00	1.226455E-02	4.376817E-03
5.597576E-04	2.203484E+01	7.844601E+00	1.233417E-02	4.391075E-03
5.649370E-04	2.195653E+01	7.797903E+00	1.240406E-02	4.405324E-03
5.701643E-04	2.187828E+01	7.751384E+00	1.247421E-02	4.419562E-03
5.754399E-04	2.180006E+01	7.705041E+00	1.254462E-02	4.433788E-03
5.807644E-04	2.172186E+01	7.658872E+00	1.261529E-02	4.448000E-03
5.861382E-04	2.164369E+01	7.612875E+00	1.268619E-02	4.462196E-03
5.915616E-04	2.156554E+01	7.567047E+00	1.275734E-02	4.476375E-03
5.970353E-04	2.148739E+01	7.521389E+00	1.282873E-02	4.490534E-03
6.025596E-04	2.140929E+01	7.475905E+00	1.290037E-02	4.504678E-03
6.081350E-04	2.133156E+01	7.430657E+00	1.297247E-02	4.518843E-03
6.137620E-04	2.125425E+01	7.385652E+00	1.304505E-02	4.533033E-03
6.194411E-04	2.117734E+01	7.340886E+00	1.311812E-02	4.547246E-03
6.251727E-04	2.110082E+01	7.296354E+00	1.319166E-02	4.561482E-03
6.309573E-04	2.102467E+01	7.252053E+00	1.326567E-02	4.575736E-03
6.367955E-04	2.094887E+01	7.207976E+00	1.334015E-02	4.590007E-03
6.426877E-04	2.087341E+01	7.164122E+00	1.341508E-02	4.604293E-03
6.486344E-04	2.079827E+01	7.120485E+00	1.349047E-02	4.618592E-03
6.546362E-04	2.072343E+01	7.077062E+00	1.356631E-02	4.632901E-03
6.606934E-04	2.064889E+01	7.033850E+00	1.364259E-02	4.647218E-03
6.668068E-04	2.057463E+01	6.990843E+00	1.371930E-02	4.661542E-03
6.729767E-04	2.050063E+01	6.948040E+00	1.379645E-02	4.675869E-03
6.792036E-04	2.042689E+01	6.905436E+00	1.387401E-02	4.690197E-03
6.854882E-04	2.035338E+01	6.863029E+00	1.395200E-02	4.704525E-03
6.918310E-04	2.028010E+01	6.820814E+00	1.403040E-02	4.718850E-03
6.982324E-04	2.020704E+01	6.778790E+00	1.410921E-02	4.733171E-03
7.046931E-04	2.013419E+01	6.736952E+00	1.418842E-02	4.747483E-03
7.112135E-04	2.006152E+01	6.695299E+00	1.426803E-02	4.761787E-03
7.177943E-04	1.998905E+01	6.653826E+00	1.434802E-02	4.776078E-03
7.244360E-04	1.991674E+01	6.612532E+00	1.442840E-02	4.790356E-03
7.311391E-04	1.984460E+01	6.571414E+00	1.450916E-02	4.804618E-03
7.379042E-04	1.977261E+01	6.530469E+00	1.459029E-02	4.818861E-03
7.447320E-04	1.970077E+01	6.489695E+00	1.467179E-02	4.833083E-03
7.516229E-04	1.962906E+01	6.449089E+00	1.475365E-02	4.847283E-03
7.585776E-04	1.955748E+01	6.408649E+00	1.483587E-02	4.861457E-03
7.655966E-04	1.948603E+01	6.368373E+00	1.491843E-02	4.875605E-03
7.726806E-04	1.941468E+01	6.328258E+00	1.500135E-02	4.889722E-03
7.798301E-04	1.934344E+01	6.288303E+00	1.508459E-02	4.903808E-03
7.870458E-04	1.927229E+01	6.248505E+00	1.516818E-02	4.917860E-03
7.943282E-04	1.920124E+01	6.208863E+00	1.525208E-02	4.931875E-03
8.016781E-04	1.913025E+01	6.169379E+00	1.533631E-02	4.945856E-03
8.090959E-04	1.905906E+01	6.130155E+00	1.542061E-02	4.959883E-03
8.165824E-04	1.898760E+01	6.091222E+00	1.550494E-02	4.973984E-03
8.241381E-04	1.891597E+01	6.052559E+00	1.558938E-02	4.988144E-03
8.317638E-04	1.884426E+01	6.014148E+00	1.567397E-02	5.002350E-03
8.394600E-04	1.877255E+01	5.975969E+00	1.575880E-02	5.016587E-03
8.472274E-04	1.870092E+01	5.938006E+00	1.584393E-02	5.030842E-03
8.550667E-04	1.862945E+01	5.900242E+00	1.592942E-02	5.045100E-03
8.629785E-04	1.855822E+01	5.862659E+00	1.601534E-02	5.059349E-03
8.709636E-04	1.848729E+01	5.825243E+00	1.610176E-02	5.073575E-03
8.790225E-04	1.841675E+01	5.787978E+00	1.618874E-02	5.087763E-03
8.871560E-04	1.834665E+01	5.750849E+00	1.627634E-02	5.101900E-03
8.953648E-04	1.827706E+01	5.713843E+00	1.636464E-02	5.115974E-03
9.036495E-04	1.820805E+01	5.676947E+00	1.645370E-02	5.129970E-03
9.120108E-04	1.813968E+01	5.640147E+00	1.654358E-02	5.143875E-03
9.204496E-04	1.807199E+01	5.603431E+00	1.663436E-02	5.157676E-03
9.289664E-04	1.800506E+01	5.566788E+00	1.672609E-02	5.171359E-03
9.375620E-04	1.793892E+01	5.530207E+00	1.681885E-02	5.184912E-03
9.462372E-04	1.787364E+01	5.493676E+00	1.691270E-02	5.198321E-03
9.549926E-04	1.780926E+01	5.457187E+00	1.700771E-02	5.211573E-03
9.638290E-04	1.774582E+01	5.420729E+00	1.710394E-02	5.224655E-03
9.727472E-04	1.768338E+01	5.384292E+00	1.720146E-02	5.237555E-03
9.817479E-04	1.762196E+01	5.347870E+00	1.730033E-02	5.250260E-03
9.908319E-04	1.756163E+01	5.311452E+00	1.740062E-02	5.262756E-03
1.000000E-03	1.750240E+01	5.275032E+00	1.750240E-02	5.275032E-03
1.009253E-03	1.744356E+01	5.238763E+00	1.760496E-02	5.287236E-03
1.018591E-03	1.738438E+01	5.202796E+00	1.770757E-02	5.299523E-03
1.028016E-03	1.732487E+01	5.167123E+00	1.781024E-02	5.311887E-03
1.037528E-03	1.726505E+01	5.131738E+00	1.791298E-02	5.324324E-03
1.047129E-03	1.720496E+01	5.096633E+00	1.801580E-02	5.336830E-03
1.056818E-03	1.714460E+01	5.061800E+00	1.811872E-02	5.349399E-03
1.066596E-03	1.708401E+01	5.027233E+00	1.822173E-02	5.362028E-03
1.076465E-03	1.702319E+01	4.992926E+00	1.832487E-02	5.374711E-03
1.086426E-03	1.696217E+01	4.958871E+00	1.842813E-02	5.387445E-03
1.096478E-03	1.690096E+01	4.925063E+00	1.853153E-02	5.400224E-03
1.106624E-03	1.683959E+01	4.891494E+00	1.863509E-02	5.413044E-03
1.116863E-03	1.677807E+01	4.858160E+00	1.873881E-02	5.425900E-03
1.127197E-03	1.671642E+01	4.825054E+00	1.884270E-02	5.438789E-03
1.137627E-03	1.665465E+01	4.792171E+00	1.894678E-02	5.451705E-03
1.148154E-03	1.659278E+01	4.759505E+00	1.905106E-02	5.464643E-03
1.158777E-03	1.653083E+01	4.727051E+00	1.915555E-02	5.477600E-03
1.169499E-03	1.646881E+01	4.694805E+00	1.926026E-02	5.490571E-03
1.180321E-03	1.640673E+01	4.662759E+00	1.936520E-02	5.503551E-03
1.191242E-03	1.634461E+01	4.630911E+00	1.947039E-02	5.516536E-03
1.202264E-03	1.628247E+01	4.599256E+00	1.957584E-02	5.529522E-03
1.213389E-03	1.622032E+01	4.567788E+00	1.968155E-02	5.542503E-03
1.224616E-03	1.615816E+01	4.536504E+00	1.978755E-02	5.555476E-03
1.235947E-03	1.609602E+01	4.505398E+00	1.989383E-02	5.568436E-03
1.247384E-03	1.603390E+01	4.474468E+00	2.000042E-02	5.581378E-03
1.258925E-03	1.597182E+01	4.443709E+00	2.010733E-02	5.594299E-03
1.270574E-03	1.590979E+01	4.413117E+00	2.021456E-02	5.607193E-03
1.282331E-03	1.584781E+01	4.382689E+00	2.032214E-02	5.620056E-03
1.294196E-03	1.578591E+01	4.352421E+00	2.043006E-02	5.632885E-03
1.306171E-03	1.572409E+01	4.322309E+00	2.053834E-02	5.645674E-03
1.318257E-03	1.566235E+01	4.292350E+00	2.064700E-02	5.658419E-03
1.330454E-03	1.560072E+01	4.262541E+00	2.075605E-02	5.671116E-03
1.342765E-03	1.553920E+01	4.232878E+00	2.086549E-02	5.683761E-03
1.355189E-03	1.547779E+01	4.203359E+00	2.097534E-02	5.696348E-03
1.367729E-03	1.541651E+01	4.173981E+00	2.108561E-02	5.708875E-03
1.380384E-03	1.535537E+01	4.144741E+00	2.119631E-02	5.721335E-03
1.393157E-03	1.529437E+01	4.115636E+00	2.130746E-02	5.733726E-03
1.406048E-03	1.523353E+01	4.086664E+00	2.141907E-02	5.746043E-03
1.419058E-03	1.517284E+01	4.057821E+00	2.153114E-02	5.758282E-03
1.432188E-03	1.511232E+01	4.029107E+00	2.164369E-02	5.770438E-03
1.445440E-03	1.505198E+01	4.000517E+00	2.175673E-02	5.782507E-03
1.458814E-03	1.499181E+01	3.972051E+00	2.187027E-02	5.794484E-03
1.472313E-03	1.493184E+01	3.943705E+00	2.198433E-02	5.806367E-03
1.485936E-03	1.487205E+01	3.915479E+00	2.209891E-02	5.818150E-03
1.499685E-03	1.481247E+01	3.887369E+00	2.221404E-02	5.829829E-03
1.513561E-03	1.475309E+01	3.859375E+00	2.232971E-02	5.841400E-03
1.527566E-03	1.469392E+01	3.831493E+00	2.244594E-02	5.852859E-03
1.541700E-03	1.463497E+01	3.803723E+00	2.256274E-02	5.864202E-03
1.555966E-03	1.457624E+01	3.776063E+00	2.268013E-02	5.875424E-03
1.570363E-03	1.451774E+01	3.748511E+00	2.279812E-02	5.886522E-03
1.584893E-03	1.445947E+01	3.721066E+00	2.291671E-02	5.897491E-03
1.599558E-03	1.440143E+01	3.693725E+00	2.303592E-02	5.908328E-03
1.614359E-03	1.434363E+01	3.666489E+00	2.315577E-02	5.919028E-03
1.629296E-03	1.428608E+01	3.639356E+00	2.327626E-02	5.929587E-03
1.644372E-03	1.422878E+01	3.612323E+00	2.339740E-02	5.940002E-03
1.659587E-03	1.417172E+01	3.585391E+00	2.351921E-02	5.950268E-03
1.674943E-03	1.411492E+01	3.558558E+00	2.364169E-02	5.960381E-03
1.690441E-03	1.405838E+01	3.531822E+00	2.376487E-02	5.970337E-03
1.706082E-03	1.400210E+01	3.505184E+00	2.388874E-02	5.980133E-03
1.721869E-03	1.394609E+01	3.478642E+00	2.401333E-02	5.989764E-03
1.737801E-03	1.389034E+01	3.452195E+00	2.413865E-02	5.999227E-03
1.753881E-03	1.383487E+01	3.425842E+00	2.426470E-02	6.008518E-03
1.770109E-03	1.377966E+01	3.399583E+00	2.439150E-02	6.017632E-03
1.786488E-03	1.372473E+01	3.373416E+00	2.451906E-02	6.026567E-03
1.803018E-03	1.367008E+01	3.347342E+00	2.464739E-02	6.035317E-03
1.819701E-03	1.361570E+01	3.321359E+00	2.477651E-02	6.043881E-03
1.836538E-03	1.356161E+01	3.295468E+00	2.490642E-02	6.052253E-03
1.853532E-03	1.350780E+01	3.269666E+00	2.503713E-02	6.060430E-03
1.870682E-03	1.345427E+01	3.243955E+00	2.516867E-02	6.068408E-03
1.887991E-03	1.340103E+01	3.218333E+00	2.530103E-02	6.076185E-03
1.905461E-03	1.334808E+01	3.192800E+00	2.543424E-02	6.083755E-03
1.923092E-03	1.329541E+01	3.167356E+00	2.556830E-02	6.091116E-03
1.940886E-03	1.324304E+01	3.142000E+00	2.570323E-02	6.098264E-03
1.958845E-03	1.319095E+01	3.116733E+00	2.583903E-02	6.105195E-03
1.976970E-03	1.313916E+01	3.091553E+00	2.597572E-02	6.111907E-03
1.995262E-03	1.308766E+01	3.066461E+00	2.611331E-02	6.118394E-03
2.013724E-03	1.303641E+01	3.041483E+00	2.625173E-02	6.124708E-03
2.032357E-03	1.298530E+01	3.016684E+00	2.639076E-02	6.130978E-03
2.051162E-03	1.293432E+01	2.992064E+00	2.653039E-02	6.137207E-03
2.070141E-03	1.288349E+01	2.967621E+00	2.667064E-02	6.143394E-03
2.089296E-03	1.283278E+01	2.943353E+00	2.681148E-02	6.149536E-03
2.108628E-03	1.278222E+01	2.919258E+00	2.695294E-02	6.155631E-03
2.128139E-03	1.273178E+01	2.895335E+00	2.709500E-02	6.161675E-03
2.147830E-03	1.268148E+01	2.871580E+00	2.723767E-02	6.167667E-03
2.167704E-03	1.263132E+01	2.847993E+00	2.738096E-02	6.173605E-03
2.187762E-03	1.258128E+01	2.824570E+00	2.752485E-02	6.179486E-03
2.208005E-03	1.253138E+01	2.801310E+00	2.766935E-02	6.185307E-03
2.228435E-03	1.248161E+01	2.778212E+00	2.781446E-02	6.191066E-03
2.249055E-03	1.243197E+01	2.755273E+00	2.796019E-02	6.196760E-03
2.269865E-03	1.238247E+01	2.732492E+00	2.810652E-02	6.202388E-03
2.290868E-03	1.233309E+01	2.709867E+00	2.825348E-02	6.207947E-03
2.312065E-03	1.228384E+01	2.687396E+00	2.840104E-02	6.213434E-03
2.333458E-03	1.223473E+01	2.665078E+00	2.854922E-02	6.218847E-03
2.355049E-03	1.218574E+01	2.642910E+00	2.869802E-02	6.224183E-03
2.376840E-03	1.213688E+01	2.620892E+00	2.884743E-02	6.229441E-03
2.398833E-03	1.208815E+01	2.599021E+00	2.899746E-02	6.234617E-03
2.421029E-03	1.203955E+01	2.577296E+00	2.914811E-02	6.239710E-03
2.443431E-03	1.199108E+01	2.555717E+00	2.929938E-02	6.244716E-03
2.466039E-03	1.194274E+01	2.534280E+00	2.945126E-02	6.249634E-03
2.488857E-03	1.189452E+01	2.512985E+00	2.960377E-02	6.254460E-03
2.511886E-03	1.184643E+01	2.491830E+00	2.975689E-02	6.259194E-03
2.535129E-03	1.179847E+01	2.470814E+00	2.991064E-02	6.263831E-03
2.558586E-03	1.175063E+01	2.449935E+00	3.006501E-02	6.268370E-03
2.582260E-03	1.170293E+01	2.429193E+00	3.022000E-02	6.272809E-03
2.606154E-03	1.165534E+01	2.408586E+00	3.037562E-02	6.277144E-03
2.630268E-03	1.160789E+01	2.388112E+00	3.053185E-02	6.281374E-03
2.654606E-03	1.156056E+01	2.367770E+00	3.068872E-02	6.285496E-03
2.679168E-03	1.151335E+01	2.347560E+00	3.084621E-02	6.289507E-03
2.703958E-03	1.146627E+01	2.327479E+00	3.100432E-02	6.293406E-03
2.728978E-03	1.141932E+01	2.307527E+00	3.116307E-02	6.297190E-03
2.754229E-03	1.137249E+01	2.287703E+00	3.132244E-02	6.300856E-03
2.779713E-03	1.132579E+01	2.268005E+00	3.148244E-02	6.304403E-03
2.805434E-03	1.127921E+01	2.248432E+00	3.164307E-02	6.307827E-03
2.831392E-03	1.123275E+01	2.228984E+00	3.180432E-02	6.311126E-03
2.857591E-03	1.118642E+01	2.209658E+00	3.196621E-02	6.314299E-03
2.884032E-03	1.114022E+01	2.190455E+00	3.212873E-02	6.317342E-03
2.910717E-03	1.109413E+01	2.171373E+00	3.229188E-02	6.320253E-03
2.937650E-03	1.104818E+01	2.152411E+00	3.245567E-02	6.323030E-03
2.964831E-03	1.100234E+01	2.133568E+00	3.262009E-02	6.325671E-03
2.992265E-03	1.095663E+01	2.114844E+00	3.278514E-02	6.328173E-03
3.019952E-03	1.091104E+01	2.096237E+00	3.295083E-02	6.330534E-03
3.047895E-03	1.086558E+01	2.077746E+00	3.311715E-02	6.332751E-03
3.076097E-03	1.082024E+01	2.059370E+00	3.328411E-02	6.334823E-03
3.104560E-03	1.077502E+01	2.041110E+00	3.345170E-02	6.336746E-03
3.133286E-03	1.072993E+01	2.022963E+00	3.361993E-02	6.338520E-03
3.162278E-03	1.068496E+01	2.004929E+00	3.378880E-02	6.340141E-03
3.191538E-03	1.064011E+01	1.987007E+00	3.395831E-02	6.341607E-03
3.221069E-03	1.059539E+01	1.969196E+00	3.412846E-02	6.342916E-03
3.250873E-03	1.055078E+01	1.951496E+00	3.429926E-02	6.344065E-03
3.280953E-03	1.050630E+01	1.933906E+00	3.447069E-02	6.345053E-03
3.311311E-03	1.046195E+01	1.916424E+00	3.464276E-02	6.345877E-03
3.341950E-03	1.041771E+01	1.899051E+00	3.481548E-02	6.346536E-03
3.372873E-03	1.037360E+01	1.881786E+00	3.498884E-02	6.347026E-03
3.404082E-03	1.032961E+01	1.864628E+00	3.516284E-02	6.347346E-03
3.435579E-03	1.028574E+01	1.847576E+00	3.533749E-02	6.347493E-03
3.467369E-03	1.024200E+01	1.830629E+00	3.551278E-02	6.347466E-03
3.499452E-03	1.019837E+01	1.813788E+00	3.568872E-02	6.347263E-03
3.531832E-03	1.015487E+01	1.797051E+00	3.586531E-02	6.346880E-03
3.564511E-03	1.011150E+01	1.780417E+00	3.604254E-02	6.346317E-03
3.597493E-03	1.006824E+01	1.763887E+00	3.622042E-02	6.345571E-03
3.630781E-03	1.002510E+01	1.747459E+00	3.639895E-02	6.344640E-03
3.664376E-03	9.982091E+00	1.731133E+00	3.657813E-02	6.343522E-03
3.698282E-03	9.939200E+00	1.714909E+00	3.675796E-02	6.342216E-03
3.732502E-03	9.896431E+00	1.698785E+00	3.693845E-02	6.340718E-03
3.767038E-03	9.853784E+00	1.682762E+00	3.711958E-02	6.339028E-03
3.801894E-03	9.811259E+00	1.666839E+00	3.730137E-02	6.337144E-03
3.837072E-03	9.768855E+00	1.651015E+00	3.748381E-02	6.335063E-03
3.872576E-03	9.726573E+00	1.635289E+00	3.766690E-02	6.332783E-03
3.908409E-03	9.684413E+00	1.619663E+00	3.785065E-02	6.330304E-03
3.944573E-03	9.642374E+00	1.604134E+00	3.803505E-02	6.327622E-03
3.981072E-03	9.600457E+00	1.588702E+00	3.822011E-02	6.324737E-03
4.017908E-03	9.558680E+00	1.573366E+00	3.840590E-02	6.321639E-03
4.055085E-03	9.517156E+00	1.558111E+00	3.859288E-02	6.318274E-03
4.092607E-03	9.475899E+00	1.542938E+00	3.878113E-02	6.314639E-03
4.130475E-03	9.434900E+00	1.527848E+00	3.897062E-02	6.310737E-03
4.168694E-03	9.394154E+00	1.512841E+00	3.916135E-02	6.306573E-03
4.207266E-03	9.353652E+00	1.497921E+00	3.935331E-02	6.302152E-03
4.246196E-03	9.313389E+00	1.483087E+00	3.954647E-02	6.297479E-03
4.285485E-03	9.273358E+00	1.468342E+00	3.974084E-02	6.292557E-03
4.325138E-03	9.233552E+00	1.453686E+00	3.993639E-02	6.287393E-03
4.365158E-03	9.193964E+00	1.439121E+00	4.013311E-02	6.281989E-03
4.405549E-03	9.154590E+00	1.424647E+00	4.033099E-02	6.276351E-03
4.446313E-03	9.115423E+00	1.410266E+00	4.053002E-02	6.270483E-03
4.487454E-03	9.076458E+00	1.395979E+00	4.073019E-02	6.264390E-03
4.528976E-03	9.037688E+00	1.381786E+00	4.093147E-02	6.258076E-03
4.570882E-03	8.999109E+00	1.367689E+00	4.113386E-02	6.251545E-03
4.613176E-03	8.960715E+00	1.353688E+00	4.133735E-02	6.244802E-03
4.655861E-03	8.922501E+00	1.339785E+00	4.154192E-02	6.237850E-03
4.698941E-03	8.884462E+00	1.325979E+00	4.174756E-02	6.230696E-03
4.742420E-03	8.846593E+00	1.312271E+00	4.195426E-02	6.223342E-03
4.786301E-03	8.808890E+00	1.298663E+00	4.216200E-02	6.215793E-03
4.830588E-03	8.771349E+00	1.285155E+00	4.237077E-02	6.208053E-03
4.875285E-03	8.733964E+00	1.271746E+00	4.258056E-02	6.200126E-03
4.920395E-03	8.696732E+00	1.258439E+00	4.279136E-02	6.192016E-03
4.965923E-03	8.659648E+00	1.245232E+00	4.300315E-02	6.183728E-03
5.011872E-03	8.622708E+00	1.232127E+00	4.321591E-02	6.175265E-03
5.058247E-03	8.585909E+00	1.219124E+00	4.342965E-02	6.166631E-03
5.105050E-03	8.549247E+00	1.206223E+00	4.364434E-02	6.157831E-03
5.152286E-03	8.512719E+00	1.193425E+00	4.385996E-02	6.148867E-03
5.199960E-03	8.476319E+00	1.180729E+00	4.407652E-02	6.139745E-03
5.248075E-03	8.440047E+00	1.168136E+00	4.429399E-02	6.130467E-03
5.296634E-03	8.403897E+00	1.155646E+00	4.451237E-02	6.121037E-03
5.345644E-03	8.367867E+00	1.143260E+00	4.473163E-02	6.111459E-03
5.395106E-03	8.331953E+00	1.130976E+00	4.495177E-02	6.101737E-03
5.445027E-03	8.296154E+00	1.118796E+00	4.517278E-02	6.091873E-03
5.495409E-03	8.260465E+00	1.106719E+00	4.539463E-02	6.081872E-03
5.546257E-03	8.224885E+00	1.094745E+00	4.561733E-02	6.071738E-03
5.597576E-03	8.189410E+00	1.082874E+00	4.584084E-02	6.061472E-03
5.649370E-03	8.154038E+00	1.071107E+00	4.606517E-02	6.051078E-03
5.701643E-03	8.118766E+00	1.059442E+00	4.629030E-02	6.040561E-03
5.754399E-03	8.083593E+00	1.047880E+00	4.651622E-02	6.029922E-03
5.807644E-03	8.048515E+00	1.036421E+00	4.674291E-02	6.019166E-03
5.861382E-03	8.013531E+00	1.025064E+00	4.697036E-02	6.008294E-03
5.915616E-03	7.978638E+00	1.013810E+00	4.719856E-02	5.997310E-03
5.970353E-03	7.943835E+00	1.002657E+00	4.742750E-02	5.986217E-03
6.025596E-03	7.909130E+00	9.916036E-01	4.765722E-02	5.975003E-03
6.081350E-03	7.874606E+00	9.806325E-01	4.788823E-02	5.963569E-03
6.137620E-03	7.840272E+00	9.697419E-01	4.812061E-02	5.951907E-03
6.194411E-03	7.806125E+00	9.589335E-01	4.835435E-02	5.940028E-03
6.251727E-03	7.772161E+00	9.482088E-01	4.858943E-02	5.927942E-03
6.309573E-03	7.738375E+00	9.375692E-01	4.882585E-02	5.915662E-03
6.367955E-03	7.704764E+00	9.270162E-01	4.906359E-02	5.903198E-03
6.426877E-03	7.671324E+00	9.165511E-01	4.930265E-02	5.890561E-03
6.486344E-03	7.638050E+00	9.061750E-01	4.954302E-02	5.877763E-03
6.546362E-03	7.604939E+00	8.958891E-01	4.978468E-02	5.864814E-03
6.606934E-03	7.571988E+00	8.856945E-01	5.002763E-02	5.851726E-03
6.668068E-03	7.539192E+00	8.755923E-01	5.027185E-02	5.838509E-03
6.729767E-03	7.506550E+00	8.655834E-01	5.051733E-02	5.825174E-03
6.792036E-03	7.474056E+00	8.556687E-01	5.076406E-02	5.811733E-03
6.854882E-03	7.441709E+00	8.458490E-01	5.101204E-02	5.798195E-03
6.918310E-03	7.409505E+00	8.361251E-01	5.126125E-02	5.784573E-03
6.982324E-03	7.377440E+00	8.264977E-01	5.151168E-02	5.770875E-03
7.046931E-03	7.345513E+00	8.169674E-01	5.176332E-02	5.757113E-03
7.112135E-03	7.313720E+00	8.075348E-01	5.201616E-02	5.743297E-03
7.177943E-03	7.282057E+00	7.982004E-01	5.227019E-02	5.729437E-03
7.244360E-03	7.250524E+00	7.889647E-01	5.252540E-02	5.715544E-03
7.311391E-03	7.219117E+00	7.798281E-01	5.278178E-02	5.701628E-03
7.379042E-03	7.187832E+00	7.707908E-01	5.303932E-02	5.687698E-03
7.447320E-03	7.156669E+00	7.618532E-01	5.329801E-02	5.673765E-03
7.516229E-03	7.125625E+00	7.530156E-01	5.355783E-02	5.659837E-03
7.585776E-03	7.094697E+00	7.442780E-01	5.381878E-02	5.645926E-03
7.655966E-03	7.063882E+00	7.356406E-01	5.408084E-02	5.632040E-03
7.726806E-03	7.033180E+00	7.271035E-01	5.434401E-02	5.618188E-03
7.798301E-03	7.002587E+00	7.186667E-01	5.460828E-02	5.604379E-03
7.870458E-03	6.972102E+00	7.103301E-01	5.487363E-02	5.590623E-03
7.943282E-03	6.941722E+00	7.020937E-01	5.514006E-02	5.576929E-03
8.016781E-03	6.911446E+00	6.939575E-01	5.540754E-02	5.563305E-03
8.090959E-03	6.881261E+00	6.859260E-01	5.567600E-02	5.549800E-03
8.165824E-03	6.851170E+00	6.779995E-01	5.594545E-02	5.536424E-03
8.241381E-03	6.821182E+00	6.701757E-01	5.621596E-02	5.523174E-03
8.317638E-03	6.791305E+00	6.624527E-01	5.648761E-02	5.510042E-03
8.394600E-03	6.761547E+00	6.548284E-01	5.676048E-02	5.497022E-03
8.472274E-03	6.731915E+00	6.473009E-01	5.703463E-02	5.484110E-03
8.550667E-03	6.702419E+00	6.398682E-01	5.731015E-02	5.471300E-03
8.629785E-03	6.673064E+00	6.325288E-01	5.758711E-02	5.458588E-03
8.709636E-03	6.643858E+00	6.252807E-01	5.786558E-02	5.445967E-03
8.790225E-03	6.614807E+00	6.181224E-01	5.814564E-02	5.433435E-03
8.871560E-03	6.585918E+00	6.110523E-01	5.842737E-02	5.420987E-03
8.953648E-03	6.557196E+00	6.040688E-01	5.871083E-02	5.408620E-03
9.036495E-03	6.528649E+00	5.971706E-01	5.899610E-02	5.396329E-03
9.120108E-03	6.500280E+00	5.903563E-01	5.928326E-02	5.384114E-03
9.204496E-03	6.472095E+00	5.836246E-01	5.957238E-02	5.371970E-03
9.289664E-03	6.444101E+00	5.769742E-01	5.986353E-02	5.359896E-03
9.375620E-03	6.416300E+00	5.704040E-01	6.015679E-02	5.347892E-03
9.462372E-03	6.388699E+00	5.639130E-01	6.045224E-02	5.335955E-03
9.549926E-03	6.361301E+00	5.575001E-01	6.074995E-02	5.324085E-03
9.638290E-03	6.334111E+00	5.511645E-01	6.105000E-02	5.312283E-03
9.727472E-03	6.307132E+00	5.449052E-01	6.135245E-02	5.300550E-03
9.817479E-03	6.280368E+00	5.387214E-01	6.165738E-02	5.288887E-03
9.908319E-03	6.253823E+00	5.326126E-01	6.196488E-02	5.277296E-03
1.000000E-02	6.227500E+00	5.265781E-01	6.227500E-02	5.265781E-03
1.198397E-02	5.722520E+00	4.303154E-01	6.857849E-02	5.156886E-03
1.396794E-02	5.332956E+00	3.761950E-01	7.449039E-02	5.254667E-03
1.595190E-02	5.021972E+00	3.468145E-01	8.011001E-02	5.532352E-03
1.793587E-02	4.765195E+00	3.318051E-01	8.546794E-02	5.951214E-03
1.991984E-02	4.556452E+00	3.225497E-01	9.076380E-02	6.425138E-03
2.190381E-02	4.381037E+00	3.166509E-01	9.596140E-02	6.935859E-03
2.388778E-02	4.226934E+00	3.133176E-01	1.009720E-01	7.484459E-03
2.587174E-02	4.091321E+00	3.106260E-01	1.058496E-01	8.036436E-03
2.785571E-02	3.971527E+00	3.075901E-01	1.106297E-01	8.568141E-03
2.983968E-02	3.865196E+00	3.037833E-01	1.153362E-01	9.064796E-03
3.182365E-02	3.769814E+00	2.997156E-01	1.199692E-01	9.538045E-03
3.380762E-02	3.683872E+00	2.957500E-01	1.245429E-01	9.998601E-03
3.579158E-02	3.606897E+00	2.913498E-01	1.290966E-01	1.042787E-02
3.777555E-02	3.538200E+00	2.862335E-01	1.336575E-01	1.081263E-02
3.975952E-02	3.477013E+00	2.802862E-01	1.382444E-01	1.114404E-02
4.174349E-02	3.421332E+00	2.739677E-01	1.428183E-01	1.143637E-02
4.372745E-02	3.368759E+00	2.679605E-01	1.473073E-01	1.171723E-02
4.571142E-02	3.319031E+00	2.621775E-01	1.517176E-01	1.198451E-02
4.769539E-02	3.271923E+00	2.565490E-01	1.560557E-01	1.223621E-02
4.967936E-02	3.227231E+00	2.510255E-01	1.603268E-01	1.247078E-02
5.166333E-02	3.184765E+00	2.455726E-01	1.645356E-01	1.268710E-02
5.364729E-02	3.144354E+00	2.401677E-01	1.686861E-01	1.288435E-02
5.563126E-02	3.105841E+00	2.347967E-01	1.727819E-01	1.306204E-02
5.761523E-02	3.069083E+00	2.294518E-01	1.768259E-01	1.321992E-02
5.959920E-02	3.033952E+00	2.241298E-01	1.808211E-01	1.335796E-02
6.158317E-02	3.000614E+00	2.188349E-01	1.847873E-01	1.347655E-02
6.356713E-02	2.969350E+00	2.136025E-01	1.887531E-01	1.357810E-02
6.555110E-02	2.939767E+00	2.084700E-01	1.927050E-01	1.366544E-02
6.753507E-02	2.911536E+00	2.034615E-01	1.966308E-01	1.374078E-02
6.951904E-02	2.884394E+00	1.985908E-01	2.005203E-01	1.380584E-02
7.150301E-02	2.858134E+00	1.938645E-01	2.043651E-01	1.386189E-02
7.348697E-02	2.832589E+00	1.892834E-01	2.081584E-01	1.390987E-02
7.547094E-02	2.807630E+00	1.848450E-01	2.118945E-01	1.395043E-02
7.745491E-02	2.783150E+00	1.805439E-01	2.155686E-01	1.398401E-02
7.943888E-02	2.759067E+00	1.763733E-01	2.191772E-01	1.401090E-02
8.142285E-02	2.735494E+00	1.723179E-01	2.227317E-01	1.403061E-02
8.340681E-02	2.712801E+00	1.683584E-01	2.262661E-01	1.404224E-02
8.539078E-02	2.690857E+00	1.645016E-01	2.297744E-01	1.404692E-02
8.737475E-02	2.669530E+00	1.607518E-01	2.332495E-01	1.404565E-02
8.935872E-02	2.648709E+00	1.571098E-01	2.366852E-01	1.403913E-02
9.134269E-02	2.628303E+00	1.535741E-01	2.400762E-01	1.402787E-02
9.332665E-02	2.608237E+00	1.501417E-01	2.434180E-01	1.401222E-02
9.531062E-02	2.588451E+00	1.468080E-01	2.467069E-01	1.399236E-02
9.729459E-02	2.568893E+00	1.435678E-01	2.499394E-01	1.396837E-02
9.927856E-02	2.549522E+00	1.404152E-01	2.531129E-01	1.394022E-02
1.012625E-01	2.530378E+00	1.373452E-01	2.562325E-01	1.390793E-02
1.032465E-01	2.511674E+00	1.343585E-01	2.593215E-01	1.387204E-02
1.052305E-01	2.493364E+00	1.314568E-01	2.623779E-01	1.383326E-02
1.072144E-01	2.475391E+00	1.286409E-01	2.653977E-01	1.379216E-02
1.091984E-01	2.457704E+00	1.259100E-01	2.683773E-01	1.374917E-02
1.111824E-01	2.440259E+00	1.232625E-01	2.713138E-01	1.370462E-02
1.131663E-01	2.423021E+00	1.206963E-01	2.742045E-01	1.365876E-02
1.151503E-01	2.405959E+00	1.182085E-01	2.770469E-01	1.361175E-02
1.171343E-01	2.389047E+00	1.157961E-01	2.798392E-01	1.356369E-02
1.191182E-01	2.372262E+00	1.134556E-01	2.825797E-01	1.351463E-02
1.211022E-01	2.355587E+00	1.111835E-01	2.852667E-01	1.346456E-02
1.230862E-01	2.339006E+00	1.089761E-01	2.878992E-01	1.341345E-02
1.250701E-01	2.322506E+00	1.068299E-01	2.904761E-01	1.336124E-02
1.270541E-01	2.306195E+00	1.047332E-01	2.930115E-01	1.330678E-02
1.290381E-01	2.290144E+00	1.026797E-01	2.955158E-01	1.324959E-02
1.310220E-01	2.274319E+00	1.006719E-01	2.979860E-01	1.319024E-02
1.330060E-01	2.258690E+00	9.871129E-02	3.004193E-01	1.312920E-02
1.349900E-01	2.243229E+00	9.679894E-02	3.028134E-01	1.306689E-02
1.369739E-01	2.227913E+00	9.493531E-02	3.051660E-01	1.300366E-02
1.389579E-01	2.212722E+00	9.312043E-02	3.074752E-01	1.293982E-02
1.409419E-01	2.197638E+00	9.135396E-02	3.097393E-01	1.287560E-02
1.429259E-01	2.182647E+00	8.963527E-02	3.119567E-01	1.281120E-02
1.449098E-01	2.167735E+00	8.796347E-02	3.141261E-01	1.274677E-02
1.468938E-01	2.152891E+00	8.633746E-02	3.162463E-01	1.268244E-02
1.488778E-01	2.138105E+00	8.475601E-02	3.183162E-01	1.261828E-02
1.508617E-01	2.123381E+00	8.321642E-02	3.203369E-01	1.255417E-02
1.528457E-01	2.108806E+00	8.170795E-02	3.223219E-01	1.248871E-02
1.548297E-01	2.094383E+00	8.023001E-02	3.242726E-01	1.242199E-02
1.568136E-01	2.080096E+00	7.878410E-02	3.261874E-01	1.235442E-02
1.587976E-01	2.065931E+00	7.737133E-02	3.280649E-01	1.228638E-02
1.607816E-01	2.051875E+00	7.599252E-02	3.299037E-01	1.221820E-02
1.627655E-01	2.037916E+00	7.464820E-02	3.317025E-01	1.215015E-02
1.647495E-01	2.024046E+00	7.333864E-02	3.334605E-01	1.208250E-02
1.667335E-01	2.010253E+00	7.206389E-02	3.351765E-01	1.201546E-02
1.687174E-01	1.996532E+00	7.082380E-02	3.368498E-01	1.194921E-02
1.707014E-01	1.982875E+00	6.961807E-02	3.384795E-01	1.188390E-02
1.726854E-01	1.969275E+00	6.844623E-02	3.400651E-01	1.181966E-02
1.746693E-01	1.955729E+00	6.730769E-02	3.416058E-01	1.175659E-02
1.766533E-01	1.942255E+00	6.619851E-02	3.431058E-01	1.169419E-02
1.786373E-01	1.928894E+00	6.511309E-02	3.445724E-01	1.163162E-02
1.806212E-01	1.915637E+00	6.405235E-02	3.460048E-01	1.156922E-02
1.826052E-01	1.902476E+00	6.301714E-02	3.474021E-01	1.150726E-02
1.845892E-01	1.889404E+00	6.200809E-02	3.487635E-01	1.144602E-02
1.865731E-01	1.876413E+00	6.102563E-02	3.500882E-01	1.138574E-02
1.885571E-01	1.863497E+00	6.007004E-02	3.513756E-01	1.132663E-02
1.905411E-01	1.850652E+00	5.914142E-02	3.526252E-01	1.126887E-02
1.925251E-01	1.837871E+00	5.823972E-02	3.538363E-01	1.121260E-02
1.945090E-01	1.825152E+00	5.736477E-02	3.550084E-01	1.115797E-02
1.964930E-01	1.812489E+00	5.651629E-02	3.561413E-01	1.110505E-02
1.984770E-01	1.799879E+00	5.569388E-02	3.572345E-01	1.105395E-02
2.004609E-01	1.787320E+00	5.489691E-02	3.582879E-01	1.100468E-02
2.024449E-01	1.774837E+00	5.412119E-02	3.593068E-01	1.095656E-02
2.044289E-01	1.762438E+00	5.336548E-02	3.602931E-01	1.090944E-02
2.064128E-01	1.750117E+00	5.263018E-02	3.612466E-01	1.086354E-02
2.083968E-01	1.737871E+00	5.191558E-02	3.621667E-01	1.081904E-02
2.103808E-01	1.725695E+00	5.122186E-02	3.630531E-01	1.077609E-02
2.123647E-01	1.713587E+00	5.054905E-02	3.639055E-01	1.073483E-02
2.143487E-01	1.701544E+00	4.989709E-02	3.647237E-01	1.069538E-02
2.163327E-01	1.689562E+00	4.926585E-02	3.655074E-01	1.065781E-02
2.183166E-01	1.677638E+00	4.865507E-02	3.662563E-01	1.062221E-02
2.203006E-01	1.665771E+00	4.806443E-02	3.669703E-01	1.058862E-02
2.222846E-01	1.653958E+00	4.749353E-02	3.676494E-01	1.055708E-02
2.242685E-01	1.642198E+00	4.694192E-02	3.682932E-01	1.052760E-02
2.262525E-01	1.630492E+00	4.640854E-02	3.689030E-01	1.050005E-02
2.282365E-01	1.618858E+00	4.589114E-02	3.694824E-01	1.047403E-02
2.302204E-01	1.607293E+00	4.538966E-02	3.700316E-01	1.044963E-02
2.322044E-01	1.595794E+00	4.490411E-02	3.705504E-01	1.042693E-02
2.341884E-01	1.584359E+00	4.443441E-02	3.710384E-01	1.040602E-02
2.361723E-01	1.572984E+00	4.398039E-02	3.714954E-01	1.038695E-02
2.381563E-01	1.561668E+00	4.354178E-02	3.719212E-01	1.036975E-02
2.401403E-01	1.550409E+00	4.311823E-02	3.723157E-01	1.035442E-02
2.421242E-01	1.539204E+00	4.270934E-02	3.726787E-01	1.034097E-02
2.441082E-01	1.528052E+00	4.231461E-02	3.730101E-01	1.032934E-02
2.460922E-01	1.516951E+00	4.193352E-02	3.733097E-01	1.031951E-02
2.480762E-01	1.505899E+00	4.156549E-02	3.735775E-01	1.031141E-02
2.500601E-01	1.494894E+00	4.120990E-02	3.738134E-01	1.030495E-02
2.520441E-01	1.483943E+00	4.086580E-02	3.740191E-01	1.029998E-02
2.540281E-01	1.473050E+00	4.053257E-02	3.741960E-01	1.029641E-02
2.560120E-01	1.462214E+00	4.020999E-02	3.743443E-01	1.029424E-02
2.579960E-01	1.451434E+00	3.989781E-02	3.744641E-01	1.029348E-02
2.599800E-01	1.440708E+00	3.959573E-02	3.745553E-01	1.029410E-02
2.619639E-01	1.430037E+00	3.930341E-02	3.746182E-01	1.029608E-02
2.639479E-01	1.419419E+00	3.902050E-02	3.746527E-01	1.029938E-02
2.659319E-01	1.408854E+00	3.874660E-02	3.746590E-01	1.030396E-02
2.679158E-01	1.398339E+00	3.848131E-02	3.746373E-01	1.030975E-02
2.698998E-01	1.387876E+00	3.822419E-02	3.745875E-01	1.031670E-02
2.718838E-01	1.377463E+00	3.797481E-02	3.745099E-01	1.032473E-02
2.738677E-01	1.367100E+00	3.773271E-02	3.744046E-01	1.033377E-02
2.758517E-01	1.356786E+00	3.749744E-02	3.742718E-01	1.034373E-02
2.778357E-01	1.346526E+00	3.726866E-02	3.741130E-01	1.035456E-02
2.798196E-01	1.336320E+00	3.704617E-02	3.739285E-01	1.036625E-02
2.818036E-01	1.326166E+00	3.682973E-02	3.737183E-01	1.037875E-02
2.837876E-01	1.316064E+00	3.661910E-02	3.734825E-01	1.039205E-02
2.857715E-01	1.306012E+00	3.641399E-02	3.732210E-01	1.040608E-02
2.877555E-01	1.296009E+00	3.621409E-02	3.729339E-01	1.042081E-02
2.897395E-01	1.286056E+00	3.601910E-02	3.726212E-01	1.043615E-02
2.917234E-01	1.276151E+00	3.582866E-02	3.722831E-01	1.045206E-02
2.937074E-01	1.266292E+00	3.564243E-02	3.719195E-01	1.046845E-02
2.956914E-01	1.256481E+00	3.546006E-02	3.715305E-01	1.048523E-02
2.976754E-01	1.246715E+00	3.528118E-02	3.711162E-01	1.050234E-02
2.996593E-01	1.236994E+00	3.510542E-02	3.706767E-01	1.051967E-02
3.016433E-01	1.227318E+00	3.493256E-02	3.702122E-01	1.053717E-02
3.036273E-01	1.217689E+00	3.476257E-02	3.697235E-01	1.055486E-02
3.056112E-01	1.208106E+00	3.459532E-02	3.692108E-01	1.057272E-02
3.075952E-01	1.198570E+00	3.443065E-02	3.686743E-01	1.059070E-02
3.095792E-01	1.189079E+00	3.426838E-02	3.681142E-01	1.060878E-02
3.115631E-01	1.179635E+00	3.410833E-02	3.675308E-01	1.062690E-02
3.135471E-01	1.170237E+00	3.395031E-02	3.669244E-01	1.064502E-02
3.155311E-01	1.160884E+00	3.379415E-02	3.662951E-01	1.066310E-02
3.175150E-01	1.151578E+00	3.363964E-02	3.656432E-01	1.068109E-02
3.194990E-01	1.142317E+00	3.348659E-02	3.649690E-01	1.069893E-02
3.214830E-01	1.133101E+00	3.333481E-02	3.642726E-01	1.071657E-02
3.234669E-01	1.123930E+00	3.318409E-02	3.635543E-01	1.073396E-02
3.254509E-01	1.114805E+00	3.303426E-02	3.628144E-01	1.075103E-02
3.274349E-01	1.105724E+00	3.288547E-02	3.620525E-01	1.076785E-02
3.294188E-01	1.096685E+00	3.273773E-02	3.612688E-01	1.078442E-02
3.314028E-01	1.087690E+00	3.259087E-02	3.604637E-01	1.080071E-02
3.333868E-01	1.078739E+00	3.244475E-02	3.596373E-01	1.081665E-02
3.353707E-01	1.069831E+00	3.229919E-02	3.587901E-01	1.083220E-02
3.373547E-01	1.060967E+00	3.215403E-02	3.579223E-01	1.084731E-02
3.393387E-01	1.052147E+00	3.200910E-02	3.570341E-01	1.086193E-02
3.413226E-01	1.043370E+00	3.186424E-02	3.561259E-01	1.087599E-02
3.433066E-01	1.034638E+00	3.171928E-02	3.551979E-01	1.088944E-02
3.452906E-01	1.025949E+00	3.157405E-02	3.542505E-01	1.090222E-02
3.472745E-01	1.017304E+00	3.142837E-02	3.532838E-01	1.091427E-02
3.492585E-01	1.008703E+00	3.128210E-02	3.522981E-01	1.092554E-02
3.512425E-01	1.000145E+00	3.113514E-02	3.512934E-01	1.093599E-02
3.532265E-01	9.916275E-01	3.098773E-02	3.502691E-01	1.094568E-02
3.552104E-01	9.831506E-01	3.083985E-02	3.492253E-01	1.095464E-02
3.571944E-01	9.747147E-01	3.069150E-02	3.481626E-01	1.096283E-02
3.591784E-01	9.663199E-01	3.054263E-02	3.470812E-01	1.097025E-02
3.611623E-01	9.579666E-01	3.039323E-02	3.459814E-01	1.097689E-02
3.631463E-01	9.496550E-01	3.024325E-02	3.448637E-01	1.098273E-02
3.651303E-01	9.413852E-01	3.009265E-02	3.437282E-01	1.098774E-02
3.671142E-01	9.331576E-01	2.994139E-02	3.425754E-01	1.099191E-02
3.690982E-01	9.249723E-01	2.978941E-02	3.414056E-01	1.099522E-02
3.710822E-01	9.168293E-01	2.963667E-02	3.402190E-01	1.099764E-02
3.730661E-01	9.087289E-01	2.948311E-02	3.390160E-01	1.099915E-02
3.750501E-01	9.006712E-01	2.932867E-02	3.377968E-01	1.099972E-02
3.770341E-01	8.926531E-01	2.917337E-02	3.365606E-01	1.099936E-02
3.790180E-01	8.846726E-01	2.901726E-02	3.353069E-01	1.099806E-02
3.810020E-01	8.767301E-01	2.886032E-02	3.340359E-01	1.099584E-02
3.829860E-01	8.688265E-01	2.870256E-02	3.327484E-01	1.099268E-02
3.849699E-01	8.609622E-01	2.854397E-02	3.314446E-01	1.098857E-02
3.869539E-01	8.531378E-01	2.838453E-02	3.301250E-01	1.098351E-02
3.889379E-01	8.453538E-01	2.822423E-02	3.287901E-01	1.097747E-02
3.909218E-01	8.376106E-01	2.806304E-02	3.274403E-01	1.097046E-02
3.929058E-01	8.299088E-01	2.790095E-02	3.260760E-01	1.096244E-02
3.948898E-01	8.222488E-01	2.773792E-02	3.246976E-01	1.095342E-02
3.968737E-01	8.146308E-01	2.757394E-02	3.233056E-01	1.094337E-02
3.988577E-01	8.070553E-01	2.740897E-02	3.219002E-01	1.093228E-02
4.008417E-01	7.995218E-01	2.724300E-02	3.204817E-01	1.092013E-02
4.028257E-01	7.920252E-01	2.707613E-02	3.190481E-01	1.090696E-02
4.048096E-01	7.845649E-01	2.690839E-02	3.175994E-01	1.089278E-02
4.067936E-01	7.771417E-01	2.673976E-02	3.161362E-01	1.087756E-02
4.087776E-01	7.697563E-01	2.657024E-02	3.146591E-01	1.086132E-02
4.107615E-01	7.624095E-01	2.639980E-02	3.131685E-01	1.084402E-02
4.127455E-01	7.551018E-01	2.622843E-02	3.116648E-01	1.082567E-02
4.147295E-01	7.478338E-01	2.605611E-02	3.101487E-01	1.080624E-02
4.167134E-01	7.406062E-01	2.588282E-02	3.086205E-01	1.078572E-02
4.186974E-01	7.334194E-01	2.570855E-02	3.070808E-01	1.076410E-02
4.206814E-01	7.262739E-01	2.553326E-02	3.055299E-01	1.074137E-02
4.226653E-01	7.191702E-01	2.535693E-02	3.039683E-01	1.071750E-02
4.246493E-01	7.121087E-01	2.517955E-02	3.023965E-01	1.069248E-02
4.266333E-01	7.050869E-01	2.500096E-02	3.008135E-01	1.066624E-02
4.286172E-01	6.981000E-01	2.482103E-02	2.992177E-01	1.063872E-02
4.306012E-01	6.911489E-01	2.463989E-02	2.976095E-01	1.060997E-02
4.325852E-01	6.842342E-01	2.445771E-02	2.959895E-01	1.058004E-02
4.345691E-01	6.773567E-01	2.427461E-02	2.943583E-01	1.054900E-02
4.365531E-01	6.705171E-01	2.409074E-02	2.927163E-01	1.051689E-02
4.385371E-01	6.637161E-01	2.390621E-02	2.910641E-01	1.048376E-02
4.405210E-01	6.569544E-01	2.372114E-02	2.894022E-01	1.044966E-02
4.425050E-01	6.502325E-01	2.353564E-02	2.877311E-01	1.041464E-02
4.444890E-01	6.435509E-01	2.334983E-02	2.860513E-01	1.037874E-02
4.464729E-01	6.369103E-01	2.316378E-02	2.843632E-01	1.034200E-02
4.484569E-01	6.303110E-01	2.297760E-02	2.826673E-01	1.030446E-02
4.504409E-01	6.237533E-01	2.279136E-02	2.809640E-01	1.026616E-02
4.524248E-01	6.172314E-01	2.260477E-02	2.792508E-01	1.022696E-02
4.544088E-01	6.107435E-01	2.241772E-02	2.775272E-01	1.018681E-02
4.563928E-01	6.042905E-01	2.223027E-02	2.757938E-01	1.014573E-02
4.583768E-01	5.978733E-01	2.204246E-02	2.740512E-01	1.010375E-02
4.603607E-01	5.914928E-01	2.185434E-02	2.723001E-01	1.006088E-02
4.623447E-01	5.851500E-01	2.166596E-02	2.705410E-01	1.001714E-02
4.643287E-01	5.788454E-01	2.147734E-02	2.687745E-01	9.972544E-03
4.663126E-01	5.725800E-01	2.128852E-02	2.670013E-01	9.927105E-03
4.682966E-01	5.663544E-01	2.109953E-02	2.652218E-01	9.880839E-03
4.702806E-01	5.601693E-01	2.091040E-02	2.634367E-01	9.833756E-03
4.722645E-01	5.540252E-01	2.072116E-02	2.616465E-01	9.785867E-03
4.742485E-01	5.479229E-01	2.053182E-02	2.598516E-01	9.737182E-03
4.762325E-01	5.418609E-01	2.034232E-02	2.580517E-01	9.687671E-03
4.782164E-01	5.358326E-01	2.015240E-02	2.562439E-01	9.637209E-03
4.802004E-01	5.298382E-01	1.996214E-02	2.544285E-01	9.585829E-03
4.821844E-01	5.238787E-01	1.977165E-02	2.526061E-01	9.533580E-03
4.841683E-01	5.179551E-01	1.958102E-02	2.507775E-01	9.480510E-03
4.861523E-01	5.120682E-01	1.939035E-02	2.489432E-01	9.426663E-03
4.881363E-01	5.062189E-01	1.919973E-02	2.471038E-01	9.372085E-03
4.901202E-01	5.004078E-01	1.900925E-02	2.452600E-01	9.316818E-03
4.921042E-01	4.946358E-01	1.881899E-02	2.434124E-01	9.260903E-03
4.940882E-01	4.889036E-01	1.862903E-02	2.415615E-01	9.204383E-03
4.960721E-01	4.832118E-01	1.843945E-02	2.397079E-01	9.147295E-03
4.980561E-01	4.775610E-01	1.825031E-02	2.378522E-01	9.089678E-03
5.000401E-01	4.719519E-01	1.806169E-02	2.359948E-01	9.031568E-03
5.020240E-01	4.663796E-01	1.787328E-02	2.341338E-01	8.972818E-03
5.040080E-01	4.608402E-01	1.768486E-02	2.322672E-01	8.913313E-03
5.059920E-01	4.553347E-01	1.749656E-02	2.303957E-01	8.853119E-03
5.079760E-01	4.498641E-01	1.730850E-02	2.285201E-01	8.792299E-03
5.099599E-01	4.444292E-01	1.712079E-02	2.266411E-01	8.730915E-03
5.119439E-01	4.390310E-01	1.693355E-02	2.247593E-01	8.669025E-03
5.139279E-01	4.336704E-01	1.674688E-02	2.228753E-01	8.606688E-03
5.159118E-01	4.283481E-01	1.656089E-02	2.209898E-01	8.543959E-03
5.178958E-01	4.230648E-01	1.637567E-02	2.191035E-01	8.480891E-03
5.198798E-01	4.178214E-01	1.619132E-02	2.172169E-01	8.417537E-03
5.218637E-01	4.126185E-01	1.600791E-02	2.153306E-01	8.353947E-03
5.238477E-01	4.074567E-01	1.582553E-02	2.134453E-01	8.290167E-03
5.258317E-01	4.023358E-01	1.564419E-02	2.115609E-01	8.226209E-03
5.278156E-01	3.972490E-01	1.546340E-02	2.096742E-01	8.161823E-03
5.297996E-01	3.921956E-01	1.528316E-02	2.077851E-01	8.097012E-03
5.317836E-01	3.871764E-01	1.510360E-02	2.058940E-01	8.031844E-03
5.337675E-01	3.821922E-01	1.492483E-02	2.040018E-01	7.966387E-03
5.357515E-01	3.772438E-01	1.474696E-02	2.021089E-01	7.900706E-03
5.377355E-01	3.723320E-01	1.457010E-02	2.002161E-01	7.834862E-03
5.397194E-01	3.674575E-01	1.439436E-02	1.983239E-01	7.768915E-03
5.417034E-01	3.626209E-01	1.421981E-02	1.964330E-01	7.702922E-03
5.436874E-01	3.578230E-01	1.404656E-02	1.945438E-01	7.636936E-03
5.456713E-01	3.530643E-01	1.387467E-02	1.926571E-01	7.571008E-03
5.476553E-01	3.483454E-01	1.370422E-02	1.907732E-01	7.505188E-03
5.496393E-01	3.436669E-01	1.353528E-02	1.888928E-01	7.439521E-03
5.516232E-01	3.390259E-01	1.336767E-02	1.870146E-01	7.373915E-03
5.536072E-01	3.344168E-01	1.320100E-02	1.851356E-01	7.308167E-03
5.555912E-01	3.298405E-01	1.303538E-02	1.832565E-01	7.242341E-03
5.575752E-01	3.252978E-01	1.287092E-02	1.813780E-01	7.176507E-03
5.595591E-01	3.207898E-01	1.270774E-02	1.795009E-01	7.110732E-03
5.615431E-01	3.163173E-01	1.254593E-02	1.776258E-01	7.045083E-03
5.635271E-01	3.118812E-01	1.238560E-02	1.757535E-01	6.979621E-03
5.655110E-01	3.074822E-01	1.222683E-02	1.738846E-01	6.914408E-03
5.674950E-01	3.031212E-01	1.206971E-02	1.720198E-01	6.849501E-03
5.694790E-01	2.987989E-01	1.191432E-02	1.701597E-01	6.784955E-03
5.714629E-01	2.945161E-01	1.176074E-02	1.683050E-01	6.720825E-03
5.734469E-01	2.902733E-01	1.160902E-02	1.664563E-01	6.657159E-03
5.754309E-01	2.860710E-01	1.145923E-02	1.646141E-01	6.593996E-03
5.774148E-01	2.819033E-01	1.131101E-02	1.627751E-01	6.531143E-03
5.793988E-01	2.777679E-01	1.116424E-02	1.609384E-01	6.468548E-03
5.813828E-01	2.736657E-01	1.101903E-02	1.591046E-01	6.406277E-03
5.833667E-01	2.695976E-01	1.087547E-02	1.572743E-01	6.344386E-03
5.853507E-01	2.655642E-01	1.073362E-02	1.554482E-01	6.282931E-03
5.873347E-01	2.615662E-01	1.059356E-02	1.536269E-01	6.221962E-03
5.893186E-01	2.576044E-01	1.045534E-02	1.518111E-01	6.161525E-03
5.913026E-01	2.536795E-01	1.031902E-02	1.500013E-01	6.101661E-03
5.932866E-01	2.497920E-01	1.018464E-02	1.481982E-01	6.042408E-03
5.952705E-01	2.459425E-01	1.005223E-02	1.464023E-01	5.983797E-03
5.972545E-01	2.421317E-01	9.921826E-03	1.446142E-01	5.925855E-03
5.992385E-01	2.383600E-01	9.793442E-03	1.428345E-01	5.868607E-03
6.012224E-01	2.346264E-01	9.666990E-03	1.410626E-01	5.812011E-03
6.032064E-01	2.309249E-01	9.542129E-03	1.392954E-01	5.755874E-03
6.051904E-01	2.272556E-01	9.418908E-03	1.375329E-01	5.700233E-03
6.071743E-01	2.236192E-01	9.297408E-03	1.357759E-01	5.645147E-03
6.091583E-01	2.200165E-01	9.177702E-03	1.340249E-01	5.590673E-03
6.111423E-01	2.164480E-01	9.059858E-03	1.322805E-01	5.536862E-03
6.131263E-01	2.129144E-01	8.943934E-03	1.305434E-01	5.483761E-03
6.151102E-01	2.094163E-01	8.829984E-03	1.288141E-01	5.431413E-03
6.170942E-01	2.059543E-01	8.718051E-03	1.270932E-01	5.379858E-03
6.190782E-01	2.025288E-01	8.608173E-03	1.253812E-01	5.329132E-03
6.210621E-01	1.991405E-01	8.500380E-03	1.236786E-01	5.279264E-03
6.230461E-01	1.957897E-01	8.394696E-03	1.219860E-01	5.230282E-03
6.250301E-01	1.924771E-01	8.291137E-03	1.203040E-01	5.182210E-03
6.270140E-01	1.891988E-01	8.189547E-03	1.186303E-01	5.134961E-03
6.289980E-01	1.859517E-01	8.089780E-03	1.169633E-01	5.088455E-03
6.309820E-01	1.827364E-01	7.991846E-03	1.153034E-01	5.042711E-03
6.329659E-01	1.795534E-01	7.895749E-03	1.136512E-01	4.997740E-03
6.349499E-01	1.764033E-01	7.801485E-03	1.120073E-01	4.953552E-03
6.369339E-01	1.732868E-01	7.709045E-03	1.103722E-01	4.910152E-03
6.389178E-01	1.702042E-01	7.618413E-03	1.087465E-01	4.867540E-03
6.409018E-01	1.671562E-01	7.529566E-03	1.071307E-01	4.825712E-03
6.428858E-01	1.641432E-01	7.442475E-03	1.055253E-01	4.784661E-03
6.448697E-01	1.611656E-01	7.357106E-03	1.039308E-01	4.744375E-03
6.468537E-01	1.582240E-01	7.273417E-03	1.023478E-01	4.704837E-03
6.488377E-01	1.553187E-01	7.191364E-03	1.007766E-01	4.666028E-03
6.508216E-01	1.524495E-01	7.110885E-03	9.921743E-02	4.627918E-03
6.528056E-01	1.496118E-01	7.031873E-03	9.766742E-02	4.590446E-03
6.547896E-01	1.468048E-01	6.954312E-03	9.612628E-02	4.553611E-03
6.567735E-01	1.440291E-01	6.878198E-03	9.459448E-02	4.517419E-03
6.587575E-01	1.412849E-01	6.803525E-03	9.307246E-02	4.481873E-03
6.607415E-01	1.385726E-01	6.730278E-03	9.156068E-02	4.446974E-03
6.627255E-01	1.358927E-01	6.658439E-03	9.005958E-02	4.412717E-03
6.647094E-01	1.332456E-01	6.587983E-03	8.856958E-02	4.379094E-03
6.666934E-01	1.306314E-01	6.518880E-03	8.709109E-02	4.346094E-03
6.686774E-01	1.280506E-01	6.451096E-03	8.562455E-02	4.313702E-03
6.706613E-01	1.255035E-01	6.384591E-03	8.417034E-02	4.281898E-03
6.726453E-01	1.229903E-01	6.319321E-03	8.272887E-02	4.250661E-03
6.746293E-01	1.205114E-01	6.255238E-03	8.130053E-02	4.219966E-03
6.766132E-01	1.180651E-01	6.192260E-03	7.988439E-02	4.189765E-03
6.785972E-01	1.156479E-01	6.130299E-03	7.847831E-02	4.160004E-03
6.805812E-01	1.132601E-01	6.069338E-03	7.708266E-02	4.130677E-03
6.825651E-01	1.109020E-01	6.009362E-03	7.569787E-02	4.101781E-03
6.845491E-01	1.085742E-01	5.950348E-03	7.432436E-02	4.073306E-03
6.865331E-01	1.062768E-01	5.892275E-03	7.296256E-02	4.045242E-03
6.885170E-01	1.040103E-01	5.835115E-03	7.161285E-02	4.017576E-03
6.905010E-01	1.017749E-01	5.778837E-03	7.027566E-02	3.990293E-03
6.924850E-01	9.957091E-02	5.723411E-03	6.895136E-02	3.963376E-03
6.944689E-01	9.739866E-02	5.668799E-03	6.764034E-02	3.936805E-03
6.964529E-01	9.525840E-02	5.614964E-03	6.634299E-02	3.910558E-03
6.984369E-01	9.315039E-02	5.561866E-03	6.505966E-02	3.884613E-03
7.004208E-01	9.107476E-02	5.509462E-03	6.379066E-02	3.858942E-03
7.024048E-01	8.902861E-02	5.457665E-03	6.253413E-02	3.833490E-03
7.043888E-01	8.701068E-02	5.406435E-03	6.128934E-02	3.808232E-03
7.063727E-01	8.502113E-02	5.355758E-03	6.005661E-02	3.783162E-03
7.083567E-01	8.306015E-02	5.305617E-03	5.883622E-02	3.758270E-03
7.103407E-01	8.112788E-02	5.255993E-03	5.762844E-02	3.733546E-03
7.123246E-01	7.922448E-02	5.206865E-03	5.643355E-02	3.708979E-03
7.143086E-01	7.735008E-02	5.158212E-03	5.525183E-02	3.684555E-03
7.162926E-01	7.550482E-02	5.110008E-03	5.408354E-02	3.660261E-03
7.182766E-01	7.368882E-02	5.062229E-03	5.292895E-02	3.636080E-03
7.202605E-01	7.190219E-02	5.014847E-03	5.178831E-02	3.611996E-03
7.222445E-01	7.014504E-02	4.967833E-03	5.066187E-02	3.587990E-03
7.242285E-01	6.841747E-02	4.921158E-03	4.954988E-02	3.564042E-03
7.262124E-01	6.671897E-02	4.874774E-03	4.845215E-02	3.540121E-03
7.281964E-01	6.504731E-02	4.828599E-03	4.736721E-02	3.516168E-03
7.301804E-01	6.340225E-02	4.782630E-03	4.629508E-02	3.492182E-03
7.321643E-01	6.178383E-02	4.736868E-03	4.523591E-02	3.468166E-03
7.341483E-01	6.019204E-02	4.691315E-03	4.418989E-02	3.444121E-03
7.361323E-01	5.862691E-02	4.645970E-03	4.315716E-02	3.420048E-03
7.381162E-01	5.708844E-02	4.600833E-03	4.213790E-02	3.395949E-03
7.401002E-01	5.557662E-02	4.555901E-03	4.113227E-02	3.371823E-03
7.420842E-01	5.409145E-02	4.511170E-03	4.014041E-02	3.347668E-03
7.440681E-01	5.263292E-02	4.466636E-03	3.916248E-02	3.323482E-03
7.460521E-01	5.120102E-02	4.422292E-03	3.819863E-02	3.299261E-03
7.480361E-01	4.979573E-02	4.378131E-03	3.724900E-02	3.275000E-03
7.500200E-01	4.841703E-02	4.334144E-03	3.631374E-02	3.250695E-03
7.520040E-01	4.706397E-02	4.290233E-03	3.539230E-02	3.226273E-03
7.539880E-01	4.573560E-02	4.246335E-03	3.448409E-02	3.201686E-03
7.559719E-01	4.443177E-02	4.202481E-03	3.358917E-02	3.176958E-03
7.579559E-01	4.315238E-02	4.158699E-03	3.270760E-02	3.152111E-03
7.599399E-01	4.189730E-02	4.115017E-03	3.183943E-02	3.127166E-03
7.619238E-01	4.066641E-02	4.071460E-03	3.098471E-02	3.102142E-03
7.639078E-01	3.945958E-02	4.028049E-03	3.014348E-02	3.077058E-03
7.658918E-01	3.827670E-02	3.984806E-03	2.931581E-02	3.051930E-03
7.678758E-01	3.711763E-02	3.941748E-03	2.850173E-02	3.026773E-03
7.698597E-01	3.598225E-02	3.898890E-03	2.770129E-02	3.001599E-03
7.718437E-01	3.487044E-02	3.856244E-03	2.691453E-02	2.976418E-03
7.738277E-01	3.378208E-02	3.813821E-03	2.614150E-02	2.951240E-03
7.758116E-01	3.271698E-02	3.771606E-03	2.538221E-02	2.926056E-03
7.777956E-01	3.167463E-02	3.729446E-03	2.463639E-02	2.900746E-03
7.797796E-01	3.065468E-02	3.687344E-03	2.390389E-02	2.875315E-03
7.817635E-01	2.965688E-02	3.645345E-03	2.318467E-02	2.849797E-03
7.837475E-01	2.868098E-02	3.603489E-03	2.247865E-02	2.824226E-03
7.857315E-01	2.772674E-02	3.561813E-03	2.178577E-02	2.798629E-03
7.877154E-01	2.679389E-02	3.520349E-03	2.110596E-02	2.773033E-03
7.896994E-01	2.588221E-02	3.479124E-03	2.043917E-02	2.747462E-03
7.916834E-01	2.499145E-02	3.438159E-03	1.978532E-02	2.721934E-03
7.936673E-01	2.412138E-02	3.397473E-03	1.914435E-02	2.696464E-03
7.956513E-01	2.327175E-02	3.357078E-03	1.851620E-02	2.671063E-03
7.976353E-01	2.244235E-02	3.316980E-03	1.790081E-02	2.645740E-03
7.996192E-01	2.163294E-02	3.277183E-03	1.729812E-02	2.620498E-03
8.016032E-01	2.084355E-02	3.237617E-03	1.670825E-02	2.595284E-03
8.035872E-01	2.007435E-02	3.198174E-03	1.613149E-02	2.570012E-03
8.055711E-01	1.932498E-02	3.158894E-03	1.556765E-02	2.544714E-03
8.075551E-01	1.859506E-02	3.119816E-03	1.501653E-02	2.519423E-03
8.095391E-01	1.788420E-02	3.080972E-03	1.447796E-02	2.494167E-03
8.115230E-01	1.719203E-02	3.042391E-03	1.395173E-02	2.468970E-03
8.135070E-01	1.651820E-02	3.004095E-03	1.343767E-02	2.443852E-03
8.154910E-01	1.586233E-02	2.966100E-03	1.293559E-02	2.418828E-03
8.174749E-01	1.522408E-02	2.928418E-03	1.244531E-02	2.393909E-03
8.194589E-01	1.460311E-02	2.891054E-03	1.196665E-02	2.369100E-03
8.214429E-01	1.399907E-02	2.854005E-03	1.149944E-02	2.344402E-03
8.234269E-01	1.341163E-02	2.817267E-03	1.104350E-02	2.319813E-03
8.254108E-01	1.284050E-02	2.780821E-03	1.059869E-02	2.295320E-03
8.273948E-01	1.228668E-02	2.744532E-03	1.016594E-02	2.270811E-03
8.293788E-01	1.175032E-02	2.708376E-03	9.745464E-03	2.246270E-03
8.313627E-01	1.123089E-02	2.672397E-03	9.336947E-03	2.221731E-03
8.333467E-01	1.072791E-02	2.636629E-03	8.940069E-03	2.197226E-03
8.353307E-01	1.024087E-02	2.601101E-03	8.554516E-03	2.172780E-03
8.373146E-01	9.769299E-03	2.565834E-03	8.179977E-03	2.148411E-03
8.392986E-01	9.312713E-03	2.530841E-03	7.816147E-03	2.124131E-03
8.412826E-01	8.870650E-03	2.496127E-03	7.462723E-03	2.099948E-03
8.432665E-01	8.442655E-03	2.461690E-03	7.119408E-03	2.075861E-03
8.452505E-01	8.028280E-03	2.427521E-03	6.785907E-03	2.051864E-03
8.472345E-01	7.627085E-03	2.393603E-03	6.461930E-03	2.027943E-03
8.492184E-01	7.238642E-03	2.359912E-03	6.147188E-03	2.004081E-03
8.512024E-01	6.863076E-03	2.326387E-03	5.841867E-03	1.980226E-03
8.531864E-01	6.502106E-03	2.292897E-03	5.547508E-03	1.956269E-03
8.551703E-01	6.155397E-03	2.259454E-03	5.263913E-03	1.932218E-03
8.571543E-01	5.822388E-03	2.226080E-03	4.990685E-03	1.908094E-03
8.591383E-01	5.502531E-03	2.192788E-03	4.727435E-03	1.883908E-03
8.611222E-01	5.195286E-03	2.159589E-03	4.473776E-03	1.859670E-03
8.631062E-01	4.900125E-03	2.126485E-03	4.229328E-03	1.835383E-03
8.650902E-01	4.616532E-03	2.093475E-03	3.993717E-03	1.811045E-03
8.670741E-01	4.343999E-03	2.060550E-03	3.766570E-03	1.786650E-03
8.690581E-01	4.082030E-03	2.027697E-03	3.547522E-03	1.762186E-03
8.710421E-01	3.830138E-03	1.994895E-03	3.336211E-03	1.737638E-03
8.730261E-01	3.587845E-03	1.962122E-03	3.132282E-03	1.712984E-03
8.750100E-01	3.354684E-03	1.929347E-03	2.935382E-03	1.688198E-03
8.769940E-01	3.132077E-03	1.896410E-03	2.746813E-03	1.663140E-03
8.789780E-01	2.921280E-03	1.863205E-03	2.567741E-03	1.637716E-03
8.809619E-01	2.721651E-03	1.829774E-03	2.397670E-03	1.611961E-03
8.829459E-01	2.532557E-03	1.796156E-03	2.236111E-03	1.585908E-03
8.849299E-01	2.353381E-03	1.762382E-03	2.082577E-03	1.559585E-03
8.869138E-01	2.183518E-03	1.728483E-03	1.936592E-03	1.533015E-03
8.888978E-01	2.022375E-03	1.694481E-03	1.797685E-03	1.506220E-03
8.908818E-01	1.869370E-03	1.660396E-03	1.665388E-03	1.479216E-03
8.928657E-01	1.723935E-03	1.626242E-03	1.539243E-03	1.452016E-03
8.948497E-01	1.585512E-03	1.592029E-03	1.418795E-03	1.424627E-03
8.968337E-01	1.453555E-03	1.557763E-03	1.303597E-03	1.397054E-03
8.988176E-01	1.327528E-03	1.523445E-03	1.193206E-03	1.369300E-03
9.008016E-01	1.207257E-03	1.489025E-03	1.087499E-03	1.341316E-03
9.027856E-01	1.095343E-03	1.454092E-03	9.888599E-04	1.312734E-03
9.047695E-01	9.919140E-04	1.418628E-03	8.974536E-04	1.283532E-03
9.067535E-01	8.963435E-04	1.382721E-03	8.127626E-04	1.253787E-03
9.087375E-01	8.080182E-04	1.346455E-03	7.342764E-04	1.223574E-03
9.107214E-01	7.263372E-04	1.309915E-03	6.614909E-04	1.192968E-03
9.127054E-01	6.507118E-04	1.273181E-03	5.939081E-04	1.162039E-03
9.146894E-01	5.805652E-04	1.236331E-03	5.310368E-04	1.130859E-03
9.166733E-01	5.153325E-04	1.199439E-03	4.723915E-04	1.099494E-03
9.186573E-01	4.544602E-04	1.162577E-03	4.174932E-04	1.068010E-03
9.206413E-01	3.974064E-04	1.125813E-03	3.658688E-04	1.036470E-03
9.226253E-01	3.436402E-04	1.089211E-03	3.170511E-04	1.004934E-03
9.246092E-01	2.926415E-04	1.052833E-03	2.705791E-04	9.734588E-04
9.265932E-01	2.452545E-04	1.016363E-03	2.272511E-04	9.417551E-04
9.285772E-01	2.036985E-04	9.791632E-04	1.891498E-04	9.092286E-04
9.305611E-01	1.674865E-04	9.413854E-04	1.558565E-04	8.760166E-04
9.325451E-01	1.360609E-04	9.032037E-04	1.268829E-04	8.422782E-04
9.345291E-01	1.088752E-04	8.647911E-04	1.017471E-04	8.081724E-04
9.365130E-01	8.539420E-05	8.263187E-04	7.997278E-05	7.738582E-04
9.384970E-01	6.509325E-05	7.879552E-04	6.108982E-05	7.394936E-04
9.404810E-01	4.745852E-05	7.498667E-04	4.463384E-05	7.052353E-04
9.424649E-01	3.198660E-05	7.122164E-04	3.014624E-05	6.712390E-04
9.444489E-01	1.818433E-05	6.751641E-04	1.717417E-05	6.376580E-04
9.464329E-01	5.568666E-06	6.388662E-04	5.270368E-06	6.046440E-04
9.484168E-01	-6.333529E-06	6.034750E-04	-6.006826E-06	5.723458E-04
9.504008E-01	-1.791288E-05	5.690973E-04	-1.702442E-05	5.408706E-04
9.523848E-01	-2.725925E-05	5.345713E-04	-2.596130E-05	5.091175E-04
9.543687E-01	-3.366045E-05	4.995245E-04	-3.212448E-05	4.767305E-04
9.563527E-01	-3.752885E-05	4.642470E-04	-3.589082E-05	4.439839E-04
9.583367E-01	-3.926861E-05	4.290294E-04	-3.763255E-05	4.111546E-04
9.603206E-01	-3.927582E-05	3.941612E-04	-3.771738E-05	3.785211E-04
9.623046E-01	-3.793863E-05	3.599305E-04	-3.650851E-05	3.463628E-04
9.642886E-01	-3.563739E-05	3.266235E-04	-3.436473E-05	3.149593E-04
9.662725E-01	-3.274482E-05	2.945236E-04	-3.164042E-05	2.845900E-04
9.682565E-01	-2.962607E-05	2.639117E-04	-2.868564E-05	2.555342E-04
9.702405E-01	-2.663894E-05	2.350659E-04	-2.584617E-05	2.280705E-04
9.722244E-01	-2.413391E-05	2.082614E-04	-2.346358E-05	2.024768E-04
9.742084E-01	-2.245435E-05	1.837709E-04	-2.187522E-05	1.790312E-04
9.761924E-01	-2.162623E-05	1.618466E-04	-2.111137E-05	1.579934E-04
9.781764E-01	-2.058904E-05	1.424085E-04	-2.013971E-05	1.393006E-04
9.801603E-01	-1.926170E-05	1.251006E-04	-1.887955E-05	1.226186E-04
9.821443E-01	-1.769156E-05	1.095746E-04	-1.737566E-05	1.076181E-04
9.841283E-01	-1.592503E-05	9.550026E-05	-1.567227E-05	9.398451E-05
9.861122E-01	-1.400762E-05	8.256427E-05	-1.381308E-05	8.141763E-05
9.880962E-01	-1.198394E-05	7.046896E-05	-1.184129E-05	6.963011E-05
9.900802E-01	-9.897738E-06	5.892916E-05	-9.799554E-06	5.834459E-05
9.920641E-01	-7.791881E-06	4.766851E-05	-7.730045E-06	4.729022E-05
9.940481E-01	-5.708395E-06	3.641567E-05	-5.674419E-06	3.619893E-05
9.960321E-01	-3.688473E-06	2.490088E-05	-3.673837E-06	2.480207E-05
9.980160E-01	-1.772486E-06	1.285339E-05	-1.768970E-06	1.282789E-05
1.000000E+00	0.000000E+00	0.000000E+00	0.000000E+00	0.000000E+00
