# NNPDF30 NNLO Q=1.000
# x  w(x)  delta_w(x)
1.000000E-04  5.823385E+01  2.504960E+01  5.823385E-03  2.504960E-03
1.009253E-04  5.794869E+01  2.483789E+01  5.848488E-03  2.506771E-03
1.018591E-04  5.766523E+01  2.462747E+01  5.873731E-03  2.508533E-03
1.028016E-04  5.738343E+01  2.441840E+01  5.899111E-03  2.510251E-03
1.037528E-04  5.710295E+01  2.421099E+01  5.924593E-03  2.511959E-03
1.047129E-04  5.682373E+01  2.400528E+01  5.950175E-03  2.513661E-03
1.056818E-04  5.654577E+01  2.380125E+01  5.975856E-03  2.515357E-03
1.066596E-04  5.626909E+01  2.359887E+01  6.001639E-03  2.517047E-03
1.076465E-04  5.599369E+01  2.339813E+01  6.027526E-03  2.518728E-03
1.086426E-04  5.571958E+01  2.319901E+01  6.053518E-03  2.520399E-03
1.096478E-04  5.544677E+01  2.300147E+01  6.079617E-03  2.522061E-03
1.106624E-04  5.517526E+01  2.280549E+01  6.105825E-03  2.523710E-03
1.116863E-04  5.490505E+01  2.261107E+01  6.132143E-03  2.525347E-03
1.127197E-04  5.463616E+01  2.241817E+01  6.158574E-03  2.526970E-03
1.137627E-04  5.436858E+01  2.222677E+01  6.185118E-03  2.528578E-03
1.148154E-04  5.410232E+01  2.203686E+01  6.211777E-03  2.530170E-03
1.158777E-04  5.383738E+01  2.184841E+01  6.238554E-03  2.531745E-03
1.169499E-04  5.357378E+01  2.166141E+01  6.265450E-03  2.533300E-03
1.180321E-04  5.331150E+01  2.147583E+01  6.292466E-03  2.534836E-03
1.191242E-04  5.305055E+01  2.129165E+01  6.319605E-03  2.536351E-03
1.202264E-04  5.279095E+01  2.110886E+01  6.346868E-03  2.537844E-03
1.213389E-04  5.253267E+01  2.092744E+01  6.374256E-03  2.539312E-03
1.224616E-04  5.227574E+01  2.074737E+01  6.401772E-03  2.540756E-03
1.235947E-04  5.202015E+01  2.056863E+01  6.429417E-03  2.542174E-03
1.247384E-04  5.176590E+01  2.039120E+01  6.457193E-03  2.543565E-03
1.258925E-04  5.151299E+01  2.021507E+01  6.485101E-03  2.544926E-03
1.270574E-04  5.126142E+01  2.004022E+01  6.513144E-03  2.546258E-03
1.282331E-04  5.101120E+01  1.986663E+01  6.541322E-03  2.547558E-03
1.294196E-04  5.076232E+01  1.969428E+01  6.569639E-03  2.548826E-03
1.306171E-04  5.051479E+01  1.952317E+01  6.598094E-03  2.550059E-03
1.318257E-04  5.026859E+01  1.935327E+01  6.626691E-03  2.551258E-03
1.330454E-04  5.002374E+01  1.918457E+01  6.655431E-03  2.552420E-03
1.342765E-04  4.978023E+01  1.901706E+01  6.684315E-03  2.553544E-03
1.355189E-04  4.953806E+01  1.885071E+01  6.713345E-03  2.554629E-03
1.367729E-04  4.929722E+01  1.868553E+01  6.742523E-03  2.555673E-03
1.380384E-04  4.905772E+01  1.852148E+01  6.771851E-03  2.556676E-03
1.393157E-04  4.881955E+01  1.835856E+01  6.801329E-03  2.557636E-03
1.406048E-04  4.858272E+01  1.819676E+01  6.830961E-03  2.558551E-03
1.419058E-04  4.834722E+01  1.803606E+01  6.860748E-03  2.559421E-03
1.432188E-04  4.811304E+01  1.787645E+01  6.890691E-03  2.560244E-03
1.445440E-04  4.788018E+01  1.771792E+01  6.920792E-03  2.561019E-03
1.458814E-04  4.764865E+01  1.756046E+01  6.951053E-03  2.561745E-03
1.472313E-04  4.741844E+01  1.740405E+01  6.981476E-03  2.562421E-03
1.485936E-04  4.718954E+01  1.724869E+01  7.012061E-03  2.563045E-03
1.499685E-04  4.696171E+01  1.709468E+01  7.042776E-03  2.563663E-03
1.513561E-04  4.673479E+01  1.694222E+01  7.073597E-03  2.564309E-03
1.527566E-04  4.650879E+01  1.679129E+01  7.104526E-03  2.564980E-03
1.541700E-04  4.628374E+01  1.664185E+01  7.135566E-03  2.565675E-03
1.555966E-04  4.605963E+01  1.649387E+01  7.166720E-03  2.566389E-03
1.570363E-04  4.583648E+01  1.634732E+01  7.197991E-03  2.567123E-03
1.584893E-04  4.561432E+01  1.620218E+01  7.229382E-03  2.567872E-03
1.599558E-04  4.539314E+01  1.605840E+01  7.260896E-03  2.568635E-03
1.614359E-04  4.517296E+01  1.591597E+01  7.292536E-03  2.569409E-03
1.629296E-04  4.495380E+01  1.577486E+01  7.324305E-03  2.570191E-03
1.644372E-04  4.473566E+01  1.563503E+01  7.356206E-03  2.570980E-03
1.659587E-04  4.451856E+01  1.549646E+01  7.388242E-03  2.571772E-03
1.674943E-04  4.430250E+01  1.535911E+01  7.420415E-03  2.572564E-03
1.690441E-04  4.408749E+01  1.522297E+01  7.452729E-03  2.573354E-03
1.706082E-04  4.387354E+01  1.508801E+01  7.485187E-03  2.574138E-03
1.721869E-04  4.366066E+01  1.495419E+01  7.517791E-03  2.574915E-03
1.737801E-04  4.344885E+01  1.482149E+01  7.550545E-03  2.575680E-03
1.753881E-04  4.323813E+01  1.468988E+01  7.583451E-03  2.576430E-03
1.770109E-04  4.302850E+01  1.455935E+01  7.616513E-03  2.577163E-03
1.786488E-04  4.281996E+01  1.442985E+01  7.649733E-03  2.577875E-03
1.803018E-04  4.261253E+01  1.430137E+01  7.683115E-03  2.578563E-03
1.819701E-04  4.240620E+01  1.417388E+01  7.716660E-03  2.579223E-03
1.836538E-04  4.220099E+01  1.404736E+01  7.750373E-03  2.579852E-03
1.853532E-04  4.199689E+01  1.392178E+01  7.784256E-03  2.580447E-03
1.870682E-04  4.179391E+01  1.379713E+01  7.818312E-03  2.581004E-03
1.887991E-04  4.159206E+01  1.367336E+01  7.852545E-03  2.581519E-03
1.905461E-04  4.139133E+01  1.355048E+01  7.886956E-03  2.581990E-03
1.923092E-04  4.119174E+01  1.342844E+01  7.921549E-03  2.582413E-03
1.940886E-04  4.099328E+01  1.330724E+01  7.956328E-03  2.582784E-03
1.958845E-04  4.079595E+01  1.318685E+01  7.991294E-03  2.583100E-03
1.976970E-04  4.059977E+01  1.306726E+01  8.026451E-03  2.583358E-03
1.995262E-04  4.040472E+01  1.294844E+01  8.061801E-03  2.583554E-03
2.013724E-04  4.021081E+01  1.283039E+01  8.097349E-03  2.583686E-03
2.032357E-04  4.001805E+01  1.271308E+01  8.133096E-03  2.583751E-03
2.051162E-04  3.982642E+01  1.259650E+01  8.169045E-03  2.583745E-03
2.070141E-04  3.963594E+01  1.248063E+01  8.205200E-03  2.583667E-03
2.089296E-04  3.944661E+01  1.236547E+01  8.241564E-03  2.583513E-03
2.108628E-04  3.925841E+01  1.225101E+01  8.278139E-03  2.583282E-03
2.128139E-04  3.907136E+01  1.213723E+01  8.314929E-03  2.582972E-03
2.147830E-04  3.888545E+01  1.202413E+01  8.351936E-03  2.582580E-03
2.167704E-04  3.870066E+01  1.191174E+01  8.389159E-03  2.582112E-03
2.187762E-04  3.851692E+01  1.180015E+01  8.426584E-03  2.581591E-03
2.208005E-04  3.833420E+01  1.168941E+01  8.464209E-03  2.581027E-03
2.228435E-04  3.815248E+01  1.157955E+01  8.502032E-03  2.580428E-03
2.249055E-04  3.797174E+01  1.147060E+01  8.540052E-03  2.579802E-03
2.269865E-04  3.779198E+01  1.136260E+01  8.578268E-03  2.579157E-03
2.290868E-04  3.761316E+01  1.125557E+01  8.616677E-03  2.578502E-03
2.312065E-04  3.743527E+01  1.114954E+01  8.655278E-03  2.577845E-03
2.333458E-04  3.725831E+01  1.104453E+01  8.694070E-03  2.577194E-03
2.355049E-04  3.708224E+01  1.094056E+01  8.733051E-03  2.576557E-03
2.376840E-04  3.690706E+01  1.083767E+01  8.772219E-03  2.575941E-03
2.398833E-04  3.673275E+01  1.073586E+01  8.811573E-03  2.575353E-03
2.421029E-04  3.655929E+01  1.063515E+01  8.851111E-03  2.574800E-03
2.443431E-04  3.638668E+01  1.053555E+01  8.890833E-03  2.574289E-03
2.466039E-04  3.621489E+01  1.043708E+01  8.930735E-03  2.573826E-03
2.488857E-04  3.604392E+01  1.033975E+01  8.970817E-03  2.573417E-03
2.511886E-04  3.587375E+01  1.024357E+01  9.011078E-03  2.573068E-03
2.535129E-04  3.570436E+01  1.014853E+01  9.051515E-03  2.572782E-03
2.558586E-04  3.553575E+01  1.005464E+01  9.092127E-03  2.572566E-03
2.582260E-04  3.536790E+01  9.961905E+00  9.132913E-03  2.572423E-03
2.606154E-04  3.520080E+01  9.870319E+00  9.173870E-03  2.572357E-03
2.630268E-04  3.503445E+01  9.779880E+00  9.214998E-03  2.572371E-03
2.654606E-04  3.486882E+01  9.690582E+00  9.256295E-03  2.572467E-03
2.679168E-04  3.470390E+01  9.602417E+00  9.297759E-03  2.572649E-03
2.703958E-04  3.453969E+01  9.515378E+00  9.339389E-03  2.572918E-03
2.728978E-04  3.437618E+01  9.429452E+00  9.381183E-03  2.573277E-03
2.754229E-04  3.421335E+01  9.344629E+00  9.423140E-03  2.573725E-03
2.779713E-04  3.405120E+01  9.260895E+00  9.465258E-03  2.574263E-03
2.805434E-04  3.388972E+01  9.178235E+00  9.507536E-03  2.574893E-03
2.831392E-04  3.372889E+01  9.096635E+00  9.549971E-03  2.575614E-03
2.857591E-04  3.356871E+01  9.016077E+00  9.592563E-03  2.576426E-03
2.884032E-04  3.340917E+01  8.936545E+00  9.635310E-03  2.577328E-03
2.910717E-04  3.325026E+01  8.858021E+00  9.678210E-03  2.578319E-03
2.937650E-04  3.309197E+01  8.780487E+00  9.721263E-03  2.579399E-03
2.964831E-04  3.293430E+01  8.703925E+00  9.764465E-03  2.580567E-03
2.992265E-04  3.277723E+01  8.628317E+00  9.807816E-03  2.581821E-03
3.019952E-04  3.262077E+01  8.553645E+00  9.851314E-03  2.583159E-03
3.047895E-04  3.246489E+01  8.479890E+00  9.894958E-03  2.584581E-03
3.076097E-04  3.230960E+01  8.407036E+00  9.938746E-03  2.586086E-03
3.104560E-04  3.215489E+01  8.335066E+00  9.982676E-03  2.587671E-03
3.133286E-04  3.200074E+01  8.263967E+00  1.002675E-02  2.589337E-03
3.162278E-04  3.184710E+01  8.193772E+00  1.007094E-02  2.591098E-03
3.191538E-04  3.169395E+01  8.124501E+00  1.011524E-02  2.592965E-03
3.221069E-04  3.154130E+01  8.056157E+00  1.015967E-02  2.594944E-03
3.250873E-04  3.138916E+01  7.988745E+00  1.020422E-02  2.597039E-03
3.280953E-04  3.123755E+01  7.922266E+00  1.024889E-02  2.599258E-03
3.311311E-04  3.108647E+01  7.856721E+00  1.029370E-02  2.601605E-03
3.341950E-04  3.093594E+01  7.792111E+00  1.033864E-02  2.604085E-03
3.372873E-04  3.078597E+01  7.728437E+00  1.038372E-02  2.606704E-03
3.404082E-04  3.063656E+01  7.665696E+00  1.042893E-02  2.609466E-03
3.435579E-04  3.048772E+01  7.603886E+00  1.047430E-02  2.612375E-03
3.467369E-04  3.033947E+01  7.543003E+00  1.051981E-02  2.615437E-03
3.499452E-04  3.019181E+01  7.483043E+00  1.056548E-02  2.618655E-03
3.531832E-04  3.004475E+01  7.424000E+00  1.061130E-02  2.622032E-03
3.564511E-04  2.989829E+01  7.365867E+00  1.065728E-02  2.625572E-03
3.597493E-04  2.975246E+01  7.308636E+00  1.070343E-02  2.629277E-03
3.630781E-04  2.960724E+01  7.252298E+00  1.074974E-02  2.633150E-03
3.664376E-04  2.946265E+01  7.196842E+00  1.079622E-02  2.637193E-03
3.698282E-04  2.931870E+01  7.142256E+00  1.084288E-02  2.641408E-03
3.732502E-04  2.917539E+01  7.088529E+00  1.088972E-02  2.645795E-03
3.767038E-04  2.903272E+01  7.035647E+00  1.093674E-02  2.650355E-03
3.801894E-04  2.889071E+01  6.983595E+00  1.098394E-02  2.655089E-03
3.837072E-04  2.874936E+01  6.932357E+00  1.103134E-02  2.659996E-03
3.872576E-04  2.860866E+01  6.881917E+00  1.107892E-02  2.665075E-03
3.908409E-04  2.846864E+01  6.832259E+00  1.112671E-02  2.670326E-03
3.944573E-04  2.832928E+01  6.783363E+00  1.117469E-02  2.675747E-03
3.981072E-04  2.819060E+01  6.735210E+00  1.122288E-02  2.681336E-03
4.017908E-04  2.805260E+01  6.687783E+00  1.127128E-02  2.687090E-03
4.055085E-04  2.791529E+01  6.641059E+00  1.131989E-02  2.693006E-03
4.092607E-04  2.777866E+01  6.595019E+00  1.136871E-02  2.699082E-03
4.130475E-04  2.764271E+01  6.549641E+00  1.141775E-02  2.705313E-03
4.168694E-04  2.750746E+01  6.504904E+00  1.146702E-02  2.711695E-03
4.207266E-04  2.737291E+01  6.460786E+00  1.151651E-02  2.718225E-03
4.246196E-04  2.723905E+01  6.417265E+00  1.156623E-02  2.724896E-03
4.285485E-04  2.710589E+01  6.374318E+00  1.161619E-02  2.731705E-03
4.325138E-04  2.697343E+01  6.331923E+00  1.166638E-02  2.738644E-03
4.365158E-04  2.684168E+01  6.290057E+00  1.171682E-02  2.745710E-03
4.405549E-04  2.671063E+01  6.248698E+00  1.176750E-02  2.752894E-03
4.446313E-04  2.658028E+01  6.207824E+00  1.181843E-02  2.760192E-03
4.487454E-04  2.645065E+01  6.167411E+00  1.186961E-02  2.767597E-03
4.528976E-04  2.632172E+01  6.127439E+00  1.192104E-02  2.775102E-03
4.570882E-04  2.619336E+01  6.087957E+00  1.197267E-02  2.782733E-03
4.613176E-04  2.606534E+01  6.049072E+00  1.202440E-02  2.790543E-03
4.655861E-04  2.593769E+01  6.010785E+00  1.207623E-02  2.798538E-03
4.698941E-04  2.581042E+01  5.973089E+00  1.212817E-02  2.806719E-03
4.742420E-04  2.568357E+01  5.935980E+00  1.218023E-02  2.815091E-03
4.786301E-04  2.555714E+01  5.899452E+00  1.223242E-02  2.823655E-03
4.830588E-04  2.543116E+01  5.863496E+00  1.228474E-02  2.832413E-03
4.875285E-04  2.530564E+01  5.828105E+00  1.233722E-02  2.841367E-03
4.920395E-04  2.518061E+01  5.793269E+00  1.238986E-02  2.850517E-03
4.965923E-04  2.505608E+01  5.758977E+00  1.244266E-02  2.859864E-03
5.011872E-04  2.493208E+01  5.725218E+00  1.249564E-02  2.869406E-03
5.058247E-04  2.480860E+01  5.691980E+00  1.254880E-02  2.879144E-03
5.105050E-04  2.468568E+01  5.659247E+00  1.260216E-02  2.889074E-03
5.152286E-04  2.456333E+01  5.627006E+00  1.265573E-02  2.899195E-03
5.199960E-04  2.444155E+01  5.595241E+00  1.270951E-02  2.909503E-03
5.248075E-04  2.432037E+01  5.563935E+00  1.276351E-02  2.919994E-03
5.296634E-04  2.419980E+01  5.533070E+00  1.281775E-02  2.930665E-03
5.345644E-04  2.407984E+01  5.502628E+00  1.287223E-02  2.941509E-03
5.395106E-04  2.396052E+01  5.472591E+00  1.292696E-02  2.952521E-03
5.445027E-04  2.384184E+01  5.442937E+00  1.298195E-02  2.963694E-03
5.495409E-04  2.372381E+01  5.413648E+00  1.303721E-02  2.975021E-03
5.546257E-04  2.360645E+01  5.384701E+00  1.309275E-02  2.986494E-03
5.597576E-04  2.348976E+01  5.356075E+00  1.314857E-02  2.998104E-03
5.649370E-04  2.337376E+01  5.327750E+00  1.320470E-02  3.009843E-03
5.701643E-04  2.325845E+01  5.299701E+00  1.326114E-02  3.021700E-03
5.754399E-04  2.314384E+01  5.271908E+00  1.331789E-02  3.033666E-03
5.807644E-04  2.302993E+01  5.244347E+00  1.337497E-02  3.045730E-03
5.861382E-04  2.291675E+01  5.216996E+00  1.343238E-02  3.057881E-03
5.915616E-04  2.280428E+01  5.189833E+00  1.349014E-02  3.070106E-03
5.970353E-04  2.269255E+01  5.162835E+00  1.354825E-02  3.082395E-03
6.025596E-04  2.258155E+01  5.135981E+00  1.360673E-02  3.094734E-03
6.081350E-04  2.247129E+01  5.109247E+00  1.366558E-02  3.107112E-03
6.137620E-04  2.236178E+01  5.082614E+00  1.372481E-02  3.119515E-03
6.194411E-04  2.225302E+01  5.056058E+00  1.378444E-02  3.131930E-03
6.251727E-04  2.214502E+01  5.029561E+00  1.384446E-02  3.144344E-03
6.309573E-04  2.203778E+01  5.003101E+00  1.390490E-02  3.156743E-03
6.367955E-04  2.193130E+01  4.976660E+00  1.396575E-02  3.169115E-03
6.426877E-04  2.182559E+01  4.950219E+00  1.402704E-02  3.181445E-03
6.486344E-04  2.172065E+01  4.923759E+00  1.408876E-02  3.193720E-03
6.546362E-04  2.161648E+01  4.897264E+00  1.415093E-02  3.205926E-03
6.606934E-04  2.151307E+01  4.870743E+00  1.421354E-02  3.218068E-03
6.668068E-04  2.141018E+01  4.844357E+00  1.427646E-02  3.230250E-03
6.729767E-04  2.130780E+01  4.818130E+00  1.433965E-02  3.242489E-03
6.792036E-04  2.120591E+01  4.792051E+00  1.440313E-02  3.254779E-03
6.854882E-04  2.110452E+01  4.766110E+00  1.446690E-02  3.267112E-03
6.918310E-04  2.100363E+01  4.740297E+00  1.453096E-02  3.279485E-03
6.982324E-04  2.090325E+01  4.714604E+00  1.459533E-02  3.291889E-03
7.046931E-04  2.080338E+01  4.689023E+00  1.466000E-02  3.304322E-03
7.112135E-04  2.070401E+01  4.663547E+00  1.472497E-02  3.316778E-03
7.177943E-04  2.060515E+01  4.638169E+00  1.479026E-02  3.329251E-03
7.244360E-04  2.050681E+01  4.612883E+00  1.485587E-02  3.341739E-03
7.311391E-04  2.040897E+01  4.587685E+00  1.492180E-02  3.354236E-03
7.379042E-04  2.031165E+01  4.562568E+00  1.498806E-02  3.366738E-03
7.447320E-04  2.021485E+01  4.537528E+00  1.505464E-02  3.379242E-03
7.516229E-04  2.011856E+01  4.512561E+00  1.512157E-02  3.391744E-03
7.585776E-04  2.002278E+01  4.487663E+00  1.518884E-02  3.404240E-03
7.655966E-04  1.992753E+01  4.462830E+00  1.525645E-02  3.416727E-03
7.726806E-04  1.983279E+01  4.438059E+00  1.532441E-02  3.429202E-03
7.798301E-04  1.973856E+01  4.413348E+00  1.539273E-02  3.441661E-03
7.870458E-04  1.964486E+01  4.388693E+00  1.546140E-02  3.454102E-03
7.943282E-04  1.955167E+01  4.364091E+00  1.553044E-02  3.466521E-03
8.016781E-04  1.945900E+01  4.339542E+00  1.559985E-02  3.478916E-03
8.090959E-04  1.936684E+01  4.315042E+00  1.566963E-02  3.491283E-03
8.165824E-04  1.927521E+01  4.290590E+00  1.573979E-02  3.503620E-03
8.241381E-04  1.918409E+01  4.266185E+00  1.581034E-02  3.515926E-03
8.317638E-04  1.909348E+01  4.241825E+00  1.588127E-02  3.528196E-03
8.394600E-04  1.900339E+01  4.217509E+00  1.595259E-02  3.540430E-03
8.472274E-04  1.891382E+01  4.193236E+00  1.602431E-02  3.552625E-03
8.550667E-04  1.882476E+01  4.169007E+00  1.609643E-02  3.564779E-03
8.629785E-04  1.873622E+01  4.144820E+00  1.616895E-02  3.576891E-03
8.709636E-04  1.864818E+01  4.120676E+00  1.624189E-02  3.588958E-03
8.790225E-04  1.856066E+01  4.096574E+00  1.631524E-02  3.600981E-03
8.871560E-04  1.847365E+01  4.072516E+00  1.638901E-02  3.612957E-03
8.953648E-04  1.838715E+01  4.048501E+00  1.646320E-02  3.624886E-03
9.036495E-04  1.830115E+01  4.024533E+00  1.653783E-02  3.636767E-03
9.120108E-04  1.821566E+01  4.000610E+00  1.661288E-02  3.648600E-03
9.204496E-04  1.813068E+01  3.976736E+00  1.668838E-02  3.660385E-03
9.289664E-04  1.804620E+01  3.952912E+00  1.676432E-02  3.672123E-03
9.375620E-04  1.796223E+01  3.929141E+00  1.684070E-02  3.683814E-03
9.462372E-04  1.787875E+01  3.905426E+00  1.691754E-02  3.695459E-03
9.549926E-04  1.779577E+01  3.881769E+00  1.699483E-02  3.707061E-03
9.638290E-04  1.771317E+01  3.858238E+00  1.707247E-02  3.718682E-03
9.727472E-04  1.763084E+01  3.834885E+00  1.715035E-02  3.730374E-03
9.817479E-04  1.754881E+01  3.811708E+00  1.722850E-02  3.742136E-03
9.908319E-04  1.746707E+01  3.788702E+00  1.730693E-02  3.753967E-03
1.000000E-03  1.738565E+01  3.765866E+00  1.738565E-02  3.765866E-03
1.009253E-03  1.730454E+01  3.743197E+00  1.746466E-02  3.777832E-03
1.018591E-03  1.722377E+01  3.720691E+00  1.754399E-02  3.789864E-03
1.028016E-03  1.714334E+01  3.698347E+00  1.762364E-02  3.801961E-03
1.037528E-03  1.706326E+01  3.676160E+00  1.770362E-02  3.814121E-03
1.047129E-03  1.698354E+01  3.654128E+00  1.778395E-02  3.826342E-03
1.056818E-03  1.690419E+01  3.632247E+00  1.786464E-02  3.838622E-03
1.066596E-03  1.682521E+01  3.610513E+00  1.794570E-02  3.850959E-03
1.076465E-03  1.674661E+01  3.588923E+00  1.802714E-02  3.863351E-03
1.086426E-03  1.666840E+01  3.567473E+00  1.810898E-02  3.875794E-03
1.096478E-03  1.659059E+01  3.546158E+00  1.819122E-02  3.888285E-03
1.106624E-03  1.651318E+01  3.524974E+00  1.827388E-02  3.900820E-03
1.116863E-03  1.643618E+01  3.503917E+00  1.835697E-02  3.913397E-03
1.127197E-03  1.635960E+01  3.482983E+00  1.844050E-02  3.926009E-03
1.137627E-03  1.628343E+01  3.462165E+00  1.852448E-02  3.938654E-03
1.148154E-03  1.620769E+01  3.441460E+00  1.860892E-02  3.951325E-03
1.158777E-03  1.613239E+01  3.420863E+00  1.869385E-02  3.964019E-03
1.169499E-03  1.605752E+01  3.400369E+00  1.877925E-02  3.976729E-03
1.180321E-03  1.598308E+01  3.379972E+00  1.886516E-02  3.989450E-03
1.191242E-03  1.590910E+01  3.359667E+00  1.895159E-02  4.002177E-03
1.202264E-03  1.583556E+01  3.339451E+00  1.903853E-02  4.014903E-03
1.213389E-03  1.576247E+01  3.319317E+00  1.912601E-02  4.027622E-03
1.224616E-03  1.568984E+01  3.299261E+00  1.921403E-02  4.040328E-03
1.235947E-03  1.561767E+01  3.279278E+00  1.930262E-02  4.053015E-03
1.247384E-03  1.554596E+01  3.259364E+00  1.939177E-02  4.065677E-03
1.258925E-03  1.547471E+01  3.239514E+00  1.948151E-02  4.078306E-03
1.270574E-03  1.540394E+01  3.219724E+00  1.957184E-02  4.090898E-03
1.282331E-03  1.533363E+01  3.199991E+00  1.966278E-02  4.103447E-03
1.294196E-03  1.526379E+01  3.180311E+00  1.975433E-02  4.115945E-03
1.306171E-03  1.519442E+01  3.160680E+00  1.984652E-02  4.128388E-03
1.318257E-03  1.512554E+01  3.141095E+00  1.993934E-02  4.140770E-03
1.330454E-03  1.505712E+01  3.121555E+00  2.003282E-02  4.153087E-03
1.342765E-03  1.498919E+01  3.102057E+00  2.012696E-02  4.165333E-03
1.355189E-03  1.492173E+01  3.082599E+00  2.022177E-02  4.177505E-03
1.367729E-03  1.485476E+01  3.063180E+00  2.031728E-02  4.189600E-03
1.380384E-03  1.478826E+01  3.043800E+00  2.041349E-02  4.201614E-03
1.393157E-03  1.472222E+01  3.024469E+00  2.051037E-02  4.213560E-03
1.406048E-03  1.465655E+01  3.005233E+00  2.060781E-02  4.225500E-03
1.419058E-03  1.459123E+01  2.986108E+00  2.070580E-02  4.237459E-03
1.432188E-03  1.452626E+01  2.967109E+00  2.080434E-02  4.249458E-03
1.445440E-03  1.446164E+01  2.948249E+00  2.090343E-02  4.261517E-03
1.458814E-03  1.439736E+01  2.929540E+00  2.100307E-02  4.273654E-03
1.472313E-03  1.433341E+01  2.910992E+00  2.110326E-02  4.285890E-03
1.485936E-03  1.426981E+01  2.892615E+00  2.120401E-02  4.298240E-03
1.499685E-03  1.420653E+01  2.874419E+00  2.130531E-02  4.310723E-03
1.513561E-03  1.414357E+01  2.856410E+00  2.140717E-02  4.323352E-03
1.527566E-03  1.408095E+01  2.838595E+00  2.150958E-02  4.336142E-03
1.541700E-03  1.401864E+01  2.820979E+00  2.161254E-02  4.349105E-03
1.555966E-03  1.395665E+01  2.803566E+00  2.171606E-02  4.362252E-03
1.570363E-03  1.389497E+01  2.786357E+00  2.182014E-02  4.375592E-03
1.584893E-03  1.383360E+01  2.769355E+00  2.192477E-02  4.389132E-03
1.599558E-03  1.377253E+01  2.752559E+00  2.202996E-02  4.402877E-03
1.614359E-03  1.371177E+01  2.735968E+00  2.213572E-02  4.416833E-03
1.629296E-03  1.365131E+01  2.719579E+00  2.224203E-02  4.431000E-03
1.644372E-03  1.359115E+01  2.703390E+00  2.234890E-02  4.445378E-03
1.659587E-03  1.353128E+01  2.687396E+00  2.245633E-02  4.459967E-03
1.674943E-03  1.347170E+01  2.671591E+00  2.256432E-02  4.474762E-03
1.690441E-03  1.341240E+01  2.655969E+00  2.267287E-02  4.489758E-03
1.706082E-03  1.335339E+01  2.640522E+00  2.278199E-02  4.504948E-03
1.721869E-03  1.329467E+01  2.625242E+00  2.289167E-02  4.520322E-03
1.737801E-03  1.323622E+01  2.610121E+00  2.300192E-02  4.535871E-03
1.753881E-03  1.317805E+01  2.595149E+00  2.311272E-02  4.551581E-03
1.770109E-03  1.312015E+01  2.580315E+00  2.322410E-02  4.567439E-03
1.786488E-03  1.306252E+01  2.565609E+00  2.333604E-02  4.583429E-03
1.803018E-03  1.300517E+01  2.551020E+00  2.344854E-02  4.599535E-03
1.819701E-03  1.294807E+01  2.536536E+00  2.356162E-02  4.615738E-03
1.836538E-03  1.289124E+01  2.522146E+00  2.367526E-02  4.632018E-03
1.853532E-03  1.283467E+01  2.507837E+00  2.378947E-02  4.648356E-03
1.870682E-03  1.277836E+01  2.493598E+00  2.390425E-02  4.664729E-03
1.887991E-03  1.272230E+01  2.479416E+00  2.401960E-02  4.681116E-03
1.905461E-03  1.266650E+01  2.465279E+00  2.413552E-02  4.697492E-03
1.923092E-03  1.261095E+01  2.451175E+00  2.425201E-02  4.713834E-03
1.940886E-03  1.255564E+01  2.437092E+00  2.436907E-02  4.730118E-03
1.958845E-03  1.250059E+01  2.423019E+00  2.448671E-02  4.746318E-03
1.976970E-03  1.244577E+01  2.408945E+00  2.460492E-02  4.762411E-03
1.995262E-03  1.239120E+01  2.394858E+00  2.472370E-02  4.778370E-03
2.013724E-03  1.233687E+01  2.380753E+00  2.484305E-02  4.794180E-03
2.032357E-03  1.228274E+01  2.366714E+00  2.496291E-02  4.810007E-03
2.051162E-03  1.222880E+01  2.352773E+00  2.508326E-02  4.825920E-03
2.070141E-03  1.217506E+01  2.338927E+00  2.520409E-02  4.841909E-03
2.089296E-03  1.212151E+01  2.325168E+00  2.532542E-02  4.857965E-03
2.108628E-03  1.206816E+01  2.311494E+00  2.544726E-02  4.874080E-03
2.128139E-03  1.201501E+01  2.297898E+00  2.556960E-02  4.890246E-03
2.147830E-03  1.196206E+01  2.284376E+00  2.569247E-02  4.906453E-03
2.167704E-03  1.190931E+01  2.270925E+00  2.581586E-02  4.922694E-03
2.187762E-03  1.185676E+01  2.257541E+00  2.593977E-02  4.938961E-03
2.208005E-03  1.180443E+01  2.244219E+00  2.606423E-02  4.955247E-03
2.228435E-03  1.175230E+01  2.230957E+00  2.618923E-02  4.971543E-03
2.249055E-03  1.170038E+01  2.217751E+00  2.631479E-02  4.987843E-03
2.269865E-03  1.164866E+01  2.204597E+00  2.644090E-02  5.004137E-03
2.290868E-03  1.159716E+01  2.191493E+00  2.656757E-02  5.020420E-03
2.312065E-03  1.154588E+01  2.178435E+00  2.669482E-02  5.036682E-03
2.333458E-03  1.149480E+01  2.165420E+00  2.682264E-02  5.052917E-03
2.355049E-03  1.144394E+01  2.152446E+00  2.695105E-02  5.069116E-03
2.376840E-03  1.139330E+01  2.139509E+00  2.708005E-02  5.085272E-03
2.398833E-03  1.134287E+01  2.126607E+00  2.720965E-02  5.101376E-03
2.421029E-03  1.129266E+01  2.113738E+00  2.733985E-02  5.117421E-03
2.443431E-03  1.124266E+01  2.100898E+00  2.747067E-02  5.133399E-03
2.466039E-03  1.119289E+01  2.088086E+00  2.760210E-02  5.149302E-03
2.488857E-03  1.114333E+01  2.075299E+00  2.773416E-02  5.165122E-03
2.511886E-03  1.109399E+01  2.062534E+00  2.786685E-02  5.180850E-03
2.535129E-03  1.104488E+01  2.049789E+00  2.800018E-02  5.196479E-03
2.558586E-03  1.099598E+01  2.037063E+00  2.813415E-02  5.212000E-03
2.582260E-03  1.094730E+01  2.024353E+00  2.826878E-02  5.227405E-03
2.606154E-03  1.089885E+01  2.011657E+00  2.840407E-02  5.242687E-03
2.630268E-03  1.085061E+01  1.998974E+00  2.854002E-02  5.257837E-03
2.654606E-03  1.080260E+01  1.986302E+00  2.867664E-02  5.272848E-03
2.679168E-03  1.075481E+01  1.973639E+00  2.881394E-02  5.287711E-03
2.703958E-03  1.070724E+01  1.960985E+00  2.895193E-02  5.302420E-03
2.728978E-03  1.065989E+01  1.948337E+00  2.909061E-02  5.316968E-03
2.754229E-03  1.061277E+01  1.935695E+00  2.922999E-02  5.331346E-03
2.779713E-03  1.056587E+01  1.923058E+00  2.937008E-02  5.345550E-03
2.805434E-03  1.051919E+01  1.910425E+00  2.951088E-02  5.359571E-03
2.831392E-03  1.047273E+01  1.897796E+00  2.965240E-02  5.373405E-03
2.857591E-03  1.042649E+01  1.885171E+00  2.979464E-02  5.387046E-03
2.884032E-03  1.038047E+01  1.872549E+00  2.993762E-02  5.400489E-03
2.910717E-03  1.033468E+01  1.859930E+00  3.008133E-02  5.413730E-03
2.937650E-03  1.028906E+01  1.847315E+00  3.022564E-02  5.426763E-03
2.964831E-03  1.024352E+01  1.834706E+00  3.037030E-02  5.439595E-03
2.992265E-03  1.019806E+01  1.822113E+00  3.051531E-02  5.452246E-03
3.019952E-03  1.015271E+01  1.809544E+00  3.066071E-02  5.464735E-03
3.047895E-03  1.010747E+01  1.797005E+00  3.080652E-02  5.477082E-03
3.076097E-03  1.006235E+01  1.784504E+00  3.095276E-02  5.489306E-03
3.104560E-03  1.001735E+01  1.772048E+00  3.109947E-02  5.501428E-03
3.133286E-03  9.972492E+00  1.759643E+00  3.124667E-02  5.513464E-03
3.162278E-03  9.927773E+00  1.747296E+00  3.139437E-02  5.525435E-03
3.191538E-03  9.883205E+00  1.735012E+00  3.154262E-02  5.537357E-03
3.221069E-03  9.838794E+00  1.722797E+00  3.169143E-02  5.549248E-03
3.250873E-03  9.794549E+00  1.710656E+00  3.184083E-02  5.561124E-03
3.280953E-03  9.750475E+00  1.698592E+00  3.199085E-02  5.573001E-03
3.311311E-03  9.706580E+00  1.686611E+00  3.214151E-02  5.584894E-03
3.341950E-03  9.662870E+00  1.674716E+00  3.229283E-02  5.596818E-03
3.372873E-03  9.619350E+00  1.662910E+00  3.244485E-02  5.608785E-03
3.404082E-03  9.576027E+00  1.651197E+00  3.259758E-02  5.620809E-03
3.435579E-03  9.532905E+00  1.639578E+00  3.275105E-02  5.632901E-03
3.467369E-03  9.489991E+00  1.628056E+00  3.290530E-02  5.645072E-03
3.499452E-03  9.447290E+00  1.616634E+00  3.306033E-02  5.657331E-03
3.531832E-03  9.404806E+00  1.605311E+00  3.321619E-02  5.669689E-03
3.564511E-03  9.362543E+00  1.594090E+00  3.337289E-02  5.682152E-03
3.597493E-03  9.320507E+00  1.582971E+00  3.353046E-02  5.694729E-03
3.630781E-03  9.278702E+00  1.571955E+00  3.368893E-02  5.707424E-03
3.664376E-03  9.237131E+00  1.561042E+00  3.384832E-02  5.720244E-03
3.698282E-03  9.195798E+00  1.550231E+00  3.400865E-02  5.733193E-03
3.732502E-03  9.154707E+00  1.539524E+00  3.416996E-02  5.746274E-03
3.767038E-03  9.113862E+00  1.528918E+00  3.433227E-02  5.759491E-03
3.801894E-03  9.073266E+00  1.518413E+00  3.449559E-02  5.772844E-03
3.837072E-03  9.032921E+00  1.508008E+00  3.465997E-02  5.786336E-03
3.872576E-03  8.992830E+00  1.497702E+00  3.482542E-02  5.799967E-03
3.908409E-03  8.952997E+00  1.487494E+00  3.499197E-02  5.813737E-03
3.944573E-03  8.913424E+00  1.477383E+00  3.515965E-02  5.827644E-03
3.981072E-03  8.874112E+00  1.467365E+00  3.532848E-02  5.841687E-03
4.017908E-03  8.835066E+00  1.457441E+00  3.549848E-02  5.855865E-03
4.055085E-03  8.796285E+00  1.447608E+00  3.566969E-02  5.870175E-03
4.092607E-03  8.757773E+00  1.437865E+00  3.584212E-02  5.884615E-03
4.130475E-03  8.719531E+00  1.428209E+00  3.601581E-02  5.899181E-03
4.168694E-03  8.681561E+00  1.418639E+00  3.619077E-02  5.913871E-03
4.207266E-03  8.643864E+00  1.409153E+00  3.636704E-02  5.928681E-03
4.246196E-03  8.606428E+00  1.399753E+00  3.654458E-02  5.943626E-03
4.285485E-03  8.569143E+00  1.390473E+00  3.672293E-02  5.958854E-03
4.325138E-03  8.531989E+00  1.381318E+00  3.690203E-02  5.974390E-03
4.365158E-03  8.494971E+00  1.372282E+00  3.708189E-02  5.990230E-03
4.405549E-03  8.458093E+00  1.363365E+00  3.726254E-02  6.006369E-03
4.446313E-03  8.421358E+00  1.354561E+00  3.744399E-02  6.022801E-03
4.487454E-03  8.384769E+00  1.345868E+00  3.762627E-02  6.039519E-03
4.528976E-03  8.348331E+00  1.337282E+00  3.780939E-02  6.056516E-03
4.570882E-03  8.312047E+00  1.328799E+00  3.799339E-02  6.073784E-03
4.613176E-03  8.275920E+00  1.320416E+00  3.817827E-02  6.091313E-03
4.655861E-03  8.239953E+00  1.312130E+00  3.836407E-02  6.109092E-03
4.698941E-03  8.204148E+00  1.303935E+00  3.855081E-02  6.127111E-03
4.742420E-03  8.168509E+00  1.295827E+00  3.873850E-02  6.145357E-03
4.786301E-03  8.133039E+00  1.287803E+00  3.892717E-02  6.163814E-03
4.830588E-03  8.097739E+00  1.279858E+00  3.911684E-02  6.182469E-03
4.875285E-03  8.062612E+00  1.271988E+00  3.930753E-02  6.201303E-03
4.920395E-03  8.027660E+00  1.264187E+00  3.949926E-02  6.220300E-03
4.965923E-03  7.992886E+00  1.256451E+00  3.969206E-02  6.239439E-03
5.011872E-03  7.958292E+00  1.248775E+00  3.988594E-02  6.258701E-03
5.058247E-03  7.923879E+00  1.241154E+00  4.008093E-02  6.278062E-03
5.105050E-03  7.889649E+00  1.233582E+00  4.027705E-02  6.297499E-03
5.152286E-03  7.855604E+00  1.226056E+00  4.047432E-02  6.316989E-03
5.199960E-03  7.821746E+00  1.218568E+00  4.067277E-02  6.336506E-03
5.248075E-03  7.788076E+00  1.211115E+00  4.087240E-02  6.356022E-03
5.296634E-03  7.754595E+00  1.203691E+00  4.107325E-02  6.375509E-03
5.345644E-03  7.721305E+00  1.196290E+00  4.127534E-02  6.394940E-03
5.395106E-03  7.688206E+00  1.188908E+00  4.147869E-02  6.414285E-03
5.445027E-03  7.655301E+00  1.181539E+00  4.168332E-02  6.433512E-03
5.495409E-03  7.622590E+00  1.174179E+00  4.188925E-02  6.452592E-03
5.546257E-03  7.590073E+00  1.166821E+00  4.209650E-02  6.471491E-03
5.597576E-03  7.557753E+00  1.159462E+00  4.230509E-02  6.490179E-03
5.649370E-03  7.525628E+00  1.152097E+00  4.251506E-02  6.508623E-03
5.701643E-03  7.493702E+00  1.144721E+00  4.272641E-02  6.526790E-03
5.754399E-03  7.461972E+00  1.137329E+00  4.293917E-02  6.544647E-03
5.807644E-03  7.430442E+00  1.129918E+00  4.315336E-02  6.562162E-03
5.861382E-03  7.399110E+00  1.122483E+00  4.336901E-02  6.579303E-03
5.915616E-03  7.367977E+00  1.115021E+00  4.358613E-02  6.596037E-03
5.970353E-03  7.337044E+00  1.107528E+00  4.380474E-02  6.612333E-03
6.025596E-03  7.306310E+00  1.100001E+00  4.402487E-02  6.628160E-03
6.081350E-03  7.275777E+00  1.092436E+00  4.424654E-02  6.643488E-03
6.137620E-03  7.245443E+00  1.084833E+00  4.446978E-02  6.658290E-03
6.194411E-03  7.215211E+00  1.077293E+00  4.469398E-02  6.673195E-03
6.251727E-03  7.185002E+00  1.069903E+00  4.491867E-02  6.688741E-03
6.309573E-03  7.154827E+00  1.062650E+00  4.514391E-02  6.704867E-03
6.367955E-03  7.124698E+00  1.055522E+00  4.536976E-02  6.721516E-03
6.426877E-03  7.094625E+00  1.048508E+00  4.559629E-02  6.738630E-03
6.486344E-03  7.064620E+00  1.041596E+00  4.582356E-02  6.756153E-03
6.546362E-03  7.034692E+00  1.034777E+00  4.605164E-02  6.774026E-03
6.606934E-03  7.004851E+00  1.028040E+00  4.628059E-02  6.792193E-03
6.668068E-03  6.975107E+00  1.021374E+00  4.651048E-02  6.810593E-03
6.729767E-03  6.945468E+00  1.014771E+00  4.674138E-02  6.829169E-03
6.792036E-03  6.915944E+00  1.008219E+00  4.697334E-02  6.847860E-03
6.854882E-03  6.886542E+00  1.001710E+00  4.720644E-02  6.866605E-03
6.918310E-03  6.857272E+00  9.952346E-01  4.744073E-02  6.885341E-03
6.982324E-03  6.828140E+00  9.887835E-01  4.767628E-02  6.904007E-03
7.046931E-03  6.799154E+00  9.823477E-01  4.791317E-02  6.922536E-03
7.112135E-03  6.770322E+00  9.759186E-01  4.815144E-02  6.940865E-03
7.177943E-03  6.741649E+00  9.694876E-01  4.839118E-02  6.958926E-03
7.244360E-03  6.713144E+00  9.630462E-01  4.863243E-02  6.976653E-03
7.311391E-03  6.684812E+00  9.565864E-01  4.887527E-02  6.993977E-03
7.379042E-03  6.656658E+00  9.501002E-01  4.911976E-02  7.010829E-03
7.447320E-03  6.628690E+00  9.435799E-01  4.936597E-02  7.027141E-03
7.516229E-03  6.600912E+00  9.370180E-01  4.961397E-02  7.042842E-03
7.585776E-03  6.573330E+00  9.304075E-01  4.986380E-02  7.057862E-03
7.655966E-03  6.545948E+00  9.237414E-01  5.011555E-02  7.072133E-03
7.726806E-03  6.518771E+00  9.170134E-01  5.036928E-02  7.085584E-03
7.798301E-03  6.491805E+00  9.102172E-01  5.062505E-02  7.098148E-03
7.870458E-03  6.465052E+00  9.033471E-01  5.088292E-02  7.109756E-03
7.943282E-03  6.438518E+00  8.963979E-01  5.114297E-02  7.120342E-03
8.016781E-03  6.412206E+00  8.893647E-01  5.140525E-02  7.129842E-03
8.090959E-03  6.386119E+00  8.822431E-01  5.166983E-02  7.138193E-03
8.165824E-03  6.360262E+00  8.750293E-01  5.193678E-02  7.145335E-03
8.241381E-03  6.334637E+00  8.677200E-01  5.220615E-02  7.151211E-03
8.317638E-03  6.309247E+00  8.603126E-01  5.247803E-02  7.155769E-03
8.394600E-03  6.284095E+00  8.528051E-01  5.275246E-02  7.158957E-03
8.472274E-03  6.259184E+00  8.451960E-01  5.302952E-02  7.160732E-03
8.550667E-03  6.234516E+00  8.374849E-01  5.330927E-02  7.161054E-03
8.629785E-03  6.210094E+00  8.296717E-01  5.359178E-02  7.159889E-03
8.709636E-03  6.185919E+00  8.217576E-01  5.387710E-02  7.157210E-03
8.790225E-03  6.161994E+00  8.137444E-01  5.416531E-02  7.152996E-03
8.871560E-03  6.138320E+00  8.056347E-01  5.445647E-02  7.147237E-03
8.953648E-03  6.114874E+00  7.974532E-01  5.475043E-02  7.140115E-03
9.036495E-03  6.091566E+00  7.892887E-01  5.504640E-02  7.132403E-03
9.120108E-03  6.068385E+00  7.811682E-01  5.534433E-02  7.124338E-03
9.204496E-03  6.045333E+00  7.731118E-01  5.564424E-02  7.116104E-03
9.289664E-03  6.022407E+00  7.651392E-01  5.594614E-02  7.107886E-03
9.375620E-03  5.999609E+00  7.572693E-01  5.625005E-02  7.099869E-03
9.462372E-03  5.976936E+00  7.495198E-01  5.655599E-02  7.092235E-03
9.549926E-03  5.954390E+00  7.419071E-01  5.686398E-02  7.085158E-03
9.638290E-03  5.931968E+00  7.344458E-01  5.717403E-02  7.078802E-03
9.727472E-03  5.909671E+00  7.271486E-01  5.748616E-02  7.073318E-03
9.817479E-03  5.887498E+00  7.200261E-01  5.780039E-02  7.068842E-03
9.908319E-03  5.865448E+00  7.130865E-01  5.811673E-02  7.065489E-03
1.000000E-02  5.843521E+00  7.063358E-01  5.843521E-02  7.063358E-03
1.198397E-02  5.436561E+00  6.016747E-01  6.515157E-02  7.210450E-03
1.396794E-02  5.124235E+00  4.973327E-01  7.157499E-02  6.946711E-03
1.595190E-02  4.870273E+00  4.282220E-01  7.769013E-02  6.830956E-03
1.793587E-02  4.655208E+00  3.993898E-01  8.349521E-02  7.163405E-03
1.991984E-02  4.467300E+00  3.514817E-01  8.898791E-02  7.001459E-03
2.190381E-02  4.299065E+00  2.921533E-01  9.416589E-02  6.399269E-03
2.388778E-02  4.150084E+00  2.475176E-01  9.913628E-02  5.912646E-03
2.587174E-02  4.018867E+00  2.218949E-01  1.039751E-01  5.740809E-03
2.785571E-02  3.903109E+00  2.072569E-01  1.087239E-01  5.773289E-03
2.983968E-02  3.797894E+00  1.970940E-01  1.133279E-01  5.881221E-03
3.182365E-02  3.701570E+00  1.907879E-01  1.177974E-01  6.071565E-03
3.380762E-02  3.613430E+00  1.871551E-01  1.221615E-01  6.327267E-03
3.579158E-02  3.532716E+00  1.843781E-01  1.264415E-01  6.599184E-03
3.777555E-02  3.458680E+00  1.808627E-01  1.306536E-01  6.832186E-03
3.975952E-02  3.390611E+00  1.756310E-01  1.348090E-01  6.983006E-03
4.174349E-02  3.327021E+00  1.686540E-01  1.388815E-01  7.040205E-03
4.372745E-02  3.267162E+00  1.608494E-01  1.428647E-01  7.033537E-03
4.571142E-02  3.210832E+00  1.529842E-01  1.467717E-01  6.993126E-03
4.769539E-02  3.157811E+00  1.455335E-01  1.506130E-01  6.941279E-03
4.967936E-02  3.107876E+00  1.387382E-01  1.543973E-01  6.892425E-03
5.166333E-02  3.060808E+00  1.326733E-01  1.581315E-01  6.854346E-03
5.364729E-02  3.016399E+00  1.273132E-01  1.618216E-01  6.830007E-03
5.563126E-02  2.974450E+00  1.225852E-01  1.654724E-01  6.819568E-03
5.761523E-02  2.934767E+00  1.184113E-01  1.690873E-01  6.822296E-03
5.959920E-02  2.896804E+00  1.147443E-01  1.726472E-01  6.838667E-03
6.158317E-02  2.860326E+00  1.115570E-01  1.761480E-01  6.870032E-03
6.356713E-02  2.825300E+00  1.088144E-01  1.795962E-01  6.917020E-03
6.555110E-02  2.791682E+00  1.064654E-01  1.829978E-01  6.978922E-03
6.753507E-02  2.759422E+00  1.044432E-01  1.863578E-01  7.053580E-03
6.951904E-02  2.728466E+00  1.026719E-01  1.896804E-01  7.137652E-03
7.150301E-02  2.698758E+00  1.010735E-01  1.929693E-01  7.227059E-03
7.348697E-02  2.670242E+00  9.957494E-02  1.962280E-01  7.317461E-03
7.547094E-02  2.642861E+00  9.811303E-02  1.994592E-01  7.404683E-03
7.745491E-02  2.616561E+00  9.663768E-02  2.026655E-01  7.485063E-03
7.943888E-02  2.591287E+00  9.511360E-02  2.058489E-01  7.555718E-03
8.142285E-02  2.566989E+00  9.352082E-02  2.090115E-01  7.614731E-03
8.340681E-02  2.543628E+00  9.185360E-02  2.121559E-01  7.661216E-03
8.539078E-02  2.521521E+00  9.012314E-02  2.153146E-01  7.695685E-03
8.737475E-02  2.500680E+00  8.844371E-02  2.184963E-01  7.727747E-03
8.935872E-02  2.480931E+00  8.691705E-02  2.216928E-01  7.766796E-03
9.134269E-02  2.462123E+00  8.559173E-02  2.248970E-01  7.818178E-03
9.332665E-02  2.444130E+00  8.446817E-02  2.281024E-01  7.883132E-03
9.531062E-02  2.426840E+00  8.351061E-02  2.313036E-01  7.959448E-03
9.729459E-02  2.410161E+00  8.266212E-02  2.344956E-01  8.042577E-03
9.927856E-02  2.394011E+00  8.185970E-02  2.376740E-01  8.126912E-03
1.012625E-01  2.378376E+00  8.111951E-02  2.408404E-01  8.214366E-03
1.032465E-01  2.363373E+00  8.066811E-02  2.440100E-01  8.328700E-03
1.052305E-01  2.348936E+00  8.049298E-02  2.471797E-01  8.470313E-03
1.072144E-01  2.334991E+00  8.052293E-02  2.503448E-01  8.633219E-03
1.091984E-01  2.321474E+00  8.065373E-02  2.535012E-01  8.807258E-03
1.111824E-01  2.308328E+00  8.076126E-02  2.566454E-01  8.979228E-03
1.131663E-01  2.295506E+00  8.071787E-02  2.597740E-01  9.134545E-03
1.151503E-01  2.282966E+00  8.040766E-02  2.628842E-01  9.258966E-03
1.171343E-01  2.270670E+00  7.973901E-02  2.659733E-01  9.340171E-03
1.191182E-01  2.258615E+00  7.865623E-02  2.690422E-01  9.369392E-03
1.211022E-01  2.247011E+00  7.723918E-02  2.721180E-01  9.353835E-03
1.230862E-01  2.235816E+00  7.572294E-02  2.751980E-01  9.320446E-03
1.250701E-01  2.224923E+00  7.430469E-02  2.782715E-01  9.293298E-03
1.270541E-01  2.214243E+00  7.310696E-02  2.813286E-01  9.288540E-03
1.290381E-01  2.203695E+00  7.217178E-02  2.843606E-01  9.312908E-03
1.310220E-01  2.193212E+00  7.146930E-02  2.873592E-01  9.364054E-03
1.330060E-01  2.182737E+00  7.091721E-02  2.903172E-01  9.432415E-03
1.349900E-01  2.172220E+00  7.040593E-02  2.932279E-01  9.504096E-03
1.369739E-01  2.161621E+00  6.982535E-02  2.960858E-01  9.564254E-03
1.389579E-01  2.151093E+00  6.917524E-02  2.989114E-01  9.612447E-03
1.409419E-01  2.140710E+00  6.854455E-02  3.017157E-01  9.660799E-03
1.429259E-01  2.130426E+00  6.798956E-02  3.044930E-01  9.717466E-03
1.449098E-01  2.120202E+00  6.753552E-02  3.072381E-01  9.786559E-03
1.468938E-01  2.110003E+00  6.717130E-02  3.099463E-01  9.867047E-03
1.488778E-01  2.099798E+00  6.685328E-02  3.126133E-01  9.952966E-03
1.508617E-01  2.089563E+00  6.651500E-02  3.152351E-01  1.003457E-02
1.528457E-01  2.079275E+00  6.607982E-02  3.178082E-01  1.010002E-02
1.548297E-01  2.068914E+00  6.547413E-02  3.203293E-01  1.013734E-02
1.568136E-01  2.058533E+00  6.467661E-02  3.228060E-01  1.014217E-02
1.587976E-01  2.048218E+00  6.376034E-02  3.252521E-01  1.012499E-02
1.607816E-01  2.037944E+00  6.277953E-02  3.276639E-01  1.009379E-02
1.627655E-01  2.027686E+00  6.178328E-02  3.300374E-01  1.005619E-02
1.647495E-01  2.017422E+00  6.081280E-02  3.323692E-01  1.001888E-02
1.667335E-01  2.007133E+00  5.989981E-02  3.346562E-01  9.987304E-03
1.687174E-01  1.996802E+00  5.906626E-02  3.368953E-01  9.965508E-03
1.707014E-01  1.986416E+00  5.832516E-02  3.390839E-01  9.956187E-03
1.726854E-01  1.975961E+00  5.768235E-02  3.412196E-01  9.960897E-03
1.746693E-01  1.965458E+00  5.713729E-02  3.433053E-01  9.980133E-03
1.766533E-01  1.955011E+00  5.673311E-02  3.453592E-01  1.002209E-02
1.786373E-01  1.944598E+00  5.655864E-02  3.473777E-01  1.010348E-02
1.806212E-01  1.934188E+00  5.665526E-02  3.493554E-01  1.023314E-02
1.826052E-01  1.923752E+00  5.700681E-02  3.512872E-01  1.040974E-02
1.845892E-01  1.913267E+00  5.754571E-02  3.531684E-01  1.062232E-02
1.865731E-01  1.902710E+00  5.816754E-02  3.549946E-01  1.085250E-02
1.885571E-01  1.892062E+00  5.874891E-02  3.567618E-01  1.107752E-02
1.905411E-01  1.881307E+00  5.916456E-02  3.584663E-01  1.127328E-02
1.925251E-01  1.870433E+00  5.930649E-02  3.601051E-01  1.141798E-02
1.945090E-01  1.859480E+00  5.918046E-02  3.616856E-01  1.151113E-02
1.964930E-01  1.848472E+00  5.885231E-02  3.632119E-01  1.156407E-02
1.984770E-01  1.837422E+00  5.838447E-02  3.646860E-01  1.158797E-02
2.004609E-01  1.826341E+00  5.783413E-02  3.661099E-01  1.159348E-02
2.024449E-01  1.815237E+00  5.724822E-02  3.674855E-01  1.158961E-02
2.044289E-01  1.804121E+00  5.666122E-02  3.688144E-01  1.158319E-02
2.064128E-01  1.793001E+00  5.609528E-02  3.700984E-01  1.157878E-02
2.083968E-01  1.781885E+00  5.556206E-02  3.713392E-01  1.157896E-02
2.103808E-01  1.770781E+00  5.506605E-02  3.725382E-01  1.158484E-02
2.123647E-01  1.759687E+00  5.458366E-02  3.736955E-01  1.159164E-02
2.143487E-01  1.748603E+00  5.410072E-02  3.748107E-01  1.159642E-02
2.163327E-01  1.737529E+00  5.362002E-02  3.758843E-01  1.159976E-02
2.183166E-01  1.726468E+00  5.314107E-02  3.769166E-01  1.160158E-02
2.203006E-01  1.715420E+00  5.265993E-02  3.779081E-01  1.160101E-02
2.222846E-01  1.704388E+00  5.216942E-02  3.788592E-01  1.159646E-02
2.242685E-01  1.693373E+00  5.165970E-02  3.797702E-01  1.158564E-02
2.262525E-01  1.682376E+00  5.111903E-02  3.806417E-01  1.156581E-02
2.282365E-01  1.671398E+00  5.053475E-02  3.814739E-01  1.153387E-02
2.302204E-01  1.660434E+00  4.991290E-02  3.822658E-01  1.149097E-02
2.322044E-01  1.649477E+00  4.928524E-02  3.830159E-01  1.144425E-02
2.341884E-01  1.638538E+00  4.865510E-02  3.837266E-01  1.139446E-02
2.361723E-01  1.627626E+00  4.802155E-02  3.844003E-01  1.134136E-02
2.381563E-01  1.616750E+00  4.737985E-02  3.850391E-01  1.128381E-02
2.401403E-01  1.605916E+00  4.672207E-02  3.856452E-01  1.121985E-02
2.421242E-01  1.595134E+00  4.603828E-02  3.862206E-01  1.114698E-02
2.441082E-01  1.584410E+00  4.531841E-02  3.867674E-01  1.106260E-02
2.460922E-01  1.573749E+00  4.455441E-02  3.872873E-01  1.096449E-02
2.480762E-01  1.563156E+00  4.374488E-02  3.877818E-01  1.085206E-02
2.500601E-01  1.552627E+00  4.292154E-02  3.882500E-01  1.073297E-02
2.520441E-01  1.542155E+00  4.213385E-02  3.886911E-01  1.061959E-02
2.540281E-01  1.531738E+00  4.141988E-02  3.891045E-01  1.052181E-02
2.560120E-01  1.521372E+00  4.079998E-02  3.894896E-01  1.044529E-02
2.579960E-01  1.511054E+00  4.027430E-02  3.898459E-01  1.039061E-02
2.599800E-01  1.500781E+00  3.982369E-02  3.901729E-01  1.035336E-02
2.619639E-01  1.490549E+00  3.941373E-02  3.904701E-01  1.032497E-02
2.639479E-01  1.480357E+00  3.900081E-02  3.907372E-01  1.029418E-02
2.659319E-01  1.470204E+00  3.854043E-02  3.909742E-01  1.024913E-02
2.679158E-01  1.460113E+00  3.803103E-02  3.911873E-01  1.018912E-02
2.698998E-01  1.450081E+00  3.753020E-02  3.913765E-01  1.012939E-02
2.718838E-01  1.440100E+00  3.709067E-02  3.915397E-01  1.008435E-02
2.738677E-01  1.430160E+00  3.674733E-02  3.916747E-01  1.006391E-02
2.758517E-01  1.420254E+00  3.651258E-02  3.917795E-01  1.007206E-02
2.778357E-01  1.410374E+00  3.637576E-02  3.918521E-01  1.010648E-02
2.798196E-01  1.400512E+00  3.630597E-02  3.918906E-01  1.015912E-02
2.818036E-01  1.390662E+00  3.625784E-02  3.918934E-01  1.021759E-02
2.837876E-01  1.380817E+00  3.617877E-02  3.918588E-01  1.026709E-02
2.857715E-01  1.370981E+00  3.602735E-02  3.917873E-01  1.029559E-02
2.877555E-01  1.361161E+00  3.581203E-02  3.916815E-01  1.030511E-02
2.897395E-01  1.351362E+00  3.555413E-02  3.915428E-01  1.030143E-02
2.917234E-01  1.341588E+00  3.527291E-02  3.913727E-01  1.028993E-02
2.937074E-01  1.331845E+00  3.498369E-02  3.911727E-01  1.027497E-02
2.956914E-01  1.322135E+00  3.469695E-02  3.909441E-01  1.025959E-02
2.976754E-01  1.312464E+00  3.441833E-02  3.906882E-01  1.024549E-02
2.996593E-01  1.302834E+00  3.414943E-02  3.904063E-01  1.023319E-02
3.016433E-01  1.293249E+00  3.388918E-02  3.900998E-01  1.022244E-02
3.036273E-01  1.283712E+00  3.362189E-02  3.897701E-01  1.020852E-02
3.056112E-01  1.274226E+00  3.332501E-02  3.894177E-01  1.018450E-02
3.075952E-01  1.264784E+00  3.301029E-02  3.890413E-01  1.015381E-02
3.095792E-01  1.255380E+00  3.268894E-02  3.886396E-01  1.011982E-02
3.115631E-01  1.246011E+00  3.236942E-02  3.882111E-01  1.008512E-02
3.135471E-01  1.236671E+00  3.205675E-02  3.877547E-01  1.005130E-02
3.155311E-01  1.227357E+00  3.175246E-02  3.872691E-01  1.001889E-02
3.175150E-01  1.218063E+00  3.145503E-02  3.867532E-01  9.987444E-03
3.194990E-01  1.208786E+00  3.116074E-02  3.862059E-01  9.955826E-03
3.214830E-01  1.199526E+00  3.086261E-02  3.856272E-01  9.921805E-03
3.234669E-01  1.190296E+00  3.055138E-02  3.850214E-01  9.882360E-03
3.254509E-01  1.181095E+00  3.023792E-02  3.843886E-01  9.840960E-03
3.274349E-01  1.171922E+00  2.993350E-02  3.837281E-01  9.801272E-03
3.294188E-01  1.162773E+00  2.964625E-02  3.830394E-01  9.766033E-03
3.314028E-01  1.153647E+00  2.938067E-02  3.823219E-01  9.736835E-03
3.333868E-01  1.144542E+00  2.913759E-02  3.815752E-01  9.714086E-03
3.353707E-01  1.135456E+00  2.891467E-02  3.807987E-01  9.697134E-03
3.373547E-01  1.126387E+00  2.870728E-02  3.799919E-01  9.684536E-03
3.393387E-01  1.117333E+00  2.851041E-02  3.791544E-01  9.674685E-03
3.413226E-01  1.108292E+00  2.833133E-02  3.782851E-01  9.670123E-03
3.433066E-01  1.099265E+00  2.817289E-02  3.773849E-01  9.671940E-03
3.452906E-01  1.090257E+00  2.803387E-02  3.764556E-01  9.679831E-03
3.472745E-01  1.081273E+00  2.791230E-02  3.754986E-01  9.693231E-03
3.492585E-01  1.072316E+00  2.780535E-02  3.745155E-01  9.711255E-03
3.512425E-01  1.063390E+00  2.770942E-02  3.735077E-01  9.732726E-03
3.532265E-01  1.054498E+00  2.762050E-02  3.724766E-01  9.756292E-03
3.552104E-01  1.045644E+00  2.753468E-02  3.714236E-01  9.780607E-03
3.571944E-01  1.036830E+00  2.744888E-02  3.703500E-01  9.804586E-03
3.591784E-01  1.028045E+00  2.739712E-02  3.692514E-01  9.840454E-03
3.611623E-01  1.019278E+00  2.740983E-02  3.681249E-01  9.899399E-03
3.631463E-01  1.010539E+00  2.748137E-02  3.669733E-01  9.979757E-03
3.651303E-01  1.001832E+00  2.759999E-02  3.657993E-01  1.007759E-02
3.671142E-01  9.931664E-01  2.774765E-02  3.646055E-01  1.018656E-02
3.690982E-01  9.845466E-01  2.790149E-02  3.633944E-01  1.029839E-02
3.710822E-01  9.759788E-01  2.803660E-02  3.621683E-01  1.040388E-02
3.730661E-01  9.674685E-01  2.812958E-02  3.609297E-01  1.049419E-02
3.750501E-01  9.590210E-01  2.816274E-02  3.596809E-01  1.056244E-02
3.770341E-01  9.506603E-01  2.814847E-02  3.584313E-01  1.061293E-02
3.790180E-01  9.424151E-01  2.817802E-02  3.571923E-01  1.067998E-02
3.810020E-01  9.342554E-01  2.832661E-02  3.559532E-01  1.079249E-02
3.829860E-01  9.261504E-01  2.863387E-02  3.547026E-01  1.096637E-02
3.849699E-01  9.180711E-01  2.909370E-02  3.534298E-01  1.120020E-02
3.869539E-01  9.099898E-01  2.965544E-02  3.521241E-01  1.147529E-02
3.889379E-01  9.018803E-01  3.023461E-02  3.507754E-01  1.175938E-02
3.909218E-01  8.937176E-01  3.072862E-02  3.493737E-01  1.201249E-02
3.929058E-01  8.854781E-01  3.103299E-02  3.479095E-01  1.219304E-02
3.948898E-01  8.771427E-01  3.106315E-02  3.463747E-01  1.226652E-02
3.968737E-01  8.687252E-01  3.084609E-02  3.447742E-01  1.224200E-02
3.988577E-01  8.602492E-01  3.047776E-02  3.431170E-01  1.215629E-02
4.008417E-01  8.517361E-01  3.005273E-02  3.414113E-01  1.204639E-02
4.028257E-01  8.432065E-01  2.965148E-02  3.396652E-01  1.194438E-02
4.048096E-01  8.346797E-01  2.933060E-02  3.378864E-01  1.187331E-02
4.067936E-01  8.261743E-01  2.911678E-02  3.360824E-01  1.184452E-02
4.087776E-01  8.177080E-01  2.900581E-02  3.342607E-01  1.185692E-02
4.107615E-01  8.092976E-01  2.896717E-02  3.324283E-01  1.189860E-02
4.127455E-01  8.009569E-01  2.895293E-02  3.305913E-01  1.195019E-02
4.147295E-01  7.926499E-01  2.891554E-02  3.287353E-01  1.199213E-02
4.167134E-01  7.843637E-01  2.885890E-02  3.268549E-01  1.202589E-02
4.186974E-01  7.761039E-01  2.879766E-02  3.249527E-01  1.205751E-02
4.206814E-01  7.678759E-01  2.874321E-02  3.230311E-01  1.209173E-02
4.226653E-01  7.596848E-01  2.870195E-02  3.210924E-01  1.213132E-02
4.246493E-01  7.515355E-01  2.867470E-02  3.191390E-01  1.217669E-02
4.266333E-01  7.434326E-01  2.865712E-02  3.171731E-01  1.222608E-02
4.286172E-01  7.353806E-01  2.864089E-02  3.151968E-01  1.227598E-02
4.306012E-01  7.273836E-01  2.861567E-02  3.132123E-01  1.232194E-02
4.325852E-01  7.194395E-01  2.857513E-02  3.112188E-01  1.236118E-02
4.345691E-01  7.115417E-01  2.852023E-02  3.092140E-01  1.239401E-02
4.365531E-01  7.036884E-01  2.845179E-02  3.071973E-01  1.242072E-02
4.385371E-01  6.958778E-01  2.836953E-02  3.051682E-01  1.244109E-02
4.405210E-01  6.881083E-01  2.827099E-02  3.031262E-01  1.245396E-02
4.425050E-01  6.803781E-01  2.815145E-02  3.010707E-01  1.245716E-02
4.444890E-01  6.726858E-01  2.800479E-02  2.990014E-01  1.244782E-02
4.464729E-01  6.650296E-01  2.782503E-02  2.969177E-01  1.242312E-02
4.484569E-01  6.574083E-01  2.760857E-02  2.948193E-01  1.238125E-02
4.504409E-01  6.498112E-01  2.734903E-02  2.927015E-01  1.231912E-02
4.524248E-01  6.422210E-01  2.705789E-02  2.905567E-01  1.224166E-02
4.544088E-01  6.346502E-01  2.678850E-02  2.883907E-01  1.217293E-02
4.563928E-01  6.271119E-01  2.658433E-02  2.862093E-01  1.213290E-02
4.583768E-01  6.196185E-01  2.646951E-02  2.840187E-01  1.213301E-02
4.603607E-01  6.121821E-01  2.644523E-02  2.818246E-01  1.217434E-02
4.623447E-01  6.048141E-01  2.649074E-02  2.796326E-01  1.224785E-02
4.643287E-01  5.975255E-01  2.656865E-02  2.774482E-01  1.233659E-02
4.663126E-01  5.903267E-01  2.663321E-02  2.752768E-01  1.241940E-02
4.682966E-01  5.832218E-01  2.664715E-02  2.731208E-01  1.247877E-02
4.702806E-01  5.761788E-01  2.663639E-02  2.709657E-01  1.252658E-02
4.722645E-01  5.691955E-01  2.662380E-02  2.688108E-01  1.257348E-02
4.742485E-01  5.622761E-01  2.662726E-02  2.666586E-01  1.262794E-02
4.762325E-01  5.554248E-01  2.665985E-02  2.645113E-01  1.269628E-02
4.782164E-01  5.486457E-01  2.672633E-02  2.623714E-01  1.278097E-02
4.802004E-01  5.419424E-01  2.682213E-02  2.602409E-01  1.288000E-02
4.821844E-01  5.353185E-01  2.693435E-02  2.581222E-01  1.298732E-02
4.841683E-01  5.287776E-01  2.704461E-02  2.560174E-01  1.309414E-02
4.861523E-01  5.223229E-01  2.713547E-02  2.539285E-01  1.319197E-02
4.881363E-01  5.159567E-01  2.726324E-02  2.518572E-01  1.330817E-02
4.901202E-01  5.096739E-01  2.747616E-02  2.498015E-01  1.346662E-02
4.921042E-01  5.034676E-01  2.778367E-02  2.477585E-01  1.367246E-02
4.940882E-01  4.973311E-01  2.817274E-02  2.457254E-01  1.391982E-02
4.960721E-01  4.912580E-01  2.860678E-02  2.436994E-01  1.419103E-02
4.980561E-01  4.852424E-01  2.902927E-02  2.416779E-01  1.445820E-02
5.000401E-01  4.792781E-01  2.937030E-02  2.396583E-01  1.468633E-02
5.020240E-01  4.733596E-01  2.955411E-02  2.376379E-01  1.483688E-02
5.040080E-01  4.674814E-01  2.950673E-02  2.356144E-01  1.487163E-02
5.059920E-01  4.616511E-01  2.916390E-02  2.335918E-01  1.475670E-02
5.079760E-01  4.558789E-01  2.856631E-02  2.315755E-01  1.451100E-02
5.099599E-01  4.501599E-01  2.781103E-02  2.295635E-01  1.418251E-02
5.119439E-01  4.444893E-01  2.699147E-02  2.275536E-01  1.381812E-02
5.139279E-01  4.388625E-01  2.618907E-02  2.255437E-01  1.345929E-02
5.159118E-01  4.332752E-01  2.546613E-02  2.235318E-01  1.313828E-02
5.178958E-01  4.277230E-01  2.486049E-02  2.215159E-01  1.287514E-02
5.198798E-01  4.222018E-01  2.438405E-02  2.194942E-01  1.267678E-02
5.218637E-01  4.167078E-01  2.402652E-02  2.174647E-01  1.253857E-02
5.238477E-01  4.112416E-01  2.374886E-02  2.154280E-01  1.244079E-02
5.258317E-01  4.058134E-01  2.348917E-02  2.133895E-01  1.235135E-02
5.278156E-01  4.004210E-01  2.324087E-02  2.113485E-01  1.226690E-02
5.297996E-01  3.950619E-01  2.300394E-02  2.093036E-01  1.218748E-02
5.317836E-01  3.897333E-01  2.277968E-02  2.072538E-01  1.211386E-02
5.337675E-01  3.844328E-01  2.256919E-02  2.051977E-01  1.204670E-02
5.357515E-01  3.791579E-01  2.237247E-02  2.031344E-01  1.198609E-02
5.377355E-01  3.739063E-01  2.218818E-02  2.010627E-01  1.193137E-02
5.397194E-01  3.686757E-01  2.201389E-02  1.989814E-01  1.188132E-02
5.417034E-01  3.634649E-01  2.184802E-02  1.968902E-01  1.183515E-02
5.436874E-01  3.582798E-01  2.169735E-02  1.947922E-01  1.179658E-02
5.456713E-01  3.531204E-01  2.156316E-02  1.926877E-01  1.176640E-02
5.476553E-01  3.479852E-01  2.144432E-02  1.905759E-01  1.174410E-02
5.496393E-01  3.428728E-01  2.133838E-02  1.884563E-01  1.172841E-02
5.516232E-01  3.377817E-01  2.124131E-02  1.863283E-01  1.171720E-02
5.536072E-01  3.327108E-01  2.114763E-02  1.841911E-01  1.170748E-02
5.555912E-01  3.276586E-01  2.105074E-02  1.820442E-01  1.169561E-02
5.575752E-01  3.226240E-01  2.094363E-02  1.798871E-01  1.167765E-02
5.595591E-01  3.176059E-01  2.082027E-02  1.777193E-01  1.165017E-02
5.615431E-01  3.126075E-01  2.070171E-02  1.755426E-01  1.162490E-02
5.635271E-01  3.076298E-01  2.060677E-02  1.733577E-01  1.161247E-02
5.655110E-01  3.026716E-01  2.054064E-02  1.711642E-01  1.161596E-02
5.674950E-01  2.977316E-01  2.050298E-02  1.689612E-01  1.163534E-02
5.694790E-01  2.928086E-01  2.048736E-02  1.667483E-01  1.166712E-02
5.714629E-01  2.879013E-01  2.048231E-02  1.645249E-01  1.170488E-02
5.734469E-01  2.830087E-01  2.047350E-02  1.622904E-01  1.174047E-02
5.754309E-01  2.781296E-01  2.044703E-02  1.600443E-01  1.176585E-02
5.774148E-01  2.732630E-01  2.039345E-02  1.577861E-01  1.177548E-02
5.793988E-01  2.683784E-01  2.030679E-02  1.554981E-01  1.176573E-02
5.813828E-01  2.634543E-01  2.023361E-02  1.531678E-01  1.176347E-02
5.833667E-01  2.585168E-01  2.024935E-02  1.508101E-01  1.181280E-02
5.853507E-01  2.535917E-01  2.040726E-02  1.484401E-01  1.194540E-02
5.873347E-01  2.487037E-01  2.072756E-02  1.460723E-01  1.217401E-02
5.893186E-01  2.438767E-01  2.119445E-02  1.437211E-01  1.249028E-02
5.913026E-01  2.391340E-01  2.176112E-02  1.414006E-01  1.286741E-02
5.932866E-01  2.344978E-01  2.236036E-02  1.391244E-01  1.326610E-02
5.952705E-01  2.299897E-01  2.291686E-02  1.369061E-01  1.364173E-02
5.972545E-01  2.256162E-01  2.338445E-02  1.347503E-01  1.396647E-02
5.992385E-01  2.213395E-01  2.380904E-02  1.326351E-01  1.426729E-02
6.012224E-01  2.171510E-01  2.419662E-02  1.305561E-01  1.454755E-02
6.032064E-01  2.130453E-01  2.454965E-02  1.285103E-01  1.480850E-02
6.051904E-01  2.090168E-01  2.486791E-02  1.264950E-01  1.504982E-02
6.071743E-01  2.050604E-01  2.514690E-02  1.245074E-01  1.526855E-02
6.091583E-01  2.011711E-01  2.537802E-02  1.225450E-01  1.545923E-02
6.111423E-01  1.973438E-01  2.555042E-02  1.206051E-01  1.561494E-02
6.131263E-01  1.935738E-01  2.565411E-02  1.186852E-01  1.572921E-02
6.151102E-01  1.898567E-01  2.568207E-02  1.167828E-01  1.579731E-02
6.170942E-01  1.861917E-01  2.563431E-02  1.148978E-01  1.581879E-02
6.190782E-01  1.825818E-01  2.555505E-02  1.130324E-01  1.582057E-02
6.210621E-01  1.790300E-01  2.548984E-02  1.111888E-01  1.583078E-02
6.230461E-01  1.755394E-01  2.547190E-02  1.093691E-01  1.587017E-02
6.250301E-01  1.721127E-01  2.551750E-02  1.075756E-01  1.594921E-02
6.270140E-01  1.687526E-01  2.562420E-02  1.058103E-01  1.606673E-02
6.289980E-01  1.654619E-01  2.577210E-02  1.040752E-01  1.621060E-02
6.309820E-01  1.622429E-01  2.592765E-02  1.023723E-01  1.635988E-02
6.329659E-01  1.590981E-01  2.604989E-02  1.007037E-01  1.648869E-02
6.349499E-01  1.560286E-01  2.613704E-02  9.907032E-02  1.659571E-02
6.369339E-01  1.530306E-01  2.620928E-02  9.747035E-02  1.669358E-02
6.389178E-01  1.500995E-01  2.627379E-02  9.590127E-02  1.678679E-02
6.409018E-01  1.472311E-01  2.633253E-02  9.436068E-02  1.687657E-02
6.428858E-01  1.444210E-01  2.638110E-02  9.284619E-02  1.696003E-02
6.448697E-01  1.416650E-01  2.640874E-02  9.135545E-02  1.703020E-02
6.468537E-01  1.389590E-01  2.639952E-02  8.988617E-02  1.707662E-02
6.488377E-01  1.362993E-01  2.633432E-02  8.843609E-02  1.708670E-02
6.508216E-01  1.336818E-01  2.619365E-02  8.700299E-02  1.704739E-02
6.528056E-01  1.311087E-01  2.594641E-02  8.558851E-02  1.693796E-02
6.547896E-01  1.285861E-01  2.558800E-02  8.419681E-02  1.675475E-02
6.567735E-01  1.261120E-01  2.515624E-02  8.282702E-02  1.652195E-02
6.587575E-01  1.236847E-01  2.468799E-02  8.147823E-02  1.626340E-02
6.607415E-01  1.213025E-01  2.421538E-02  8.014958E-02  1.600011E-02
6.627255E-01  1.189636E-01  2.376317E-02  7.884019E-02  1.574846E-02
6.647094E-01  1.166663E-01  2.334705E-02  7.754921E-02  1.551900E-02
6.666934E-01  1.144091E-01  2.297323E-02  7.627579E-02  1.531610E-02
6.686774E-01  1.121903E-01  2.263960E-02  7.501913E-02  1.513859E-02
6.706613E-01  1.100107E-01  2.232909E-02  7.377990E-02  1.497526E-02
6.726453E-01  1.078759E-01  2.200596E-02  7.256220E-02  1.480220E-02
6.746293E-01  1.057836E-01  2.167302E-02  7.136470E-02  1.462125E-02
6.766132E-01  1.037307E-01  2.133675E-02  7.018559E-02  1.443673E-02
6.785972E-01  1.017144E-01  2.100348E-02  6.902313E-02  1.425290E-02
6.805812E-01  9.973179E-02  2.067896E-02  6.787558E-02  1.407371E-02
6.825651E-01  9.778002E-02  2.036805E-02  6.674123E-02  1.390252E-02
6.845491E-01  9.585641E-02  2.007463E-02  6.561842E-02  1.374207E-02
6.865331E-01  9.395831E-02  1.980159E-02  6.450549E-02  1.359445E-02
6.885170E-01  9.208366E-02  1.954933E-02  6.340117E-02  1.346005E-02
6.905010E-01  9.023573E-02  1.930178E-02  6.230786E-02  1.332790E-02
6.924850E-01  8.841555E-02  1.905583E-02  6.122644E-02  1.319587E-02
6.944689E-01  8.662301E-02  1.881317E-02  6.015699E-02  1.306517E-02
6.964529E-01  8.485799E-02  1.857562E-02  5.909959E-02  1.293704E-02
6.984369E-01  8.312038E-02  1.834477E-02  5.805434E-02  1.281266E-02
7.004208E-01  8.141006E-02  1.812193E-02  5.702130E-02  1.269298E-02
7.024048E-01  7.972692E-02  1.790801E-02  5.600057E-02  1.257867E-02
7.043888E-01  7.807083E-02  1.770356E-02  5.499221E-02  1.247019E-02
7.063727E-01  7.644174E-02  1.750888E-02  5.399636E-02  1.236779E-02
7.083567E-01  7.484431E-02  1.732315E-02  5.301647E-02  1.227097E-02
7.103407E-01  7.327884E-02  1.714532E-02  5.205294E-02  1.217901E-02
7.123246E-01  7.174181E-02  1.697470E-02  5.110346E-02  1.209149E-02
7.143086E-01  7.022978E-02  1.681028E-02  5.016574E-02  1.200773E-02
7.162926E-01  6.873942E-02  1.665051E-02  4.923754E-02  1.192664E-02
7.182766E-01  6.726748E-02  1.649329E-02  4.831665E-02  1.184674E-02
7.202605E-01  6.581079E-02  1.633615E-02  4.740092E-02  1.176628E-02
7.222445E-01  6.436628E-02  1.617661E-02  4.648819E-02  1.168347E-02
7.242285E-01  6.293094E-02  1.601276E-02  4.557637E-02  1.159690E-02
7.262124E-01  6.150459E-02  1.584521E-02  4.466540E-02  1.150699E-02
7.281964E-01  6.009096E-02  1.568031E-02  4.375802E-02  1.141835E-02
7.301804E-01  5.869083E-02  1.552473E-02  4.285489E-02  1.133585E-02
7.321643E-01  5.730495E-02  1.538342E-02  4.195664E-02  1.126319E-02
7.341483E-01  5.593402E-02  1.525854E-02  4.106386E-02  1.120203E-02
7.361323E-01  5.457871E-02  1.514883E-02  4.017715E-02  1.115154E-02
7.381162E-01  5.323970E-02  1.504966E-02  3.929709E-02  1.110840E-02
7.401002E-01  5.191763E-02  1.495347E-02  3.842425E-02  1.106706E-02
7.420842E-01  5.061312E-02  1.485080E-02  3.755919E-02  1.102055E-02
7.440681E-01  4.932546E-02  1.473492E-02  3.670150E-02  1.096379E-02
7.460521E-01  4.805045E-02  1.461395E-02  3.584814E-02  1.090277E-02
7.480361E-01  4.678892E-02  1.449087E-02  3.499980E-02  1.083969E-02
7.500200E-01  4.554225E-02  1.436742E-02  3.415760E-02  1.077585E-02
7.520040E-01  4.431177E-02  1.424442E-02  3.332263E-02  1.071186E-02
7.539880E-01  4.309877E-02  1.412141E-02  3.249595E-02  1.064737E-02
7.559719E-01  4.190450E-02  1.399646E-02  3.167863E-02  1.058093E-02
7.579559E-01  4.073018E-02  1.386627E-02  3.087168E-02  1.051002E-02
7.599399E-01  3.957700E-02  1.372654E-02  3.007614E-02  1.043135E-02
7.619238E-01  3.844547E-02  1.357207E-02  2.929252E-02  1.034089E-02
7.639078E-01  3.732947E-02  1.339677E-02  2.851627E-02  1.023390E-02
7.658918E-01  3.622863E-02  1.320742E-02  2.774721E-02  1.011545E-02
7.678758E-01  3.514472E-02  1.301283E-02  2.698678E-02  9.992234E-03
7.698597E-01  3.407949E-02  1.282048E-02  2.623643E-02  9.869973E-03
7.718437E-01  3.303461E-02  1.263600E-02  2.549756E-02  9.753018E-03
7.738277E-01  3.201174E-02  1.246280E-02  2.477157E-02  9.644061E-03
7.758116E-01  3.101245E-02  1.230206E-02  2.405982E-02  9.544078E-03
7.777956E-01  3.003831E-02  1.215291E-02  2.336366E-02  9.452480E-03
7.797796E-01  2.909081E-02  1.201299E-02  2.268442E-02  9.367487E-03
7.817635E-01  2.817059E-02  1.187712E-02  2.202274E-02  9.285097E-03
7.837475E-01  2.727596E-02  1.174469E-02  2.137746E-02  9.204874E-03
7.857315E-01  2.640489E-02  1.161804E-02  2.074715E-02  9.128659E-03
7.877154E-01  2.555541E-02  1.149859E-02  2.013039E-02  9.057619E-03
7.896994E-01  2.472560E-02  1.138634E-02  1.952579E-02  8.991786E-03
7.916834E-01  2.391357E-02  1.127954E-02  1.893197E-02  8.929827E-03
7.936673E-01  2.311747E-02  1.117478E-02  1.834758E-02  8.869060E-03
7.956513E-01  2.233552E-02  1.106727E-02  1.777128E-02  8.805690E-03
7.976353E-01  2.156595E-02  1.095146E-02  1.720177E-02  8.735272E-03
7.996192E-01  2.080870E-02  1.082118E-02  1.663904E-02  8.652821E-03
8.016032E-01  2.006607E-02  1.067585E-02  1.608502E-02  8.557796E-03
8.035872E-01  1.933821E-02  1.052069E-02  1.553994E-02  8.454290E-03
8.055711E-01  1.862525E-02  1.036071E-02  1.500396E-02  8.346290E-03
8.075551E-01  1.792728E-02  1.020024E-02  1.447727E-02  8.237260E-03
8.095391E-01  1.724442E-02  1.004260E-02  1.396003E-02  8.129875E-03
8.115230E-01  1.657676E-02  9.889878E-03  1.345242E-02  8.025864E-03
8.135070E-01  1.592438E-02  9.742965E-03  1.295459E-02  7.925970E-03
8.154910E-01  1.528738E-02  9.601630E-03  1.246672E-02  7.830043E-03
8.174749E-01  1.466533E-02  9.464801E-03  1.198854E-02  7.737238E-03
8.194589E-01  1.405631E-02  9.331334E-03  1.151857E-02  7.646645E-03
8.214429E-01  1.346068E-02  9.200576E-03  1.105718E-02  7.557748E-03
8.234269E-01  1.287905E-02  9.071419E-03  1.060495E-02  7.469650E-03
8.254108E-01  1.231204E-02  8.942073E-03  1.016249E-02  7.380884E-03
8.273948E-01  1.176023E-02  8.810088E-03  9.730353E-03  7.289421E-03
8.293788E-01  1.122420E-02  8.672548E-03  9.309116E-03  7.192827E-03
8.313627E-01  1.070452E-02  8.526448E-03  8.899337E-03  7.088571E-03
8.333467E-01  1.020171E-02  8.369263E-03  8.501565E-03  6.974498E-03
8.353307E-01  9.715892E-03  8.198873E-03  8.115982E-03  6.848770E-03
8.373146E-01  9.241991E-03  8.009668E-03  7.738454E-03  6.706612E-03
8.392986E-01  8.779933E-03  7.817661E-03  7.368985E-03  6.561352E-03
8.412826E-01  8.331636E-03  7.642868E-03  7.009260E-03  6.429811E-03
8.432665E-01  7.898971E-03  7.500344E-03  6.660938E-03  6.324789E-03
8.452505E-01  7.483763E-03  7.397243E-03  6.325655E-03  6.252523E-03
8.472345E-01  7.087793E-03  7.331264E-03  6.005023E-03  6.211300E-03
8.492184E-01  6.712797E-03  7.290974E-03  5.700631E-03  6.191630E-03
8.512024E-01  6.360469E-03  7.257946E-03  5.414047E-03  6.177981E-03
8.531864E-01  6.032474E-03  7.210204E-03  5.146825E-03  6.151648E-03
8.551703E-01  5.732950E-03  7.132270E-03  4.902649E-03  6.099305E-03
8.571543E-01  5.461235E-03  7.024974E-03  4.681121E-03  6.021487E-03
8.591383E-01  5.212994E-03  6.893778E-03  4.478683E-03  5.922709E-03
8.611222E-01  4.983989E-03  6.746036E-03  4.291824E-03  5.809161E-03
8.631062E-01  4.770074E-03  6.589707E-03  4.117081E-03  5.687617E-03
8.650902E-01  4.567198E-03  6.432447E-03  3.951038E-03  5.564647E-03
8.670741E-01  4.371399E-03  6.281028E-03  3.790327E-03  5.446117E-03
8.690581E-01  4.178803E-03  6.141131E-03  3.631623E-03  5.336999E-03
8.710421E-01  3.985627E-03  6.017569E-03  3.471648E-03  5.241556E-03
8.730261E-01  3.792001E-03  5.909952E-03  3.310515E-03  5.159542E-03
8.750100E-01  3.604144E-03  5.810860E-03  3.153662E-03  5.084561E-03
8.769940E-01  3.422478E-03  5.720876E-03  3.001492E-03  5.017174E-03
8.789780E-01  3.247216E-03  5.640281E-03  2.854232E-03  4.957682E-03
8.809619E-01  3.078569E-03  5.568342E-03  2.712102E-03  4.905498E-03
8.829459E-01  2.916741E-03  5.503072E-03  2.575325E-03  4.858915E-03
8.849299E-01  2.761930E-03  5.441197E-03  2.444114E-03  4.815078E-03
8.869138E-01  2.614329E-03  5.378333E-03  2.318685E-03  4.770118E-03
8.888978E-01  2.474128E-03  5.309335E-03  2.199247E-03  4.719456E-03
8.908818E-01  2.341706E-03  5.229743E-03  2.086183E-03  4.659083E-03
8.928657E-01  2.217823E-03  5.141840E-03  1.980218E-03  4.590973E-03
8.948497E-01  2.101815E-03  5.048101E-03  1.880808E-03  4.517292E-03
8.968337E-01  1.992863E-03  4.950685E-03  1.787266E-03  4.439941E-03
8.988176E-01  1.890167E-03  4.851527E-03  1.698915E-03  4.360638E-03
9.008016E-01  1.792942E-03  4.752107E-03  1.615085E-03  4.280706E-03
9.027856E-01  1.700421E-03  4.653309E-03  1.535116E-03  4.200940E-03
9.047695E-01  1.611853E-03  4.555378E-03  1.458355E-03  4.121567E-03
9.067535E-01  1.526501E-03  4.457984E-03  1.384161E-03  4.042293E-03
9.087375E-01  1.443745E-03  4.360123E-03  1.311985E-03  3.962207E-03
9.107214E-01  1.364694E-03  4.256849E-03  1.242856E-03  3.876803E-03
9.127054E-01  1.289806E-03  4.148082E-03  1.177213E-03  3.785977E-03
9.146894E-01  1.219002E-03  4.035841E-03  1.115008E-03  3.691541E-03
9.166733E-01  1.152203E-03  3.922196E-03  1.056194E-03  3.595373E-03
9.186573E-01  1.089334E-03  3.809187E-03  1.000725E-03  3.499338E-03
9.206413E-01  1.030318E-03  3.698759E-03  9.485536E-04  3.405231E-03
9.226253E-01  9.750820E-04  3.592724E-03  8.996353E-04  3.314738E-03
9.246092E-01  9.235522E-04  3.492749E-03  8.539248E-04  3.229428E-03
9.265932E-01  8.756590E-04  3.400383E-03  8.113796E-04  3.150772E-03
9.285772E-01  8.334738E-04  3.317341E-03  7.739447E-04  3.080407E-03
9.305611E-01  7.978265E-04  3.245476E-03  7.424264E-04  3.020114E-03
9.325451E-01  7.672251E-04  3.185829E-03  7.154720E-04  2.970929E-03
9.345291E-01  7.402082E-04  3.137879E-03  6.917461E-04  2.932439E-03
9.365130E-01  7.153451E-04  3.099053E-03  6.699300E-04  2.902304E-03
9.384970E-01  6.912347E-04  3.064631E-03  6.487217E-04  2.876147E-03
9.404810E-01  6.665052E-04  3.028009E-03  6.268354E-04  2.847785E-03
9.424649E-01  6.398137E-04  2.981230E-03  6.030020E-04  2.809704E-03
9.444489E-01  6.098454E-04  2.915648E-03  5.759678E-04  2.753681E-03
9.464329E-01  5.759464E-04  2.822761E-03  5.450946E-04  2.671554E-03
9.484168E-01  5.393959E-04  2.701466E-03  5.115721E-04  2.562116E-03
9.504008E-01  5.010871E-04  2.557323E-03  4.762336E-04  2.430482E-03
9.523848E-01  4.618601E-04  2.396687E-03  4.398686E-04  2.282568E-03
9.543687E-01  4.225377E-04  2.226214E-03  4.032567E-04  2.124629E-03
9.563527E-01  3.839255E-04  2.052563E-03  3.671682E-04  1.962974E-03
9.583367E-01  3.468127E-04  1.882135E-03  3.323633E-04  1.803719E-03
9.603206E-01  3.119721E-04  1.720845E-03  2.995932E-04  1.652563E-03
9.623046E-01  2.801603E-04  1.573967E-03  2.695995E-04  1.514635E-03
9.642886E-01  2.518204E-04  1.443342E-03  2.428275E-04  1.391798E-03
9.662725E-01  2.256779E-04  1.316191E-03  2.180664E-04  1.271800E-03
9.682565E-01  2.013857E-04  1.191351E-03  1.949930E-04  1.153533E-03
9.702405E-01  1.788283E-04  1.070038E-03  1.735064E-04  1.038194E-03
9.722244E-01  1.578923E-04  9.534524E-04  1.535067E-04  9.269698E-04
9.742084E-01  1.384666E-04  8.427532E-04  1.348953E-04  8.210173E-04
9.761924E-01  1.204422E-04  7.390163E-04  1.175747E-04  7.214221E-04
9.781764E-01  1.037119E-04  6.431879E-04  1.014486E-04  6.291512E-04
9.801603E-01  8.817088E-05  5.560237E-04  8.642160E-05  5.449923E-04
9.821443E-01  7.376573E-05  4.780705E-04  7.244859E-05  4.695342E-04
9.841283E-01  6.134257E-05  4.097162E-04  6.036895E-05  4.032133E-04
9.861122E-01  5.091905E-05  3.490243E-04  5.021190E-05  3.441771E-04
9.880962E-01  4.207909E-05  2.938633E-04  4.157819E-05  2.903652E-04
9.900802E-01  3.441472E-05  2.425317E-04  3.407333E-05  2.401259E-04
9.920641E-01  2.752597E-05  1.936693E-04  2.730752E-05  1.921324E-04
9.940481E-01  2.102072E-05  1.461265E-04  2.089560E-05  1.452567E-04
9.960321E-01  1.451459E-05  9.881443E-05  1.445699E-05  9.842234E-05
9.980160E-01  7.630788E-06  5.056201E-05  7.615648E-06  5.046170E-05
1.000000E+00  0.000000E+00  0.000000E+00  0.000000E+00  0.000000E+00
