# CT14 NNLO Q=1.000
# x  w(x)  delta_w(x)
1.000000E-04  2.033677E+01  1.748769E+01  2.033677E-03  1.748769E-03
1.009253E-04  2.029112E+01  1.742055E+01  2.047887E-03  1.758174E-03
1.018591E-04  2.024631E+01  1.735309E+01  2.062271E-03  1.767571E-03
1.028016E-04  2.020178E+01  1.728565E+01  2.076776E-03  1.776993E-03
1.037528E-04  2.015753E+01  1.721828E+01  2.091401E-03  1.786445E-03
1.047129E-04  2.011354E+01  1.715102E+01  2.106146E-03  1.795933E-03
1.056818E-04  2.006980E+01  1.708395E+01  2.121012E-03  1.805461E-03
1.066596E-04  2.002629E+01  1.701709E+01  2.135997E-03  1.815036E-03
1.076465E-04  1.998301E+01  1.695050E+01  2.151102E-03  1.824662E-03
1.086426E-04  1.993994E+01  1.688420E+01  2.166327E-03  1.834342E-03
1.096478E-04  1.989708E+01  1.681821E+01  2.181672E-03  1.844080E-03
1.106624E-04  1.985441E+01  1.675254E+01  2.197136E-03  1.853876E-03
1.116863E-04  1.981192E+01  1.668718E+01  2.212721E-03  1.863729E-03
1.127197E-04  1.976961E+01  1.662210E+01  2.228426E-03  1.873639E-03
1.137627E-04  1.972746E+01  1.655728E+01  2.244250E-03  1.883602E-03
1.148154E-04  1.968547E+01  1.649268E+01  2.260194E-03  1.893613E-03
1.158777E-04  1.964362E+01  1.642824E+01  2.276258E-03  1.903667E-03
1.169499E-04  1.960190E+01  1.636391E+01  2.292441E-03  1.913758E-03
1.180321E-04  1.956031E+01  1.629962E+01  2.308744E-03  1.923878E-03
1.191242E-04  1.951884E+01  1.623533E+01  2.325167E-03  1.934020E-03
1.202264E-04  1.947749E+01  1.617094E+01  2.341709E-03  1.944175E-03
1.213389E-04  1.943623E+01  1.610642E+01  2.358370E-03  1.954335E-03
1.224616E-04  1.939506E+01  1.604171E+01  2.375151E-03  1.964495E-03
1.235947E-04  1.935399E+01  1.597678E+01  2.392051E-03  1.974647E-03
1.247384E-04  1.931309E+01  1.591171E+01  2.409083E-03  1.984801E-03
1.258925E-04  1.927238E+01  1.584662E+01  2.426249E-03  1.994970E-03
1.270574E-04  1.923185E+01  1.578155E+01  2.443549E-03  2.005162E-03
1.282331E-04  1.919145E+01  1.571658E+01  2.460979E-03  2.015385E-03
1.294196E-04  1.915117E+01  1.565178E+01  2.478536E-03  2.025647E-03
1.306171E-04  1.911096E+01  1.558720E+01  2.496218E-03  2.035954E-03
1.318257E-04  1.907081E+01  1.552288E+01  2.514022E-03  2.046315E-03
1.330454E-04  1.903069E+01  1.545886E+01  2.531947E-03  2.056731E-03
1.342765E-04  1.899058E+01  1.539516E+01  2.549988E-03  2.067208E-03
1.355189E-04  1.895044E+01  1.533176E+01  2.568144E-03  2.077743E-03
1.367729E-04  1.891026E+01  1.526866E+01  2.586411E-03  2.088338E-03
1.380384E-04  1.887002E+01  1.520582E+01  2.604788E-03  2.098988E-03
1.393157E-04  1.882970E+01  1.514321E+01  2.623272E-03  2.109687E-03
1.406048E-04  1.878926E+01  1.508077E+01  2.641859E-03  2.120428E-03
1.419058E-04  1.874870E+01  1.501844E+01  2.660548E-03  2.131203E-03
1.432188E-04  1.870799E+01  1.495614E+01  2.679336E-03  2.142001E-03
1.445440E-04  1.866713E+01  1.489382E+01  2.698221E-03  2.152811E-03
1.458814E-04  1.862607E+01  1.483138E+01  2.717198E-03  2.163622E-03
1.472313E-04  1.858483E+01  1.476877E+01  2.736267E-03  2.174424E-03
1.485936E-04  1.854336E+01  1.470591E+01  2.755424E-03  2.185205E-03
1.499685E-04  1.850167E+01  1.464278E+01  2.774667E-03  2.195955E-03
1.513561E-04  1.845971E+01  1.457925E+01  2.793991E-03  2.206660E-03
1.527566E-04  1.841736E+01  1.451487E+01  2.813374E-03  2.217243E-03
1.541700E-04  1.837463E+01  1.444975E+01  2.832818E-03  2.227719E-03
1.555966E-04  1.833158E+01  1.438411E+01  2.852331E-03  2.238118E-03
1.570363E-04  1.828825E+01  1.431818E+01  2.871918E-03  2.248473E-03
1.584893E-04  1.824468E+01  1.425216E+01  2.891587E-03  2.258816E-03
1.599558E-04  1.820093E+01  1.418627E+01  2.911345E-03  2.269176E-03
1.614359E-04  1.815704E+01  1.412067E+01  2.931198E-03  2.279584E-03
1.629296E-04  1.811305E+01  1.405553E+01  2.951152E-03  2.290062E-03
1.644372E-04  1.806900E+01  1.399097E+01  2.971216E-03  2.300636E-03
1.659587E-04  1.802494E+01  1.392709E+01  2.991395E-03  2.311322E-03
1.674943E-04  1.798089E+01  1.386399E+01  3.011697E-03  2.322139E-03
1.690441E-04  1.793690E+01  1.380171E+01  3.032128E-03  2.333097E-03
1.706082E-04  1.789301E+01  1.374028E+01  3.052694E-03  2.344205E-03
1.721869E-04  1.784923E+01  1.367974E+01  3.073403E-03  2.355471E-03
1.737801E-04  1.780562E+01  1.362007E+01  3.094262E-03  2.366898E-03
1.753881E-04  1.776220E+01  1.356128E+01  3.115277E-03  2.378486E-03
1.770109E-04  1.771899E+01  1.350334E+01  3.136455E-03  2.390237E-03
1.786488E-04  1.767604E+01  1.344622E+01  3.157803E-03  2.402150E-03
1.803018E-04  1.763337E+01  1.338991E+01  3.179327E-03  2.414224E-03
1.819701E-04  1.759099E+01  1.333440E+01  3.201035E-03  2.426462E-03
1.836538E-04  1.754895E+01  1.327970E+01  3.222933E-03  2.438867E-03
1.853532E-04  1.750692E+01  1.322609E+01  3.244963E-03  2.451496E-03
1.870682E-04  1.746410E+01  1.317419E+01  3.266978E-03  2.464473E-03
1.887991E-04  1.742061E+01  1.312392E+01  3.288995E-03  2.477786E-03
1.905461E-04  1.737659E+01  1.307515E+01  3.311041E-03  2.491418E-03
1.923092E-04  1.733221E+01  1.302773E+01  3.333143E-03  2.505352E-03
1.940886E-04  1.728761E+01  1.298155E+01  3.355327E-03  2.519569E-03
1.958845E-04  1.724292E+01  1.293644E+01  3.377620E-03  2.534047E-03
1.976970E-04  1.719829E+01  1.289225E+01  3.400050E-03  2.548759E-03
1.995262E-04  1.715384E+01  1.284879E+01  3.422642E-03  2.563670E-03
2.013724E-04  1.710971E+01  1.280585E+01  3.445424E-03  2.578745E-03
2.032357E-04  1.706601E+01  1.276320E+01  3.468422E-03  2.593937E-03
2.051162E-04  1.702286E+01  1.272058E+01  3.491664E-03  2.609198E-03
2.070141E-04  1.698036E+01  1.267774E+01  3.515175E-03  2.624471E-03
2.089296E-04  1.693864E+01  1.263438E+01  3.538984E-03  2.639696E-03
2.108628E-04  1.689779E+01  1.259021E+01  3.563116E-03  2.654807E-03
2.128139E-04  1.685792E+01  1.254492E+01  3.587599E-03  2.669735E-03
2.147830E-04  1.681911E+01  1.249823E+01  3.612460E-03  2.684408E-03
2.167704E-04  1.678146E+01  1.244983E+01  3.637725E-03  2.698756E-03
2.187762E-04  1.674506E+01  1.239946E+01  3.663421E-03  2.712705E-03
2.208005E-04  1.671000E+01  1.234683E+01  3.689575E-03  2.726187E-03
2.228435E-04  1.667634E+01  1.229174E+01  3.716214E-03  2.739135E-03
2.249055E-04  1.664417E+01  1.223399E+01  3.743365E-03  2.751490E-03
2.269865E-04  1.661388E+01  1.217310E+01  3.771125E-03  2.763130E-03
2.290868E-04  1.658557E+01  1.210917E+01  3.799534E-03  2.774051E-03
2.312065E-04  1.655898E+01  1.204279E+01  3.828543E-03  2.784372E-03
2.333458E-04  1.653385E+01  1.197457E+01  3.858104E-03  2.794215E-03
2.355049E-04  1.650991E+01  1.190508E+01  3.888166E-03  2.803705E-03
2.376840E-04  1.648694E+01  1.183486E+01  3.918682E-03  2.812958E-03
2.398833E-04  1.646468E+01  1.176442E+01  3.949603E-03  2.822086E-03
2.421029E-04  1.644292E+01  1.169419E+01  3.980878E-03  2.831196E-03
2.443431E-04  1.642142E+01  1.162456E+01  4.012460E-03  2.840380E-03
2.466039E-04  1.639998E+01  1.155586E+01  4.044300E-03  2.849719E-03
2.488857E-04  1.637839E+01  1.148834E+01  4.076348E-03  2.859284E-03
2.511886E-04  1.635645E+01  1.142221E+01  4.108555E-03  2.869131E-03
2.535129E-04  1.633397E+01  1.135763E+01  4.140872E-03  2.879304E-03
2.558586E-04  1.631077E+01  1.129467E+01  4.173251E-03  2.889837E-03
2.582260E-04  1.628667E+01  1.123337E+01  4.205642E-03  2.900750E-03
2.606154E-04  1.626150E+01  1.117377E+01  4.237996E-03  2.912057E-03
2.630268E-04  1.623509E+01  1.111583E+01  4.270264E-03  2.923761E-03
2.654606E-04  1.620729E+01  1.105951E+01  4.302397E-03  2.935865E-03
2.679168E-04  1.617795E+01  1.100478E+01  4.334346E-03  2.948365E-03
2.703958E-04  1.614693E+01  1.095159E+01  4.366062E-03  2.961264E-03
2.728978E-04  1.611407E+01  1.089992E+01  4.397495E-03  2.974565E-03
2.754229E-04  1.607925E+01  1.084980E+01  4.428593E-03  2.988285E-03
2.779713E-04  1.604226E+01  1.080130E+01  4.459287E-03  3.002453E-03
2.805434E-04  1.600327E+01  1.075435E+01  4.489612E-03  3.017063E-03
2.831392E-04  1.596256E+01  1.070888E+01  4.519628E-03  3.032103E-03
2.857591E-04  1.592039E+01  1.066482E+01  4.549394E-03  3.047572E-03
2.884032E-04  1.587699E+01  1.062217E+01  4.578973E-03  3.063466E-03
2.910717E-04  1.583260E+01  1.058083E+01  4.608423E-03  3.079781E-03
2.937650E-04  1.578747E+01  1.054076E+01  4.637806E-03  3.096506E-03
2.964831E-04  1.574181E+01  1.050184E+01  4.667181E-03  3.113620E-03
2.992265E-04  1.569584E+01  1.046395E+01  4.696610E-03  3.131091E-03
3.019952E-04  1.564976E+01  1.042690E+01  4.726152E-03  3.148875E-03
3.047895E-04  1.560378E+01  1.039050E+01  4.755869E-03  3.166916E-03
3.076097E-04  1.555809E+01  1.035450E+01  4.785820E-03  3.185143E-03
3.104560E-04  1.551288E+01  1.031861E+01  4.816067E-03  3.203474E-03
3.133286E-04  1.546833E+01  1.028254E+01  4.846669E-03  3.221814E-03
3.162278E-04  1.542460E+01  1.024596E+01  4.877687E-03  3.240058E-03
3.191538E-04  1.538187E+01  1.020854E+01  4.909182E-03  3.258095E-03
3.221069E-04  1.534029E+01  1.016993E+01  4.941214E-03  3.275805E-03
3.250873E-04  1.530003E+01  1.012980E+01  4.973844E-03  3.293069E-03
3.280953E-04  1.526122E+01  1.008782E+01  5.007133E-03  3.309767E-03
3.311311E-04  1.522400E+01  1.004370E+01  5.041140E-03  3.325781E-03
3.341950E-04  1.518852E+01  9.997175E+00  5.075928E-03  3.341007E-03
3.372873E-04  1.515485E+01  9.948052E+00  5.111537E-03  3.355352E-03
3.404082E-04  1.512276E+01  9.896433E+00  5.147911E-03  3.368826E-03
3.435579E-04  1.509204E+01  9.842728E+00  5.184992E-03  3.381547E-03
3.467369E-04  1.506252E+01  9.787369E+00  5.222731E-03  3.393642E-03
3.499452E-04  1.503401E+01  9.730793E+00  5.261079E-03  3.405245E-03
3.531832E-04  1.500634E+01  9.673412E+00  5.299987E-03  3.416488E-03
3.564511E-04  1.497934E+01  9.615620E+00  5.339403E-03  3.427499E-03
3.597493E-04  1.495285E+01  9.557771E+00  5.379279E-03  3.438401E-03
3.630781E-04  1.492672E+01  9.500178E+00  5.419565E-03  3.449306E-03
3.664376E-04  1.490080E+01  9.443121E+00  5.460211E-03  3.460314E-03
3.698282E-04  1.487493E+01  9.386821E+00  5.501168E-03  3.471510E-03
3.732502E-04  1.484898E+01  9.331462E+00  5.542385E-03  3.482970E-03
3.767038E-04  1.482282E+01  9.277184E+00  5.583813E-03  3.494750E-03
3.801894E-04  1.479631E+01  9.224074E+00  5.625401E-03  3.506896E-03
3.837072E-04  1.476934E+01  9.172200E+00  5.667102E-03  3.519439E-03
3.872576E-04  1.474177E+01  9.121564E+00  5.708863E-03  3.532396E-03
3.908409E-04  1.471350E+01  9.072180E+00  5.750637E-03  3.545779E-03
3.944573E-04  1.468441E+01  9.024012E+00  5.792372E-03  3.559586E-03
3.981072E-04  1.465439E+01  8.977018E+00  5.834019E-03  3.573815E-03
4.017908E-04  1.462335E+01  8.931155E+00  5.875529E-03  3.588457E-03
4.055085E-04  1.459119E+01  8.886402E+00  5.916851E-03  3.603511E-03
4.092607E-04  1.455780E+01  8.842724E+00  5.957935E-03  3.618977E-03
4.130475E-04  1.452317E+01  8.800050E+00  5.998761E-03  3.634838E-03
4.168694E-04  1.448746E+01  8.758225E+00  6.039379E-03  3.651034E-03
4.207266E-04  1.445079E+01  8.717177E+00  6.079831E-03  3.667548E-03
4.246196E-04  1.441328E+01  8.676865E+00  6.120163E-03  3.684366E-03
4.285485E-04  1.437507E+01  8.637253E+00  6.160415E-03  3.701483E-03
4.325138E-04  1.433626E+01  8.598312E+00  6.200632E-03  3.718890E-03
4.365158E-04  1.429698E+01  8.560015E+00  6.240856E-03  3.736582E-03
4.405549E-04  1.425732E+01  8.522320E+00  6.281131E-03  3.754550E-03
4.446313E-04  1.421740E+01  8.485197E+00  6.321499E-03  3.772782E-03
4.487454E-04  1.417732E+01  8.448583E+00  6.362005E-03  3.791263E-03
4.528976E-04  1.413717E+01  8.412435E+00  6.402690E-03  3.809972E-03
4.570882E-04  1.409706E+01  8.376684E+00  6.443599E-03  3.828881E-03
4.613176E-04  1.405707E+01  8.341237E+00  6.484773E-03  3.847959E-03
4.655861E-04  1.401730E+01  8.306016E+00  6.526258E-03  3.867166E-03
4.698941E-04  1.397782E+01  8.270922E+00  6.568095E-03  3.886458E-03
4.742420E-04  1.393872E+01  8.235842E+00  6.610328E-03  3.905782E-03
4.786301E-04  1.390009E+01  8.200664E+00  6.653000E-03  3.925085E-03
4.830588E-04  1.386198E+01  8.165273E+00  6.696154E-03  3.944306E-03
4.875285E-04  1.382449E+01  8.129536E+00  6.739834E-03  3.963381E-03
4.920395E-04  1.378768E+01  8.093346E+00  6.784082E-03  3.982246E-03
4.965923E-04  1.375161E+01  8.056570E+00  6.828943E-03  4.000832E-03
5.011872E-04  1.371634E+01  8.019114E+00  6.874456E-03  4.019079E-03
5.058247E-04  1.368154E+01  7.981256E+00  6.920460E-03  4.037115E-03
5.105050E-04  1.364698E+01  7.943192E+00  6.966852E-03  4.055039E-03
5.152286E-04  1.361266E+01  7.904952E+00  7.013631E-03  4.072856E-03
5.199960E-04  1.357856E+01  7.866549E+00  7.060795E-03  4.090574E-03
5.248075E-04  1.354467E+01  7.828011E+00  7.108343E-03  4.108200E-03
5.296634E-04  1.351098E+01  7.789368E+00  7.156273E-03  4.125743E-03
5.345644E-04  1.347749E+01  7.750633E+00  7.204584E-03  4.143214E-03
5.395106E-04  1.344417E+01  7.711841E+00  7.253274E-03  4.160621E-03
5.445027E-04  1.341103E+01  7.673007E+00  7.302342E-03  4.177974E-03
5.495409E-04  1.337805E+01  7.634158E+00  7.351787E-03  4.195284E-03
5.546257E-04  1.334523E+01  7.595324E+00  7.401606E-03  4.212560E-03
5.597576E-04  1.331255E+01  7.556511E+00  7.451799E-03  4.229813E-03
5.649370E-04  1.328000E+01  7.517747E+00  7.502364E-03  4.247052E-03
5.701643E-04  1.324758E+01  7.479047E+00  7.553299E-03  4.264287E-03
5.754399E-04  1.321529E+01  7.440446E+00  7.604604E-03  4.281528E-03
5.807644E-04  1.318310E+01  7.401944E+00  7.656275E-03  4.298784E-03
5.861382E-04  1.315102E+01  7.363563E+00  7.708313E-03  4.316065E-03
5.915616E-04  1.311903E+01  7.325322E+00  7.760716E-03  4.333379E-03
5.970353E-04  1.308713E+01  7.287237E+00  7.813481E-03  4.350737E-03
6.025596E-04  1.305532E+01  7.249322E+00  7.866608E-03  4.368147E-03
6.081350E-04  1.302358E+01  7.211591E+00  7.920095E-03  4.385620E-03
6.137620E-04  1.299191E+01  7.174044E+00  7.973942E-03  4.403155E-03
6.194411E-04  1.296032E+01  7.136574E+00  8.028154E-03  4.420689E-03
6.251727E-04  1.292880E+01  7.099182E+00  8.082735E-03  4.438214E-03
6.309573E-04  1.289736E+01  7.061862E+00  8.137684E-03  4.455734E-03
6.367955E-04  1.286598E+01  7.024629E+00  8.193001E-03  4.473252E-03
6.426877E-04  1.283467E+01  6.987491E+00  8.248686E-03  4.490774E-03
6.486344E-04  1.280342E+01  6.950455E+00  8.304740E-03  4.508304E-03
6.546362E-04  1.277223E+01  6.913529E+00  8.361163E-03  4.525847E-03
6.606934E-04  1.274109E+01  6.876721E+00  8.417954E-03  4.543404E-03
6.668068E-04  1.271000E+01  6.840035E+00  8.475114E-03  4.560982E-03
6.729767E-04  1.267896E+01  6.803478E+00  8.532643E-03  4.578581E-03
6.792036E-04  1.264796E+01  6.767054E+00  8.590542E-03  4.596208E-03
6.854882E-04  1.261701E+01  6.730766E+00  8.648809E-03  4.613861E-03
6.918310E-04  1.258609E+01  6.694619E+00  8.707446E-03  4.631545E-03
6.982324E-04  1.255521E+01  6.658615E+00  8.766452E-03  4.649261E-03
7.046931E-04  1.252436E+01  6.622757E+00  8.825829E-03  4.667011E-03
7.112135E-04  1.249354E+01  6.587046E+00  8.885574E-03  4.684796E-03
7.177943E-04  1.246275E+01  6.551484E+00  8.945690E-03  4.702618E-03
7.244360E-04  1.243198E+01  6.516071E+00  9.006175E-03  4.720477E-03
7.311391E-04  1.240124E+01  6.480810E+00  9.067031E-03  4.738373E-03
7.379042E-04  1.237052E+01  6.445700E+00  9.128257E-03  4.756309E-03
7.447320E-04  1.233981E+01  6.410744E+00  9.189853E-03  4.774286E-03
7.516229E-04  1.230908E+01  6.375937E+00  9.251790E-03  4.792300E-03
7.585776E-04  1.227824E+01  6.341266E+00  9.314000E-03  4.810342E-03
7.655966E-04  1.224730E+01  6.306732E+00  9.376495E-03  4.828412E-03
7.726806E-04  1.221629E+01  6.272336E+00  9.439289E-03  4.846512E-03
7.798301E-04  1.218522E+01  6.238078E+00  9.502399E-03  4.864642E-03
7.870458E-04  1.215411E+01  6.203963E+00  9.565839E-03  4.882802E-03
7.943282E-04  1.212298E+01  6.169988E+00  9.629626E-03  4.900996E-03
8.016781E-04  1.209185E+01  6.136157E+00  9.693774E-03  4.919222E-03
8.090959E-04  1.206074E+01  6.102469E+00  9.758299E-03  4.937483E-03
8.165824E-04  1.202967E+01  6.068926E+00  9.823216E-03  4.955778E-03
8.241381E-04  1.199865E+01  6.035526E+00  9.888542E-03  4.974107E-03
8.317638E-04  1.196769E+01  6.002270E+00  9.954291E-03  4.992471E-03
8.394600E-04  1.193682E+01  5.969157E+00  1.002048E-02  5.010868E-03
8.472274E-04  1.190604E+01  5.936185E+00  1.008712E-02  5.029299E-03
8.550667E-04  1.187537E+01  5.903355E+00  1.015423E-02  5.047762E-03
8.629785E-04  1.184483E+01  5.870662E+00  1.022183E-02  5.066256E-03
8.709636E-04  1.181442E+01  5.838108E+00  1.028993E-02  5.084779E-03
8.790225E-04  1.178416E+01  5.805689E+00  1.035854E-02  5.103332E-03
8.871560E-04  1.175407E+01  5.773405E+00  1.042769E-02  5.121910E-03
8.953648E-04  1.172414E+01  5.741253E+00  1.049738E-02  5.140516E-03
9.036495E-04  1.169440E+01  5.709233E+00  1.056764E-02  5.159146E-03
9.120108E-04  1.166486E+01  5.677345E+00  1.063847E-02  5.177801E-03
9.204496E-04  1.163545E+01  5.645644E+00  1.070985E-02  5.196531E-03
9.289664E-04  1.160614E+01  5.614170E+00  1.078172E-02  5.215375E-03
9.375620E-04  1.157691E+01  5.582909E+00  1.085407E-02  5.234323E-03
9.462372E-04  1.154776E+01  5.551847E+00  1.092692E-02  5.253364E-03
9.549926E-04  1.151868E+01  5.520970E+00  1.100025E-02  5.272485E-03
9.638290E-04  1.148966E+01  5.490264E+00  1.107407E-02  5.291676E-03
9.727472E-04  1.146071E+01  5.459716E+00  1.114838E-02  5.310924E-03
9.817479E-04  1.143181E+01  5.429314E+00  1.122316E-02  5.330218E-03
9.908319E-04  1.140297E+01  5.399042E+00  1.129843E-02  5.349544E-03
1.000000E-03  1.137417E+01  5.368889E+00  1.137417E-02  5.368889E-03
1.009253E-03  1.134541E+01  5.338840E+00  1.145039E-02  5.388239E-03
1.018591E-03  1.131669E+01  5.308883E+00  1.152709E-02  5.407582E-03
1.028016E-03  1.128801E+01  5.279003E+00  1.160426E-02  5.426902E-03
1.037528E-03  1.125935E+01  5.249189E+00  1.168190E-02  5.446182E-03
1.047129E-03  1.123072E+01  5.219426E+00  1.176001E-02  5.465410E-03
1.056818E-03  1.120211E+01  5.189701E+00  1.183859E-02  5.484567E-03
1.066596E-03  1.117352E+01  5.160002E+00  1.191763E-02  5.503638E-03
1.076465E-03  1.114494E+01  5.130316E+00  1.199714E-02  5.522606E-03
1.086426E-03  1.111637E+01  5.100629E+00  1.207711E-02  5.541454E-03
1.096478E-03  1.108781E+01  5.070932E+00  1.215754E-02  5.560167E-03
1.106624E-03  1.105926E+01  5.041212E+00  1.223844E-02  5.578725E-03
1.116863E-03  1.103070E+01  5.011458E+00  1.231979E-02  5.597114E-03
1.127197E-03  1.100213E+01  4.981651E+00  1.240158E-02  5.615304E-03
1.137627E-03  1.097354E+01  4.951804E+00  1.248380E-02  5.633308E-03
1.148154E-03  1.094494E+01  4.921943E+00  1.256648E-02  5.651146E-03
1.158777E-03  1.091633E+01  4.892088E+00  1.264960E-02  5.668841E-03
1.169499E-03  1.088771E+01  4.862264E+00  1.273318E-02  5.686414E-03
1.180321E-03  1.085909E+01  4.832490E+00  1.281721E-02  5.703888E-03
1.191242E-03  1.083047E+01  4.802788E+00  1.290171E-02  5.721283E-03
1.202264E-03  1.080185E+01  4.773177E+00  1.298668E-02  5.738621E-03
1.213389E-03  1.077324E+01  4.743676E+00  1.307212E-02  5.755923E-03
1.224616E-03  1.074463E+01  4.714301E+00  1.315805E-02  5.773209E-03
1.235947E-03  1.071603E+01  4.685068E+00  1.324445E-02  5.790498E-03
1.247384E-03  1.068745E+01  4.655995E+00  1.333135E-02  5.807811E-03
1.258925E-03  1.065888E+01  4.627093E+00  1.341874E-02  5.825165E-03
1.270574E-03  1.063034E+01  4.598378E+00  1.350663E-02  5.842580E-03
1.282331E-03  1.060181E+01  4.569861E+00  1.359502E-02  5.860073E-03
1.294196E-03  1.057330E+01  4.541555E+00  1.368392E-02  5.877662E-03
1.306171E-03  1.054482E+01  4.513472E+00  1.377334E-02  5.895365E-03
1.318257E-03  1.051637E+01  4.485620E+00  1.386327E-02  5.913200E-03
1.330454E-03  1.048794E+01  4.458013E+00  1.395373E-02  5.931183E-03
1.342765E-03  1.045955E+01  4.430659E+00  1.404472E-02  5.949333E-03
1.355189E-03  1.043119E+01  4.403569E+00  1.413624E-02  5.967669E-03
1.367729E-03  1.040284E+01  4.376762E+00  1.422826E-02  5.986223E-03
1.380384E-03  1.037440E+01  4.350275E+00  1.432066E-02  6.005051E-03
1.393157E-03  1.034588E+01  4.324088E+00  1.441343E-02  6.024133E-03
1.406048E-03  1.031729E+01  4.298179E+00  1.450661E-02  6.043444E-03
1.419058E-03  1.028866E+01  4.272524E+00  1.460020E-02  6.062957E-03
1.432188E-03  1.026000E+01  4.247100E+00  1.469424E-02  6.082644E-03
1.445440E-03  1.023131E+01  4.221885E+00  1.478875E-02  6.102481E-03
1.458814E-03  1.020263E+01  4.196858E+00  1.488374E-02  6.122437E-03
1.472313E-03  1.017396E+01  4.171997E+00  1.497925E-02  6.142484E-03
1.485936E-03  1.014532E+01  4.147282E+00  1.507530E-02  6.162594E-03
1.499685E-03  1.011672E+01  4.122690E+00  1.517190E-02  6.182735E-03
1.513561E-03  1.008818E+01  4.098200E+00  1.526908E-02  6.202877E-03
1.527566E-03  1.005971E+01  4.073793E+00  1.536687E-02  6.222987E-03
1.541700E-03  1.003131E+01  4.049446E+00  1.546528E-02  6.243032E-03
1.555966E-03  1.000301E+01  4.025140E+00  1.556433E-02  6.262978E-03
1.570363E-03  9.974806E+00  4.000853E+00  1.566406E-02  6.282791E-03
1.584893E-03  9.946720E+00  3.976567E+00  1.576449E-02  6.302434E-03
1.599558E-03  9.918758E+00  3.952262E+00  1.586563E-02  6.321872E-03
1.614359E-03  9.890930E+00  3.927918E+00  1.596751E-02  6.341068E-03
1.629296E-03  9.863246E+00  3.903518E+00  1.607015E-02  6.359986E-03
1.644372E-03  9.835716E+00  3.879044E+00  1.617357E-02  6.378589E-03
1.659587E-03  9.808348E+00  3.854478E+00  1.627781E-02  6.396841E-03
1.674943E-03  9.781111E+00  3.829859E+00  1.638280E-02  6.414795E-03
1.690441E-03  9.753944E+00  3.805267E+00  1.648847E-02  6.432579E-03
1.706082E-03  9.726844E+00  3.780709E+00  1.659480E-02  6.450202E-03
1.721869E-03  9.699809E+00  3.756192E+00  1.670180E-02  6.467670E-03
1.737801E-03  9.672836E+00  3.731722E+00  1.680946E-02  6.484989E-03
1.753881E-03  9.645924E+00  3.707304E+00  1.691780E-02  6.502169E-03
1.770109E-03  9.619069E+00  3.682944E+00  1.702680E-02  6.519213E-03
1.786488E-03  9.592271E+00  3.658648E+00  1.713647E-02  6.536128E-03
1.803018E-03  9.565526E+00  3.634418E+00  1.724681E-02  6.552919E-03
1.819701E-03  9.538833E+00  3.610259E+00  1.735782E-02  6.569591E-03
1.836538E-03  9.512190E+00  3.586174E+00  1.746950E-02  6.586146E-03
1.853532E-03  9.485595E+00  3.562166E+00  1.758185E-02  6.602587E-03
1.870682E-03  9.459047E+00  3.538236E+00  1.769487E-02  6.618915E-03
1.887991E-03  9.432543E+00  3.514386E+00  1.780856E-02  6.635130E-03
1.905461E-03  9.406082E+00  3.490616E+00  1.792292E-02  6.651232E-03
1.923092E-03  9.379662E+00  3.466928E+00  1.803795E-02  6.667221E-03
1.940886E-03  9.353281E+00  3.443322E+00  1.815365E-02  6.683094E-03
1.958845E-03  9.326939E+00  3.419796E+00  1.827002E-02  6.698850E-03
1.976970E-03  9.300633E+00  3.396352E+00  1.838707E-02  6.714485E-03
1.995262E-03  9.274362E+00  3.372990E+00  1.850479E-02  6.730000E-03
2.013724E-03  9.248125E+00  3.349710E+00  1.862317E-02  6.745393E-03
2.032357E-03  9.221919E+00  3.326513E+00  1.874223E-02  6.760662E-03
2.051162E-03  9.195706E+00  3.303377E+00  1.886188E-02  6.775761E-03
2.070141E-03  9.169468E+00  3.280294E+00  1.898210E-02  6.790672E-03
2.089296E-03  9.143216E+00  3.257275E+00  1.910289E-02  6.805411E-03
2.108628E-03  9.116958E+00  3.234327E+00  1.922427E-02  6.819993E-03
2.128139E-03  9.090701E+00  3.211459E+00  1.934628E-02  6.834432E-03
2.147830E-03  9.064454E+00  3.188680E+00  1.946891E-02  6.848744E-03
2.167704E-03  9.038224E+00  3.165996E+00  1.959220E-02  6.862942E-03
2.187762E-03  9.012019E+00  3.143415E+00  1.971615E-02  6.877043E-03
2.208005E-03  8.985846E+00  3.120943E+00  1.984079E-02  6.891057E-03
2.228435E-03  8.959711E+00  3.098586E+00  1.996613E-02  6.904998E-03
2.249055E-03  8.933621E+00  3.076349E+00  2.009220E-02  6.918877E-03
2.269865E-03  8.907583E+00  3.054235E+00  2.021901E-02  6.932702E-03
2.290868E-03  8.881602E+00  3.032250E+00  2.034657E-02  6.946483E-03
2.312065E-03  8.855685E+00  3.010395E+00  2.047492E-02  6.960229E-03
2.333458E-03  8.829836E+00  2.988674E+00  2.060405E-02  6.973945E-03
2.355049E-03  8.804063E+00  2.967087E+00  2.073400E-02  6.987636E-03
2.376840E-03  8.778369E+00  2.945637E+00  2.086478E-02  7.001310E-03
2.398833E-03  8.752760E+00  2.924326E+00  2.099641E-02  7.014968E-03
2.421029E-03  8.727240E+00  2.903153E+00  2.112890E-02  7.028617E-03
2.443431E-03  8.701815E+00  2.882121E+00  2.126228E-02  7.042261E-03
2.466039E-03  8.676489E+00  2.861229E+00  2.139656E-02  7.055903E-03
2.488857E-03  8.651261E+00  2.840483E+00  2.153175E-02  7.069555E-03
2.511886E-03  8.626094E+00  2.819896E+00  2.166777E-02  7.083258E-03
2.535129E-03  8.600978E+00  2.799468E+00  2.180459E-02  7.097012E-03
2.558586E-03  8.575912E+00  2.779191E+00  2.194221E-02  7.110800E-03
2.582260E-03  8.550894E+00  2.759063E+00  2.208063E-02  7.124617E-03
2.606154E-03  8.525922E+00  2.739077E+00  2.221986E-02  7.138455E-03
2.630268E-03  8.500993E+00  2.719229E+00  2.235989E-02  7.152300E-03
2.654606E-03  8.476107E+00  2.699514E+00  2.250072E-02  7.166145E-03
2.679168E-03  8.451262E+00  2.679926E+00  2.264235E-02  7.179969E-03
2.703958E-03  8.426456E+00  2.660460E+00  2.278479E-02  7.193772E-03
2.728978E-03  8.401687E+00  2.641110E+00  2.292802E-02  7.207532E-03
2.754229E-03  8.376955E+00  2.621871E+00  2.307205E-02  7.221236E-03
2.779713E-03  8.352256E+00  2.602738E+00  2.321688E-02  7.234862E-03
2.805434E-03  8.327591E+00  2.583702E+00  2.336250E-02  7.248403E-03
2.831392E-03  8.302958E+00  2.564759E+00  2.350893E-02  7.261838E-03
2.857591E-03  8.278354E+00  2.545901E+00  2.365615E-02  7.275146E-03
2.884032E-03  8.253780E+00  2.527123E+00  2.380416E-02  7.288305E-03
2.910717E-03  8.229234E+00  2.508417E+00  2.395297E-02  7.301295E-03
2.937650E-03  8.204715E+00  2.489777E+00  2.410258E-02  7.314093E-03
2.964831E-03  8.180220E+00  2.471198E+00  2.425297E-02  7.326687E-03
2.992265E-03  8.155751E+00  2.452673E+00  2.440416E-02  7.339047E-03
3.019952E-03  8.131304E+00  2.434195E+00  2.455615E-02  7.351153E-03
3.047895E-03  8.106864E+00  2.415780E+00  2.470887E-02  7.363046E-03
3.076097E-03  8.082391E+00  2.397470E+00  2.486222E-02  7.374848E-03
3.104560E-03  8.057892E+00  2.379266E+00  2.501621E-02  7.386572E-03
3.133286E-03  8.033377E+00  2.361166E+00  2.517087E-02  7.398204E-03
3.162278E-03  8.008856E+00  2.343168E+00  2.532623E-02  7.409751E-03
3.191538E-03  7.984337E+00  2.325271E+00  2.548231E-02  7.421192E-03
3.221069E-03  7.959828E+00  2.307473E+00  2.563915E-02  7.432527E-03
3.250873E-03  7.935337E+00  2.289772E+00  2.579677E-02  7.443756E-03
3.280953E-03  7.910873E+00  2.272166E+00  2.595520E-02  7.454871E-03
3.311311E-03  7.886444E+00  2.254652E+00  2.611447E-02  7.465860E-03
3.341950E-03  7.862055E+00  2.237229E+00  2.627460E-02  7.476707E-03
3.372873E-03  7.837716E+00  2.219894E+00  2.643562E-02  7.487419E-03
3.404082E-03  7.813432E+00  2.202643E+00  2.659756E-02  7.497976E-03
3.435579E-03  7.789210E+00  2.185472E+00  2.676045E-02  7.508364E-03
3.467369E-03  7.765056E+00  2.168380E+00  2.692431E-02  7.518574E-03
3.499452E-03  7.740977E+00  2.151361E+00  2.708917E-02  7.528587E-03
3.531832E-03  7.716978E+00  2.134414E+00  2.725507E-02  7.538388E-03
3.564511E-03  7.693066E+00  2.117532E+00  2.742202E-02  7.547969E-03
3.597493E-03  7.669245E+00  2.100715E+00  2.759006E-02  7.557310E-03
3.630781E-03  7.645520E+00  2.083955E+00  2.775921E-02  7.566389E-03
3.664376E-03  7.621897E+00  2.067253E+00  2.792949E-02  7.575193E-03
3.698282E-03  7.598380E+00  2.050603E+00  2.810095E-02  7.583706E-03
3.732502E-03  7.574952E+00  2.034024E+00  2.827352E-02  7.592000E-03
3.767038E-03  7.551591E+00  2.017538E+00  2.844713E-02  7.600139E-03
3.801894E-03  7.528291E+00  2.001140E+00  2.862177E-02  7.608122E-03
3.837072E-03  7.505051E+00  1.984831E+00  2.879743E-02  7.615943E-03
3.872576E-03  7.481868E+00  1.968608E+00  2.897410E-02  7.623587E-03
3.908409E-03  7.458736E+00  1.952470E+00  2.915179E-02  7.631054E-03
3.944573E-03  7.435655E+00  1.936416E+00  2.933048E-02  7.638337E-03
3.981072E-03  7.412621E+00  1.920445E+00  2.951017E-02  7.645429E-03
4.017908E-03  7.389630E+00  1.904555E+00  2.969085E-02  7.652331E-03
4.055085E-03  7.366680E+00  1.888747E+00  2.987252E-02  7.659027E-03
4.092607E-03  7.343769E+00  1.873016E+00  3.005516E-02  7.665518E-03
4.130475E-03  7.320894E+00  1.857364E+00  3.023877E-02  7.671797E-03
4.168694E-03  7.298052E+00  1.841788E+00  3.042334E-02  7.677850E-03
4.207266E-03  7.275241E+00  1.826287E+00  3.060888E-02  7.683677E-03
4.246196E-03  7.252459E+00  1.810859E+00  3.079536E-02  7.689263E-03
4.285485E-03  7.229703E+00  1.795504E+00  3.098278E-02  7.694602E-03
4.325138E-03  7.206971E+00  1.780219E+00  3.117115E-02  7.699693E-03
4.365158E-03  7.184262E+00  1.765003E+00  3.136044E-02  7.704515E-03
4.405549E-03  7.161573E+00  1.749855E+00  3.155066E-02  7.709069E-03
4.446313E-03  7.138902E+00  1.734773E+00  3.174179E-02  7.713340E-03
4.487454E-03  7.116248E+00  1.719756E+00  3.193383E-02  7.717328E-03
4.528976E-03  7.093607E+00  1.704804E+00  3.212678E-02  7.721012E-03
4.570882E-03  7.070965E+00  1.689937E+00  3.232054E-02  7.724505E-03
4.613176E-03  7.048318E+00  1.675162E+00  3.251513E-02  7.727814E-03
4.655861E-03  7.025673E+00  1.660476E+00  3.271056E-02  7.730947E-03
4.698941E-03  7.003035E+00  1.645879E+00  3.290685E-02  7.733888E-03
4.742420E-03  6.980407E+00  1.631369E+00  3.310402E-02  7.736639E-03
4.786301E-03  6.957795E+00  1.616945E+00  3.330210E-02  7.739185E-03
4.830588E-03  6.935202E+00  1.602605E+00  3.350110E-02  7.741525E-03
4.875285E-03  6.912634E+00  1.588349E+00  3.370106E-02  7.743654E-03
4.920395E-03  6.890093E+00  1.574175E+00  3.390198E-02  7.745563E-03
4.965923E-03  6.867584E+00  1.560083E+00  3.410390E-02  7.747253E-03
5.011872E-03  6.845111E+00  1.546070E+00  3.430682E-02  7.748709E-03
5.058247E-03  6.822678E+00  1.532136E+00  3.451079E-02  7.749926E-03
5.105050E-03  6.800287E+00  1.518280E+00  3.471580E-02  7.750894E-03
5.152286E-03  6.777942E+00  1.504500E+00  3.492190E-02  7.751616E-03
5.199960E-03  6.755647E+00  1.490796E+00  3.512909E-02  7.752075E-03
5.248075E-03  6.733405E+00  1.477166E+00  3.533741E-02  7.752273E-03
5.296634E-03  6.711218E+00  1.463609E+00  3.554687E-02  7.752195E-03
5.345644E-03  6.689090E+00  1.450123E+00  3.575749E-02  7.751842E-03
5.395106E-03  6.667024E+00  1.436708E+00  3.596930E-02  7.751191E-03
5.445027E-03  6.645021E+00  1.423364E+00  3.618232E-02  7.750251E-03
5.495409E-03  6.623086E+00  1.410087E+00  3.639656E-02  7.749006E-03
5.546257E-03  6.601211E+00  1.396885E+00  3.661201E-02  7.747486E-03
5.597576E-03  6.579365E+00  1.383783E+00  3.682850E-02  7.745824E-03
5.649370E-03  6.557546E+00  1.370779E+00  3.704600E-02  7.744035E-03
5.701643E-03  6.535755E+00  1.357873E+00  3.726454E-02  7.742105E-03
5.754399E-03  6.513996E+00  1.345059E+00  3.748413E-02  7.740005E-03
5.807644E-03  6.492270E+00  1.332336E+00  3.770479E-02  7.737735E-03
5.861382E-03  6.470579E+00  1.319700E+00  3.792653E-02  7.735267E-03
5.915616E-03  6.448925E+00  1.307149E+00  3.814936E-02  7.732594E-03
5.970353E-03  6.427309E+00  1.294679E+00  3.837331E-02  7.729695E-03
6.025596E-03  6.405735E+00  1.282289E+00  3.859837E-02  7.726556E-03
6.081350E-03  6.384203E+00  1.269974E+00  3.882457E-02  7.723162E-03
6.137620E-03  6.362715E+00  1.257734E+00  3.905192E-02  7.719499E-03
6.194411E-03  6.341272E+00  1.245566E+00  3.928044E-02  7.715546E-03
6.251727E-03  6.319877E+00  1.233466E+00  3.951014E-02  7.711296E-03
6.309573E-03  6.298530E+00  1.221434E+00  3.974104E-02  7.706729E-03
6.367955E-03  6.277233E+00  1.209467E+00  3.997314E-02  7.701828E-03
6.426877E-03  6.255988E+00  1.197561E+00  4.020647E-02  7.696582E-03
6.486344E-03  6.234795E+00  1.185716E+00  4.044103E-02  7.690967E-03
6.546362E-03  6.213657E+00  1.173930E+00  4.067685E-02  7.684971E-03
6.606934E-03  6.192574E+00  1.162201E+00  4.091393E-02  7.678586E-03
6.668068E-03  6.171547E+00  1.150527E+00  4.115229E-02  7.671790E-03
6.729767E-03  6.150577E+00  1.138906E+00  4.139195E-02  7.664571E-03
6.792036E-03  6.129660E+00  1.127343E+00  4.163288E-02  7.656955E-03
6.854882E-03  6.108786E+00  1.115848E+00  4.187501E-02  7.649007E-03
6.918310E-03  6.087955E+00  1.104424E+00  4.211836E-02  7.640741E-03
6.982324E-03  6.067165E+00  1.093070E+00  4.236291E-02  7.632171E-03
7.046931E-03  6.046416E+00  1.081791E+00  4.260868E-02  7.623304E-03
7.112135E-03  6.025708E+00  1.070587E+00  4.285565E-02  7.614154E-03
7.177943E-03  6.005039E+00  1.059458E+00  4.310383E-02  7.604728E-03
7.244360E-03  5.984410E+00  1.048408E+00  4.335322E-02  7.595041E-03
7.311391E-03  5.963819E+00  1.037437E+00  4.360381E-02  7.585106E-03
7.379042E-03  5.943267E+00  1.026546E+00  4.385562E-02  7.574924E-03
7.447320E-03  5.922752E+00  1.015736E+00  4.410863E-02  7.564515E-03
7.516229E-03  5.902275E+00  1.005009E+00  4.436285E-02  7.553873E-03
7.585776E-03  5.881834E+00  9.943647E-01  4.461827E-02  7.543026E-03
7.655966E-03  5.861430E+00  9.838047E-01  4.487491E-02  7.531974E-03
7.726806E-03  5.841061E+00  9.733289E-01  4.513274E-02  7.520724E-03
7.798301E-03  5.820728E+00  9.629387E-01  4.539179E-02  7.509290E-03
7.870458E-03  5.800430E+00  9.526348E-01  4.565204E-02  7.497672E-03
7.943282E-03  5.780167E+00  9.424164E-01  4.591350E-02  7.485885E-03
8.016781E-03  5.759938E+00  9.322856E-01  4.617616E-02  7.473928E-03
8.090959E-03  5.739743E+00  9.222426E-01  4.644003E-02  7.461822E-03
8.165824E-03  5.719582E+00  9.122865E-01  4.670510E-02  7.449575E-03
8.241381E-03  5.699455E+00  9.024196E-01  4.697138E-02  7.437186E-03
8.317638E-03  5.679368E+00  8.926424E-01  4.723892E-02  7.424678E-03
8.394600E-03  5.659322E+00  8.829550E-01  4.750775E-02  7.412056E-03
8.472274E-03  5.639317E+00  8.733582E-01  4.777784E-02  7.399335E-03
8.550667E-03  5.619350E+00  8.638518E-01  4.804919E-02  7.386508E-03
8.629785E-03  5.599420E+00  8.544346E-01  4.832179E-02  7.373589E-03
8.709636E-03  5.579524E+00  8.451072E-01  4.859562E-02  7.360579E-03
8.790225E-03  5.559661E+00  8.358695E-01  4.887067E-02  7.347483E-03
8.871560E-03  5.539829E+00  8.267210E-01  4.914693E-02  7.334302E-03
8.953648E-03  5.520028E+00  8.176615E-01  4.942438E-02  7.321051E-03
9.036495E-03  5.500254E+00  8.086897E-01  4.970302E-02  7.307722E-03
9.120108E-03  5.480508E+00  7.998064E-01  4.998283E-02  7.294323E-03
9.204496E-03  5.460787E+00  7.910100E-01  5.026379E-02  7.280852E-03
9.289664E-03  5.441090E+00  7.823005E-01  5.054590E-02  7.267311E-03
9.375620E-03  5.421417E+00  7.736766E-01  5.082914E-02  7.253692E-03
9.462372E-03  5.401765E+00  7.651369E-01  5.111351E-02  7.240010E-03
9.549926E-03  5.382134E+00  7.566813E-01  5.139898E-02  7.226257E-03
9.638290E-03  5.362522E+00  7.483092E-01  5.168554E-02  7.212418E-03
9.727472E-03  5.342929E+00  7.400184E-01  5.197319E-02  7.198510E-03
9.817479E-03  5.323353E+00  7.318081E-01  5.226191E-02  7.184516E-03
9.908319E-03  5.303794E+00  7.236785E-01  5.255169E-02  7.170438E-03
1.000000E-02  5.284251E+00  7.156267E-01  5.284251E-02  7.156267E-03
1.198397E-02  4.916610E+00  5.704324E-01  5.892049E-02  6.836043E-03
1.396794E-02  4.618608E+00  4.697207E-01  6.451242E-02  6.561029E-03
1.595190E-02  4.371256E+00  4.016578E-01  6.972986E-02  6.407206E-03
1.793587E-02  4.161847E+00  3.569648E-01  7.464635E-02  6.402476E-03
1.991984E-02  3.981497E+00  3.251405E-01  7.931079E-02  6.476747E-03
2.190381E-02  3.823984E+00  3.032522E-01  8.375981E-02  6.642378E-03
2.388778E-02  3.685632E+00  2.897746E-01  8.804154E-02  6.922070E-03
2.587174E-02  3.562479E+00  2.815669E-01  9.216754E-02  7.284628E-03
2.785571E-02  3.452310E+00  2.761048E-01  9.616656E-02  7.691094E-03
2.983968E-02  3.352626E+00  2.720873E-01  1.000413E-01  8.119000E-03
3.182365E-02  3.262081E+00  2.691359E-01  1.038113E-01  8.564887E-03
3.380762E-02  3.179698E+00  2.667982E-01  1.074980E-01  9.019812E-03
3.579158E-02  3.104134E+00  2.648348E-01  1.111019E-01  9.478858E-03
3.777555E-02  3.034502E+00  2.629641E-01  1.146300E-01  9.933613E-03
3.975952E-02  2.970202E+00  2.610838E-01  1.180938E-01  1.038056E-02
4.174349E-02  2.910628E+00  2.592012E-01  1.214998E-01  1.081996E-02
4.372745E-02  2.854955E+00  2.573859E-01  1.248399E-01  1.125483E-02
4.571142E-02  2.803016E+00  2.553926E-01  1.281299E-01  1.167436E-02
4.769539E-02  2.754435E+00  2.532751E-01  1.313739E-01  1.208006E-02
4.967936E-02  2.709161E+00  2.508439E-01  1.345894E-01  1.246176E-02
5.166333E-02  2.666919E+00  2.480229E-01  1.377819E-01  1.281369E-02
5.364729E-02  2.627156E+00  2.450143E-01  1.409398E-01  1.314436E-02
5.563126E-02  2.589624E+00  2.418686E-01  1.440641E-01  1.345546E-02
5.761523E-02  2.554182E+00  2.386047E-01  1.471598E-01  1.374727E-02
5.959920E-02  2.520636E+00  2.352770E-01  1.502279E-01  1.402232E-02
6.158317E-02  2.488758E+00  2.319287E-01  1.532656E-01  1.428290E-02
6.356713E-02  2.458283E+00  2.286264E-01  1.562660E-01  1.453313E-02
6.555110E-02  2.429136E+00  2.253253E-01  1.592325E-01  1.477032E-02
6.753507E-02  2.401276E+00  2.219745E-01  1.621703E-01  1.499107E-02
6.951904E-02  2.374629E+00  2.185941E-01  1.650819E-01  1.519645E-02
7.150301E-02  2.349121E+00  2.152037E-01  1.679692E-01  1.538771E-02
7.348697E-02  2.324704E+00  2.117718E-01  1.708355E-01  1.556247E-02
7.547094E-02  2.301311E+00  2.082953E-01  1.736821E-01  1.572024E-02
7.745491E-02  2.278794E+00  2.048423E-01  1.765037E-01  1.586604E-02
7.943888E-02  2.257074E+00  2.014160E-01  1.792994E-01  1.600026E-02
8.142285E-02  2.236090E+00  1.980110E-01  1.820688E-01  1.612262E-02
8.340681E-02  2.215796E+00  1.946246E-01  1.848125E-01  1.623302E-02
8.539078E-02  2.196199E+00  1.912673E-01  1.875351E-01  1.633246E-02
8.737475E-02  2.177240E+00  1.879431E-01  1.902358E-01  1.642148E-02
8.935872E-02  2.158857E+00  1.846513E-01  1.929127E-01  1.650020E-02
9.134269E-02  2.140996E+00  1.813916E-01  1.955643E-01  1.656880E-02
9.332665E-02  2.123623E+00  1.781913E-01  1.981906E-01  1.663001E-02
9.531062E-02  2.106701E+00  1.750539E-01  2.007910E-01  1.668450E-02
9.729459E-02  2.090194E+00  1.719728E-01  2.033645E-01  1.673201E-02
9.927856E-02  2.074067E+00  1.689422E-01  2.059104E-01  1.677234E-02
1.012625E-01  2.058296E+00  1.659577E-01  2.084282E-01  1.680530E-02
1.032465E-01  2.042914E+00  1.630184E-01  2.109237E-01  1.683107E-02
1.052305E-01  2.027899E+00  1.601278E-01  2.133968E-01  1.685032E-02
1.072144E-01  2.013206E+00  1.572888E-01  2.158447E-01  1.686363E-02
1.091984E-01  1.998794E+00  1.545033E-01  2.182651E-01  1.687150E-02
1.111824E-01  1.984631E+00  1.517721E-01  2.206560E-01  1.687438E-02
1.131663E-01  1.970738E+00  1.491084E-01  2.230212E-01  1.687405E-02
1.151503E-01  1.957107E+00  1.465138E-01  2.253615E-01  1.687111E-02
1.171343E-01  1.943707E+00  1.439823E-01  2.276747E-01  1.686526E-02
1.191182E-01  1.930512E+00  1.415081E-01  2.299591E-01  1.685620E-02
1.211022E-01  1.917498E+00  1.390858E-01  2.322133E-01  1.684359E-02
1.230862E-01  1.904647E+00  1.367100E-01  2.344357E-01  1.682711E-02
1.250701E-01  1.891992E+00  1.343677E-01  2.366317E-01  1.680538E-02
1.270541E-01  1.879552E+00  1.320600E-01  2.388048E-01  1.677877E-02
1.290381E-01  1.867291E+00  1.298005E-01  2.409517E-01  1.674920E-02
1.310220E-01  1.855180E+00  1.276000E-01  2.430695E-01  1.671842E-02
1.330060E-01  1.843192E+00  1.254672E-01  2.451557E-01  1.668789E-02
1.349900E-01  1.831305E+00  1.234082E-01  2.472078E-01  1.665887E-02
1.369739E-01  1.819519E+00  1.213895E-01  2.492267E-01  1.662721E-02
1.389579E-01  1.807857E+00  1.193749E-01  2.512161E-01  1.658808E-02
1.409419E-01  1.796308E+00  1.174121E-01  2.531751E-01  1.654829E-02
1.429259E-01  1.784877E+00  1.154950E-01  2.551051E-01  1.650722E-02
1.449098E-01  1.773541E+00  1.136221E-01  2.570035E-01  1.646495E-02
1.468938E-01  1.762299E+00  1.117958E-01  2.588707E-01  1.642210E-02
1.488778E-01  1.751150E+00  1.100151E-01  2.607072E-01  1.637881E-02
1.508617E-01  1.740087E+00  1.082778E-01  2.625125E-01  1.633497E-02
1.528457E-01  1.729114E+00  1.065823E-01  2.642877E-01  1.629065E-02
1.548297E-01  1.718223E+00  1.049259E-01  2.660319E-01  1.624564E-02
1.568136E-01  1.707422E+00  1.033058E-01  2.677471E-01  1.619976E-02
1.587976E-01  1.696702E+00  1.017228E-01  2.694322E-01  1.615333E-02
1.607816E-01  1.686041E+00  1.001773E-01  2.710844E-01  1.610667E-02
1.627655E-01  1.675453E+00  9.866671E-02  2.727060E-01  1.605954E-02
1.647495E-01  1.664916E+00  9.719275E-02  2.742941E-01  1.601245E-02
1.667335E-01  1.654418E+00  9.575817E-02  2.758469E-01  1.596609E-02
1.687174E-01  1.643974E+00  9.436192E-02  2.773670E-01  1.592050E-02
1.707014E-01  1.633576E+00  9.299939E-02  2.788537E-01  1.587513E-02
1.726854E-01  1.623227E+00  9.166777E-02  2.803075E-01  1.582969E-02
1.746693E-01  1.612928E+00  9.036690E-02  2.817291E-01  1.578432E-02
1.766533E-01  1.602668E+00  8.909185E-02  2.831166E-01  1.573837E-02
1.786373E-01  1.592451E+00  8.784041E-02  2.844711E-01  1.569157E-02
1.806212E-01  1.582283E+00  8.661365E-02  2.857940E-01  1.564426E-02
1.826052E-01  1.572155E+00  8.541093E-02  2.870837E-01  1.559648E-02
1.845892E-01  1.562068E+00  8.423155E-02  2.883408E-01  1.554823E-02
1.865731E-01  1.552025E+00  8.307430E-02  2.895661E-01  1.549943E-02
1.885571E-01  1.542015E+00  8.193656E-02  2.907579E-01  1.544972E-02
1.905411E-01  1.532041E+00  8.081686E-02  2.919167E-01  1.539893E-02
1.925251E-01  1.522112E+00  7.971625E-02  2.930447E-01  1.534737E-02
1.945090E-01  1.512220E+00  7.863529E-02  2.941405E-01  1.529528E-02
1.964930E-01  1.502361E+00  7.757393E-02  2.952034E-01  1.524274E-02
1.984770E-01  1.492541E+00  7.653073E-02  2.962350E-01  1.518959E-02
2.004609E-01  1.482757E+00  7.550571E-02  2.972349E-01  1.513594E-02
2.024449E-01  1.473006E+00  7.449858E-02  2.982026E-01  1.508186E-02
2.044289E-01  1.463304E+00  7.350962E-02  2.991415E-01  1.502749E-02
2.064128E-01  1.453643E+00  7.253827E-02  3.000505E-01  1.497283E-02
2.083968E-01  1.444005E+00  7.158339E-02  3.009261E-01  1.491775E-02
2.103808E-01  1.434391E+00  7.064436E-02  3.017682E-01  1.486221E-02
2.123647E-01  1.424811E+00  6.972121E-02  3.025796E-01  1.480633E-02
2.143487E-01  1.415245E+00  6.881089E-02  3.033559E-01  1.474953E-02
2.163327E-01  1.405674E+00  6.791014E-02  3.040931E-01  1.469118E-02
2.183166E-01  1.396108E+00  6.701775E-02  3.047936E-01  1.463109E-02
2.203006E-01  1.386560E+00  6.613792E-02  3.054599E-01  1.457023E-02
2.222846E-01  1.377032E+00  6.527487E-02  3.060931E-01  1.450960E-02
2.242685E-01  1.367530E+00  6.443008E-02  3.066940E-01  1.444964E-02
2.262525E-01  1.358053E+00  6.359908E-02  3.072628E-01  1.438945E-02
2.282365E-01  1.348601E+00  6.278613E-02  3.078000E-01  1.433008E-02
2.302204E-01  1.339178E+00  6.199541E-02  3.083061E-01  1.427261E-02
2.322044E-01  1.329788E+00  6.122969E-02  3.087826E-01  1.421780E-02
2.341884E-01  1.320439E+00  6.048634E-02  3.092314E-01  1.416519E-02
2.361723E-01  1.311123E+00  5.975909E-02  3.096511E-01  1.411344E-02
2.381563E-01  1.301836E+00  5.904221E-02  3.100404E-01  1.406128E-02
2.401403E-01  1.292574E+00  5.833454E-02  3.103990E-01  1.400847E-02
2.421242E-01  1.283344E+00  5.763992E-02  3.107287E-01  1.395603E-02
2.441082E-01  1.274143E+00  5.695237E-02  3.110287E-01  1.390254E-02
2.460922E-01  1.264966E+00  5.626594E-02  3.112982E-01  1.384661E-02
2.480762E-01  1.255815E+00  5.557697E-02  3.115377E-01  1.378732E-02
2.500601E-01  1.246701E+00  5.488914E-02  3.117503E-01  1.372559E-02
2.520441E-01  1.237620E+00  5.420604E-02  3.119347E-01  1.366231E-02
2.540281E-01  1.228564E+00  5.353061E-02  3.120897E-01  1.359828E-02
2.560120E-01  1.219532E+00  5.286461E-02  3.122147E-01  1.353397E-02
2.579960E-01  1.210531E+00  5.220541E-02  3.123121E-01  1.346879E-02
2.599800E-01  1.201558E+00  5.155390E-02  3.123809E-01  1.340298E-02
2.619639E-01  1.192605E+00  5.091136E-02  3.124194E-01  1.333694E-02
2.639479E-01  1.183665E+00  5.027864E-02  3.124260E-01  1.327094E-02
2.659319E-01  1.174748E+00  4.965569E-02  3.124029E-01  1.320503E-02
2.679158E-01  1.165858E+00  4.904191E-02  3.123518E-01  1.313910E-02
2.698998E-01  1.156995E+00  4.843684E-02  3.122727E-01  1.307309E-02
2.718838E-01  1.148159E+00  4.783995E-02  3.121659E-01  1.300690E-02
2.738677E-01  1.139351E+00  4.725093E-02  3.120314E-01  1.294051E-02
2.758517E-01  1.130572E+00  4.667031E-02  3.118701E-01  1.287408E-02
2.778357E-01  1.121821E+00  4.609751E-02  3.116818E-01  1.280754E-02
2.798196E-01  1.113097E+00  4.553173E-02  3.114665E-01  1.274067E-02
2.818036E-01  1.104400E+00  4.497205E-02  3.112240E-01  1.267328E-02
2.837876E-01  1.095736E+00  4.441762E-02  3.109563E-01  1.260517E-02
2.857715E-01  1.087108E+00  4.386924E-02  3.106647E-01  1.253658E-02
2.877555E-01  1.078514E+00  4.332836E-02  3.103483E-01  1.246798E-02
2.897395E-01  1.069950E+00  4.279632E-02  3.100067E-01  1.239978E-02
2.917234E-01  1.061414E+00  4.227430E-02  3.096394E-01  1.233240E-02
2.937074E-01  1.052910E+00  4.176017E-02  3.092473E-01  1.226527E-02
2.956914E-01  1.044437E+00  4.125385E-02  3.088311E-01  1.219841E-02
2.976754E-01  1.035994E+00  4.075747E-02  3.083899E-01  1.213250E-02
2.996593E-01  1.027577E+00  4.027299E-02  3.079231E-01  1.206818E-02
3.016433E-01  1.019184E+00  3.980220E-02  3.074301E-01  1.200607E-02
3.036273E-01  1.010822E+00  3.934592E-02  3.069130E-01  1.194649E-02
3.056112E-01  1.002492E+00  3.890253E-02  3.063727E-01  1.188905E-02
3.075952E-01  9.941945E-01  3.847008E-02  3.058094E-01  1.183321E-02
3.095792E-01  9.859296E-01  3.804667E-02  3.052233E-01  1.177845E-02
3.115631E-01  9.776968E-01  3.763040E-02  3.046143E-01  1.172424E-02
3.135471E-01  9.694965E-01  3.722262E-02  3.039828E-01  1.167104E-02
3.155311E-01  9.613292E-01  3.682468E-02  3.033292E-01  1.161933E-02
3.175150E-01  9.531940E-01  3.643452E-02  3.026534E-01  1.156851E-02
3.194990E-01  9.450904E-01  3.605007E-02  3.019554E-01  1.151796E-02
3.214830E-01  9.370177E-01  3.566929E-02  3.012352E-01  1.146707E-02
3.234669E-01  9.289774E-01  3.529108E-02  3.004935E-01  1.141550E-02
3.254509E-01  9.209738E-01  3.491709E-02  2.997318E-01  1.136380E-02
3.274349E-01  9.130066E-01  3.454839E-02  2.989502E-01  1.131234E-02
3.294188E-01  9.050752E-01  3.418589E-02  2.981488E-01  1.126147E-02
3.314028E-01  8.971790E-01  3.383039E-02  2.973276E-01  1.121148E-02
3.333868E-01  8.893176E-01  3.348250E-02  2.964867E-01  1.116262E-02
3.353707E-01  8.814911E-01  3.314167E-02  2.956263E-01  1.111475E-02
3.373547E-01  8.736994E-01  3.280756E-02  2.947466E-01  1.106778E-02
3.393387E-01  8.659425E-01  3.248020E-02  2.938478E-01  1.102179E-02
3.413226E-01  8.582200E-01  3.215951E-02  2.929299E-01  1.097677E-02
3.433066E-01  8.505320E-01  3.184531E-02  2.919933E-01  1.093271E-02
3.452906E-01  8.428790E-01  3.153729E-02  2.910382E-01  1.088953E-02
3.472745E-01  8.352648E-01  3.123529E-02  2.900662E-01  1.084722E-02
3.492585E-01  8.276891E-01  3.093975E-02  2.890775E-01  1.080597E-02
3.512425E-01  8.201509E-01  3.065116E-02  2.880718E-01  1.076599E-02
3.532265E-01  8.126495E-01  3.036986E-02  2.870493E-01  1.072744E-02
3.552104E-01  8.051841E-01  3.009613E-02  2.860098E-01  1.069046E-02
3.571944E-01  7.977546E-01  2.982981E-02  2.849535E-01  1.065504E-02
3.591784E-01  7.903621E-01  2.956995E-02  2.838809E-01  1.062089E-02
3.611623E-01  7.830055E-01  2.931701E-02  2.827921E-01  1.058820E-02
3.631463E-01  7.756835E-01  2.907139E-02  2.816866E-01  1.055717E-02
3.651303E-01  7.683950E-01  2.883341E-02  2.805643E-01  1.052795E-02
3.671142E-01  7.611388E-01  2.860327E-02  2.794249E-01  1.050067E-02
3.690982E-01  7.539143E-01  2.838121E-02  2.782684E-01  1.047545E-02
3.710822E-01  7.467234E-01  2.816732E-02  2.770957E-01  1.045239E-02
3.730661E-01  7.395677E-01  2.796126E-02  2.759077E-01  1.043139E-02
3.750501E-01  7.324489E-01  2.776260E-02  2.747050E-01  1.041237E-02
3.770341E-01  7.253682E-01  2.757083E-02  2.734885E-01  1.039514E-02
3.790180E-01  7.183271E-01  2.738526E-02  2.722589E-01  1.037951E-02
3.810020E-01  7.113264E-01  2.720518E-02  2.710168E-01  1.036523E-02
3.829860E-01  7.043624E-01  2.703182E-02  2.697609E-01  1.035281E-02
3.849699E-01  6.974342E-01  2.686520E-02  2.684912E-01  1.034229E-02
3.869539E-01  6.905437E-01  2.670433E-02  2.672086E-01  1.033335E-02
3.889379E-01  6.836924E-01  2.654804E-02  2.659139E-01  1.032554E-02
3.909218E-01  6.768819E-01  2.639502E-02  2.646079E-01  1.031838E-02
3.929058E-01  6.701136E-01  2.624387E-02  2.632915E-01  1.031137E-02
3.948898E-01  6.633882E-01  2.609367E-02  2.619652E-01  1.030412E-02
3.968737E-01  6.567052E-01  2.594501E-02  2.606291E-01  1.029690E-02
3.988577E-01  6.500640E-01  2.579864E-02  2.592830E-01  1.028999E-02
4.008417E-01  6.434641E-01  2.565526E-02  2.579272E-01  1.028370E-02
4.028257E-01  6.369050E-01  2.551554E-02  2.565617E-01  1.027831E-02
4.048096E-01  6.303863E-01  2.538006E-02  2.551864E-01  1.027409E-02
4.067936E-01  6.239075E-01  2.524931E-02  2.538016E-01  1.027126E-02
4.087776E-01  6.174680E-01  2.512213E-02  2.524071E-01  1.026936E-02
4.107615E-01  6.110674E-01  2.499754E-02  2.510030E-01  1.026802E-02
4.127455E-01  6.047053E-01  2.487623E-02  2.495894E-01  1.026755E-02
4.147295E-01  5.983815E-01  2.475876E-02  2.481664E-01  1.026819E-02
4.167134E-01  5.920956E-01  2.464561E-02  2.467342E-01  1.027016E-02
4.186974E-01  5.858474E-01  2.453716E-02  2.452928E-01  1.027365E-02
4.206814E-01  5.796365E-01  2.443371E-02  2.438423E-01  1.027881E-02
4.226653E-01  5.734618E-01  2.433543E-02  2.423824E-01  1.028574E-02
4.246493E-01  5.673238E-01  2.424171E-02  2.409137E-01  1.029422E-02
4.266333E-01  5.612238E-01  2.415182E-02  2.394367E-01  1.030397E-02
4.286172E-01  5.551629E-01  2.406507E-02  2.379524E-01  1.031470E-02
4.306012E-01  5.491423E-01  2.398076E-02  2.364614E-01  1.032614E-02
4.325852E-01  5.431631E-01  2.389819E-02  2.349643E-01  1.033800E-02
4.345691E-01  5.372262E-01  2.381669E-02  2.334619E-01  1.034999E-02
4.365531E-01  5.313296E-01  2.373662E-02  2.319536E-01  1.036230E-02
4.385371E-01  5.254695E-01  2.365906E-02  2.304379E-01  1.037538E-02
4.405210E-01  5.196474E-01  2.358335E-02  2.289156E-01  1.038896E-02
4.425050E-01  5.138646E-01  2.350880E-02  2.273877E-01  1.040276E-02
4.444890E-01  5.081222E-01  2.343473E-02  2.258547E-01  1.041647E-02
4.464729E-01  5.024215E-01  2.336049E-02  2.243176E-01  1.042983E-02
4.484569E-01  4.967637E-01  2.328544E-02  2.227771E-01  1.044252E-02
4.504409E-01  4.911490E-01  2.320922E-02  2.212336E-01  1.045438E-02
4.524248E-01  4.855749E-01  2.313260E-02  2.196861E-01  1.046576E-02
4.544088E-01  4.800411E-01  2.305587E-02  2.181349E-01  1.047679E-02
4.563928E-01  4.745480E-01  2.297920E-02  2.165803E-01  1.048755E-02
4.583768E-01  4.690956E-01  2.290274E-02  2.150225E-01  1.049808E-02
4.603607E-01  4.636841E-01  2.282652E-02  2.134619E-01  1.050843E-02
4.623447E-01  4.583137E-01  2.275062E-02  2.118989E-01  1.051862E-02
4.643287E-01  4.529845E-01  2.267499E-02  2.103337E-01  1.052865E-02
4.663126E-01  4.476953E-01  2.259959E-02  2.087660E-01  1.053848E-02
4.682966E-01  4.424438E-01  2.252440E-02  2.071949E-01  1.054810E-02
4.702806E-01  4.372302E-01  2.244930E-02  2.056209E-01  1.055747E-02
4.722645E-01  4.320551E-01  2.237417E-02  2.040443E-01  1.056653E-02
4.742485E-01  4.269190E-01  2.229882E-02  2.024657E-01  1.057518E-02
4.762325E-01  4.218223E-01  2.222303E-02  2.008855E-01  1.058333E-02
4.782164E-01  4.167654E-01  2.214655E-02  1.993041E-01  1.059084E-02
4.802004E-01  4.117488E-01  2.206908E-02  1.977219E-01  1.059758E-02
4.821844E-01  4.067708E-01  2.199063E-02  1.961385E-01  1.060354E-02
4.841683E-01  4.018296E-01  2.191141E-02  1.945532E-01  1.060881E-02
4.861523E-01  3.969260E-01  2.183138E-02  1.929665E-01  1.061338E-02
4.881363E-01  3.920604E-01  2.175047E-02  1.913789E-01  1.061719E-02
4.901202E-01  3.872337E-01  2.166865E-02  1.897911E-01  1.062024E-02
4.921042E-01  3.824462E-01  2.158588E-02  1.882034E-01  1.062250E-02
4.940882E-01  3.776987E-01  2.150214E-02  1.866164E-01  1.062395E-02
4.960721E-01  3.729915E-01  2.141742E-02  1.850307E-01  1.062458E-02
4.980561E-01  3.683239E-01  2.133169E-02  1.834460E-01  1.062438E-02
5.000401E-01  3.636920E-01  2.124488E-02  1.818606E-01  1.062329E-02
5.020240E-01  3.590960E-01  2.115696E-02  1.802749E-01  1.062130E-02
5.040080E-01  3.545369E-01  2.106789E-02  1.786894E-01  1.061839E-02
5.059920E-01  3.500153E-01  2.097764E-02  1.771049E-01  1.061451E-02
5.079760E-01  3.455321E-01  2.088616E-02  1.755220E-01  1.060966E-02
5.099599E-01  3.410880E-01  2.079342E-02  1.739412E-01  1.060381E-02
5.119439E-01  3.366836E-01  2.069937E-02  1.723631E-01  1.059691E-02
5.139279E-01  3.323194E-01  2.060400E-02  1.707882E-01  1.058897E-02
5.159118E-01  3.279923E-01  2.050753E-02  1.692151E-01  1.058008E-02
5.178958E-01  3.237013E-01  2.041001E-02  1.676436E-01  1.057026E-02
5.198798E-01  3.194468E-01  2.031141E-02  1.660739E-01  1.055949E-02
5.218637E-01  3.152291E-01  2.021164E-02  1.645066E-01  1.054772E-02
5.238477E-01  3.110486E-01  2.011064E-02  1.629421E-01  1.053492E-02
5.258317E-01  3.069056E-01  2.000837E-02  1.613807E-01  1.052103E-02
5.278156E-01  3.028005E-01  1.990477E-02  1.598228E-01  1.050604E-02
5.297996E-01  2.987334E-01  1.979977E-02  1.582688E-01  1.048991E-02
5.317836E-01  2.947044E-01  1.969327E-02  1.567189E-01  1.047256E-02
5.337675E-01  2.907097E-01  1.958463E-02  1.551714E-01  1.045364E-02
5.357515E-01  2.867488E-01  1.947400E-02  1.536261E-01  1.043323E-02
5.377355E-01  2.828224E-01  1.936179E-02  1.520836E-01  1.041153E-02
5.397194E-01  2.789313E-01  1.924839E-02  1.505447E-01  1.038873E-02
5.417034E-01  2.750761E-01  1.913419E-02  1.490097E-01  1.036505E-02
5.436874E-01  2.712575E-01  1.901955E-02  1.474793E-01  1.034069E-02
5.456713E-01  2.674761E-01  1.890485E-02  1.459540E-01  1.031583E-02
5.476553E-01  2.637324E-01  1.879043E-02  1.444345E-01  1.029068E-02
5.496393E-01  2.600264E-01  1.867593E-02  1.429207E-01  1.026503E-02
5.516232E-01  2.563529E-01  1.855653E-02  1.414102E-01  1.023621E-02
5.536072E-01  2.527131E-01  1.843396E-02  1.399038E-01  1.020518E-02
5.555912E-01  2.491091E-01  1.831124E-02  1.384028E-01  1.017356E-02
5.575752E-01  2.455397E-01  1.818793E-02  1.369068E-01  1.014114E-02
5.595591E-01  2.420049E-01  1.806359E-02  1.354160E-01  1.010765E-02
5.615431E-01  2.385054E-01  1.793844E-02  1.339310E-01  1.007321E-02
5.635271E-01  2.350404E-01  1.781249E-02  1.324516E-01  1.003782E-02
5.655110E-01  2.316097E-01  1.768572E-02  1.309779E-01  1.000147E-02
5.674950E-01  2.282136E-01  1.755819E-02  1.295101E-01  9.964188E-03
5.694790E-01  2.248516E-01  1.742981E-02  1.280482E-01  9.925912E-03
5.714629E-01  2.215232E-01  1.730065E-02  1.265923E-01  9.886682E-03
5.734469E-01  2.182289E-01  1.717091E-02  1.251427E-01  9.846603E-03
5.754309E-01  2.149688E-01  1.704078E-02  1.236997E-01  9.805789E-03
5.774148E-01  2.117419E-01  1.691019E-02  1.222629E-01  9.764197E-03
5.793988E-01  2.085485E-01  1.677894E-02  1.208328E-01  9.721693E-03
5.813828E-01  2.053885E-01  1.664688E-02  1.194093E-01  9.678206E-03
5.833667E-01  2.022611E-01  1.651416E-02  1.179924E-01  9.633814E-03
5.853507E-01  1.991666E-01  1.638057E-02  1.165823E-01  9.588375E-03
5.873347E-01  1.961054E-01  1.624583E-02  1.151795E-01  9.541741E-03
5.893186E-01  1.930770E-01  1.610997E-02  1.137839E-01  9.493906E-03
5.913026E-01  1.900808E-01  1.597320E-02  1.123952E-01  9.444988E-03
5.932866E-01  1.871164E-01  1.583572E-02  1.110137E-01  9.395123E-03
5.952705E-01  1.841838E-01  1.569752E-02  1.096392E-01  9.344275E-03
5.972545E-01  1.812824E-01  1.555857E-02  1.082717E-01  9.292423E-03
5.992385E-01  1.784113E-01  1.541901E-02  1.069109E-01  9.239658E-03
6.012224E-01  1.755696E-01  1.527894E-02  1.055564E-01  9.186038E-03
6.032064E-01  1.727566E-01  1.513834E-02  1.042079E-01  9.131549E-03
6.051904E-01  1.699740E-01  1.499716E-02  1.028666E-01  9.076133E-03
6.071743E-01  1.672234E-01  1.485532E-02  1.015337E-01  9.019769E-03
6.091583E-01  1.645029E-01  1.471294E-02  1.002083E-01  8.962508E-03
6.111423E-01  1.618134E-01  1.456989E-02  9.889104E-02  8.904277E-03
6.131263E-01  1.591571E-01  1.442590E-02  9.758339E-02  8.844902E-03
6.151102E-01  1.565347E-01  1.428073E-02  9.628608E-02  8.784225E-03
6.170942E-01  1.539445E-01  1.413461E-02  9.499826E-02  8.722388E-03
6.190782E-01  1.513852E-01  1.398816E-02  9.371929E-02  8.659767E-03
6.210621E-01  1.488558E-01  1.384178E-02  9.244867E-02  8.596608E-03
6.230461E-01  1.463562E-01  1.369512E-02  9.118668E-02  8.532686E-03
6.250301E-01  1.438860E-01  1.354852E-02  8.993306E-02  8.468233E-03
6.270140E-01  1.414441E-01  1.340249E-02  8.868742E-02  8.403547E-03
6.289980E-01  1.390295E-01  1.325724E-02  8.744928E-02  8.338776E-03
6.309820E-01  1.366423E-01  1.311254E-02  8.621883E-02  8.273772E-03
6.329659E-01  1.342832E-01  1.296820E-02  8.499672E-02  8.208428E-03
6.349499E-01  1.319529E-01  1.282407E-02  8.378345E-02  8.142639E-03
6.369339E-01  1.296502E-01  1.268021E-02  8.257857E-02  8.076461E-03
6.389178E-01  1.273752E-01  1.253660E-02  8.138227E-02  8.009858E-03
6.409018E-01  1.251283E-01  1.239311E-02  8.019493E-02  7.942768E-03
6.428858E-01  1.229092E-01  1.224964E-02  7.901655E-02  7.875112E-03
6.448697E-01  1.207171E-01  1.210618E-02  7.784679E-02  7.806911E-03
6.468537E-01  1.185523E-01  1.196285E-02  7.668598E-02  7.738216E-03
6.488377E-01  1.164150E-01  1.181974E-02  7.553445E-02  7.669096E-03
6.508216E-01  1.143044E-01  1.167679E-02  7.439178E-02  7.599510E-03
6.528056E-01  1.122205E-01  1.153401E-02  7.325816E-02  7.529464E-03
6.547896E-01  1.101639E-01  1.139147E-02  7.213417E-02  7.459015E-03
6.567735E-01  1.081351E-01  1.124926E-02  7.102025E-02  7.388212E-03
6.587575E-01  1.061331E-01  1.110737E-02  6.991600E-02  7.317070E-03
6.607415E-01  1.041574E-01  1.096586E-02  6.882114E-02  7.245596E-03
6.627255E-01  1.022074E-01  1.082469E-02  6.773545E-02  7.173796E-03
6.647094E-01  1.002828E-01  1.068390E-02  6.665893E-02  7.101686E-03
6.666934E-01  9.838349E-02  1.054348E-02  6.559162E-02  7.029266E-03
6.686774E-01  9.650860E-02  1.040324E-02  6.453311E-02  6.956415E-03
6.706613E-01  9.465728E-02  1.026296E-02  6.348298E-02  6.882972E-03
6.726453E-01  9.282833E-02  1.012236E-02  6.244054E-02  6.808757E-03
6.746293E-01  9.102235E-02  9.981774E-03  6.140634E-02  6.733998E-03
6.766132E-01  8.924061E-02  9.841746E-03  6.038138E-02  6.659053E-03
6.785972E-01  8.748404E-02  9.702622E-03  5.936642E-02  6.584172E-03
6.805812E-01  8.575095E-02  9.563937E-03  5.836048E-02  6.509036E-03
6.825651E-01  8.404198E-02  9.426023E-03  5.736412E-02  6.433876E-03
6.845491E-01  8.235856E-02  9.289403E-03  5.637848E-02  6.359055E-03
6.865331E-01  8.070176E-02  9.154508E-03  5.540443E-02  6.284874E-03
6.885170E-01  7.907058E-02  9.021226E-03  5.444144E-02  6.211267E-03
6.905010E-01  7.746383E-02  8.889152E-03  5.348885E-02  6.137970E-03
6.924850E-01  7.588041E-02  8.757878E-03  5.254604E-02  6.064699E-03
6.944689E-01  7.431973E-02  8.627247E-03  5.161275E-02  5.991356E-03
6.964529E-01  7.278218E-02  8.497684E-03  5.068936E-02  5.918238E-03
6.984369E-01  7.126688E-02  8.368665E-03  4.977542E-02  5.844984E-03
7.004208E-01  6.977294E-02  8.239541E-03  4.887042E-02  5.771148E-03
7.024048E-01  6.829937E-02  8.109723E-03  4.797381E-02  5.696309E-03
7.043888E-01  6.684606E-02  7.979460E-03  4.708561E-02  5.620644E-03
7.063727E-01  6.541375E-02  7.849550E-03  4.620649E-02  5.544709E-03
7.083567E-01  6.400320E-02  7.720750E-03  4.533710E-02  5.469047E-03
7.103407E-01  6.261421E-02  7.593075E-03  4.447742E-02  5.393671E-03
7.123246E-01  6.124592E-02  7.466022E-03  4.362698E-02  5.318231E-03
7.143086E-01  5.989897E-02  7.340278E-03  4.278635E-02  5.243224E-03
7.162926E-01  5.857401E-02  7.216506E-03  4.195613E-02  5.169127E-03
7.182766E-01  5.727115E-02  7.095032E-03  4.113652E-02  5.096194E-03
7.202605E-01  5.598951E-02  6.975445E-03  4.032703E-02  5.024138E-03
7.222445E-01  5.472856E-02  6.857379E-03  3.952740E-02  4.952705E-03
7.242285E-01  5.348779E-02  6.740475E-03  3.873738E-02  4.881643E-03
7.262124E-01  5.226690E-02  6.624639E-03  3.795687E-02  4.810895E-03
7.281964E-01  5.106586E-02  6.509985E-03  3.718597E-02  4.740547E-03
7.301804E-01  4.988432E-02  6.396516E-03  3.642455E-02  4.670611E-03
7.321643E-01  4.872193E-02  6.283877E-03  3.567246E-02  4.600831E-03
7.341483E-01  4.757824E-02  6.171854E-03  3.492948E-02  4.531056E-03
7.361323E-01  4.645291E-02  6.060519E-03  3.419549E-02  4.461344E-03
7.381162E-01  4.534603E-02  5.950089E-03  3.347064E-02  4.391857E-03
7.401002E-01  4.425771E-02  5.840772E-03  3.275514E-02  4.322757E-03
7.420842E-01  4.318790E-02  5.732672E-03  3.204906E-02  4.254125E-03
7.440681E-01  4.213610E-02  5.625647E-03  3.135213E-02  4.185865E-03
7.460521E-01  4.110232E-02  5.519241E-03  3.066448E-02  4.117642E-03
7.480361E-01  4.008662E-02  5.414466E-03  2.998624E-02  4.050216E-03
7.500200E-01  3.908899E-02  5.310941E-03  2.931752E-02  3.983312E-03
7.520040E-01  3.810891E-02  5.208592E-03  2.865805E-02  3.916882E-03
7.539880E-01  3.714615E-02  5.107606E-03  2.800775E-02  3.851073E-03
7.559719E-01  3.620053E-02  5.007619E-03  2.736659E-02  3.785619E-03
7.579559E-01  3.527191E-02  4.908887E-03  2.673455E-02  3.720720E-03
7.599399E-01  3.436003E-02  4.811295E-03  2.611156E-02  3.656295E-03
7.619238E-01  3.346475E-02  4.714858E-03  2.549759E-02  3.592363E-03
7.639078E-01  3.258596E-02  4.619666E-03  2.489267E-02  3.528999E-03
7.658918E-01  3.172356E-02  4.525809E-03  2.429681E-02  3.466280E-03
7.678758E-01  3.087724E-02  4.433272E-03  2.370988E-02  3.404202E-03
7.698597E-01  3.004669E-02  4.342043E-03  2.313174E-02  3.342764E-03
7.718437E-01  2.923180E-02  4.251960E-03  2.256238E-02  3.281849E-03
7.738277E-01  2.843247E-02  4.163099E-03  2.200183E-02  3.221521E-03
7.758116E-01  2.764856E-02  4.075434E-03  2.145007E-02  3.161769E-03
7.777956E-01  2.687981E-02  3.988931E-03  2.090700E-02  3.102574E-03
7.797796E-01  2.612614E-02  3.903579E-03  2.037263E-02  3.043931E-03
7.817635E-01  2.538747E-02  3.820110E-03  1.984700E-02  2.986423E-03
7.837475E-01  2.466370E-02  3.736806E-03  1.933012E-02  2.928713E-03
7.857315E-01  2.395452E-02  3.654294E-03  1.882182E-02  2.871293E-03
7.877154E-01  2.325967E-02  3.573829E-03  1.832200E-02  2.815160E-03
7.896994E-01  2.257900E-02  3.493327E-03  1.783062E-02  2.758679E-03
7.916834E-01  2.191234E-02  3.414812E-03  1.734764E-02  2.703450E-03
7.936673E-01  2.125955E-02  3.337046E-03  1.687301E-02  2.648505E-03
7.956513E-01  2.062382E-02  3.262053E-03  1.640937E-02  2.595457E-03
7.976353E-01  1.999648E-02  3.185310E-03  1.594990E-02  2.540715E-03
7.996192E-01  1.938435E-02  3.110472E-03  1.550010E-02  2.487193E-03
8.016032E-01  1.878549E-02  3.037922E-03  1.505851E-02  2.435209E-03
8.035872E-01  1.819965E-02  2.966775E-03  1.462500E-02  2.384062E-03
8.055711E-01  1.762663E-02  2.895374E-03  1.419951E-02  2.332430E-03
8.075551E-01  1.706631E-02  2.826147E-03  1.378199E-02  2.282270E-03
8.095391E-01  1.651854E-02  2.757802E-03  1.337241E-02  2.232549E-03
8.115230E-01  1.598417E-02  2.690538E-03  1.297152E-02  2.183433E-03
8.135070E-01  1.546326E-02  2.624437E-03  1.257947E-02  2.134998E-03
8.154910E-01  1.495374E-02  2.559594E-03  1.219464E-02  2.087326E-03
8.174749E-01  1.445353E-02  2.495674E-03  1.181540E-02  2.040151E-03
8.194589E-01  1.396199E-02  2.432881E-03  1.144127E-02  1.993646E-03
8.214429E-01  1.348735E-02  2.371503E-03  1.107908E-02  1.948054E-03
8.234269E-01  1.302309E-02  2.311036E-03  1.072356E-02  1.902969E-03
8.254108E-01  1.256995E-02  2.251332E-03  1.037538E-02  1.858274E-03
8.273948E-01  1.212780E-02  2.192206E-03  1.003448E-02  1.813820E-03
8.293788E-01  1.169656E-02  2.134068E-03  9.700880E-03  1.769951E-03
8.313627E-01  1.127612E-02  2.077164E-03  9.374550E-03  1.726877E-03
8.333467E-01  1.086635E-02  2.021894E-03  9.055433E-03  1.684939E-03
8.353307E-01  1.046701E-02  1.967607E-03  8.743417E-03  1.643603E-03
8.373146E-01  1.007802E-02  1.914011E-03  8.438477E-03  1.602629E-03
8.392986E-01  9.699294E-03  1.860520E-03  8.140604E-03  1.561531E-03
8.412826E-01  9.330460E-03  1.807777E-03  7.849554E-03  1.520852E-03
8.432665E-01  8.971281E-03  1.755962E-03  7.565181E-03  1.480744E-03
8.452505E-01  8.621161E-03  1.705479E-03  7.287041E-03  1.441557E-03
8.472345E-01  8.280428E-03  1.656107E-03  7.015464E-03  1.403111E-03
8.492184E-01  7.949177E-03  1.607765E-03  6.750587E-03  1.365343E-03
8.512024E-01  7.627860E-03  1.560463E-03  6.492853E-03  1.328270E-03
8.531864E-01  7.315980E-03  1.514100E-03  6.241894E-03  1.291810E-03
8.551703E-01  7.013162E-03  1.468607E-03  5.997448E-03  1.255909E-03
8.571543E-01  6.718983E-03  1.423832E-03  5.759205E-03  1.220444E-03
8.591383E-01  6.433313E-03  1.379768E-03  5.527106E-03  1.185411E-03
8.611222E-01  6.156123E-03  1.336471E-03  5.301175E-03  1.150866E-03
8.631062E-01  5.887243E-03  1.293891E-03  5.081316E-03  1.116766E-03
8.650902E-01  5.626527E-03  1.252009E-03  4.867453E-03  1.083100E-03
8.670741E-01  5.373860E-03  1.210921E-03  4.659535E-03  1.049958E-03
8.690581E-01  5.129153E-03  1.170675E-03  4.457532E-03  1.017385E-03
8.710421E-01  4.892303E-03  1.131339E-03  4.261402E-03  9.854438E-04
8.730261E-01  4.663094E-03  1.092800E-03  4.071003E-03  9.540426E-04
8.750100E-01  4.441414E-03  1.055022E-03  3.886282E-03  9.231548E-04
8.769940E-01  4.227091E-03  1.017940E-03  3.707134E-03  8.927273E-04
8.789780E-01  4.019975E-03  9.815880E-04  3.533469E-03  8.627940E-04
8.809619E-01  3.819959E-03  9.459703E-04  3.365238E-03  8.333642E-04
8.829459E-01  3.626869E-03  9.111184E-04  3.202329E-03  8.044683E-04
8.849299E-01  3.440580E-03  8.770062E-04  3.044672E-03  7.760893E-04
8.869138E-01  3.260970E-03  8.436123E-04  2.892199E-03  7.482116E-04
8.888978E-01  3.087935E-03  8.109171E-04  2.744859E-03  7.208225E-04
8.908818E-01  2.921366E-03  7.789007E-04  2.602592E-03  6.939086E-04
8.928657E-01  2.761047E-03  7.475901E-04  2.465244E-03  6.674977E-04
8.948497E-01  2.606859E-03  7.169851E-04  2.332747E-03  6.415938E-04
8.968337E-01  2.458589E-03  6.871113E-04  2.204946E-03  6.162245E-04
8.988176E-01  2.316163E-03  6.579288E-04  2.081808E-03  5.913581E-04
9.008016E-01  2.179513E-03  6.294155E-04  1.963309E-03  5.669785E-04
9.027856E-01  2.048584E-03  6.015473E-04  1.849432E-03  5.430682E-04
9.047695E-01  1.923222E-03  5.743175E-04  1.740072E-03  5.196250E-04
9.067535E-01  1.803213E-03  5.477386E-04  1.635070E-03  4.966639E-04
9.087375E-01  1.688368E-03  5.217933E-04  1.534283E-03  4.741731E-04
9.107214E-01  1.578516E-03  4.964595E-04  1.437589E-03  4.521363E-04
9.127054E-01  1.473604E-03  4.717874E-04  1.344967E-03  4.306029E-04
9.146894E-01  1.373578E-03  4.477827E-04  1.256397E-03  4.095821E-04
9.166733E-01  1.278394E-03  4.245145E-04  1.171870E-03  3.891411E-04
9.186573E-01  1.187843E-03  4.020763E-04  1.091220E-03  3.693704E-04
9.206413E-01  1.101778E-03  3.801446E-04  1.014342E-03  3.499768E-04
9.226253E-01  1.019961E-03  3.588342E-04  9.410419E-04  3.310695E-04
9.246092E-01  9.422850E-04  3.381264E-04  8.712454E-04  3.126348E-04
9.265932E-01  8.686894E-04  3.179800E-04  8.049216E-04  2.946381E-04
9.285772E-01  7.991166E-04  2.985695E-04  7.420415E-04  2.772448E-04
9.305611E-01  7.335079E-04  2.798407E-04  6.825739E-04  2.604088E-04
9.325451E-01  6.716677E-04  2.617600E-04  6.263604E-04  2.441030E-04
9.345291E-01  6.134941E-04  2.443115E-04  5.733281E-04  2.283162E-04
9.365130E-01  5.588020E-04  2.274698E-04  5.233254E-04  2.130284E-04
9.384970E-01  5.075107E-04  2.112233E-04  4.762972E-04  1.982325E-04
9.404810E-01  4.594807E-04  1.956076E-04  4.321329E-04  1.839652E-04
9.424649E-01  4.146358E-04  1.806261E-04  3.907797E-04  1.702338E-04
9.444489E-01  3.728552E-04  1.663050E-04  3.521427E-04  1.570666E-04
9.464329E-01  3.340015E-04  1.526233E-04  3.161100E-04  1.444477E-04
9.484168E-01  2.979980E-04  1.395694E-04  2.826263E-04  1.323700E-04
9.504008E-01  2.646874E-04  1.271482E-04  2.515591E-04  1.208417E-04
9.523848E-01  2.340033E-04  1.153494E-04  2.228612E-04  1.098570E-04
9.543687E-01  2.057844E-04  1.041734E-04  1.963942E-04  9.941978E-05
9.563527E-01  1.799696E-04  9.361514E-05  1.721145E-04  8.952912E-05
9.583367E-01  1.564208E-04  8.368206E-05  1.499038E-04  8.019560E-05
9.603206E-01  1.350317E-04  7.435249E-05  1.296738E-04  7.140223E-05
9.623046E-01  1.157141E-04  6.562681E-05  1.113522E-04  6.315298E-05
9.642886E-01  9.833287E-05  5.751035E-05  9.482127E-05  5.545657E-05
9.662725E-01  8.282867E-05  5.013522E-05  8.003507E-05  4.844428E-05
9.682565E-01  6.902768E-05  4.275451E-05  6.683650E-05  4.139733E-05
9.702405E-01  5.688767E-05  3.501248E-05  5.519472E-05  3.397052E-05
9.722244E-01  4.764518E-05  3.131722E-05  4.632181E-05  3.044737E-05
9.742084E-01  3.815741E-05  2.615539E-05  3.717327E-05  2.548080E-05
9.761924E-01  3.001085E-05  2.143335E-05  2.929636E-05  2.092308E-05
9.781764E-01  2.312199E-05  1.721584E-05  2.261739E-05  1.684012E-05
9.801603E-01  1.740493E-05  1.355509E-05  1.705962E-05  1.328616E-05
9.821443E-01  1.270646E-05  1.039490E-05  1.247957E-05  1.020929E-05
9.841283E-01  8.968477E-06  1.056266E-05  8.826131E-06  1.039501E-05
9.861122E-01  3.010397E-06  7.117800E-06  2.968589E-06  7.018953E-06
9.880962E-01  1.889157E-06  1.868117E-06  1.866668E-06  1.845879E-06
9.900802E-01  1.075363E-06  1.151949E-06  1.064696E-06  1.140522E-06
9.920641E-01  5.528140E-07  6.328306E-07  5.484269E-07  6.278085E-07
9.940481E-01  2.269709E-07  2.751033E-07  2.256200E-07  2.734659E-07
9.960321E-01  7.326832E-08  6.826533E-08  7.297760E-08  6.799445E-08
9.980160E-01  8.921073E-09  4.256074E-09  8.903373E-09  4.247630E-09
1.000000E+00  0.000000E+00  0.000000E+00  0.000000E+00  0.000000E+00
