# MMHT2014 NNLO Q=1.057
# x  w(x)  delta_w(x)
1.000000E-04  4.092526E+01  1.494793E+01  4.092526E-03  1.494793E-03
1.009253E-04  4.081722E+01  1.487946E+01  4.119490E-03  1.501714E-03
1.018591E-04  4.070785E+01  1.481112E+01  4.146466E-03  1.508648E-03
1.028016E-04  4.059720E+01  1.474289E+01  4.173458E-03  1.515593E-03
1.037528E-04  4.048535E+01  1.467477E+01  4.200470E-03  1.522549E-03
1.047129E-04  4.037237E+01  1.460678E+01  4.227506E-03  1.529518E-03
1.056818E-04  4.025833E+01  1.453892E+01  4.254571E-03  1.536498E-03
1.066596E-04  4.014329E+01  1.447119E+01  4.281668E-03  1.543492E-03
1.076465E-04  4.002732E+01  1.440360E+01  4.308802E-03  1.550496E-03
1.086426E-04  3.991048E+01  1.433614E+01  4.335977E-03  1.557514E-03
1.096478E-04  3.979283E+01  1.426882E+01  4.363197E-03  1.564545E-03
1.106624E-04  3.967442E+01  1.420165E+01  4.390466E-03  1.571588E-03
1.116863E-04  3.955532E+01  1.413463E+01  4.417788E-03  1.578644E-03
1.127197E-04  3.943558E+01  1.406776E+01  4.445168E-03  1.585714E-03
1.137627E-04  3.931525E+01  1.400104E+01  4.472610E-03  1.592796E-03
1.148154E-04  3.919439E+01  1.393448E+01  4.500118E-03  1.599893E-03
1.158777E-04  3.907305E+01  1.386809E+01  4.527696E-03  1.607003E-03
1.169499E-04  3.895127E+01  1.380185E+01  4.555349E-03  1.614126E-03
1.180321E-04  3.882911E+01  1.373579E+01  4.583079E-03  1.621264E-03
1.191242E-04  3.870660E+01  1.366989E+01  4.610893E-03  1.628415E-03
1.202264E-04  3.858380E+01  1.360418E+01  4.638793E-03  1.635582E-03
1.213389E-04  3.846075E+01  1.353863E+01  4.666784E-03  1.642762E-03
1.224616E-04  3.833749E+01  1.347326E+01  4.694871E-03  1.649957E-03
1.235947E-04  3.821405E+01  1.340807E+01  4.723056E-03  1.657168E-03
1.247384E-04  3.809049E+01  1.334307E+01  4.751346E-03  1.664393E-03
1.258925E-04  3.796684E+01  1.327826E+01  4.779742E-03  1.671633E-03
1.270574E-04  3.784314E+01  1.321363E+01  4.808251E-03  1.678889E-03
1.282331E-04  3.771941E+01  1.314918E+01  4.836876E-03  1.686160E-03
1.294196E-04  3.759571E+01  1.308493E+01  4.865621E-03  1.693447E-03
1.306171E-04  3.747205E+01  1.302088E+01  4.894490E-03  1.700750E-03
1.318257E-04  3.734847E+01  1.295702E+01  4.923488E-03  1.708069E-03
1.330454E-04  3.722501E+01  1.289337E+01  4.952618E-03  1.715404E-03
1.342765E-04  3.710170E+01  1.282991E+01  4.981886E-03  1.722755E-03
1.355189E-04  3.697855E+01  1.276666E+01  5.011294E-03  1.730123E-03
1.367729E-04  3.685561E+01  1.270360E+01  5.040848E-03  1.737508E-03
1.380384E-04  3.673289E+01  1.264076E+01  5.070551E-03  1.744910E-03
1.393157E-04  3.661043E+01  1.257812E+01  5.100407E-03  1.752330E-03
1.406048E-04  3.648825E+01  1.251570E+01  5.130422E-03  1.759767E-03
1.419058E-04  3.636638E+01  1.245348E+01  5.160598E-03  1.767220E-03
1.432188E-04  3.624483E+01  1.239148E+01  5.190940E-03  1.774692E-03
1.445440E-04  3.612363E+01  1.232969E+01  5.221453E-03  1.782182E-03
1.458814E-04  3.600280E+01  1.226811E+01  5.252140E-03  1.789690E-03
1.472313E-04  3.588237E+01  1.220676E+01  5.283006E-03  1.797216E-03
1.485936E-04  3.576234E+01  1.214562E+01  5.314054E-03  1.804761E-03
1.499685E-04  3.564275E+01  1.208470E+01  5.345290E-03  1.812324E-03
1.513561E-04  3.552361E+01  1.202400E+01  5.376716E-03  1.819906E-03
1.527566E-04  3.540494E+01  1.196353E+01  5.408338E-03  1.827508E-03
1.541700E-04  3.528675E+01  1.190327E+01  5.440159E-03  1.835128E-03
1.555966E-04  3.516906E+01  1.184325E+01  5.472184E-03  1.842768E-03
1.570363E-04  3.505188E+01  1.178345E+01  5.504417E-03  1.850428E-03
1.584893E-04  3.493523E+01  1.172387E+01  5.536862E-03  1.858108E-03
1.599558E-04  3.481913E+01  1.166452E+01  5.569522E-03  1.865807E-03
1.614359E-04  3.470359E+01  1.160540E+01  5.602404E-03  1.873528E-03
1.629296E-04  3.458861E+01  1.154651E+01  5.635509E-03  1.881268E-03
1.644372E-04  3.447422E+01  1.148785E+01  5.668844E-03  1.889029E-03
1.659587E-04  3.436042E+01  1.142942E+01  5.702411E-03  1.896811E-03
1.674943E-04  3.424723E+01  1.137122E+01  5.736215E-03  1.904615E-03
1.690441E-04  3.413465E+01  1.131326E+01  5.770260E-03  1.912439E-03
1.706082E-04  3.402269E+01  1.125553E+01  5.804551E-03  1.920286E-03
1.721869E-04  3.391137E+01  1.119803E+01  5.839091E-03  1.928153E-03
1.737801E-04  3.380068E+01  1.114076E+01  5.873885E-03  1.936043E-03
1.753881E-04  3.369065E+01  1.108374E+01  5.908937E-03  1.943955E-03
1.770109E-04  3.358127E+01  1.102694E+01  5.944251E-03  1.951889E-03
1.786488E-04  3.347256E+01  1.097039E+01  5.979831E-03  1.959846E-03
1.803018E-04  3.336452E+01  1.091407E+01  6.015682E-03  1.967826E-03
1.819701E-04  3.325715E+01  1.085799E+01  6.051807E-03  1.975829E-03
1.836538E-04  3.315047E+01  1.080215E+01  6.088211E-03  1.983855E-03
1.853532E-04  3.304447E+01  1.074654E+01  6.124898E-03  1.991904E-03
1.870682E-04  3.293917E+01  1.069116E+01  6.161872E-03  1.999977E-03
1.887991E-04  3.283456E+01  1.063604E+01  6.199137E-03  2.008074E-03
1.905461E-04  3.273065E+01  1.058115E+01  6.236697E-03  2.016196E-03
1.923092E-04  3.262745E+01  1.052649E+01  6.274558E-03  2.024342E-03
1.940886E-04  3.252495E+01  1.047208E+01  6.312721E-03  2.032512E-03
1.958845E-04  3.242316E+01  1.041791E+01  6.351193E-03  2.040707E-03
1.976970E-04  3.232208E+01  1.036398E+01  6.389977E-03  2.048927E-03
1.995262E-04  3.222172E+01  1.031029E+01  6.429078E-03  2.057173E-03
2.013724E-04  3.212190E+01  1.025685E+01  6.468466E-03  2.065446E-03
2.032357E-04  3.202224E+01  1.020368E+01  6.508062E-03  2.073752E-03
2.051162E-04  3.192270E+01  1.015077E+01  6.547863E-03  2.082089E-03
2.070141E-04  3.182328E+01  1.009814E+01  6.587869E-03  2.090457E-03
2.089296E-04  3.172399E+01  1.004575E+01  6.628081E-03  2.098856E-03
2.108628E-04  3.162482E+01  9.993632E+00  6.668499E-03  2.107286E-03
2.128139E-04  3.152578E+01  9.941759E+00  6.709124E-03  2.115745E-03
2.147830E-04  3.142686E+01  9.890140E+00  6.749956E-03  2.124234E-03
2.167704E-04  3.132806E+01  9.838762E+00  6.790996E-03  2.132753E-03
2.187762E-04  3.122938E+01  9.787631E+00  6.832244E-03  2.141300E-03
2.208005E-04  3.113083E+01  9.736733E+00  6.873701E-03  2.149875E-03
2.228435E-04  3.103239E+01  9.686076E+00  6.915368E-03  2.158480E-03
2.249055E-04  3.093408E+01  9.635652E+00  6.957244E-03  2.167110E-03
2.269865E-04  3.083590E+01  9.585455E+00  6.999331E-03  2.175768E-03
2.290868E-04  3.073783E+01  9.535483E+00  7.041629E-03  2.184452E-03
2.312065E-04  3.063988E+01  9.485731E+00  7.084139E-03  2.193163E-03
2.333458E-04  3.054205E+01  9.436206E+00  7.126860E-03  2.201899E-03
2.355049E-04  3.044435E+01  9.386899E+00  7.169794E-03  2.210660E-03
2.376840E-04  3.034676E+01  9.337805E+00  7.212941E-03  2.219447E-03
2.398833E-04  3.024930E+01  9.288922E+00  7.256302E-03  2.228258E-03
2.421029E-04  3.015196E+01  9.240252E+00  7.299876E-03  2.237093E-03
2.443431E-04  3.005473E+01  9.191794E+00  7.343666E-03  2.245951E-03
2.466039E-04  2.995763E+01  9.143541E+00  7.387670E-03  2.254833E-03
2.488857E-04  2.986065E+01  9.095486E+00  7.431890E-03  2.263737E-03
2.511886E-04  2.976379E+01  9.047636E+00  7.476326E-03  2.272663E-03
2.535129E-04  2.966705E+01  8.999984E+00  7.520979E-03  2.281611E-03
2.558586E-04  2.957043E+01  8.952523E+00  7.565849E-03  2.290580E-03
2.582260E-04  2.947394E+01  8.905267E+00  7.610937E-03  2.299571E-03
2.606154E-04  2.937756E+01  8.858195E+00  7.656243E-03  2.308582E-03
2.630268E-04  2.928130E+01  8.811321E+00  7.701768E-03  2.317614E-03
2.654606E-04  2.918517E+01  8.764631E+00  7.747512E-03  2.326664E-03
2.679168E-04  2.908916E+01  8.718132E+00  7.793476E-03  2.335735E-03
2.703958E-04  2.899327E+01  8.671816E+00  7.839660E-03  2.344823E-03
2.728978E-04  2.889751E+01  8.625684E+00  7.886066E-03  2.353931E-03
2.754229E-04  2.880186E+01  8.579737E+00  7.932692E-03  2.363056E-03
2.779713E-04  2.870634E+01  8.533973E+00  7.979541E-03  2.372199E-03
2.805434E-04  2.861095E+01  8.488379E+00  8.026611E-03  2.381359E-03
2.831392E-04  2.851567E+01  8.442968E+00  8.073905E-03  2.390536E-03
2.857591E-04  2.842053E+01  8.397734E+00  8.121423E-03  2.399729E-03
2.884032E-04  2.832550E+01  8.352678E+00  8.169164E-03  2.408938E-03
2.910717E-04  2.823060E+01  8.307791E+00  8.217130E-03  2.418162E-03
2.937650E-04  2.813583E+01  8.263073E+00  8.265321E-03  2.427401E-03
2.964831E-04  2.804118E+01  8.218532E+00  8.313737E-03  2.436655E-03
2.992265E-04  2.794666E+01  8.174154E+00  8.362380E-03  2.445923E-03
3.019952E-04  2.785226E+01  8.129946E+00  8.411249E-03  2.455206E-03
3.047895E-04  2.775799E+01  8.085907E+00  8.460345E-03  2.464500E-03
3.076097E-04  2.766385E+01  8.042039E+00  8.509669E-03  2.473809E-03
3.104560E-04  2.756984E+01  7.998332E+00  8.559221E-03  2.483129E-03
3.133286E-04  2.747595E+01  7.954789E+00  8.609001E-03  2.492462E-03
3.162278E-04  2.738220E+01  7.911408E+00  8.659011E-03  2.501806E-03
3.191538E-04  2.728857E+01  7.868189E+00  8.709251E-03  2.511162E-03
3.221069E-04  2.719508E+01  7.825126E+00  8.759721E-03  2.520528E-03
3.250873E-04  2.710171E+01  7.782233E+00  8.810421E-03  2.529905E-03
3.280953E-04  2.700847E+01  7.739496E+00  8.861353E-03  2.539292E-03
3.311311E-04  2.691537E+01  7.696914E+00  8.912517E-03  2.548688E-03
3.341950E-04  2.682240E+01  7.654495E+00  8.963913E-03  2.558094E-03
3.372873E-04  2.672956E+01  7.612231E+00  9.015542E-03  2.567508E-03
3.404082E-04  2.663686E+01  7.570123E+00  9.067404E-03  2.576930E-03
3.435579E-04  2.654429E+01  7.528163E+00  9.119501E-03  2.586361E-03
3.467369E-04  2.645185E+01  7.486366E+00  9.171831E-03  2.595799E-03
3.499452E-04  2.635955E+01  7.444724E+00  9.224397E-03  2.605244E-03
3.531832E-04  2.626738E+01  7.403231E+00  9.277198E-03  2.614696E-03
3.564511E-04  2.617535E+01  7.361894E+00  9.330235E-03  2.624155E-03
3.597493E-04  2.608346E+01  7.320705E+00  9.383508E-03  2.633618E-03
3.630781E-04  2.599171E+01  7.279671E+00  9.437019E-03  2.643088E-03
3.664376E-04  2.590009E+01  7.238786E+00  9.490767E-03  2.652563E-03
3.698282E-04  2.580861E+01  7.198050E+00  9.544753E-03  2.662041E-03
3.732502E-04  2.571728E+01  7.157462E+00  9.598978E-03  2.671525E-03
3.767038E-04  2.562608E+01  7.117030E+00  9.653441E-03  2.681012E-03
3.801894E-04  2.553502E+01  7.076746E+00  9.708145E-03  2.690503E-03
3.837072E-04  2.544411E+01  7.036606E+00  9.763088E-03  2.699997E-03
3.872576E-04  2.535333E+01  6.996616E+00  9.818273E-03  2.709493E-03
3.908409E-04  2.526270E+01  6.956773E+00  9.873698E-03  2.718992E-03
3.944573E-04  2.517222E+01  6.917078E+00  9.929365E-03  2.728492E-03
3.981072E-04  2.508188E+01  6.877529E+00  9.985275E-03  2.737994E-03
4.017908E-04  2.499175E+01  6.838137E+00  1.004145E-02  2.747501E-03
4.055085E-04  2.490225E+01  6.798969E+00  1.009808E-02  2.757040E-03
4.092607E-04  2.481345E+01  6.760031E+00  1.015517E-02  2.766615E-03
4.130475E-04  2.472529E+01  6.721319E+00  1.021272E-02  2.776224E-03
4.168694E-04  2.463776E+01  6.682830E+00  1.027073E-02  2.785867E-03
4.207266E-04  2.455084E+01  6.644557E+00  1.032919E-02  2.795542E-03
4.246196E-04  2.446448E+01  6.606499E+00  1.038810E-02  2.805248E-03
4.285485E-04  2.437867E+01  6.568649E+00  1.044744E-02  2.814984E-03
4.325138E-04  2.429338E+01  6.531003E+00  1.050722E-02  2.824749E-03
4.365158E-04  2.420859E+01  6.493560E+00  1.056743E-02  2.834541E-03
4.405549E-04  2.412427E+01  6.456313E+00  1.062806E-02  2.844360E-03
4.446313E-04  2.404039E+01  6.419260E+00  1.068911E-02  2.854204E-03
4.487454E-04  2.395695E+01  6.382397E+00  1.075057E-02  2.864071E-03
4.528976E-04  2.387391E+01  6.345721E+00  1.081244E-02  2.873962E-03
4.570882E-04  2.379125E+01  6.309228E+00  1.087470E-02  2.883873E-03
4.613176E-04  2.370896E+01  6.272915E+00  1.093736E-02  2.893806E-03
4.655861E-04  2.362701E+01  6.236778E+00  1.100041E-02  2.903757E-03
4.698941E-04  2.354538E+01  6.200815E+00  1.106384E-02  2.913727E-03
4.742420E-04  2.346406E+01  6.165023E+00  1.112764E-02  2.923713E-03
4.786301E-04  2.338303E+01  6.129398E+00  1.119182E-02  2.933715E-03
4.830588E-04  2.330227E+01  6.093939E+00  1.125637E-02  2.943731E-03
4.875285E-04  2.322176E+01  6.058641E+00  1.132127E-02  2.953760E-03
4.920395E-04  2.314149E+01  6.023503E+00  1.138653E-02  2.963801E-03
4.965923E-04  2.306145E+01  5.988521E+00  1.145214E-02  2.973854E-03
5.011872E-04  2.298161E+01  5.953693E+00  1.151809E-02  2.983915E-03
5.058247E-04  2.290196E+01  5.919017E+00  1.158438E-02  2.993985E-03
5.105050E-04  2.282249E+01  5.884491E+00  1.165099E-02  3.004062E-03
5.152286E-04  2.274318E+01  5.850111E+00  1.171794E-02  3.014145E-03
5.199960E-04  2.266403E+01  5.815877E+00  1.178520E-02  3.024233E-03
5.248075E-04  2.258501E+01  5.781785E+00  1.185278E-02  3.034324E-03
5.296634E-04  2.250613E+01  5.747834E+00  1.192067E-02  3.044418E-03
5.345644E-04  2.242735E+01  5.714021E+00  1.198886E-02  3.054512E-03
5.395106E-04  2.234868E+01  5.680345E+00  1.205735E-02  3.064606E-03
5.445027E-04  2.227011E+01  5.646804E+00  1.212613E-02  3.074700E-03
5.495409E-04  2.219162E+01  5.613395E+00  1.219520E-02  3.084790E-03
5.546257E-04  2.211319E+01  5.580118E+00  1.226455E-02  3.094877E-03
5.597576E-04  2.203484E+01  5.546971E+00  1.233417E-02  3.104959E-03
5.649370E-04  2.195653E+01  5.513950E+00  1.240406E-02  3.115034E-03
5.701643E-04  2.187828E+01  5.481056E+00  1.247421E-02  3.125102E-03
5.754399E-04  2.180006E+01  5.448287E+00  1.254462E-02  3.135162E-03
5.807644E-04  2.172186E+01  5.415640E+00  1.261529E-02  3.145211E-03
5.861382E-04  2.164369E+01  5.383116E+00  1.268619E-02  3.155249E-03
5.915616E-04  2.156554E+01  5.350710E+00  1.275734E-02  3.165275E-03
5.970353E-04  2.148739E+01  5.318425E+00  1.282873E-02  3.175287E-03
6.025596E-04  2.140929E+01  5.286263E+00  1.290037E-02  3.185288E-03
6.081350E-04  2.133156E+01  5.254268E+00  1.297247E-02  3.195305E-03
6.137620E-04  2.125425E+01  5.222445E+00  1.304505E-02  3.205338E-03
6.194411E-04  2.117734E+01  5.190790E+00  1.311812E-02  3.215388E-03
6.251727E-04  2.110082E+01  5.159301E+00  1.319166E-02  3.225455E-03
6.309573E-04  2.102467E+01  5.127976E+00  1.326567E-02  3.235534E-03
6.367955E-04  2.094887E+01  5.096809E+00  1.334015E-02  3.245625E-03
6.426877E-04  2.087341E+01  5.065799E+00  1.341508E-02  3.255727E-03
6.486344E-04  2.079827E+01  5.034943E+00  1.349047E-02  3.265838E-03
6.546362E-04  2.072343E+01  5.004239E+00  1.356631E-02  3.275956E-03
6.606934E-04  2.064889E+01  4.973683E+00  1.364259E-02  3.286079E-03
6.668068E-04  2.057463E+01  4.943272E+00  1.371930E-02  3.296208E-03
6.729767E-04  2.050063E+01  4.913006E+00  1.379645E-02  3.306339E-03
6.792036E-04  2.042689E+01  4.882881E+00  1.387401E-02  3.316470E-03
6.854882E-04  2.035338E+01  4.852894E+00  1.395200E-02  3.326602E-03
6.918310E-04  2.028010E+01  4.823044E+00  1.403040E-02  3.336731E-03
6.982324E-04  2.020704E+01  4.793328E+00  1.410921E-02  3.346857E-03
7.046931E-04  2.013419E+01  4.763744E+00  1.418842E-02  3.356977E-03
7.112135E-04  2.006152E+01  4.734291E+00  1.426803E-02  3.367092E-03
7.177943E-04  1.998905E+01  4.704965E+00  1.434802E-02  3.377197E-03
7.244360E-04  1.991674E+01  4.675766E+00  1.442840E-02  3.387293E-03
7.311391E-04  1.984460E+01  4.646691E+00  1.450916E-02  3.397378E-03
7.379042E-04  1.977261E+01  4.617739E+00  1.459029E-02  3.407449E-03
7.447320E-04  1.970077E+01  4.588907E+00  1.467179E-02  3.417506E-03
7.516229E-04  1.962906E+01  4.560195E+00  1.475365E-02  3.427547E-03
7.585776E-04  1.955748E+01  4.531599E+00  1.483587E-02  3.437569E-03
7.655966E-04  1.948603E+01  4.503120E+00  1.491843E-02  3.447573E-03
7.726806E-04  1.941468E+01  4.474754E+00  1.500135E-02  3.457556E-03
7.798301E-04  1.934344E+01  4.446502E+00  1.508459E-02  3.467516E-03
7.870458E-04  1.927229E+01  4.418360E+00  1.516818E-02  3.477452E-03
7.943282E-04  1.920124E+01  4.390329E+00  1.525208E-02  3.487362E-03
8.016781E-04  1.913025E+01  4.362410E+00  1.533631E-02  3.497248E-03
8.090959E-04  1.905906E+01  4.334674E+00  1.542061E-02  3.507167E-03
8.165824E-04  1.898760E+01  4.307144E+00  1.550494E-02  3.517138E-03
8.241381E-04  1.891597E+01  4.279806E+00  1.558938E-02  3.527150E-03
8.317638E-04  1.884426E+01  4.252645E+00  1.567397E-02  3.537196E-03
8.394600E-04  1.877255E+01  4.225648E+00  1.575880E-02  3.547263E-03
8.472274E-04  1.870092E+01  4.198804E+00  1.584393E-02  3.557342E-03
8.550667E-04  1.862945E+01  4.172101E+00  1.592942E-02  3.567424E-03
8.629785E-04  1.855822E+01  4.145526E+00  1.601534E-02  3.577500E-03
8.709636E-04  1.848729E+01  4.119069E+00  1.610176E-02  3.587559E-03
8.790225E-04  1.841675E+01  4.092718E+00  1.618874E-02  3.597592E-03
8.871560E-04  1.834665E+01  4.066464E+00  1.627634E-02  3.607588E-03
8.953648E-04  1.827706E+01  4.040297E+00  1.636464E-02  3.617540E-03
9.036495E-04  1.820805E+01  4.014208E+00  1.645370E-02  3.627437E-03
9.120108E-04  1.813968E+01  3.988186E+00  1.654358E-02  3.637269E-03
9.204496E-04  1.807199E+01  3.962224E+00  1.663436E-02  3.647028E-03
9.289664E-04  1.800506E+01  3.936314E+00  1.672609E-02  3.656703E-03
9.375620E-04  1.793892E+01  3.910447E+00  1.681885E-02  3.666286E-03
9.462372E-04  1.787364E+01  3.884616E+00  1.691270E-02  3.675768E-03
9.549926E-04  1.780926E+01  3.858814E+00  1.700771E-02  3.685139E-03
9.638290E-04  1.774582E+01  3.833034E+00  1.710394E-02  3.694389E-03
9.727472E-04  1.768338E+01  3.807269E+00  1.720146E-02  3.703511E-03
9.817479E-04  1.762196E+01  3.781515E+00  1.730033E-02  3.712494E-03
9.908319E-04  1.756163E+01  3.755764E+00  1.740062E-02  3.721330E-03
1.000000E-03  1.750240E+01  3.730011E+00  1.750240E-02  3.730011E-03
1.009253E-03  1.744356E+01  3.704365E+00  1.760496E-02  3.738640E-03
1.018591E-03  1.738438E+01  3.678932E+00  1.770757E-02  3.747329E-03
1.028016E-03  1.732487E+01  3.653708E+00  1.781024E-02  3.756071E-03
1.037528E-03  1.726505E+01  3.628687E+00  1.791298E-02  3.764866E-03
1.047129E-03  1.720496E+01  3.603864E+00  1.801580E-02  3.773709E-03
1.056818E-03  1.714460E+01  3.579233E+00  1.811872E-02  3.782596E-03
1.066596E-03  1.708401E+01  3.554791E+00  1.822173E-02  3.791526E-03
1.076465E-03  1.702319E+01  3.530532E+00  1.832487E-02  3.800495E-03
1.086426E-03  1.696217E+01  3.506451E+00  1.842813E-02  3.809499E-03
1.096478E-03  1.690096E+01  3.482545E+00  1.853153E-02  3.818535E-03
1.106624E-03  1.683959E+01  3.458809E+00  1.863509E-02  3.827600E-03
1.116863E-03  1.677807E+01  3.435238E+00  1.873881E-02  3.836691E-03
1.127197E-03  1.671642E+01  3.411828E+00  1.884270E-02  3.845805E-03
1.137627E-03  1.665465E+01  3.388577E+00  1.894678E-02  3.854938E-03
1.148154E-03  1.659278E+01  3.365478E+00  1.905106E-02  3.864086E-03
1.158777E-03  1.653083E+01  3.342530E+00  1.915555E-02  3.873248E-03
1.169499E-03  1.646881E+01  3.319728E+00  1.926026E-02  3.882420E-03
1.180321E-03  1.640673E+01  3.297069E+00  1.936520E-02  3.891598E-03
1.191242E-03  1.634461E+01  3.274549E+00  1.947039E-02  3.900780E-03
1.202264E-03  1.628247E+01  3.252165E+00  1.957584E-02  3.909963E-03
1.213389E-03  1.622032E+01  3.229914E+00  1.968155E-02  3.919141E-03
1.224616E-03  1.615816E+01  3.207793E+00  1.978755E-02  3.928315E-03
1.235947E-03  1.609602E+01  3.185797E+00  1.989383E-02  3.937479E-03
1.247384E-03  1.603390E+01  3.163927E+00  2.000042E-02  3.946630E-03
1.258925E-03  1.597182E+01  3.142177E+00  2.010733E-02  3.955767E-03
1.270574E-03  1.590979E+01  3.120545E+00  2.021456E-02  3.964884E-03
1.282331E-03  1.584781E+01  3.099029E+00  2.032214E-02  3.973980E-03
1.294196E-03  1.578591E+01  3.077626E+00  2.043006E-02  3.983051E-03
1.306171E-03  1.572409E+01  3.056334E+00  2.053834E-02  3.992094E-03
1.318257E-03  1.566235E+01  3.035150E+00  2.064700E-02  4.001106E-03
1.330454E-03  1.560072E+01  3.014072E+00  2.075605E-02  4.010085E-03
1.342765E-03  1.553920E+01  2.993097E+00  2.086549E-02  4.019026E-03
1.355189E-03  1.547779E+01  2.972224E+00  2.097534E-02  4.027926E-03
1.367729E-03  1.541651E+01  2.951450E+00  2.108561E-02  4.036784E-03
1.380384E-03  1.535537E+01  2.930774E+00  2.119631E-02  4.045595E-03
1.393157E-03  1.529437E+01  2.910194E+00  2.130746E-02  4.054357E-03
1.406048E-03  1.523353E+01  2.889708E+00  2.141907E-02  4.063066E-03
1.419058E-03  1.517284E+01  2.869313E+00  2.153114E-02  4.071720E-03
1.432188E-03  1.511232E+01  2.849009E+00  2.164369E-02  4.080316E-03
1.445440E-03  1.505198E+01  2.828793E+00  2.175673E-02  4.088850E-03
1.458814E-03  1.499181E+01  2.808664E+00  2.187027E-02  4.097319E-03
1.472313E-03  1.493184E+01  2.788621E+00  2.198433E-02  4.105721E-03
1.485936E-03  1.487205E+01  2.768662E+00  2.209891E-02  4.114053E-03
1.499685E-03  1.481247E+01  2.748785E+00  2.221404E-02  4.122312E-03
1.513561E-03  1.475309E+01  2.728990E+00  2.232971E-02  4.130494E-03
1.527566E-03  1.469392E+01  2.709275E+00  2.244594E-02  4.138596E-03
1.541700E-03  1.463497E+01  2.689638E+00  2.256274E-02  4.146617E-03
1.555966E-03  1.457624E+01  2.670080E+00  2.268013E-02  4.154552E-03
1.570363E-03  1.451774E+01  2.650598E+00  2.279812E-02  4.162400E-03
1.584893E-03  1.445947E+01  2.631191E+00  2.291671E-02  4.170156E-03
1.599558E-03  1.440143E+01  2.611858E+00  2.303592E-02  4.177819E-03
1.614359E-03  1.434363E+01  2.592599E+00  2.315577E-02  4.185385E-03
1.629296E-03  1.428608E+01  2.573413E+00  2.327626E-02  4.192851E-03
1.644372E-03  1.422878E+01  2.554298E+00  2.339740E-02  4.200216E-03
1.659587E-03  1.417172E+01  2.535254E+00  2.351921E-02  4.207475E-03
1.674943E-03  1.411492E+01  2.516280E+00  2.364169E-02  4.214626E-03
1.690441E-03  1.405838E+01  2.497375E+00  2.376487E-02  4.221666E-03
1.706082E-03  1.400210E+01  2.478539E+00  2.388874E-02  4.228593E-03
1.721869E-03  1.394609E+01  2.459771E+00  2.401333E-02  4.235403E-03
1.737801E-03  1.389034E+01  2.441070E+00  2.413865E-02  4.242094E-03
1.753881E-03  1.383487E+01  2.422436E+00  2.426470E-02  4.248664E-03
1.770109E-03  1.377966E+01  2.403868E+00  2.439150E-02  4.255108E-03
1.786488E-03  1.372473E+01  2.385365E+00  2.451906E-02  4.261426E-03
1.803018E-03  1.367008E+01  2.366928E+00  2.464739E-02  4.267614E-03
1.819701E-03  1.361570E+01  2.348555E+00  2.477651E-02  4.273669E-03
1.836538E-03  1.356161E+01  2.330248E+00  2.490642E-02  4.279589E-03
1.853532E-03  1.350780E+01  2.312003E+00  2.503713E-02  4.285371E-03
1.870682E-03  1.345427E+01  2.293823E+00  2.516867E-02  4.291012E-03
1.887991E-03  1.340103E+01  2.275705E+00  2.530103E-02  4.296512E-03
1.905461E-03  1.334808E+01  2.257651E+00  2.543424E-02  4.301864E-03
1.923092E-03  1.329541E+01  2.239659E+00  2.556830E-02  4.307069E-03
1.940886E-03  1.324304E+01  2.221730E+00  2.570323E-02  4.312124E-03
1.958845E-03  1.319095E+01  2.203863E+00  2.583903E-02  4.317025E-03
1.976970E-03  1.313916E+01  2.186058E+00  2.597572E-02  4.321771E-03
1.995262E-03  1.308766E+01  2.168315E+00  2.611331E-02  4.326358E-03
2.013724E-03  1.303641E+01  2.150653E+00  2.625173E-02  4.330823E-03
2.032357E-03  1.298530E+01  2.133118E+00  2.639076E-02  4.335256E-03
2.051162E-03  1.293432E+01  2.115709E+00  2.653039E-02  4.339661E-03
2.070141E-03  1.288349E+01  2.098425E+00  2.667064E-02  4.344036E-03
2.089296E-03  1.283278E+01  2.081265E+00  2.681148E-02  4.348379E-03
2.108628E-03  1.278222E+01  2.064227E+00  2.695294E-02  4.352688E-03
2.128139E-03  1.273178E+01  2.047311E+00  2.709500E-02  4.356962E-03
2.147830E-03  1.268148E+01  2.030514E+00  2.723767E-02  4.361199E-03
2.167704E-03  1.263132E+01  2.013835E+00  2.738096E-02  4.365398E-03
2.187762E-03  1.258128E+01  1.997273E+00  2.752485E-02  4.369556E-03
2.208005E-03  1.253138E+01  1.980825E+00  2.766935E-02  4.373673E-03
2.228435E-03  1.248161E+01  1.964493E+00  2.781446E-02  4.377745E-03
2.249055E-03  1.243197E+01  1.948272E+00  2.796019E-02  4.381771E-03
2.269865E-03  1.238247E+01  1.932164E+00  2.810652E-02  4.385751E-03
2.290868E-03  1.233309E+01  1.916165E+00  2.825348E-02  4.389681E-03
2.312065E-03  1.228384E+01  1.900276E+00  2.840104E-02  4.393561E-03
2.333458E-03  1.223473E+01  1.884495E+00  2.854922E-02  4.397389E-03
2.355049E-03  1.218574E+01  1.868820E+00  2.869802E-02  4.401162E-03
2.376840E-03  1.213688E+01  1.853251E+00  2.884743E-02  4.404880E-03
2.398833E-03  1.208815E+01  1.837785E+00  2.899746E-02  4.408540E-03
2.421029E-03  1.203955E+01  1.822423E+00  2.914811E-02  4.412141E-03
2.443431E-03  1.199108E+01  1.807165E+00  2.929938E-02  4.415681E-03
2.466039E-03  1.194274E+01  1.792007E+00  2.945126E-02  4.419159E-03
2.488857E-03  1.189452E+01  1.776949E+00  2.960377E-02  4.422571E-03
2.511886E-03  1.184643E+01  1.761990E+00  2.975689E-02  4.425919E-03
2.535129E-03  1.179847E+01  1.747129E+00  2.991064E-02  4.429197E-03
2.558586E-03  1.175063E+01  1.732366E+00  3.006501E-02  4.432407E-03
2.582260E-03  1.170293E+01  1.717699E+00  3.022000E-02  4.435546E-03
2.606154E-03  1.165534E+01  1.703127E+00  3.037562E-02  4.438611E-03
2.630268E-03  1.160789E+01  1.688650E+00  3.053185E-02  4.441602E-03
2.654606E-03  1.156056E+01  1.674266E+00  3.068872E-02  4.444517E-03
2.679168E-03  1.151335E+01  1.659976E+00  3.084621E-02  4.447353E-03
2.703958E-03  1.146627E+01  1.645776E+00  3.100432E-02  4.450110E-03
2.728978E-03  1.141932E+01  1.631668E+00  3.116307E-02  4.452786E-03
2.754229E-03  1.137249E+01  1.617650E+00  3.132244E-02  4.455378E-03
2.779713E-03  1.132579E+01  1.603722E+00  3.148244E-02  4.457886E-03
2.805434E-03  1.127921E+01  1.589882E+00  3.164307E-02  4.460307E-03
2.831392E-03  1.123275E+01  1.576130E+00  3.180432E-02  4.462640E-03
2.857591E-03  1.118642E+01  1.562464E+00  3.196621E-02  4.464884E-03
2.884032E-03  1.114022E+01  1.548886E+00  3.212873E-02  4.467035E-03
2.910717E-03  1.109413E+01  1.535393E+00  3.229188E-02  4.469094E-03
2.937650E-03  1.104818E+01  1.521984E+00  3.245567E-02  4.471057E-03
2.964831E-03  1.100234E+01  1.508660E+00  3.262009E-02  4.472925E-03
2.992265E-03  1.095663E+01  1.495421E+00  3.278514E-02  4.474694E-03
3.019952E-03  1.091104E+01  1.482263E+00  3.295083E-02  4.476364E-03
3.047895E-03  1.086558E+01  1.469188E+00  3.311715E-02  4.477931E-03
3.076097E-03  1.082024E+01  1.456194E+00  3.328411E-02  4.479396E-03
3.104560E-03  1.077502E+01  1.443283E+00  3.345170E-02  4.480756E-03
3.133286E-03  1.072993E+01  1.430451E+00  3.361993E-02  4.482010E-03
3.162278E-03  1.068496E+01  1.417699E+00  3.378880E-02  4.483157E-03
3.191538E-03  1.064011E+01  1.405026E+00  3.395831E-02  4.484193E-03
3.221069E-03  1.059539E+01  1.392432E+00  3.412846E-02  4.485119E-03
3.250873E-03  1.055078E+01  1.379916E+00  3.429926E-02  4.485931E-03
3.280953E-03  1.050630E+01  1.367478E+00  3.447069E-02  4.486630E-03
3.311311E-03  1.046195E+01  1.355116E+00  3.464276E-02  4.487213E-03
3.341950E-03  1.041771E+01  1.342832E+00  3.481548E-02  4.487679E-03
3.372873E-03  1.037360E+01  1.330624E+00  3.498884E-02  4.488025E-03
3.404082E-03  1.032961E+01  1.318491E+00  3.516284E-02  4.488251E-03
3.435579E-03  1.028574E+01  1.306434E+00  3.533749E-02  4.488355E-03
3.467369E-03  1.024200E+01  1.294450E+00  3.551278E-02  4.488336E-03
3.499452E-03  1.019837E+01  1.282542E+00  3.568872E-02  4.488193E-03
3.531832E-03  1.015487E+01  1.270707E+00  3.586531E-02  4.487922E-03
3.564511E-03  1.011150E+01  1.258945E+00  3.604254E-02  4.487524E-03
3.597493E-03  1.006824E+01  1.247256E+00  3.622042E-02  4.486996E-03
3.630781E-03  1.002510E+01  1.235640E+00  3.639895E-02  4.486338E-03
3.664376E-03  9.982091E+00  1.224096E+00  3.657813E-02  4.485547E-03
3.698282E-03  9.939200E+00  1.212624E+00  3.675796E-02  4.484624E-03
3.732502E-03  9.896431E+00  1.201222E+00  3.693845E-02  4.483565E-03
3.767038E-03  9.853784E+00  1.189892E+00  3.711958E-02  4.482370E-03
3.801894E-03  9.811259E+00  1.178633E+00  3.730137E-02  4.481037E-03
3.837072E-03  9.768855E+00  1.167444E+00  3.748381E-02  4.479566E-03
3.872576E-03  9.726573E+00  1.156324E+00  3.766690E-02  4.477954E-03
3.908409E-03  9.684413E+00  1.145275E+00  3.785065E-02  4.476201E-03
3.944573E-03  9.642374E+00  1.134294E+00  3.803505E-02  4.474304E-03
3.981072E-03  9.600457E+00  1.123382E+00  3.822011E-02  4.472264E-03
4.017908E-03  9.558680E+00  1.112538E+00  3.840590E-02  4.470074E-03
4.055085E-03  9.517156E+00  1.101751E+00  3.859288E-02  4.467694E-03
4.092607E-03  9.475899E+00  1.091022E+00  3.878113E-02  4.465124E-03
4.130475E-03  9.434900E+00  1.080352E+00  3.897062E-02  4.462365E-03
4.168694E-03  9.394154E+00  1.069740E+00  3.916135E-02  4.459421E-03
4.207266E-03  9.353652E+00  1.059190E+00  3.935331E-02  4.456294E-03
4.246196E-03  9.313389E+00  1.048701E+00  3.954647E-02  4.452990E-03
4.285485E-03  9.273358E+00  1.038275E+00  3.974084E-02  4.449510E-03
4.325138E-03  9.233552E+00  1.027911E+00  3.993639E-02  4.445858E-03
4.365158E-03  9.193964E+00  1.017612E+00  4.013311E-02  4.442037E-03
4.405549E-03  9.154590E+00  1.007378E+00  4.033099E-02  4.438050E-03
4.446313E-03  9.115423E+00  9.972087E-01  4.053002E-02  4.433901E-03
4.487454E-03  9.076458E+00  9.871062E-01  4.073019E-02  4.429593E-03
4.528976E-03  9.037688E+00  9.770703E-01  4.093147E-02  4.425128E-03
4.570882E-03  8.999109E+00  9.671022E-01  4.113386E-02  4.420510E-03
4.613176E-03  8.960715E+00  9.572020E-01  4.133735E-02  4.415742E-03
4.655861E-03  8.922501E+00  9.473711E-01  4.154192E-02  4.410826E-03
4.698941E-03  8.884462E+00  9.376087E-01  4.174756E-02  4.405767E-03
4.742420E-03  8.846593E+00  9.279157E-01  4.195426E-02  4.400567E-03
4.786301E-03  8.808890E+00  9.182934E-01  4.216200E-02  4.395229E-03
4.830588E-03  8.771349E+00  9.087418E-01  4.237077E-02  4.389756E-03
4.875285E-03  8.733964E+00  8.992602E-01  4.258056E-02  4.384151E-03
4.920395E-03  8.696732E+00  8.898508E-01  4.279136E-02  4.378417E-03
4.965923E-03  8.659648E+00  8.805120E-01  4.300315E-02  4.372556E-03
5.011872E-03  8.622708E+00  8.712454E-01  4.321591E-02  4.366572E-03
5.058247E-03  8.585909E+00  8.620508E-01  4.342965E-02  4.360467E-03
5.105050E-03  8.549247E+00  8.529285E-01  4.364434E-02  4.354244E-03
5.152286E-03  8.512719E+00  8.438789E-01  4.385996E-02  4.347906E-03
5.199960E-03  8.476319E+00  8.349015E-01  4.407652E-02  4.341455E-03
5.248075E-03  8.440047E+00  8.259969E-01  4.429399E-02  4.334895E-03
5.296634E-03  8.403897E+00  8.171651E-01  4.451237E-02  4.328227E-03
5.345644E-03  8.367867E+00  8.084069E-01  4.473163E-02  4.321454E-03
5.395106E-03  8.331953E+00  7.997208E-01  4.495177E-02  4.314580E-03
5.445027E-03  8.296154E+00  7.911082E-01  4.517278E-02  4.307605E-03
5.495409E-03  8.260465E+00  7.825685E-01  4.539463E-02  4.300533E-03
5.546257E-03  8.224885E+00  7.741016E-01  4.561733E-02  4.293367E-03
5.597576E-03  8.189410E+00  7.657075E-01  4.584084E-02  4.286108E-03
5.649370E-03  8.154038E+00  7.573870E-01  4.606517E-02  4.278758E-03
5.701643E-03  8.118766E+00  7.491386E-01  4.629030E-02  4.271322E-03
5.754399E-03  8.083593E+00  7.409631E-01  4.651622E-02  4.263799E-03
5.807644E-03  8.048515E+00  7.328603E-01  4.674291E-02  4.256193E-03
5.861382E-03  8.013531E+00  7.248297E-01  4.697036E-02  4.248505E-03
5.915616E-03  7.978638E+00  7.168719E-01  4.719856E-02  4.240739E-03
5.970353E-03  7.943835E+00  7.089856E-01  4.742750E-02  4.232895E-03
6.025596E-03  7.909130E+00  7.011696E-01  4.765722E-02  4.224965E-03
6.081350E-03  7.874606E+00  6.934119E-01  4.788823E-02  4.216880E-03
6.137620E-03  7.840272E+00  6.857111E-01  4.812061E-02  4.208634E-03
6.194411E-03  7.806125E+00  6.780684E-01  4.835435E-02  4.200234E-03
6.251727E-03  7.772161E+00  6.704849E-01  4.858943E-02  4.191688E-03
6.309573E-03  7.738375E+00  6.629615E-01  4.882585E-02  4.183005E-03
6.367955E-03  7.704764E+00  6.554994E-01  4.906359E-02  4.174191E-03
6.426877E-03  7.671324E+00  6.480995E-01  4.930265E-02  4.165256E-03
6.486344E-03  7.638050E+00  6.407625E-01  4.954302E-02  4.156206E-03
6.546362E-03  7.604939E+00  6.334893E-01  4.978468E-02  4.147050E-03
6.606934E-03  7.571988E+00  6.262806E-01  5.002763E-02  4.137795E-03
6.668068E-03  7.539192E+00  6.191373E-01  5.027185E-02  4.128449E-03
6.729767E-03  7.506550E+00  6.120599E-01  5.051733E-02  4.119020E-03
6.792036E-03  7.474056E+00  6.050491E-01  5.076406E-02  4.109516E-03
6.854882E-03  7.441709E+00  5.981056E-01  5.101204E-02  4.099943E-03
6.918310E-03  7.409505E+00  5.912297E-01  5.126125E-02  4.090311E-03
6.982324E-03  7.377440E+00  5.844221E-01  5.151168E-02  4.080625E-03
7.046931E-03  7.345513E+00  5.776832E-01  5.176332E-02  4.070894E-03
7.112135E-03  7.313720E+00  5.710133E-01  5.201616E-02  4.061124E-03
7.177943E-03  7.282057E+00  5.644129E-01  5.227019E-02  4.051324E-03
7.244360E-03  7.250524E+00  5.578823E-01  5.252540E-02  4.041500E-03
7.311391E-03  7.219117E+00  5.514217E-01  5.278178E-02  4.031660E-03
7.379042E-03  7.187832E+00  5.450314E-01  5.303932E-02  4.021810E-03
7.447320E-03  7.156669E+00  5.387116E-01  5.329801E-02  4.011958E-03
7.516229E-03  7.125625E+00  5.324624E-01  5.355783E-02  4.002109E-03
7.585776E-03  7.094697E+00  5.262840E-01  5.381878E-02  3.992273E-03
7.655966E-03  7.063882E+00  5.201765E-01  5.408084E-02  3.982454E-03
7.726806E-03  7.033180E+00  5.141398E-01  5.434401E-02  3.972659E-03
7.798301E-03  7.002587E+00  5.081741E-01  5.460828E-02  3.962894E-03
7.870458E-03  6.972102E+00  5.022792E-01  5.487363E-02  3.953167E-03
7.943282E-03  6.941722E+00  4.964552E-01  5.514006E-02  3.943484E-03
8.016781E-03  6.911446E+00  4.907021E-01  5.540754E-02  3.933851E-03
8.090959E-03  6.881261E+00  4.850229E-01  5.567600E-02  3.924301E-03
8.165824E-03  6.851170E+00  4.794180E-01  5.594545E-02  3.914843E-03
8.241381E-03  6.821182E+00  4.738858E-01  5.621596E-02  3.905474E-03
8.317638E-03  6.791305E+00  4.684248E-01  5.648761E-02  3.896188E-03
8.394600E-03  6.761547E+00  4.630336E-01  5.676048E-02  3.886982E-03
8.472274E-03  6.731915E+00  4.577109E-01  5.703463E-02  3.877851E-03
8.550667E-03  6.702419E+00  4.524551E-01  5.731015E-02  3.868793E-03
8.629785E-03  6.673064E+00  4.472654E-01  5.758711E-02  3.859805E-03
8.709636E-03  6.643858E+00  4.421402E-01  5.786558E-02  3.850880E-03
8.790225E-03  6.614807E+00  4.370785E-01  5.814564E-02  3.842019E-03
8.871560E-03  6.585918E+00  4.320792E-01  5.842737E-02  3.833217E-03
8.953648E-03  6.557196E+00  4.271411E-01  5.871083E-02  3.824472E-03
9.036495E-03  6.528649E+00  4.222634E-01  5.899610E-02  3.815781E-03
9.120108E-03  6.500280E+00  4.174449E-01  5.928326E-02  3.807144E-03
9.204496E-03  6.472095E+00  4.126849E-01  5.957238E-02  3.798556E-03
9.289664E-03  6.444101E+00  4.079824E-01  5.986353E-02  3.790019E-03
9.375620E-03  6.416300E+00  4.033365E-01  6.015679E-02  3.781531E-03
9.462372E-03  6.388699E+00  3.987467E-01  6.045224E-02  3.773090E-03
9.549926E-03  6.361301E+00  3.942121E-01  6.074995E-02  3.764697E-03
9.638290E-03  6.334111E+00  3.897322E-01  6.105000E-02  3.756351E-03
9.727472E-03  6.307132E+00  3.853062E-01  6.135245E-02  3.748055E-03
9.817479E-03  6.280368E+00  3.809336E-01  6.165738E-02  3.739808E-03
9.908319E-03  6.253823E+00  3.766140E-01  6.196488E-02  3.731612E-03
1.000000E-02  6.227500E+00  3.723469E-01  6.227500E-02  3.723469E-03
1.198397E-02  5.722520E+00  3.042789E-01  6.857849E-02  3.646469E-03
1.396794E-02  5.332956E+00  2.660100E-01  7.449039E-02  3.715611E-03
1.595190E-02  5.021972E+00  2.452349E-01  8.011001E-02  3.911964E-03
1.793587E-02  4.765195E+00  2.346216E-01  8.546794E-02  4.208144E-03
1.991984E-02  4.556452E+00  2.280771E-01  9.076380E-02  4.543259E-03
2.190381E-02  4.381037E+00  2.239060E-01  9.596140E-02  4.904393E-03
2.388778E-02  4.226934E+00  2.215490E-01  1.009720E-01  5.292312E-03
2.587174E-02  4.091321E+00  2.196458E-01  1.058496E-01  5.682618E-03
2.785571E-02  3.971527E+00  2.174990E-01  1.106297E-01  6.058591E-03
2.983968E-02  3.865196E+00  2.148072E-01  1.153362E-01  6.409779E-03
3.182365E-02  3.769814E+00  2.119309E-01  1.199692E-01  6.744416E-03
3.380762E-02  3.683872E+00  2.091268E-01  1.245429E-01  7.070079E-03
3.579158E-02  3.606897E+00  2.060154E-01  1.290966E-01  7.373618E-03
3.777555E-02  3.538200E+00  2.023976E-01  1.336575E-01  7.645684E-03
3.975952E-02  3.477013E+00  1.981923E-01  1.382444E-01  7.880026E-03
4.174349E-02  3.421332E+00  1.937244E-01  1.428183E-01  8.086735E-03
4.372745E-02  3.368759E+00  1.894767E-01  1.473073E-01  8.285333E-03
4.571142E-02  3.319031E+00  1.853875E-01  1.517176E-01  8.474328E-03
4.769539E-02  3.271923E+00  1.814075E-01  1.560557E-01  8.652307E-03
4.967936E-02  3.227231E+00  1.775018E-01  1.603268E-01  8.818173E-03
5.166333E-02  3.184765E+00  1.736461E-01  1.645356E-01  8.971134E-03
5.364729E-02  3.144354E+00  1.698242E-01  1.686861E-01  9.110611E-03
5.563126E-02  3.105841E+00  1.660263E-01  1.727819E-01  9.236257E-03
5.761523E-02  3.069083E+00  1.622469E-01  1.768259E-01  9.347895E-03
5.959920E-02  3.033952E+00  1.584837E-01  1.808211E-01  9.445504E-03
6.158317E-02  3.000614E+00  1.547396E-01  1.847873E-01  9.529360E-03
6.356713E-02  2.969350E+00  1.510398E-01  1.887531E-01  9.601167E-03
6.555110E-02  2.939767E+00  1.474106E-01  1.927050E-01  9.662925E-03
6.753507E-02  2.911536E+00  1.438690E-01  1.966308E-01  9.716199E-03
6.951904E-02  2.884394E+00  1.404249E-01  2.005203E-01  9.762203E-03
7.150301E-02  2.858134E+00  1.370829E-01  2.043651E-01  9.801836E-03
7.348697E-02  2.832589E+00  1.338436E-01  2.081584E-01  9.835763E-03
7.547094E-02  2.807630E+00  1.307052E-01  2.118945E-01  9.864444E-03
7.745491E-02  2.783150E+00  1.276638E-01  2.155686E-01  9.888188E-03
7.943888E-02  2.759067E+00  1.247148E-01  2.191772E-01  9.907202E-03
8.142285E-02  2.735494E+00  1.218472E-01  2.227317E-01  9.921139E-03
8.340681E-02  2.712801E+00  1.190474E-01  2.262661E-01  9.929363E-03
8.539078E-02  2.690857E+00  1.163202E-01  2.297744E-01  9.932672E-03
8.737475E-02  2.669530E+00  1.136687E-01  2.332495E-01  9.931774E-03
8.935872E-02  2.648709E+00  1.110934E-01  2.366852E-01  9.927164E-03
9.134269E-02  2.628303E+00  1.085933E-01  2.400762E-01  9.919202E-03
9.332665E-02  2.608237E+00  1.061662E-01  2.434180E-01  9.908136E-03
9.531062E-02  2.588451E+00  1.038089E-01  2.467069E-01  9.894093E-03
9.729459E-02  2.568893E+00  1.015178E-01  2.499394E-01  9.877129E-03
9.927856E-02  2.549522E+00  9.928854E-02  2.531129E-01  9.857224E-03
1.012625E-01  2.530378E+00  9.711772E-02  2.562325E-01  9.834392E-03
1.032465E-01  2.511674E+00  9.500581E-02  2.593215E-01  9.809014E-03
1.052305E-01  2.493364E+00  9.295399E-02  2.623779E-01  9.781592E-03
1.072144E-01  2.475391E+00  9.096285E-02  2.653977E-01  9.752530E-03
1.091984E-01  2.457704E+00  8.903181E-02  2.683773E-01  9.722131E-03
1.111824E-01  2.440259E+00  8.715975E-02  2.713138E-01  9.690630E-03
1.131663E-01  2.423021E+00  8.534517E-02  2.742045E-01  9.658202E-03
1.151503E-01  2.405959E+00  8.358603E-02  2.770469E-01  9.624961E-03
1.171343E-01  2.389047E+00  8.188021E-02  2.798392E-01  9.590977E-03
1.191182E-01  2.372262E+00  8.022522E-02  2.825797E-01  9.556287E-03
1.211022E-01  2.355587E+00  7.861861E-02  2.852667E-01  9.520882E-03
1.230862E-01  2.339006E+00  7.705774E-02  2.878992E-01  9.484741E-03
1.250701E-01  2.322506E+00  7.554015E-02  2.904761E-01  9.447823E-03
1.270541E-01  2.306195E+00  7.405756E-02  2.930115E-01  9.409314E-03
1.290381E-01  2.290144E+00  7.260551E-02  2.955158E-01  9.368875E-03
1.310220E-01  2.274319E+00  7.118578E-02  2.979860E-01  9.326908E-03
1.330060E-01  2.258690E+00  6.979942E-02  3.004193E-01  9.283746E-03
1.349900E-01  2.243229E+00  6.844719E-02  3.028134E-01  9.239687E-03
1.369739E-01  2.227913E+00  6.712940E-02  3.051660E-01  9.194976E-03
1.389579E-01  2.212722E+00  6.584609E-02  3.074752E-01  9.149834E-03
1.409419E-01  2.197638E+00  6.459700E-02  3.097393E-01  9.104424E-03
1.429259E-01  2.182647E+00  6.338171E-02  3.119567E-01  9.058886E-03
1.449098E-01  2.167735E+00  6.219957E-02  3.141261E-01  9.013328E-03
1.468938E-01  2.152891E+00  6.104980E-02  3.162463E-01  8.967839E-03
1.488778E-01  2.138105E+00  5.993155E-02  3.183162E-01  8.922471E-03
1.508617E-01  2.123381E+00  5.884289E-02  3.203369E-01  8.877139E-03
1.528457E-01  2.108806E+00  5.777625E-02  3.223219E-01  8.830852E-03
1.548297E-01  2.094383E+00  5.673118E-02  3.242726E-01  8.783673E-03
1.568136E-01  2.080096E+00  5.570877E-02  3.261874E-01  8.735894E-03
1.587976E-01  2.065931E+00  5.470979E-02  3.280649E-01  8.687783E-03
1.607816E-01  2.051875E+00  5.373483E-02  3.299037E-01  8.639572E-03
1.627655E-01  2.037916E+00  5.278425E-02  3.317025E-01  8.591453E-03
1.647495E-01  2.024046E+00  5.185825E-02  3.334605E-01  8.543618E-03
1.667335E-01  2.010253E+00  5.095687E-02  3.351765E-01  8.496213E-03
1.687174E-01  1.996532E+00  5.007999E-02  3.368498E-01  8.449367E-03
1.707014E-01  1.982875E+00  4.922741E-02  3.384795E-01  8.403186E-03
1.726854E-01  1.969275E+00  4.839879E-02  3.400651E-01  8.357762E-03
1.746693E-01  1.955729E+00  4.759372E-02  3.416058E-01  8.313165E-03
1.766533E-01  1.942255E+00  4.680942E-02  3.431058E-01  8.269041E-03
1.786373E-01  1.928894E+00  4.604191E-02  3.445724E-01  8.224797E-03
1.806212E-01  1.915637E+00  4.529185E-02  3.460048E-01  8.180674E-03
1.826052E-01  1.902476E+00  4.455985E-02  3.474021E-01  8.136862E-03
1.845892E-01  1.889404E+00  4.384634E-02  3.487635E-01  8.093558E-03
1.865731E-01  1.876413E+00  4.315164E-02  3.500882E-01  8.050934E-03
1.885571E-01  1.863497E+00  4.247593E-02  3.513756E-01  8.009137E-03
1.905411E-01  1.850652E+00  4.181930E-02  3.526252E-01  7.968294E-03
1.925251E-01  1.837871E+00  4.118170E-02  3.538363E-01  7.928505E-03
1.945090E-01  1.825152E+00  4.056302E-02  3.550084E-01  7.889876E-03
1.964930E-01  1.812489E+00  3.996305E-02  3.561413E-01  7.852456E-03
1.984770E-01  1.799879E+00  3.938152E-02  3.572345E-01  7.816323E-03
2.004609E-01  1.787320E+00  3.881798E-02  3.582879E-01  7.781484E-03
2.024449E-01  1.774837E+00  3.826946E-02  3.593068E-01  7.747458E-03
2.044289E-01  1.762438E+00  3.773509E-02  3.602931E-01  7.714139E-03
2.064128E-01  1.750117E+00  3.721516E-02  3.612466E-01  7.681683E-03
2.083968E-01  1.737871E+00  3.670986E-02  3.621667E-01  7.650217E-03
2.103808E-01  1.725695E+00  3.621932E-02  3.630531E-01  7.619846E-03
2.123647E-01  1.713587E+00  3.574358E-02  3.639055E-01  7.590671E-03
2.143487E-01  1.701544E+00  3.528257E-02  3.647237E-01  7.562776E-03
2.163327E-01  1.689562E+00  3.483622E-02  3.655074E-01  7.536210E-03
2.183166E-01  1.677638E+00  3.440433E-02  3.662563E-01  7.511037E-03
2.203006E-01  1.665771E+00  3.398668E-02  3.669703E-01  7.487285E-03
2.222846E-01  1.653958E+00  3.358300E-02  3.676494E-01  7.464983E-03
2.242685E-01  1.642198E+00  3.319295E-02  3.682932E-01  7.444137E-03
2.262525E-01  1.630492E+00  3.281579E-02  3.689030E-01  7.424657E-03
2.282365E-01  1.618858E+00  3.244994E-02  3.694824E-01  7.406258E-03
2.302204E-01  1.607293E+00  3.209534E-02  3.700316E-01  7.389004E-03
2.322044E-01  1.595794E+00  3.175200E-02  3.705504E-01  7.372953E-03
2.341884E-01  1.584359E+00  3.141987E-02  3.710384E-01  7.358167E-03
2.361723E-01  1.572984E+00  3.109883E-02  3.714954E-01  7.344683E-03
2.381563E-01  1.561668E+00  3.078869E-02  3.719212E-01  7.332521E-03
2.401403E-01  1.550409E+00  3.048919E-02  3.723157E-01  7.321681E-03
2.421242E-01  1.539204E+00  3.020006E-02  3.726787E-01  7.312170E-03
2.441082E-01  1.528052E+00  2.992095E-02  3.730101E-01  7.303946E-03
2.460922E-01  1.516951E+00  2.965148E-02  3.733097E-01  7.296995E-03
2.480762E-01  1.505899E+00  2.939124E-02  3.735775E-01  7.291268E-03
2.500601E-01  1.494894E+00  2.913980E-02  3.738134E-01  7.286700E-03
2.520441E-01  1.483943E+00  2.889648E-02  3.740191E-01  7.283186E-03
2.540281E-01  1.473050E+00  2.866086E-02  3.741960E-01  7.280661E-03
2.560120E-01  1.462214E+00  2.843276E-02  3.743443E-01  7.279127E-03
2.579960E-01  1.451434E+00  2.821201E-02  3.744641E-01  7.278590E-03
2.599800E-01  1.440708E+00  2.799841E-02  3.745553E-01  7.279028E-03
2.619639E-01  1.430037E+00  2.779171E-02  3.746182E-01  7.280428E-03
2.639479E-01  1.419419E+00  2.759166E-02  3.746527E-01  7.282761E-03
2.659319E-01  1.408854E+00  2.739798E-02  3.746590E-01  7.286000E-03
2.679158E-01  1.398339E+00  2.721040E-02  3.746373E-01  7.290094E-03
2.698998E-01  1.387876E+00  2.702858E-02  3.745875E-01  7.295009E-03
2.718838E-01  1.377463E+00  2.685225E-02  3.745099E-01  7.300687E-03
2.738677E-01  1.367100E+00  2.668106E-02  3.744046E-01  7.307079E-03
2.758517E-01  1.356786E+00  2.651469E-02  3.742718E-01  7.314122E-03
2.778357E-01  1.346526E+00  2.635292E-02  3.741130E-01  7.321780E-03
2.798196E-01  1.336320E+00  2.619560E-02  3.739285E-01  7.330046E-03
2.818036E-01  1.326166E+00  2.604255E-02  3.737183E-01  7.338885E-03
2.837876E-01  1.316064E+00  2.589361E-02  3.734825E-01  7.348289E-03
2.857715E-01  1.306012E+00  2.574858E-02  3.732210E-01  7.358210E-03
2.877555E-01  1.296009E+00  2.560723E-02  3.729339E-01  7.368625E-03
2.897395E-01  1.286056E+00  2.546935E-02  3.726212E-01  7.379472E-03
2.917234E-01  1.276151E+00  2.533469E-02  3.722831E-01  7.390723E-03
2.937074E-01  1.266292E+00  2.520300E-02  3.719195E-01  7.402312E-03
2.956914E-01  1.256481E+00  2.507405E-02  3.715305E-01  7.414177E-03
2.976754E-01  1.246715E+00  2.494756E-02  3.711162E-01  7.426276E-03
2.996593E-01  1.236994E+00  2.482328E-02  3.706767E-01  7.438530E-03
3.016433E-01  1.227318E+00  2.470105E-02  3.702122E-01  7.450904E-03
3.036273E-01  1.217689E+00  2.458085E-02  3.697235E-01  7.463413E-03
3.056112E-01  1.208106E+00  2.446259E-02  3.692108E-01  7.476042E-03
3.075952E-01  1.198570E+00  2.434615E-02  3.686743E-01  7.488756E-03
3.095792E-01  1.189079E+00  2.423140E-02  3.681142E-01  7.501540E-03
3.115631E-01  1.179635E+00  2.411823E-02  3.675308E-01  7.514353E-03
3.135471E-01  1.170237E+00  2.400649E-02  3.669244E-01  7.527166E-03
3.155311E-01  1.160884E+00  2.389607E-02  3.662951E-01  7.539950E-03
3.175150E-01  1.151578E+00  2.378682E-02  3.656432E-01  7.552671E-03
3.194990E-01  1.142317E+00  2.367859E-02  3.649690E-01  7.565286E-03
3.214830E-01  1.133101E+00  2.357127E-02  3.642726E-01  7.577759E-03
3.234669E-01  1.123930E+00  2.346470E-02  3.635543E-01  7.590056E-03
3.254509E-01  1.114805E+00  2.335875E-02  3.628144E-01  7.602126E-03
3.274349E-01  1.105724E+00  2.325354E-02  3.620525E-01  7.614020E-03
3.294188E-01  1.096685E+00  2.314907E-02  3.612688E-01  7.625737E-03
3.314028E-01  1.087690E+00  2.304523E-02  3.604637E-01  7.637255E-03
3.333868E-01  1.078739E+00  2.294190E-02  3.596373E-01  7.648527E-03
3.353707E-01  1.069831E+00  2.283898E-02  3.587901E-01  7.659522E-03
3.373547E-01  1.060967E+00  2.273633E-02  3.579223E-01  7.670206E-03
3.393387E-01  1.052147E+00  2.263385E-02  3.570341E-01  7.680544E-03
3.413226E-01  1.043370E+00  2.253142E-02  3.561259E-01  7.690486E-03
3.433066E-01  1.034638E+00  2.242892E-02  3.551979E-01  7.699997E-03
3.452906E-01  1.025949E+00  2.232622E-02  3.542505E-01  7.709034E-03
3.472745E-01  1.017304E+00  2.222321E-02  3.532838E-01  7.717554E-03
3.492585E-01  1.008703E+00  2.211979E-02  3.522981E-01  7.725523E-03
3.512425E-01  1.000145E+00  2.201587E-02  3.512934E-01  7.732913E-03
3.532265E-01  9.916275E-01  2.191163E-02  3.502691E-01  7.739765E-03
3.552104E-01  9.831506E-01  2.180707E-02  3.492253E-01  7.746100E-03
3.571944E-01  9.747147E-01  2.170217E-02  3.481626E-01  7.751891E-03
3.591784E-01  9.663199E-01  2.159690E-02  3.470812E-01  7.757138E-03
3.611623E-01  9.579666E-01  2.149126E-02  3.459814E-01  7.761833E-03
3.631463E-01  9.496550E-01  2.138521E-02  3.448637E-01  7.765963E-03
3.651303E-01  9.413852E-01  2.127872E-02  3.437282E-01  7.769505E-03
3.671142E-01  9.331576E-01  2.117176E-02  3.425754E-01  7.772454E-03
3.690982E-01  9.249723E-01  2.106429E-02  3.414056E-01  7.774795E-03
3.710822E-01  9.168293E-01  2.095629E-02  3.402190E-01  7.776506E-03
3.730661E-01  9.087289E-01  2.084771E-02  3.390160E-01  7.777574E-03
3.750501E-01  9.006712E-01  2.073850E-02  3.377968E-01  7.777977E-03
3.770341E-01  8.926531E-01  2.062869E-02  3.365606E-01  7.777722E-03
3.790180E-01  8.846726E-01  2.051830E-02  3.353069E-01  7.776803E-03
3.810020E-01  8.767301E-01  2.040733E-02  3.340359E-01  7.775233E-03
3.829860E-01  8.688265E-01  2.029577E-02  3.327484E-01  7.772999E-03
3.849699E-01  8.609622E-01  2.018363E-02  3.314446E-01  7.770092E-03
3.869539E-01  8.531378E-01  2.007089E-02  3.301250E-01  7.766514E-03
3.889379E-01  8.453538E-01  1.995754E-02  3.287901E-01  7.762243E-03
3.909218E-01  8.376106E-01  1.984357E-02  3.274403E-01  7.757287E-03
3.929058E-01  8.299088E-01  1.972895E-02  3.260760E-01  7.751616E-03
3.948898E-01  8.222488E-01  1.961367E-02  3.246976E-01  7.745238E-03
3.968737E-01  8.146308E-01  1.949772E-02  3.233056E-01  7.738131E-03
3.988577E-01  8.070553E-01  1.938107E-02  3.219002E-01  7.730289E-03
4.008417E-01  7.995218E-01  1.926371E-02  3.204817E-01  7.721698E-03
4.028257E-01  7.920252E-01  1.914572E-02  3.190481E-01  7.712385E-03
4.048096E-01  7.845649E-01  1.902711E-02  3.175994E-01  7.702359E-03
4.067936E-01  7.771417E-01  1.890787E-02  3.161362E-01  7.691596E-03
4.087776E-01  7.697563E-01  1.878800E-02  3.146591E-01  7.680113E-03
4.107615E-01  7.624095E-01  1.866748E-02  3.131685E-01  7.667880E-03
4.127455E-01  7.551018E-01  1.854630E-02  3.116648E-01  7.654905E-03
4.147295E-01  7.478338E-01  1.842445E-02  3.101487E-01  7.641166E-03
4.167134E-01  7.406062E-01  1.830192E-02  3.086205E-01  7.626656E-03
4.186974E-01  7.334194E-01  1.817869E-02  3.070808E-01  7.611368E-03
4.206814E-01  7.262739E-01  1.805474E-02  3.055299E-01  7.595296E-03
4.226653E-01  7.191702E-01  1.793006E-02  3.039683E-01  7.578417E-03
4.246493E-01  7.121087E-01  1.780463E-02  3.023965E-01  7.560725E-03
4.266333E-01  7.050869E-01  1.767835E-02  3.008135E-01  7.542171E-03
4.286172E-01  6.981000E-01  1.755112E-02  2.992177E-01  7.522711E-03
4.306012E-01  6.911489E-01  1.742303E-02  2.976095E-01  7.502382E-03
4.325852E-01  6.842342E-01  1.729421E-02  2.959895E-01  7.481218E-03
4.345691E-01  6.773567E-01  1.716474E-02  2.943583E-01  7.459269E-03
4.365531E-01  6.705171E-01  1.703473E-02  2.927163E-01  7.436564E-03
4.385371E-01  6.637161E-01  1.690424E-02  2.910641E-01  7.413138E-03
4.405210E-01  6.569544E-01  1.677338E-02  2.894022E-01  7.389025E-03
4.425050E-01  6.502325E-01  1.664221E-02  2.877311E-01  7.364263E-03
4.444890E-01  6.435509E-01  1.651082E-02  2.860513E-01  7.338877E-03
4.464729E-01  6.369103E-01  1.637927E-02  2.843632E-01  7.312898E-03
4.484569E-01  6.303110E-01  1.624762E-02  2.826673E-01  7.286354E-03
4.504409E-01  6.237533E-01  1.611593E-02  2.809640E-01  7.259271E-03
4.524248E-01  6.172314E-01  1.598399E-02  2.792508E-01  7.231553E-03
4.544088E-01  6.107435E-01  1.585172E-02  2.775272E-01  7.203162E-03
4.563928E-01  6.042905E-01  1.571917E-02  2.757938E-01  7.174114E-03
4.583768E-01  5.978733E-01  1.558637E-02  2.740512E-01  7.144430E-03
4.603607E-01  5.914928E-01  1.545335E-02  2.723001E-01  7.114116E-03
4.623447E-01  5.851500E-01  1.532015E-02  2.705410E-01  7.083188E-03
4.643287E-01  5.788454E-01  1.518677E-02  2.687745E-01  7.051653E-03
4.663126E-01  5.725800E-01  1.505326E-02  2.670013E-01  7.019523E-03
4.682966E-01  5.663544E-01  1.491962E-02  2.652218E-01  6.986808E-03
4.702806E-01  5.601693E-01  1.478589E-02  2.634367E-01  6.953516E-03
4.722645E-01  5.540252E-01  1.465207E-02  2.616465E-01  6.919653E-03
4.742485E-01  5.479229E-01  1.451819E-02  2.598516E-01  6.885227E-03
4.762325E-01  5.418609E-01  1.438419E-02  2.580517E-01  6.850218E-03
4.782164E-01  5.358326E-01  1.424990E-02  2.562439E-01  6.814536E-03
4.802004E-01  5.298382E-01  1.411536E-02  2.544285E-01  6.778205E-03
4.821844E-01  5.238787E-01  1.398067E-02  2.526061E-01  6.741259E-03
4.841683E-01  5.179551E-01  1.384587E-02  2.507775E-01  6.703733E-03
4.861523E-01  5.120682E-01  1.371105E-02  2.489432E-01  6.665657E-03
4.881363E-01  5.062189E-01  1.357626E-02  2.471038E-01  6.627065E-03
4.901202E-01  5.004078E-01  1.344157E-02  2.452600E-01  6.587985E-03
4.921042E-01  4.946358E-01  1.330704E-02  2.434124E-01  6.548447E-03
4.940882E-01  4.889036E-01  1.317271E-02  2.415615E-01  6.508482E-03
4.960721E-01  4.832118E-01  1.303866E-02  2.397079E-01  6.468114E-03
4.980561E-01  4.775610E-01  1.290492E-02  2.378522E-01  6.427373E-03
5.000401E-01  4.719519E-01  1.277154E-02  2.359948E-01  6.386283E-03
5.020240E-01  4.663796E-01  1.263832E-02  2.341338E-01  6.344740E-03
5.040080E-01  4.608402E-01  1.250508E-02  2.322672E-01  6.302664E-03
5.059920E-01  4.553347E-01  1.237194E-02  2.303957E-01  6.260100E-03
5.079760E-01  4.498641E-01  1.223896E-02  2.285201E-01  6.217094E-03
5.099599E-01  4.444292E-01  1.210623E-02  2.266411E-01  6.173689E-03
5.119439E-01  4.390310E-01  1.197383E-02  2.247593E-01  6.129926E-03
5.139279E-01  4.336704E-01  1.184183E-02  2.228753E-01  6.085847E-03
5.159118E-01  4.283481E-01  1.171032E-02  2.209898E-01  6.041491E-03
5.178958E-01  4.230648E-01  1.157935E-02  2.191035E-01  5.996896E-03
5.198798E-01  4.178214E-01  1.144899E-02  2.172169E-01  5.952097E-03
5.218637E-01  4.126185E-01  1.131930E-02  2.153306E-01  5.907133E-03
5.238477E-01  4.074567E-01  1.119034E-02  2.134453E-01  5.862033E-03
5.258317E-01  4.023358E-01  1.106211E-02  2.115609E-01  5.816808E-03
5.278156E-01  3.972490E-01  1.093428E-02  2.096742E-01  5.771280E-03
5.297996E-01  3.921956E-01  1.080683E-02  2.077851E-01  5.725452E-03
5.317836E-01  3.871764E-01  1.067986E-02  2.058940E-01  5.679371E-03
5.337675E-01  3.821922E-01  1.055345E-02  2.040018E-01  5.633086E-03
5.357515E-01  3.772438E-01  1.042768E-02  2.021089E-01  5.586643E-03
5.377355E-01  3.723320E-01  1.030262E-02  2.002161E-01  5.540084E-03
5.397194E-01  3.674575E-01  1.017835E-02  1.983239E-01  5.493452E-03
5.417034E-01  3.626209E-01  1.005492E-02  1.964330E-01  5.446788E-03
5.436874E-01  3.578230E-01  9.932418E-03  1.945438E-01  5.400129E-03
5.456713E-01  3.530643E-01  9.810873E-03  1.926571E-01  5.353511E-03
5.476553E-01  3.483454E-01  9.690347E-03  1.907732E-01  5.306969E-03
5.496393E-01  3.436669E-01  9.570888E-03  1.888928E-01  5.260536E-03
5.516232E-01  3.390259E-01  9.452370E-03  1.870146E-01  5.214145E-03
5.536072E-01  3.344168E-01  9.334517E-03  1.851356E-01  5.167654E-03
5.555912E-01  3.298405E-01  9.217406E-03  1.832565E-01  5.121108E-03
5.575752E-01  3.252978E-01  9.101115E-03  1.813780E-01  5.074557E-03
5.595591E-01  3.207898E-01  8.985729E-03  1.795009E-01  5.028047E-03
5.615431E-01  3.163173E-01  8.871312E-03  1.776258E-01  4.981626E-03
5.635271E-01  3.118812E-01  8.757942E-03  1.757535E-01  4.935337E-03
5.655110E-01  3.074822E-01  8.645674E-03  1.738846E-01  4.889225E-03
5.674950E-01  3.031212E-01  8.534574E-03  1.720198E-01  4.843329E-03
5.694790E-01  2.987989E-01  8.424696E-03  1.701597E-01  4.797688E-03
5.714629E-01  2.945161E-01  8.316099E-03  1.683050E-01  4.752341E-03
5.734469E-01  2.902733E-01  8.208817E-03  1.664563E-01  4.707322E-03
5.754309E-01  2.860710E-01  8.102899E-03  1.646141E-01  4.662659E-03
5.774148E-01  2.819033E-01  7.998092E-03  1.627751E-01  4.618216E-03
5.793988E-01  2.777679E-01  7.894310E-03  1.609384E-01  4.573954E-03
5.813828E-01  2.736657E-01  7.791631E-03  1.591046E-01  4.529922E-03
5.833667E-01  2.695976E-01  7.690119E-03  1.572743E-01  4.486158E-03
5.853507E-01  2.655642E-01  7.589815E-03  1.554482E-01  4.442703E-03
5.873347E-01  2.615662E-01  7.490778E-03  1.536269E-01  4.399592E-03
5.893186E-01  2.576044E-01  7.393042E-03  1.518111E-01  4.356856E-03
5.913026E-01  2.536795E-01  7.296649E-03  1.500013E-01  4.314526E-03
5.932866E-01  2.497920E-01  7.201628E-03  1.481982E-01  4.272628E-03
5.952705E-01  2.459425E-01  7.108000E-03  1.464023E-01  4.231183E-03
5.972545E-01  2.421317E-01  7.015790E-03  1.446142E-01  4.190212E-03
5.992385E-01  2.383600E-01  6.925009E-03  1.428345E-01  4.149732E-03
6.012224E-01  2.346264E-01  6.835594E-03  1.410626E-01  4.109712E-03
6.032064E-01  2.309249E-01  6.747304E-03  1.392954E-01  4.070018E-03
6.051904E-01  2.272556E-01  6.660174E-03  1.375329E-01  4.030673E-03
6.071743E-01  2.236192E-01  6.574260E-03  1.357759E-01  3.991722E-03
6.091583E-01  2.200165E-01  6.489615E-03  1.340249E-01  3.953203E-03
6.111423E-01  2.164480E-01  6.406287E-03  1.322805E-01  3.915153E-03
6.131263E-01  2.129144E-01  6.324316E-03  1.305434E-01  3.877605E-03
6.151102E-01  2.094163E-01  6.243742E-03  1.288141E-01  3.840589E-03
6.170942E-01  2.059543E-01  6.164593E-03  1.270932E-01  3.804134E-03
6.190782E-01  2.025288E-01  6.086898E-03  1.253812E-01  3.768265E-03
6.210621E-01  1.991405E-01  6.010676E-03  1.236786E-01  3.733003E-03
6.230461E-01  1.957897E-01  5.935946E-03  1.219860E-01  3.698368E-03
6.250301E-01  1.924771E-01  5.862719E-03  1.203040E-01  3.664376E-03
6.270140E-01  1.891988E-01  5.790884E-03  1.186303E-01  3.630966E-03
6.289980E-01  1.859517E-01  5.720338E-03  1.169633E-01  3.598081E-03
6.309820E-01  1.827364E-01  5.651089E-03  1.153034E-01  3.565735E-03
6.329659E-01  1.795534E-01  5.583138E-03  1.136512E-01  3.533936E-03
6.349499E-01  1.764033E-01  5.516483E-03  1.120073E-01  3.502690E-03
6.369339E-01  1.732868E-01  5.451118E-03  1.103722E-01  3.472002E-03
6.389178E-01  1.702042E-01  5.387031E-03  1.087465E-01  3.441871E-03
6.409018E-01  1.671562E-01  5.324207E-03  1.071307E-01  3.412294E-03
6.428858E-01  1.641432E-01  5.262625E-03  1.055253E-01  3.383266E-03
6.448697E-01  1.611656E-01  5.202260E-03  1.039308E-01  3.354780E-03
6.468537E-01  1.582240E-01  5.143082E-03  1.023478E-01  3.326822E-03
6.488377E-01  1.553187E-01  5.085062E-03  1.007766E-01  3.299380E-03
6.508216E-01  1.524495E-01  5.028155E-03  9.921743E-02  3.272432E-03
6.528056E-01  1.496118E-01  4.972285E-03  9.766742E-02  3.245935E-03
6.547896E-01  1.468048E-01  4.917441E-03  9.612628E-02  3.219889E-03
6.567735E-01  1.440291E-01  4.863620E-03  9.459448E-02  3.194298E-03
6.587575E-01  1.412849E-01  4.810819E-03  9.307246E-02  3.169163E-03
6.607415E-01  1.385726E-01  4.759025E-03  9.156068E-02  3.144485E-03
6.627255E-01  1.358927E-01  4.708227E-03  9.005958E-02  3.120262E-03
6.647094E-01  1.332456E-01  4.658407E-03  8.856958E-02  3.096487E-03
6.666934E-01  1.306314E-01  4.609544E-03  8.709109E-02  3.073153E-03
6.686774E-01  1.280506E-01  4.561614E-03  8.562455E-02  3.050248E-03
6.706613E-01  1.255035E-01  4.514588E-03  8.417034E-02  3.027759E-03
6.726453E-01  1.229903E-01  4.468435E-03  8.272887E-02  3.005671E-03
6.746293E-01  1.205114E-01  4.423121E-03  8.130053E-02  2.983967E-03
6.766132E-01  1.180651E-01  4.378589E-03  7.988439E-02  2.962611E-03
6.785972E-01  1.156479E-01  4.334776E-03  7.847831E-02  2.941567E-03
6.805812E-01  1.132601E-01  4.291670E-03  7.708266E-02  2.920830E-03
6.825651E-01  1.109020E-01  4.249261E-03  7.569787E-02  2.900397E-03
6.845491E-01  1.085742E-01  4.207531E-03  7.432436E-02  2.880262E-03
6.865331E-01  1.062768E-01  4.166468E-03  7.296256E-02  2.860418E-03
6.885170E-01  1.040103E-01  4.126049E-03  7.161285E-02  2.840855E-03
6.905010E-01  1.017749E-01  4.086255E-03  7.027566E-02  2.821563E-03
6.924850E-01  9.957091E-02  4.047063E-03  6.895136E-02  2.802530E-03
6.944689E-01  9.739866E-02  4.008446E-03  6.764034E-02  2.783742E-03
6.964529E-01  9.525840E-02  3.970379E-03  6.634299E-02  2.765182E-03
6.984369E-01  9.315039E-02  3.932833E-03  6.505966E-02  2.746836E-03
7.004208E-01  9.107476E-02  3.895778E-03  6.379066E-02  2.728684E-03
7.024048E-01  8.902861E-02  3.859152E-03  6.253413E-02  2.710687E-03
7.043888E-01  8.701068E-02  3.822927E-03  6.128934E-02  2.692827E-03
7.063727E-01  8.502113E-02  3.787093E-03  6.005661E-02  2.675100E-03
7.083567E-01  8.306015E-02  3.751638E-03  5.883622E-02  2.657498E-03
7.103407E-01  8.112788E-02  3.716548E-03  5.762844E-02  2.640016E-03
7.123246E-01  7.922448E-02  3.681810E-03  5.643355E-02  2.622644E-03
7.143086E-01  7.735008E-02  3.647407E-03  5.525183E-02  2.605374E-03
7.162926E-01  7.550482E-02  3.613321E-03  5.408354E-02  2.588195E-03
7.182766E-01  7.368882E-02  3.579536E-03  5.292895E-02  2.571097E-03
7.202605E-01  7.190219E-02  3.546032E-03  5.178831E-02  2.554067E-03
7.222445E-01  7.014504E-02  3.512788E-03  5.066187E-02  2.537092E-03
7.242285E-01  6.841747E-02  3.479784E-03  4.954988E-02  2.520158E-03
7.262124E-01  6.671897E-02  3.446986E-03  4.845215E-02  2.503244E-03
7.281964E-01  6.504731E-02  3.414335E-03  4.736721E-02  2.486306E-03
7.301804E-01  6.340225E-02  3.381830E-03  4.629508E-02  2.469346E-03
7.321643E-01  6.178383E-02  3.349471E-03  4.523591E-02  2.452364E-03
7.341483E-01  6.019204E-02  3.317261E-03  4.418989E-02  2.435361E-03
7.361323E-01  5.862691E-02  3.285197E-03  4.315716E-02  2.418339E-03
7.381162E-01  5.708844E-02  3.253280E-03  4.213790E-02  2.401299E-03
7.401002E-01  5.557662E-02  3.221508E-03  4.113227E-02  2.384239E-03
7.420842E-01  5.409145E-02  3.189879E-03  4.014041E-02  2.367159E-03
7.440681E-01  5.263292E-02  3.158389E-03  3.916248E-02  2.350057E-03
7.460521E-01  5.120102E-02  3.127033E-03  3.819863E-02  2.332930E-03
7.480361E-01  4.979573E-02  3.095806E-03  3.724900E-02  2.315775E-03
7.500200E-01  4.841703E-02  3.064703E-03  3.631374E-02  2.298588E-03
7.520040E-01  4.706397E-02  3.033653E-03  3.539230E-02  2.281320E-03
7.539880E-01  4.573560E-02  3.002612E-03  3.448409E-02  2.263934E-03
7.559719E-01  4.443177E-02  2.971603E-03  3.358917E-02  2.246449E-03
7.579559E-01  4.315238E-02  2.940644E-03  3.270760E-02  2.228879E-03
7.599399E-01  4.189730E-02  2.909756E-03  3.183943E-02  2.211240E-03
7.619238E-01  4.066641E-02  2.878957E-03  3.098471E-02  2.193546E-03
7.639078E-01  3.945958E-02  2.848261E-03  3.014348E-02  2.175809E-03
7.658918E-01  3.827670E-02  2.817683E-03  2.931581E-02  2.158040E-03
7.678758E-01  3.711763E-02  2.787237E-03  2.850173E-02  2.140252E-03
7.698597E-01  3.598225E-02  2.756932E-03  2.770129E-02  2.122451E-03
7.718437E-01  3.487044E-02  2.726776E-03  2.691453E-02  2.104645E-03
7.738277E-01  3.378208E-02  2.696779E-03  2.614150E-02  2.086842E-03
7.758116E-01  3.271698E-02  2.666928E-03  2.538221E-02  2.069034E-03
7.777956E-01  3.167463E-02  2.637117E-03  2.463639E-02  2.051137E-03
7.797796E-01  3.065468E-02  2.607346E-03  2.390389E-02  2.033155E-03
7.817635E-01  2.965688E-02  2.577648E-03  2.318467E-02  2.015111E-03
7.837475E-01  2.868098E-02  2.548052E-03  2.247865E-02  1.997029E-03
7.857315E-01  2.772674E-02  2.518582E-03  2.178577E-02  1.978930E-03
7.877154E-01  2.679389E-02  2.489263E-03  2.110596E-02  1.960830E-03
7.896994E-01  2.588221E-02  2.460112E-03  2.043917E-02  1.942749E-03
7.916834E-01  2.499145E-02  2.431146E-03  1.978532E-02  1.924698E-03
7.936673E-01  2.412138E-02  2.402376E-03  1.914435E-02  1.906688E-03
7.956513E-01  2.327175E-02  2.373813E-03  1.851620E-02  1.888727E-03
7.976353E-01  2.244235E-02  2.345459E-03  1.790081E-02  1.870821E-03
7.996192E-01  2.163294E-02  2.317318E-03  1.729812E-02  1.852972E-03
8.016032E-01  2.084355E-02  2.289341E-03  1.670825E-02  1.835143E-03
8.035872E-01  2.007435E-02  2.261451E-03  1.613149E-02  1.817273E-03
8.055711E-01  1.932498E-02  2.233675E-03  1.556765E-02  1.799385E-03
8.075551E-01  1.859506E-02  2.206043E-03  1.501653E-02  1.781501E-03
8.095391E-01  1.788420E-02  2.178576E-03  1.447796E-02  1.763642E-03
8.115230E-01  1.719203E-02  2.151295E-03  1.395173E-02  1.745825E-03
8.135070E-01  1.651820E-02  2.124216E-03  1.343767E-02  1.728064E-03
8.154910E-01  1.586233E-02  2.097349E-03  1.293559E-02  1.710370E-03
8.174749E-01  1.522408E-02  2.070704E-03  1.244531E-02  1.692749E-03
8.194589E-01  1.460311E-02  2.044284E-03  1.196665E-02  1.675207E-03
8.214429E-01  1.399907E-02  2.018086E-03  1.149944E-02  1.657743E-03
8.234269E-01  1.341163E-02  1.992109E-03  1.104350E-02  1.640356E-03
8.254108E-01  1.284050E-02  1.966337E-03  1.059869E-02  1.623036E-03
8.273948E-01  1.228668E-02  1.940677E-03  1.016594E-02  1.605706E-03
8.293788E-01  1.175032E-02  1.915111E-03  9.745464E-03  1.588353E-03
8.313627E-01  1.123089E-02  1.889670E-03  9.336947E-03  1.571001E-03
8.333467E-01  1.072791E-02  1.864378E-03  8.940069E-03  1.553673E-03
8.353307E-01  1.024087E-02  1.839256E-03  8.554516E-03  1.536387E-03
8.373146E-01  9.769299E-03  1.814319E-03  8.179977E-03  1.519156E-03
8.392986E-01  9.312713E-03  1.789575E-03  7.816147E-03  1.501987E-03
8.412826E-01  8.870650E-03  1.765028E-03  7.462723E-03  1.484887E-03
8.432665E-01  8.442655E-03  1.740678E-03  7.119408E-03  1.467855E-03
8.452505E-01  8.028280E-03  1.716517E-03  6.785907E-03  1.450887E-03
8.472345E-01  7.627085E-03  1.692533E-03  6.461930E-03  1.433972E-03
8.492184E-01  7.238642E-03  1.668710E-03  6.147188E-03  1.417099E-03
8.512024E-01  6.863076E-03  1.645004E-03  5.841867E-03  1.400231E-03
8.531864E-01  6.502106E-03  1.621323E-03  5.547508E-03  1.383291E-03
8.551703E-01  6.155397E-03  1.597675E-03  5.263913E-03  1.366284E-03
8.571543E-01  5.822388E-03  1.574076E-03  4.990685E-03  1.349226E-03
8.591383E-01  5.502531E-03  1.550535E-03  4.727435E-03  1.332124E-03
8.611222E-01  5.195286E-03  1.527060E-03  4.473776E-03  1.314985E-03
8.631062E-01  4.900125E-03  1.503652E-03  4.229328E-03  1.297812E-03
8.650902E-01  4.616532E-03  1.480310E-03  3.993717E-03  1.280602E-03
8.670741E-01  4.343999E-03  1.457029E-03  3.766570E-03  1.263352E-03
8.690581E-01  4.082030E-03  1.433798E-03  3.547522E-03  1.246054E-03
8.710421E-01  3.830138E-03  1.410604E-03  3.336211E-03  1.228696E-03
8.730261E-01  3.587845E-03  1.387430E-03  3.132282E-03  1.211263E-03
8.750100E-01  3.354684E-03  1.364254E-03  2.935382E-03  1.193736E-03
8.769940E-01  3.132077E-03  1.340964E-03  2.746813E-03  1.176018E-03
8.789780E-01  2.921280E-03  1.317485E-03  2.567741E-03  1.158040E-03
8.809619E-01  2.721651E-03  1.293846E-03  2.397670E-03  1.139829E-03
8.829459E-01  2.532557E-03  1.270074E-03  2.236111E-03  1.121406E-03
8.849299E-01  2.353381E-03  1.246192E-03  2.082577E-03  1.102793E-03
8.869138E-01  2.183518E-03  1.222222E-03  1.936592E-03  1.084005E-03
8.888978E-01  2.022375E-03  1.198179E-03  1.797685E-03  1.065058E-03
8.908818E-01  1.869370E-03  1.174077E-03  1.665388E-03  1.045964E-03
8.928657E-01  1.723935E-03  1.149927E-03  1.539243E-03  1.026730E-03
8.948497E-01  1.585512E-03  1.125735E-03  1.418795E-03  1.007363E-03
8.968337E-01  1.453555E-03  1.101505E-03  1.303597E-03  9.878664E-04
8.988176E-01  1.327528E-03  1.077238E-03  1.193206E-03  9.682413E-04
9.008016E-01  1.207257E-03  1.052900E-03  1.087499E-03  9.484536E-04
9.027856E-01  1.095343E-03  1.028198E-03  9.888599E-04  9.282431E-04
9.047695E-01  9.919140E-04  1.003121E-03  8.974536E-04  9.075942E-04
9.067535E-01  8.963435E-04  9.777314E-04  8.127626E-04  8.865613E-04
9.087375E-01  8.080182E-04  9.520875E-04  7.342764E-04  8.651975E-04
9.107214E-01  7.263372E-04  9.262498E-04  6.614909E-04  8.435558E-04
9.127054E-01  6.507118E-04  9.002749E-04  5.939081E-04  8.216857E-04
9.146894E-01  5.805652E-04  8.742180E-04  5.310368E-04  7.996381E-04
9.166733E-01  5.153325E-04  8.481315E-04  4.723915E-04  7.774597E-04
9.186573E-01  4.544602E-04  8.220661E-04  4.174932E-04  7.551971E-04
9.206413E-01  3.974064E-04  7.960700E-04  3.658688E-04  7.328950E-04
9.226253E-01  3.436402E-04  7.701885E-04  3.170511E-04  7.105956E-04
9.246092E-01  2.926415E-04  7.444654E-04  2.705791E-04  6.883393E-04
9.265932E-01  2.452545E-04  7.186772E-04  2.272511E-04  6.659214E-04
9.285772E-01  2.036985E-04  6.923729E-04  1.891498E-04  6.429217E-04
9.305611E-01  1.674865E-04  6.656600E-04  1.558565E-04  6.194373E-04
9.325451E-01  1.360609E-04  6.386615E-04  1.268829E-04  5.955806E-04
9.345291E-01  1.088752E-04  6.114997E-04  1.017471E-04  5.714642E-04
9.365130E-01  8.539420E-05  5.842956E-04  7.997278E-05  5.472004E-04
9.384970E-01  6.509325E-05  5.571685E-04  6.108982E-05  5.229009E-04
9.404810E-01  4.745852E-05  5.302358E-04  4.463384E-05  4.986767E-04
9.424649E-01  3.198660E-05  5.036130E-04  3.014624E-05  4.746376E-04
9.444489E-01  1.818433E-05  4.774131E-04  1.717417E-05  4.508923E-04
9.464329E-01  5.568666E-06  4.517466E-04  5.270368E-06  4.275479E-04
9.484168E-01  -6.333529E-06  4.267213E-04  -6.006826E-06  4.047096E-04
9.504008E-01  -1.791288E-05  4.024126E-04  -1.702442E-05  3.824533E-04
9.523848E-01  -2.725925E-05  3.779990E-04  -2.596130E-05  3.600004E-04
9.543687E-01  -3.366045E-05  3.532172E-04  -3.212448E-05  3.370994E-04
9.563527E-01  -3.752885E-05  3.282722E-04  -3.589082E-05  3.139440E-04
9.583367E-01  -3.926861E-05  3.033696E-04  -3.763255E-05  2.907302E-04
9.603206E-01  -3.927582E-05  2.787141E-04  -3.771738E-05  2.676548E-04
9.623046E-01  -3.793863E-05  2.545093E-04  -3.650851E-05  2.449155E-04
9.642886E-01  -3.563739E-05  2.309577E-04  -3.436473E-05  2.227099E-04
9.662725E-01  -3.274482E-05  2.082596E-04  -3.164042E-05  2.012355E-04
9.682565E-01  -2.962607E-05  1.866138E-04  -2.868564E-05  1.806900E-04
9.702405E-01  -2.663894E-05  1.662167E-04  -2.584617E-05  1.612702E-04
9.722244E-01  -2.413391E-05  1.472630E-04  -2.346358E-05  1.431727E-04
9.742084E-01  -2.245435E-05  1.299456E-04  -2.187522E-05  1.265942E-04
9.761924E-01  -2.162623E-05  1.144428E-04  -2.111137E-05  1.117182E-04
9.781764E-01  -2.058904E-05  1.006980E-04  -2.013971E-05  9.850040E-05
9.801603E-01  -1.926170E-05  8.845948E-05  -1.887955E-05  8.670444E-05
9.821443E-01  -1.769156E-05  7.748094E-05  -1.737566E-05  7.609749E-05
9.841283E-01  -1.592503E-05  6.752888E-05  -1.567227E-05  6.645708E-05
9.861122E-01  -1.400762E-05  5.838176E-05  -1.381308E-05  5.757096E-05
9.880962E-01  -1.198394E-05  4.982908E-05  -1.184129E-05  4.923592E-05
9.900802E-01  -9.897738E-06  4.166921E-05  -9.799554E-06  4.125586E-05
9.920641E-01  -7.791881E-06  3.370673E-05  -7.730045E-06  3.343924E-05
9.940481E-01  -5.708395E-06  2.574977E-05  -5.674419E-06  2.559651E-05
9.960321E-01  -3.688473E-06  1.760758E-05  -3.673837E-06  1.753771E-05
9.980160E-01  -1.772486E-06  9.088719E-06  -1.768970E-06  9.070688E-06
1.000000E+00  0.000000E+00  0.000000E+00  0.000000E+00  0.000000E+00
