CT14nnlo	1.000 GeV
x  w(x) delta_w
1.000000E-04	1.617334E-02	8.277474E-04
1.009253E-04	1.617814E-02	8.134490E-04
1.018591E-04	1.618300E-02	8.128820E-04
1.028016E-04	1.618795E-02	8.091255E-04
1.037528E-04	1.619335E-02	8.232654E-04
1.047129E-04	1.619844E-02	8.369981E-04
1.056818E-04	1.620359E-02	8.298230E-04
1.066596E-04	1.620881E-02	8.291398E-04
1.076465E-04	1.621360E-02	8.288131E-04
1.086426E-04	1.621895E-02	8.522623E-04
1.096478E-04	1.622434E-02	8.588435E-04
1.106624E-04	1.622983E-02	8.568565E-04
1.116863E-04	1.623541E-02	8.594016E-04
1.127197E-04	1.624107E-02	8.337764E-04
1.137627E-04	1.624731E-02	8.416247E-04
1.148154E-04	1.625445E-02	8.483386E-04
1.158777E-04	1.626160E-02	8.603898E-04
1.169499E-04	1.626875E-02	8.694568E-04
1.180321E-04	1.627590E-02	8.832686E-04
1.191242E-04	1.628305E-02	9.168742E-04
1.202264E-04	1.629020E-02	9.175356E-04
1.213389E-04	1.629735E-02	9.199996E-04
1.224616E-04	1.624640E-02	9.041748E-04
1.235947E-04	1.625352E-02	9.219825E-04
1.247384E-04	1.626064E-02	9.308630E-04
1.258925E-04	1.626666E-02	9.251187E-04
1.270574E-04	1.626848E-02	9.269207E-04
1.282331E-04	1.627050E-02	9.314721E-04
1.294196E-04	1.627254E-02	9.437005E-04
1.306171E-04	1.627461E-02	9.619197E-04
1.318257E-04	1.627671E-02	9.762665E-04
1.330454E-04	1.627883E-02	9.800368E-04
1.342765E-04	1.628098E-02	9.906572E-04
1.355189E-04	1.628315E-02	9.989875E-04
1.367729E-04	1.628536E-02	1.005959E-03
1.380384E-04	1.628759E-02	1.023185E-03
1.393157E-04	1.628985E-02	1.029929E-03
1.406048E-04	1.629214E-02	1.045209E-03
1.419058E-04	1.635264E-02	1.002535E-03
1.432188E-04	1.635500E-02	9.767817E-04
1.445440E-04	1.635740E-02	9.777178E-04
1.458814E-04	1.635982E-02	9.708378E-04
1.472313E-04	1.636228E-02	9.773985E-04
1.485936E-04	1.636477E-02	9.995834E-04
1.499685E-04	1.636730E-02	1.002682E-03
1.513561E-04	1.636985E-02	1.025482E-03
1.527566E-04	1.637244E-02	1.048513E-03
1.541700E-04	1.637505E-02	1.052841E-03
1.555966E-04	1.637770E-02	1.059119E-03
1.570363E-04	1.638037E-02	1.071800E-03
1.584893E-04	1.638307E-02	1.067737E-03
1.599558E-04	1.638580E-02	1.062613E-03
1.614359E-04	1.638855E-02	1.072534E-03
1.629296E-04	1.640346E-02	1.069982E-03
1.644372E-04	1.640836E-02	1.075478E-03
1.659587E-04	1.641329E-02	1.079235E-03
1.674943E-04	1.641947E-02	1.051428E-03
1.690441E-04	1.642642E-02	1.054153E-03
1.706082E-04	1.643122E-02	1.061567E-03
1.721869E-04	1.643603E-02	1.056117E-03
1.737801E-04	1.644087E-02	1.064706E-03
1.753881E-04	1.644405E-02	1.074132E-03
1.770109E-04	1.647397E-02	1.076752E-03
1.786488E-04	1.647693E-02	1.087558E-03
1.803018E-04	1.647993E-02	1.090889E-03
1.819701E-04	1.648296E-02	1.089764E-03
1.836538E-04	1.648603E-02	1.076497E-03
1.853532E-04	1.648913E-02	1.090277E-03
1.870682E-04	1.649226E-02	1.114018E-03
1.887991E-04	1.649703E-02	1.119687E-03
1.905461E-04	1.650009E-02	1.120162E-03
1.923092E-04	1.650344E-02	1.137446E-03
1.940886E-04	1.650857E-02	1.142079E-03
1.958845E-04	1.651487E-02	1.147121E-03
1.976970E-04	1.652324E-02	1.152865E-03
1.995262E-04	1.653160E-02	1.160794E-03
2.013724E-04	1.653827E-02	1.188303E-03
2.032357E-04	1.654702E-02	1.184810E-03
2.051162E-04	1.655575E-02	1.192801E-03
2.070141E-04	1.656446E-02	1.201459E-03
2.089296E-04	1.657313E-02	1.223314E-03
2.108628E-04	1.652297E-02	1.234157E-03
2.128139E-04	1.653154E-02	1.216111E-03
2.147830E-04	1.654008E-02	1.215708E-03
2.167704E-04	1.654857E-02	1.206897E-03
2.187762E-04	1.655572E-02	1.236375E-03
2.208005E-04	1.656393E-02	1.238965E-03
2.228435E-04	1.657212E-02	1.240859E-03
2.249055E-04	1.658029E-02	1.242180E-03
2.269865E-04	1.658845E-02	1.237848E-03
2.290868E-04	1.659658E-02	1.242607E-03
2.312065E-04	1.660469E-02	1.242461E-03
2.333458E-04	1.661278E-02	1.240022E-03
2.355049E-04	1.662085E-02	1.249531E-03
2.376840E-04	1.662890E-02	1.262620E-03
2.398833E-04	1.663693E-02	1.279367E-03
2.421029E-04	1.664491E-02	1.278597E-03
2.443431E-04	1.665292E-02	1.282587E-03
2.466039E-04	1.666118E-02	1.307440E-03
2.488857E-04	1.666911E-02	1.306420E-03
2.511886E-04	1.667701E-02	1.304361E-03
2.535129E-04	1.668472E-02	1.312029E-03
2.558586E-04	1.669261E-02	1.315131E-03
2.582260E-04	1.670047E-02	1.313620E-03
2.606154E-04	1.670831E-02	1.320376E-03
2.630268E-04	1.671611E-02	1.313973E-03
2.654606E-04	1.672389E-02	1.308364E-03
2.679168E-04	1.673164E-02	1.291051E-03
2.703958E-04	1.673936E-02	1.320025E-03
2.728978E-04	1.674729E-02	1.327531E-03
2.754229E-04	1.675481E-02	1.352290E-03
2.779713E-04	1.676229E-02	1.361610E-03
2.805434E-04	1.676975E-02	1.368515E-03
2.831392E-04	1.677717E-02	1.374220E-03
2.857591E-04	1.678481E-02	1.379153E-03
2.884032E-04	1.679224E-02	1.391667E-03
2.910717E-04	1.679962E-02	1.407014E-03
2.937650E-04	1.680695E-02	1.415466E-03
2.964831E-04	1.680024E-02	1.411409E-03
2.992265E-04	1.680554E-02	1.410584E-03
3.019952E-04	1.681082E-02	1.419496E-03
3.047895E-04	1.681609E-02	1.434739E-03
3.076097E-04	1.682136E-02	1.445621E-03
3.104560E-04	1.682661E-02	1.436969E-03
3.133286E-04	1.683187E-02	1.460476E-03
3.162278E-04	1.683710E-02	1.479964E-03
3.191538E-04	1.684232E-02	1.468936E-03
3.221069E-04	1.684754E-02	1.511623E-03
3.250873E-04	1.685274E-02	1.505445E-03
3.280953E-04	1.685794E-02	1.522203E-03
3.311311E-04	1.686312E-02	1.536053E-03
3.341950E-04	1.692806E-02	1.538468E-03
3.372873E-04	1.693371E-02	1.552810E-03
3.404082E-04	1.693885E-02	1.546584E-03
3.435579E-04	1.694397E-02	1.537347E-03
3.467369E-04	1.694909E-02	1.527244E-03
3.499452E-04	1.695420E-02	1.532142E-03
3.531832E-04	1.695931E-02	1.537409E-03
3.564511E-04	1.696441E-02	1.568405E-03
3.597493E-04	1.696951E-02	1.605628E-03
3.630781E-04	1.697460E-02	1.619490E-03
3.664376E-04	1.697969E-02	1.601481E-03
3.698282E-04	1.698478E-02	1.606081E-03
3.732502E-04	1.698986E-02	1.624888E-03
3.767038E-04	1.699495E-02	1.651989E-03
3.801894E-04	1.700003E-02	1.650404E-03
3.837072E-04	1.700510E-02	1.635498E-03
3.872576E-04	1.701018E-02	1.632925E-03
3.908409E-04	1.707614E-02	1.616447E-03
3.944573E-04	1.708186E-02	1.622004E-03
3.981072E-04	1.708757E-02	1.655348E-03
4.017908E-04	1.709326E-02	1.672417E-03
4.055085E-04	1.709894E-02	1.691878E-03
4.092607E-04	1.710459E-02	1.706718E-03
4.130475E-04	1.710802E-02	1.715512E-03
4.168694E-04	1.711585E-02	1.726209E-03
4.207266E-04	1.712146E-02	1.742579E-03
4.246196E-04	1.712192E-02	1.729211E-03
4.285485E-04	1.712192E-02	1.738880E-03
4.325138E-04	1.718244E-02	1.748166E-03
4.365158E-04	1.718244E-02	1.775530E-03
4.405549E-04	1.718244E-02	1.779630E-03
4.446313E-04	1.718244E-02	1.792762E-03
4.487454E-04	1.718244E-02	1.795694E-03
4.528976E-04	1.718244E-02	1.806666E-03
4.570882E-04	1.724314E-02	1.821613E-03
4.613176E-04	1.724314E-02	1.837270E-03
4.655861E-04	1.724314E-02	1.800283E-03
4.698941E-04	1.724314E-02	1.819002E-03
4.742420E-04	1.724314E-02	1.832492E-03
4.786301E-04	1.724314E-02	1.863644E-03
4.830588E-04	1.730394E-02	1.860861E-03
4.875285E-04	1.730394E-02	1.874930E-03
4.920395E-04	1.730394E-02	1.903018E-03
4.965923E-04	1.730394E-02	1.911937E-03
5.011872E-04	1.730394E-02	1.930759E-03
5.058247E-04	1.736491E-02	1.938065E-03
5.105050E-04	1.736491E-02	1.941193E-03
5.152286E-04	1.736830E-02	1.959851E-03
5.199960E-04	1.737489E-02	1.946520E-03
5.248075E-04	1.738281E-02	1.963740E-03
5.296634E-04	1.738845E-02	1.972266E-03
5.345644E-04	1.739534E-02	1.988775E-03
5.395106E-04	1.740247E-02	1.996777E-03
5.445027E-04	1.740973E-02	1.989416E-03
5.495409E-04	1.741715E-02	2.001991E-03
5.546257E-04	1.748373E-02	2.037386E-03
5.597576E-04	1.749053E-02	2.017554E-03
5.649370E-04	1.749746E-02	2.030202E-03
5.701643E-04	1.750453E-02	2.033904E-03
5.754399E-04	1.751174E-02	2.035233E-03
5.807644E-04	1.751909E-02	2.065781E-03
5.861382E-04	1.752659E-02	2.083775E-03
5.915616E-04	1.753423E-02	2.089609E-03
5.970353E-04	1.754203E-02	2.127565E-03
6.025596E-04	1.754999E-02	2.136175E-03
6.081350E-04	1.755811E-02	2.168773E-03
6.137620E-04	1.756640E-02	2.157888E-03
6.194411E-04	1.763665E-02	2.136481E-03
6.251727E-04	1.764531E-02	2.154343E-03
6.309573E-04	1.765416E-02	2.170838E-03
6.367955E-04	1.766319E-02	2.152724E-03
6.426877E-04	1.767242E-02	2.171637E-03
6.486344E-04	1.768167E-02	2.192259E-03
6.546362E-04	1.767362E-02	2.222497E-03
6.606934E-04	1.768789E-02	2.274044E-03
6.668068E-04	1.770165E-02	2.297099E-03
6.729767E-04	1.771583E-02	2.291026E-03
6.792036E-04	1.773045E-02	2.289272E-03
6.854882E-04	1.774553E-02	2.251009E-03
6.918310E-04	1.776107E-02	2.282154E-03
6.982324E-04	1.777711E-02	2.295403E-03
7.046931E-04	1.779366E-02	2.321844E-03
7.112135E-04	1.781072E-02	2.314441E-03
7.177943E-04	1.782833E-02	2.311811E-03
7.244360E-04	1.784649E-02	2.364319E-03
7.311391E-04	1.786522E-02	2.401784E-03
7.379042E-04	1.788453E-02	2.417397E-03
7.447320E-04	1.790445E-02	2.418314E-03
7.516229E-04	1.792499E-02	2.429239E-03
7.585776E-04	1.794615E-02	2.448331E-03
7.655966E-04	1.796796E-02	2.479729E-03
7.726806E-04	1.792768E-02	2.495810E-03
7.798301E-04	1.795075E-02	2.474858E-03
7.870458E-04	1.797448E-02	2.468501E-03
7.943282E-04	1.799732E-02	2.477475E-03
8.016781E-04	1.800662E-02	2.518748E-03
8.090959E-04	1.801600E-02	2.518651E-03
8.165824E-04	1.802546E-02	2.543269E-03
8.241381E-04	1.807389E-02	2.521851E-03
8.317638E-04	1.809063E-02	2.520659E-03
8.394600E-04	1.811731E-02	2.578062E-03
8.472274E-04	1.812701E-02	2.577387E-03
8.550667E-04	1.813672E-02	2.594073E-03
8.629785E-04	1.814644E-02	2.611472E-03
8.709636E-04	1.821952E-02	2.664593E-03
8.790225E-04	1.822921E-02	2.634926E-03
8.871560E-04	1.823883E-02	2.630900E-03
8.953648E-04	1.825001E-02	2.659656E-03
9.036495E-04	1.821973E-02	2.682293E-03
9.120108E-04	1.825424E-02	2.686959E-03
9.204496E-04	1.829021E-02	2.723562E-03
9.289664E-04	1.832775E-02	2.752971E-03
9.375620E-04	1.829525E-02	2.717095E-03
9.462372E-04	1.830550E-02	2.749244E-03
9.549926E-04	1.837997E-02	2.769932E-03
9.638290E-04	1.839122E-02	2.801547E-03
9.727472E-04	1.840300E-02	2.769969E-03
9.817479E-04	1.841536E-02	2.796409E-03
9.908319E-04	1.842834E-02	2.804605E-03
1.000000E-03	1.844199E-02	2.817812E-03
1.009253E-03	1.845636E-02	2.853965E-03
1.018591E-03	1.847152E-02	2.850547E-03
1.028016E-03	1.848752E-02	2.871073E-03
1.037528E-03	1.850444E-02	2.852825E-03
1.047129E-03	1.852872E-02	2.886356E-03
1.056818E-03	1.855829E-02	2.961906E-03
1.066596E-03	1.858953E-02	2.958669E-03
1.076465E-03	1.862193E-02	2.957164E-03
1.086426E-03	1.865191E-02	2.927929E-03
1.096478E-03	1.866630E-02	2.915651E-03
1.106624E-03	1.868162E-02	2.979949E-03
1.116863E-03	1.869726E-02	3.006916E-03
1.127197E-03	1.871701E-02	3.018968E-03
1.137627E-03	1.874988E-02	3.022957E-03
1.148154E-03	1.878547E-02	3.058378E-03
1.158777E-03	1.875917E-02	3.047833E-03
1.169499E-03	1.880122E-02	3.072225E-03
1.180321E-03	1.884724E-02	3.086893E-03
1.191242E-03	1.883259E-02	3.065017E-03
1.202264E-03	1.888838E-02	3.111730E-03
1.213389E-03	1.890864E-02	3.154182E-03
1.224616E-03	1.890778E-02	3.173417E-03
1.235947E-03	1.896439E-02	3.165456E-03
1.247384E-03	1.894318E-02	3.162308E-03
1.258925E-03	1.895669E-02	3.232677E-03
1.270574E-03	1.896994E-02	3.230154E-03
1.282331E-03	1.906723E-02	3.250555E-03
1.294196E-03	1.908140E-02	3.264185E-03
1.306171E-03	1.909614E-02	3.256479E-03
1.318257E-03	1.911170E-02	3.289568E-03
1.330454E-03	1.909830E-02	3.289960E-03
1.342765E-03	1.913274E-02	3.308549E-03
1.355189E-03	1.916787E-02	3.311613E-03
1.367729E-03	1.917148E-02	3.331255E-03
1.380384E-03	1.919660E-02	3.363766E-03
1.393157E-03	1.924335E-02	3.401482E-03
1.406048E-03	1.926283E-02	3.394718E-03
1.419058E-03	1.926283E-02	3.426153E-03
1.432188E-03	1.932923E-02	3.435961E-03
1.445440E-03	1.932923E-02	3.443937E-03
1.458814E-03	1.939576E-02	3.456797E-03
1.472313E-03	1.940059E-02	3.482963E-03
1.485936E-03	1.945361E-02	3.488914E-03
1.499685E-03	1.945867E-02	3.490351E-03
1.513561E-03	1.946389E-02	3.504289E-03
1.527566E-03	1.953618E-02	3.547639E-03
1.541700E-03	1.953308E-02	3.614178E-03
1.555966E-03	1.957147E-02	3.611630E-03
1.570363E-03	1.958708E-02	3.581265E-03
1.584893E-03	1.962602E-02	3.619229E-03
1.599558E-03	1.960791E-02	3.639049E-03
1.614359E-03	1.964369E-02	3.653404E-03
1.629296E-03	1.966992E-02	3.692138E-03
1.644372E-03	1.969182E-02	3.738598E-03
1.659587E-03	1.974361E-02	3.687360E-03
1.674943E-03	1.977225E-02	3.754127E-03
1.690441E-03	1.980720E-02	3.757170E-03
1.706082E-03	1.983413E-02	3.767510E-03
1.721869E-03	1.985327E-02	3.772026E-03
1.737801E-03	1.987226E-02	3.842458E-03
1.753881E-03	1.995895E-02	3.842501E-03
1.770109E-03	1.997682E-02	3.836215E-03
1.786488E-03	1.997512E-02	3.877907E-03
1.803018E-03	2.005296E-02	3.901554E-03
1.819701E-03	2.002684E-02	3.894633E-03
1.836538E-03	2.011416E-02	3.915732E-03
1.853532E-03	2.013398E-02	3.928296E-03
1.870682E-03	2.015433E-02	3.977014E-03
1.887991E-03	2.017504E-02	3.992956E-03
1.905461E-03	2.021483E-02	4.007000E-03
1.923092E-03	2.024878E-02	4.045183E-03
1.940886E-03	2.023746E-02	4.016172E-03
1.958845E-03	2.033080E-02	4.030283E-03
1.976970E-03	2.036163E-02	4.133730E-03
1.995262E-03	2.034309E-02	4.148510E-03
2.013724E-03	2.039611E-02	4.129097E-03
2.032357E-03	2.041662E-02	4.117476E-03
2.051162E-03	2.046621E-02	4.142675E-03
2.070141E-03	2.053497E-02	4.202974E-03
2.089296E-03	2.054181E-02	4.211940E-03
2.108628E-03	2.054848E-02	4.241134E-03
2.128139E-03	2.060415E-02	4.267736E-03
2.147830E-03	2.060800E-02	4.250285E-03
2.167704E-03	2.067806E-02	4.303592E-03
2.187762E-03	2.067806E-02	4.268947E-03
2.208005E-03	2.074823E-02	4.300024E-03
2.228435E-03	2.081860E-02	4.364672E-03
2.249055E-03	2.084339E-02	4.381989E-03
2.269865E-03	2.085869E-02	4.427223E-03
2.290868E-03	2.091714E-02	4.376697E-03
2.312065E-03	2.091168E-02	4.389186E-03
2.333458E-03	2.093589E-02	4.464745E-03
2.355049E-03	2.104732E-02	4.480756E-03
2.376840E-03	2.106880E-02	4.489649E-03
2.398833E-03	2.109133E-02	4.535214E-03
2.421029E-03	2.111498E-02	4.551709E-03
2.443431E-03	2.113983E-02	4.548191E-03
2.466039E-03	2.116598E-02	4.561488E-03
2.488857E-03	2.127031E-02	4.635224E-03
2.511886E-03	2.130147E-02	4.583961E-03
2.535129E-03	2.133398E-02	4.612243E-03
2.558586E-03	2.136786E-02	4.718791E-03
2.582260E-03	2.140314E-02	4.698176E-03
2.606154E-03	2.142891E-02	4.704678E-03
2.630268E-03	2.146795E-02	4.750935E-03
2.654606E-03	2.150955E-02	4.774113E-03
2.679168E-03	2.155398E-02	4.780175E-03
2.703958E-03	2.160154E-02	4.808357E-03
2.728978E-03	2.157998E-02	4.866772E-03
2.754229E-03	2.163475E-02	4.845984E-03
2.779713E-03	2.176673E-02	4.864621E-03
2.805434E-03	2.175774E-02	4.941591E-03
2.831392E-03	2.183225E-02	4.940070E-03
2.857591E-03	2.183326E-02	4.976019E-03
2.884032E-03	2.185756E-02	5.011399E-03
2.910717E-03	2.195612E-02	5.028220E-03
2.937650E-03	2.198190E-02	5.048253E-03
2.964831E-03	2.200784E-02	5.088595E-03
2.992265E-03	2.210792E-02	5.106132E-03
3.019952E-03	2.215591E-02	5.106008E-03
3.047895E-03	2.214908E-02	5.112142E-03
3.076097E-03	2.221261E-02	5.166553E-03
3.104560E-03	2.227258E-02	5.213908E-03
3.133286E-03	2.232905E-02	5.222935E-03
3.162278E-03	2.238213E-02	5.245775E-03
3.191538E-03	2.243196E-02	5.251020E-03
3.221069E-03	2.245814E-02	5.276553E-03
3.250873E-03	2.249082E-02	5.349244E-03
3.280953E-03	2.252247E-02	5.390893E-03
3.311311E-03	2.262795E-02	5.321376E-03
3.341950E-03	2.265721E-02	5.394609E-03
3.372873E-03	2.268543E-02	5.438246E-03
3.404082E-03	2.277246E-02	5.388041E-03
3.435579E-03	2.280201E-02	5.454736E-03
3.467369E-03	2.288069E-02	5.490511E-03
3.499452E-03	2.288069E-02	5.499346E-03
3.531832E-03	2.295684E-02	5.566210E-03
3.564511E-03	2.303312E-02	5.590502E-03
3.597493E-03	2.303312E-02	5.583465E-03
3.630781E-03	2.312131E-02	5.615250E-03
3.664376E-03	2.315284E-02	5.637294E-03
3.698282E-03	2.324028E-02	5.637118E-03
3.732502E-03	2.327127E-02	5.694995E-03
3.767038E-03	2.330397E-02	5.721523E-03
3.801894E-03	2.341588E-02	5.761476E-03
3.837072E-03	2.345251E-02	5.757383E-03
3.872576E-03	2.347717E-02	5.816791E-03
3.908409E-03	2.353449E-02	5.865961E-03
3.944573E-03	2.359703E-02	5.864318E-03
3.981072E-03	2.366521E-02	5.916145E-03
4.017908E-03	2.373942E-02	5.928662E-03
4.055085E-03	2.381993E-02	5.953568E-03
4.092607E-03	2.381616E-02	5.989584E-03
4.130475E-03	2.392860E-02	5.984403E-03
4.168694E-03	2.396263E-02	6.006153E-03
4.207266E-03	2.407560E-02	6.091637E-03
4.246196E-03	2.410875E-02	6.099636E-03
4.285485E-03	2.413841E-02	6.136413E-03
4.325138E-03	2.417223E-02	6.126021E-03
4.365158E-03	2.428763E-02	6.144305E-03
4.405549E-03	2.432811E-02	6.221569E-03
4.446313E-03	2.437414E-02	6.249885E-03
4.487454E-03	2.442691E-02	6.213792E-03
4.528976E-03	2.451767E-02	6.283724E-03
4.570882E-03	2.459341E-02	6.326893E-03
4.613176E-03	2.464456E-02	6.353453E-03
4.655861E-03	2.466647E-02	6.375310E-03
4.698941E-03	2.479264E-02	6.407124E-03
4.742420E-03	2.486356E-02	6.423270E-03
4.786301E-03	2.493212E-02	6.444340E-03
4.830588E-03	2.493489E-02	6.482537E-03
4.875285E-03	2.506864E-02	6.496880E-03
4.920395E-03	2.508858E-02	6.467517E-03
4.965923E-03	2.516567E-02	6.557101E-03
5.011872E-03	2.527223E-02	6.571481E-03
5.058247E-03	2.527223E-02	6.647933E-03
5.105050E-03	2.535471E-02	6.661331E-03
5.152286E-03	2.549374E-02	6.658294E-03
5.199960E-03	2.550726E-02	6.713755E-03
5.248075E-03	2.558996E-02	6.750577E-03
5.296634E-03	2.566198E-02	6.765296E-03
5.345644E-03	2.569969E-02	6.819230E-03
5.395106E-03	2.583737E-02	6.866776E-03
5.445027E-03	2.586553E-02	6.864468E-03
5.495409E-03	2.593247E-02	6.921744E-03
5.546257E-03	2.606440E-02	6.946805E-03
5.597576E-03	2.606454E-02	6.947437E-03
5.649370E-03	2.614890E-02	7.004384E-03
5.701643E-03	2.628068E-02	7.061094E-03
5.754399E-03	2.633058E-02	6.999268E-03
5.807644E-03	2.641248E-02	7.087672E-03
5.861382E-03	2.651553E-02	7.101850E-03
5.915616E-03	2.654002E-02	7.187976E-03
5.970353E-03	2.662276E-02	7.154008E-03
6.025596E-03	2.673675E-02	7.234953E-03
6.081350E-03	2.675222E-02	7.214459E-03
6.137620E-03	2.689623E-02	7.262856E-03
6.194411E-03	2.698289E-02	7.321486E-03
6.251727E-03	2.708068E-02	7.350998E-03
6.309573E-03	2.713938E-02	7.337167E-03
6.367955E-03	2.717731E-02	7.418591E-03
6.426877E-03	2.732746E-02	7.503338E-03
6.486344E-03	2.737704E-02	7.398411E-03
6.546362E-03	2.743120E-02	7.516539E-03
6.606934E-03	2.757881E-02	7.548842E-03
6.668068E-03	2.764671E-02	7.582196E-03
6.729767E-03	2.772160E-02	7.561996E-03
6.792036E-03	2.779788E-02	7.684957E-03
6.854882E-03	2.788840E-02	7.708587E-03
6.918310E-03	2.790117E-02	7.727046E-03
6.982324E-03	2.801676E-02	7.777301E-03
7.046931E-03	2.814918E-02	7.765346E-03
7.112135E-03	2.821513E-02	7.855033E-03
7.177943E-03	2.835649E-02	7.792277E-03
7.244360E-03	2.840942E-02	7.894134E-03
7.311391E-03	2.855378E-02	7.940090E-03
7.379042E-03	2.859471E-02	7.974506E-03
7.447320E-03	2.871788E-02	7.989195E-03
7.516229E-03	2.882795E-02	8.062169E-03
7.585776E-03	2.890781E-02	8.021658E-03
7.655966E-03	2.897269E-02	8.094104E-03
7.726806E-03	2.912533E-02	8.111828E-03
7.798301E-03	2.918187E-02	8.195538E-03
7.870458E-03	2.929101E-02	8.200006E-03
7.943282E-03	2.939354E-02	8.281856E-03
8.016781E-03	2.948679E-02	8.267291E-03
8.090959E-03	2.958018E-02	8.339088E-03
8.165824E-03	2.969498E-02	8.331565E-03
8.241381E-03	2.980463E-02	8.377588E-03
8.317638E-03	2.986494E-02	8.400415E-03
8.394600E-03	3.002532E-02	8.486552E-03
8.472274E-03	3.008308E-02	8.457208E-03
8.550667E-03	3.019462E-02	8.529894E-03
8.629785E-03	3.032191E-02	8.565853E-03
8.709636E-03	3.046807E-02	8.602273E-03
8.790225E-03	3.056765E-02	8.574811E-03
8.871560E-03	3.063019E-02	8.653889E-03
8.953648E-03	3.078792E-02	8.673871E-03
9.036495E-03	3.090048E-02	8.700826E-03
9.120108E-03	3.100643E-02	8.749546E-03
9.204496E-03	3.108408E-02	8.787901E-03
9.289664E-03	3.118105E-02	8.816048E-03
9.375620E-03	3.133467E-02	8.887330E-03
9.462372E-03	3.146027E-02	8.905859E-03
9.549926E-03	3.157800E-02	8.918053E-03
9.638290E-03	3.165810E-02	8.980147E-03
9.727472E-03	3.173314E-02	9.017754E-03
9.817479E-03	3.191090E-02	9.040162E-03
9.908319E-03	3.205320E-02	9.076170E-03
1.000000E-02	3.209624E-02	9.137106E-03
1.198397E-02	3.472098E-02	9.796754E-03
1.396794E-02	3.716667E-02	1.048477E-02
1.595190E-02	3.955642E-02	1.097924E-02
1.793587E-02	4.190583E-02	1.150595E-02
1.991984E-02	4.428688E-02	1.195820E-02
2.190381E-02	4.653515E-02	1.232240E-02
2.388778E-02	4.891764E-02	1.261623E-02
2.587174E-02	5.112008E-02	1.297806E-02
2.785571E-02	5.330633E-02	1.315874E-02
2.983968E-02	5.567266E-02	1.348303E-02
3.182365E-02	5.783477E-02	1.353127E-02
3.380762E-02	5.993133E-02	1.373847E-02
3.579158E-02	6.219477E-02	1.397308E-02
3.777555E-02	6.444826E-02	1.420137E-02
3.975952E-02	6.657414E-02	1.413615E-02
4.174349E-02	6.861358E-02	1.434238E-02
4.372745E-02	7.092443E-02	1.440985E-02
4.571142E-02	7.310114E-02	1.450660E-02
4.769539E-02	7.522248E-02	1.466618E-02
4.967936E-02	7.740151E-02	1.453493E-02
5.166333E-02	7.947091E-02	1.458617E-02
5.364729E-02	8.168786E-02	1.468071E-02
5.563126E-02	8.370660E-02	1.471079E-02
5.761523E-02	8.603793E-02	1.498869E-02
5.959920E-02	8.824776E-02	1.469137E-02
6.158317E-02	9.038788E-02	1.469475E-02
6.356713E-02	9.249795E-02	1.478784E-02
6.555110E-02	9.480212E-02	1.478729E-02
6.753507E-02	9.692116E-02	1.493047E-02
6.951904E-02	9.903232E-02	1.497824E-02
7.150301E-02	1.013147E-01	1.472803E-02
7.348697E-02	1.035381E-01	1.467956E-02
7.547094E-02	1.057169E-01	1.460145E-02
7.745491E-02	1.077205E-01	1.459292E-02
7.943888E-02	1.100887E-01	1.480218E-02
8.142285E-02	1.123020E-01	1.487866E-02
8.340681E-02	1.146998E-01	1.468420E-02
8.539078E-02	1.169212E-01	1.424108E-02
8.737475E-02	1.189893E-01	1.446565E-02
8.935872E-02	1.211653E-01	1.461097E-02
9.134269E-02	1.237598E-01	1.466619E-02
9.332665E-02	1.259961E-01	1.474693E-02
9.531062E-02	1.283255E-01	1.454416E-02
9.729459E-02	1.305029E-01	1.433924E-02
9.927856E-02	1.329031E-01	1.422769E-02
1.012625E-01	1.350755E-01	1.419511E-02
1.032465E-01	1.371393E-01	1.452421E-02
1.052305E-01	1.396796E-01	1.459813E-02
1.072144E-01	1.422935E-01	1.430333E-02
1.091984E-01	1.444616E-01	1.426803E-02
1.111824E-01	1.466064E-01	1.395314E-02
1.131663E-01	1.491681E-01	1.387805E-02
1.151503E-01	1.512784E-01	1.393614E-02
1.171343E-01	1.538760E-01	1.445246E-02
1.191182E-01	1.563503E-01	1.459850E-02
1.211022E-01	1.584810E-01	1.413678E-02
1.230862E-01	1.613274E-01	1.385863E-02
1.250701E-01	1.633669E-01	1.386214E-02
1.270541E-01	1.657013E-01	1.374543E-02
1.290381E-01	1.683313E-01	1.383011E-02
1.310220E-01	1.705262E-01	1.434861E-02
1.330060E-01	1.731169E-01	1.401621E-02
1.349900E-01	1.758378E-01	1.410900E-02
1.369739E-01	1.779641E-01	1.380859E-02
1.389579E-01	1.803799E-01	1.370896E-02
1.409419E-01	1.831817E-01	1.349157E-02
1.429259E-01	1.853915E-01	1.386474E-02
1.449098E-01	1.881903E-01	1.381415E-02
1.468938E-01	1.905170E-01	1.394623E-02
1.488778E-01	1.932755E-01	1.333435E-02
1.508617E-01	1.954170E-01	1.325280E-02
1.528457E-01	1.979417E-01	1.364980E-02
1.548297E-01	2.008443E-01	1.325707E-02
1.568136E-01	2.034559E-01	1.395045E-02
1.587976E-01	2.061077E-01	1.415005E-02
1.607816E-01	2.083503E-01	1.351052E-02
1.627655E-01	2.112188E-01	1.314518E-02
1.647495E-01	2.136861E-01	1.334940E-02
1.667335E-01	2.160139E-01	1.383580E-02
1.687174E-01	2.191078E-01	1.337611E-02
1.707014E-01	2.212181E-01	1.320948E-02
1.726854E-01	2.239415E-01	1.398099E-02
1.746693E-01	2.267533E-01	1.388197E-02
1.766533E-01	2.294528E-01	1.331780E-02
1.786373E-01	2.316646E-01	1.318794E-02
1.806212E-01	2.347445E-01	1.366428E-02
1.826052E-01	2.373960E-01	1.370800E-02
1.845892E-01	2.395893E-01	1.288719E-02
1.865731E-01	2.425088E-01	1.360232E-02
1.885571E-01	2.449750E-01	1.374396E-02
1.905411E-01	2.482805E-01	1.368882E-02
1.925251E-01	2.503761E-01	1.306489E-02
1.945090E-01	2.532793E-01	1.376697E-02
1.964930E-01	2.556104E-01	1.340144E-02
1.984770E-01	2.587963E-01	1.302433E-02
2.004609E-01	2.613172E-01	1.343422E-02
2.024449E-01	2.639422E-01	1.375536E-02
2.044289E-01	2.669155E-01	1.377766E-02
2.064128E-01	2.696935E-01	1.286765E-02
2.083968E-01	2.721025E-01	1.341025E-02
2.103808E-01	2.753377E-01	1.366413E-02
2.123647E-01	2.770981E-01	1.395025E-02
2.143487E-01	2.803381E-01	1.272023E-02
2.163327E-01	2.829197E-01	1.357196E-02
2.183166E-01	2.859235E-01	1.376863E-02
2.203006E-01	2.887970E-01	1.365930E-02
2.222846E-01	2.912599E-01	1.299060E-02
2.242685E-01	2.938875E-01	1.396067E-02
2.262525E-01	2.973331E-01	1.414597E-02
2.282365E-01	3.001276E-01	1.367166E-02
2.302204E-01	3.024545E-01	1.304841E-02
2.322044E-01	3.050138E-01	1.376769E-02
2.341884E-01	3.086420E-01	1.454003E-02
2.361723E-01	3.111350E-01	1.334656E-02
2.381563E-01	3.135815E-01	1.287099E-02
2.401403E-01	3.162308E-01	1.489248E-02
2.421242E-01	3.197914E-01	1.415609E-02
2.441082E-01	3.226707E-01	1.399764E-02
2.460922E-01	3.249696E-01	1.360535E-02
2.480762E-01	3.276146E-01	1.418837E-02
2.500601E-01	3.307191E-01	1.500283E-02
2.520441E-01	3.337756E-01	1.349767E-02
2.540281E-01	3.362993E-01	1.342204E-02
2.560120E-01	3.391191E-01	1.387397E-02
2.579960E-01	3.426125E-01	1.433704E-02
2.599800E-01	3.445075E-01	1.483536E-02
2.619639E-01	3.478949E-01	1.299500E-02
2.639479E-01	3.510026E-01	1.460493E-02
2.659319E-01	3.534635E-01	1.505190E-02
2.679158E-01	3.568297E-01	1.528216E-02
2.698998E-01	3.590551E-01	1.385155E-02
2.718838E-01	3.623690E-01	1.499248E-02
2.738677E-01	3.644248E-01	1.541232E-02
2.758517E-01	3.677133E-01	1.472230E-02
2.778357E-01	3.714020E-01	1.486063E-02
2.798196E-01	3.733944E-01	1.386223E-02
2.818036E-01	3.758705E-01	1.536255E-02
2.837876E-01	3.796551E-01	1.540715E-02
2.857715E-01	3.815688E-01	1.503319E-02
2.877555E-01	3.849144E-01	1.448725E-02
2.897395E-01	3.878195E-01	1.530394E-02
2.917234E-01	3.914742E-01	1.539955E-02
2.937074E-01	3.942816E-01	1.573776E-02
2.956914E-01	3.969037E-01	1.407429E-02
2.976754E-01	3.994629E-01	1.403457E-02
2.996593E-01	4.024535E-01	1.578290E-02
3.016433E-01	4.049587E-01	1.527843E-02
3.036273E-01	4.090091E-01	1.587896E-02
3.056112E-01	4.107825E-01	1.486728E-02
3.075952E-01	4.135857E-01	1.558312E-02
3.095792E-01	4.173356E-01	1.595928E-02
3.115631E-01	4.192991E-01	1.594193E-02
3.135471E-01	4.228449E-01	1.454453E-02
3.155311E-01	4.254650E-01	1.416264E-02
3.175150E-01	4.284264E-01	1.613978E-02
3.194990E-01	4.310785E-01	1.509392E-02
3.214830E-01	4.334835E-01	1.625306E-02
3.234669E-01	4.368120E-01	1.498724E-02
3.254509E-01	4.397750E-01	1.531286E-02
3.274349E-01	4.435965E-01	1.619288E-02
3.294188E-01	4.452618E-01	1.662777E-02
3.314028E-01	4.491453E-01	1.572997E-02
3.333868E-01	4.512697E-01	1.600677E-02
3.353707E-01	4.537726E-01	1.589575E-02
3.373547E-01	4.569637E-01	1.608066E-02
3.393387E-01	4.605471E-01	1.674680E-02
3.413226E-01	4.630552E-01	1.632167E-02
3.433066E-01	4.661232E-01	1.672283E-02
3.452906E-01	4.685186E-01	1.611973E-02
3.472745E-01	4.717134E-01	1.553057E-02
3.492585E-01	4.750700E-01	1.771808E-02
3.512425E-01	4.774011E-01	1.497535E-02
3.532265E-01	4.803792E-01	1.693868E-02
3.552104E-01	4.841708E-01	1.820634E-02
3.571944E-01	4.857668E-01	1.646843E-02
3.591784E-01	4.880978E-01	1.681824E-02
3.611623E-01	4.915508E-01	1.506909E-02
3.631463E-01	4.943181E-01	1.816581E-02
3.651303E-01	4.983111E-01	1.845715E-02
3.671142E-01	4.998419E-01	1.769867E-02
3.690982E-01	5.033267E-01	1.673201E-02
3.710822E-01	5.059066E-01	1.607600E-02
3.730661E-01	5.090760E-01	1.732862E-02
3.750501E-01	5.127284E-01	1.900096E-02
3.770341E-01	5.143353E-01	1.601116E-02
3.790180E-01	5.165568E-01	1.730889E-02
3.810020E-01	5.207389E-01	1.752989E-02
3.829860E-01	5.236108E-01	1.876024E-02
3.849699E-01	5.254629E-01	1.757187E-02
3.869539E-01	5.284067E-01	1.731045E-02
3.889379E-01	5.323997E-01	1.974250E-02
3.909218E-01	5.344890E-01	1.635403E-02
3.929058E-01	5.368763E-01	1.798710E-02
3.948898E-01	5.391603E-01	1.897330E-02
3.968737E-01	5.424858E-01	1.683823E-02
3.988577E-01	5.449556E-01	1.707722E-02
4.008417E-01	5.489661E-01	1.930501E-02
4.028257E-01	5.506341E-01	1.838586E-02
4.048096E-01	5.535638E-01	1.853882E-02
4.067936E-01	5.564195E-01	1.763629E-02
4.087776E-01	5.591701E-01	1.731139E-02
4.107615E-01	5.622889E-01	1.764046E-02
4.127455E-01	5.649136E-01	1.642400E-02
4.147295E-01	5.676995E-01	1.816590E-02
4.167134E-01	5.695065E-01	1.946779E-02
4.186974E-01	5.739210E-01	1.772769E-02
4.206814E-01	5.753166E-01	1.785208E-02
4.226653E-01	5.781872E-01	1.848010E-02
4.246493E-01	5.810098E-01	1.795229E-02
4.266333E-01	5.839611E-01	1.867290E-02
4.286172E-01	5.876575E-01	1.883530E-02
4.306012E-01	5.902943E-01	1.798040E-02
4.325852E-01	5.929944E-01	1.830056E-02
4.345691E-01	5.952586E-01	1.692897E-02
4.365531E-01	5.975188E-01	1.706425E-02
4.385371E-01	5.998821E-01	1.943829E-02
4.405210E-01	6.035736E-01	1.881325E-02
4.425050E-01	6.063045E-01	1.732905E-02
4.444890E-01	6.076912E-01	1.840075E-02
4.464729E-01	6.117296E-01	1.863840E-02
4.484569E-01	6.139289E-01	1.865613E-02
4.504409E-01	6.170012E-01	1.833369E-02
4.524248E-01	6.199006E-01	1.862936E-02
4.544088E-01	6.214925E-01	1.749498E-02
4.563928E-01	6.245161E-01	1.815370E-02
4.583768E-01	6.271630E-01	1.656338E-02
4.603607E-01	6.295909E-01	1.784422E-02
4.623447E-01	6.317090E-01	1.953027E-02
4.643287E-01	6.353394E-01	1.807464E-02
4.663126E-01	6.382057E-01	1.720903E-02
4.682966E-01	6.393840E-01	1.918999E-02
4.702806E-01	6.429889E-01	1.885720E-02
4.722645E-01	6.451533E-01	1.845437E-02
4.742485E-01	6.475745E-01	1.837132E-02
4.762325E-01	6.506068E-01	1.798901E-02
4.782164E-01	6.536845E-01	1.820621E-02
4.802004E-01	6.549528E-01	1.975578E-02
4.821844E-01	6.588353E-01	1.723377E-02
4.841683E-01	6.605919E-01	1.764181E-02
4.861523E-01	6.639121E-01	1.934278E-02
4.881363E-01	6.672280E-01	2.098281E-02
4.901202E-01	6.679199E-01	1.721222E-02
4.921042E-01	6.709248E-01	1.649168E-02
4.940882E-01	6.726642E-01	1.930826E-02
4.960721E-01	6.765608E-01	1.909181E-02
4.980561E-01	6.783271E-01	1.837268E-02
5.000401E-01	6.805301E-01	1.896859E-02
5.020240E-01	6.836383E-01	1.799894E-02
5.040080E-01	6.860948E-01	1.782617E-02
5.059920E-01	6.878890E-01	1.858108E-02
5.079760E-01	6.917526E-01	1.838146E-02
5.099599E-01	6.932371E-01	1.750326E-02
5.119439E-01	6.957231E-01	1.722352E-02
5.139279E-01	6.975523E-01	1.929791E-02
5.159118E-01	7.013149E-01	1.841025E-02
5.178958E-01	7.028875E-01	1.566913E-02
5.198798E-01	7.047596E-01	1.722568E-02
5.218637E-01	7.072704E-01	1.782426E-02
5.238477E-01	7.100260E-01	1.813677E-02
5.258317E-01	7.129297E-01	1.809400E-02
5.278156E-01	7.158858E-01	1.836682E-02
5.297996E-01	7.174876E-01	1.819064E-02
5.317836E-01	7.199445E-01	1.708280E-02
5.337675E-01	7.223615E-01	1.841065E-02
5.357515E-01	7.239787E-01	1.754356E-02
5.377355E-01	7.269182E-01	1.568713E-02
5.397194E-01	7.289701E-01	1.573417E-02
5.417034E-01	7.309306E-01	1.880216E-02
5.436874E-01	7.352186E-01	1.954148E-02
5.456713E-01	7.355245E-01	1.736251E-02
5.476553E-01	7.388167E-01	1.490654E-02
5.496393E-01	7.398854E-01	1.721512E-02
5.516232E-01	7.427065E-01	1.729071E-02
5.536072E-01	7.448836E-01	1.788925E-02
5.555912E-01	7.481867E-01	1.835776E-02
5.575752E-01	7.504798E-01	1.676637E-02
5.595591E-01	7.521549E-01	1.723061E-02
5.615431E-01	7.539657E-01	1.651631E-02
5.635271E-01	7.570746E-01	1.770736E-02
5.655110E-01	7.587654E-01	1.675076E-02
5.674950E-01	7.612889E-01	1.532339E-02
5.694790E-01	7.629015E-01	1.663444E-02
5.714629E-01	7.654911E-01	1.623375E-02
5.734469E-01	7.667579E-01	1.795430E-02
5.754309E-01	7.705488E-01	1.885152E-02
5.774148E-01	7.722681E-01	1.454891E-02
5.793988E-01	7.739894E-01	1.378465E-02
5.813828E-01	7.752939E-01	1.588754E-02
5.833667E-01	7.779926E-01	1.601375E-02
5.853507E-01	7.800221E-01	1.659723E-02
5.873347E-01	7.826756E-01	1.754397E-02
5.893186E-01	7.841419E-01	1.592312E-02
5.913026E-01	7.858900E-01	1.764212E-02
5.932866E-01	7.895086E-01	1.646162E-02
5.952705E-01	7.903372E-01	1.645656E-02
5.972545E-01	7.922420E-01	1.713030E-02
5.992385E-01	7.943683E-01	1.763094E-02
6.012224E-01	7.972670E-01	1.415315E-02
6.032064E-01	7.988686E-01	1.616894E-02
6.051904E-01	8.013745E-01	1.400833E-02
6.071743E-01	8.024650E-01	1.635396E-02
6.091583E-01	8.063877E-01	1.895927E-02
6.111423E-01	8.063877E-01	1.611309E-02
6.131263E-01	8.099800E-01	1.509895E-02
6.151102E-01	8.104053E-01	1.342789E-02
6.170942E-01	8.123754E-01	1.654833E-02
6.190782E-01	8.153633E-01	1.576586E-02
6.210621E-01	8.165540E-01	1.581105E-02
6.230461E-01	8.194190E-01	1.600107E-02
6.250301E-01	8.202919E-01	1.541257E-02
6.270140E-01	8.221165E-01	1.674699E-02
6.289980E-01	8.239431E-01	1.593105E-02
6.309820E-01	8.271984E-01	1.492225E-02
6.329659E-01	8.289446E-01	1.448116E-02
6.349499E-01	8.307875E-01	1.478858E-02
6.369339E-01	8.330491E-01	1.379075E-02
6.389178E-01	8.341931E-01	1.166385E-02
6.409018E-01	8.357818E-01	1.316434E-02
6.428858E-01	8.382488E-01	1.243947E-02
6.448697E-01	8.390220E-01	1.568663E-02
6.468537E-01	8.400355E-01	1.990183E-02
6.488377E-01	8.430412E-01	1.442609E-02
6.508216E-01	8.449138E-01	1.263516E-02
6.528056E-01	8.467885E-01	1.128997E-02
6.547896E-01	8.478997E-01	1.307468E-02
6.567735E-01	8.498798E-01	1.484372E-02
6.587575E-01	8.527611E-01	1.403724E-02
6.607415E-01	8.534857E-01	1.473042E-02
6.627255E-01	8.558313E-01	1.477519E-02
6.647094E-01	8.572565E-01	1.228221E-02
6.666934E-01	8.591592E-01	1.267043E-02
6.686774E-01	8.610639E-01	1.330078E-02
6.706613E-01	8.629883E-01	1.321535E-02
6.726453E-01	8.634763E-01	1.213394E-02
6.746293E-01	8.661016E-01	1.273583E-02
6.766132E-01	8.680229E-01	1.423539E-02
6.785972E-01	8.702321E-01	1.401341E-02
6.805812E-01	8.711790E-01	1.136582E-02
6.825651E-01	8.724114E-01	1.127306E-02
6.845491E-01	8.740799E-01	1.048714E-02
6.865331E-01	8.748199E-01	1.159640E-02
6.885170E-01	8.766336E-01	1.436038E-02
6.905010E-01	8.774910E-01	1.748525E-02
6.924850E-01	8.805093E-01	1.202259E-02
6.944689E-01	8.824610E-01	1.187396E-02
6.964529E-01	8.844149E-01	1.173640E-02
6.984369E-01	8.847058E-01	1.023972E-02
7.004208E-01	8.860873E-01	1.172421E-02
7.024048E-01	8.878945E-01	1.195921E-02
7.043888E-01	8.903593E-01	1.206190E-02
7.063727E-01	8.909320E-01	1.144172E-02
7.083567E-01	8.925353E-01	1.199124E-02
7.103407E-01	8.950358E-01	1.274581E-02
7.123246E-01	8.950358E-01	1.181254E-02
7.143086E-01	8.970182E-01	1.054291E-02
7.162926E-01	8.990027E-01	1.172163E-02
7.182766E-01	9.003745E-01	1.095468E-02
7.202605E-01	9.020110E-01	1.172692E-02
7.222445E-01	9.020759E-01	1.373306E-02
7.242285E-01	9.038023E-01	1.178140E-02
7.262124E-01	9.060745E-01	1.197837E-02
7.281964E-01	9.084078E-01	1.465132E-02
7.301804E-01	9.091860E-01	9.133332E-03
7.321643E-01	9.101375E-01	9.024927E-03
7.341483E-01	9.113270E-01	9.573487E-03
7.361323E-01	9.128559E-01	8.493176E-03
7.381162E-01	9.133305E-01	9.719179E-03
7.401002E-01	9.148131E-01	1.037212E-02
7.420842E-01	9.155907E-01	1.390262E-02
7.440681E-01	9.187920E-01	1.269242E-02
7.460521E-01	9.187920E-01	1.102173E-02
7.480361E-01	9.208244E-01	9.521088E-03
7.500200E-01	9.228591E-01	1.229518E-02
7.520040E-01	9.229730E-01	7.856351E-03
7.539880E-01	9.239906E-01	8.430966E-03
7.559719E-01	9.252157E-01	1.017301E-02
7.579559E-01	9.267173E-01	1.020405E-02
7.599399E-01	9.285998E-01	8.939969E-03
7.619238E-01	9.289736E-01	8.371270E-03
7.639078E-01	9.300158E-01	9.450809E-03
7.658918E-01	9.315305E-01	9.306713E-03
7.678758E-01	9.336297E-01	9.847312E-03
7.698597E-01	9.336297E-01	9.568046E-03
7.718437E-01	9.356934E-01	9.077644E-03
7.738277E-01	9.356934E-01	1.052186E-02
7.758116E-01	9.377594E-01	8.562581E-03
7.777956E-01	9.387317E-01	9.016689E-03
7.797796E-01	9.387335E-01	1.145023E-02
7.817635E-01	9.401282E-01	1.006880E-02
7.837475E-01	9.428593E-01	1.148887E-02
7.857315E-01	9.425848E-01	9.159983E-03
7.877154E-01	9.449424E-01	1.090101E-02
7.896994E-01	9.449424E-01	1.013865E-02
7.916834E-01	9.449424E-01	1.590688E-02
7.936673E-01	9.482883E-01	9.685477E-03
7.956513E-01	9.489748E-01	6.476614E-03
7.976353E-01	9.497639E-01	6.084870E-03
7.996192E-01	9.506790E-01	6.002011E-03
8.016032E-01	9.517523E-01	6.142406E-03
8.035872E-01	9.515044E-01	9.307240E-03
8.055711E-01	9.533879E-01	5.862567E-03
8.075551E-01	9.540674E-01	5.680519E-03
8.095391E-01	9.546178E-01	7.137618E-03
8.115230E-01	9.549765E-01	1.214544E-02
8.135070E-01	9.578893E-01	9.762416E-03
8.154910E-01	9.578893E-01	6.696083E-03
8.174749E-01	9.578893E-01	1.145144E-02
8.194589E-01	9.600041E-01	7.176104E-03
8.214429E-01	9.600041E-01	1.075452E-02
8.234269E-01	9.624785E-01	8.580950E-03
8.254108E-01	9.631338E-01	6.219958E-03
8.273948E-01	9.638530E-01	5.198169E-03
8.293788E-01	9.646449E-01	5.735431E-03
8.313627E-01	9.655198E-01	5.686814E-03
8.333467E-01	9.664913E-01	5.929353E-03
8.353307E-01	9.675746E-01	5.929262E-03
8.373146E-01	9.666554E-01	7.193204E-03
8.392986E-01	9.680207E-01	6.746315E-03
8.412826E-01	9.692009E-01	5.703070E-03
8.432665E-01	9.697931E-01	5.481332E-03
8.452505E-01	9.711093E-01	6.646296E-03
8.472345E-01	9.716084E-01	5.406180E-03
8.492184E-01	9.730381E-01	8.043668E-03
8.512024E-01	9.730381E-01	4.824309E-03
8.531864E-01	9.730381E-01	7.282106E-03
8.551703E-01	9.751848E-01	7.740657E-03
8.571543E-01	9.751848E-01	5.038289E-03
8.591383E-01	9.751848E-01	7.546613E-03
8.611222E-01	9.773897E-01	8.562623E-03
8.631062E-01	9.778398E-01	5.459063E-03
8.650902E-01	9.783514E-01	4.260505E-03
8.670741E-01	9.787859E-01	4.452681E-03
8.690581E-01	9.800156E-01	7.148561E-03
8.710421E-01	9.799635E-01	5.557446E-03
8.730261E-01	9.802981E-01	6.793907E-03
8.750100E-01	9.817834E-01	4.344013E-03
8.769940E-01	9.821838E-01	4.760295E-03
8.789780E-01	9.824601E-01	6.993884E-03
8.809619E-01	9.846266E-01	1.393411E-02
8.829459E-01	9.846266E-01	5.996576E-03
8.849299E-01	9.846266E-01	2.166517E-03
8.869138E-01	9.846266E-01	2.168903E-03
8.888978E-01	9.846266E-01	4.337806E-03
8.908818E-01	9.846266E-01	9.699629E-03
8.928657E-01	9.867955E-01	6.064541E-03
8.948497E-01	9.867955E-01	3.696119E-03
8.968337E-01	9.867955E-01	6.865924E-03
8.988176E-01	9.888421E-01	9.038130E-03
9.008016E-01	9.870624E-01	1.296998E-02
9.027856E-01	9.896375E-01	5.600056E-03
9.047695E-01	9.900390E-01	6.130055E-03
9.067535E-01	9.891355E-01	2.327761E-03
9.087375E-01	9.891355E-01	2.918549E-03
9.107214E-01	9.891355E-01	9.344638E-03
9.127054E-01	9.904846E-01	3.677611E-03
9.146894E-01	9.904846E-01	4.100130E-03
9.166733E-01	9.904846E-01	7.258347E-03
9.186573E-01	9.904846E-01	1.623016E-02
9.206413E-01	9.941138E-01	7.258347E-03
9.226253E-01	9.941138E-01	5.132427E-03
9.246092E-01	9.941138E-01	0.000000E+00
9.265932E-01	9.941138E-01	0.000000E+00
9.285772E-01	9.941138E-01	0.000000E+00
9.305611E-01	9.941138E-01	0.000000E+00
9.325451E-01	9.941138E-01	3.095490E-03
9.345291E-01	9.941138E-01	4.377683E-03
9.365130E-01	9.963027E-01	8.325866E-03
9.384970E-01	9.963027E-01	3.751449E-03
9.404810E-01	9.963027E-01	6.019153E-03
9.424649E-01	9.978012E-01	3.670685E-03
9.444489E-01	9.978012E-01	2.119271E-03
9.464329E-01	9.978012E-01	0.000000E+00
9.484168E-01	9.978012E-01	0.000000E+00
9.504008E-01	9.978012E-01	0.000000E+00
9.523848E-01	9.978012E-01	0.000000E+00
9.543687E-01	9.978012E-01	0.000000E+00
9.563527E-01	9.978012E-01	0.000000E+00
9.583367E-01	9.978012E-01	0.000000E+00
9.603206E-01	9.978012E-01	2.198790E-03
9.623046E-01	9.978012E-01	3.808416E-03
9.642886E-01	1.000000E+00	8.515877E-03
9.662725E-01	1.000000E+00	3.109559E-03
9.682565E-01	1.000000E+00	0.000000E+00
9.702405E-01	1.000000E+00	0.000000E+00
9.722244E-01	1.000000E+00	0.000000E+00
9.742084E-01	1.000000E+00	0.000000E+00
9.761924E-01	1.000000E+00	0.000000E+00
9.781764E-01	1.000000E+00	0.000000E+00
9.801603E-01	1.000000E+00	0.000000E+00
9.821443E-01	1.000000E+00	0.000000E+00
9.841283E-01	1.000000E+00	0.000000E+00
9.861122E-01	1.000000E+00	0.000000E+00
9.880962E-01	1.000000E+00	0.000000E+00
9.900802E-01	1.000000E+00	0.000000E+00
9.920641E-01	1.000000E+00	0.000000E+00
9.940481E-01	1.000000E+00	0.000000E+00
9.960321E-01	1.000000E+00	0.000000E+00
9.980160E-01	1.000000E+00	0.000000E+00
1.000000E+00	1.000000E+00	0.000000E+00
