# CT14 NNLO Q=1.100
# x  w(x)  delta_w(x)
1.000000E-04  3.536898E-03  2.900196E-04
1.009253E-04  3.538540E-03  2.880993E-04
1.018591E-04  3.540199E-03  2.878261E-04
1.028016E-04  3.541880E-03  2.893885E-04
1.037528E-04  3.543668E-03  2.898015E-04
1.047129E-04  3.545381E-03  2.965005E-04
1.056818E-04  3.547109E-03  2.935296E-04
1.066596E-04  3.554285E-03  2.907827E-04
1.076465E-04  3.556085E-03  2.926424E-04
1.086426E-04  3.557768E-03  2.937614E-04
1.096478E-04  3.559599E-03  2.973937E-04
1.106624E-04  3.561448E-03  2.983620E-04
1.116863E-04  3.563316E-03  3.038752E-04
1.127197E-04  3.565203E-03  3.054993E-04
1.137627E-04  3.567111E-03  3.054545E-04
1.148154E-04  3.569038E-03  3.085925E-04
1.158777E-04  3.571353E-03  3.046188E-04
1.169499E-04  3.573714E-03  3.082518E-04
1.180321E-04  3.576106E-03  3.154849E-04
1.191242E-04  3.578530E-03  3.167091E-04
1.202264E-04  3.580986E-03  3.175849E-04
1.213389E-04  3.583474E-03  3.152616E-04
1.224616E-04  3.585996E-03  3.196232E-04
1.235947E-04  3.588550E-03  3.221163E-04
1.247384E-04  3.591051E-03  3.232520E-04
1.258925E-04  3.593584E-03  3.267014E-04
1.270574E-04  3.596152E-03  3.266018E-04
1.282331E-04  3.598754E-03  3.275394E-04
1.294196E-04  3.601392E-03  3.393948E-04
1.306171E-04  3.604065E-03  3.361581E-04
1.318257E-04  3.606774E-03  3.382540E-04
1.330454E-04  3.609520E-03  3.432663E-04
1.342765E-04  3.612303E-03  3.487719E-04
1.355189E-04  3.615124E-03  3.517828E-04
1.367729E-04  3.617925E-03  3.541832E-04
1.380384E-04  3.619347E-03  3.600088E-04
1.393157E-04  3.620781E-03  3.620166E-04
1.406048E-04  3.622226E-03  3.559180E-04
1.419058E-04  3.623680E-03  3.603146E-04
1.432188E-04  3.625145E-03  3.608666E-04
1.445440E-04  3.626618E-03  3.607967E-04
1.458814E-04  3.628100E-03  3.654358E-04
1.472313E-04  3.629589E-03  3.672988E-04
1.485936E-04  3.631085E-03  3.677696E-04
1.499685E-04  3.632586E-03  3.617478E-04
1.513561E-04  3.634092E-03  3.698987E-04
1.527566E-04  3.635601E-03  3.697940E-04
1.541700E-04  3.637111E-03  3.687613E-04
1.555966E-04  3.638621E-03  3.736337E-04
1.570363E-04  3.640128E-03  3.807240E-04
1.584893E-04  3.641631E-03  3.887883E-04
1.599558E-04  3.662531E-03  3.912128E-04
1.614359E-04  3.664025E-03  3.878246E-04
1.629296E-04  3.665508E-03  3.879642E-04
1.644372E-04  3.666976E-03  3.840398E-04
1.659587E-04  3.669886E-03  3.857337E-04
1.674943E-04  3.676505E-03  3.902131E-04
1.690441E-04  3.664989E-03  3.914785E-04
1.706082E-04  3.671807E-03  3.958026E-04
1.721869E-04  3.678743E-03  3.871458E-04
1.737801E-04  3.685607E-03  3.904117E-04
1.753881E-04  3.674560E-03  3.924065E-04
1.770109E-04  3.678845E-03  4.021864E-04
1.786488E-04  3.680342E-03  4.040296E-04
1.803018E-04  3.681877E-03  4.053109E-04
1.819701E-04  3.683446E-03  4.082253E-04
1.836538E-04  3.684006E-03  4.142490E-04
1.853532E-04  3.705246E-03  4.093974E-04
1.870682E-04  3.706993E-03  4.161224E-04
1.887991E-04  3.708779E-03  4.150965E-04
1.905461E-04  3.710603E-03  4.179874E-04
1.923092E-04  3.712461E-03  4.175638E-04
1.940886E-04  3.714351E-03  4.177090E-04
1.958845E-04  3.716273E-03  4.216000E-04
1.976970E-04  3.718224E-03  4.282088E-04
1.995262E-04  3.720201E-03  4.293575E-04
2.013724E-04  3.722204E-03  4.398324E-04
2.032357E-04  3.724230E-03  4.394797E-04
2.051162E-04  3.726277E-03  4.363835E-04
2.070141E-04  3.728343E-03  4.379794E-04
2.089296E-04  3.731684E-03  4.365549E-04
2.108628E-04  3.735906E-03  4.448046E-04
2.128139E-04  3.740119E-03  4.432098E-04
2.147830E-04  3.744321E-03  4.464125E-04
2.167704E-04  3.748512E-03  4.434677E-04
2.187762E-04  3.752175E-03  4.532556E-04
2.208005E-04  3.756261E-03  4.529596E-04
2.228435E-04  3.760342E-03  4.521764E-04
2.249055E-04  3.764416E-03  4.595940E-04
2.269865E-04  3.768483E-03  4.668045E-04
2.290868E-04  3.772542E-03  4.727928E-04
2.312065E-04  3.776592E-03  4.700722E-04
2.333458E-04  3.780385E-03  4.667137E-04
2.355049E-04  3.783770E-03  4.616969E-04
2.376840E-04  3.787166E-03  4.698324E-04
2.398833E-04  3.790572E-03  4.674121E-04
2.421029E-04  3.793977E-03  4.731101E-04
2.443431E-04  3.803021E-03  4.730166E-04
2.466039E-04  3.806493E-03  4.713422E-04
2.488857E-04  3.809865E-03  4.748723E-04
2.511886E-04  3.813248E-03  4.765455E-04
2.535129E-04  3.796616E-03  4.871654E-04
2.558586E-04  3.820446E-03  4.975480E-04
2.582260E-04  3.824360E-03  4.972818E-04
2.606154E-04  3.828259E-03  4.940769E-04
2.630268E-04  3.832144E-03  4.974559E-04
2.654606E-04  3.836014E-03  5.071838E-04
2.679168E-04  3.839869E-03  5.050868E-04
2.703958E-04  3.843708E-03  5.039758E-04
2.728978E-04  3.847057E-03  5.077953E-04
2.754229E-04  3.830993E-03  5.096242E-04
2.779713E-04  3.837422E-03  5.114597E-04
2.805434E-04  3.843454E-03  5.124185E-04
2.831392E-04  3.849118E-03  5.138120E-04
2.857591E-04  3.866163E-03  5.257555E-04
2.884032E-04  3.852945E-03  5.234992E-04
2.910717E-04  3.859251E-03  5.338442E-04
2.937650E-04  3.865164E-03  5.313960E-04
2.964831E-04  3.870715E-03  5.302461E-04
2.992265E-04  3.875821E-03  5.411401E-04
3.019952E-04  3.880663E-03  5.432658E-04
3.047895E-04  3.883645E-03  5.488243E-04
3.076097E-04  3.884513E-03  5.517915E-04
3.104560E-04  3.885380E-03  5.524517E-04
3.133286E-04  3.906531E-03  5.427159E-04
3.162278E-04  3.907396E-03  5.547820E-04
3.191538E-04  3.908259E-03  5.621807E-04
3.221069E-04  3.909120E-03  5.674380E-04
3.250873E-04  3.910056E-03  5.710697E-04
3.280953E-04  3.910908E-03  5.704530E-04
3.311311E-04  3.932116E-03  5.600945E-04
3.341950E-04  3.932965E-03  5.627351E-04
3.372873E-04  3.933812E-03  5.694487E-04
3.404082E-04  3.936877E-03  5.745847E-04
3.435579E-04  3.940649E-03  5.771287E-04
3.467369E-04  3.944356E-03  5.924616E-04
3.499452E-04  3.947307E-03  5.963044E-04
3.531832E-04  3.947307E-03  6.040237E-04
3.564511E-04  3.967814E-03  6.024958E-04
3.597493E-04  3.967814E-03  6.154754E-04
3.630781E-04  3.967814E-03  6.156392E-04
3.664376E-04  3.967814E-03  6.215396E-04
3.698282E-04  3.988374E-03  6.163891E-04
3.732502E-04  3.988374E-03  6.139587E-04
3.767038E-04  3.988374E-03  6.156373E-04
3.801894E-04  3.994643E-03  6.249765E-04
3.837072E-04  4.000968E-03  6.322715E-04
3.872576E-04  4.007168E-03  6.339897E-04
3.908409E-04  4.011953E-03  6.398059E-04
3.944573E-04  4.019115E-03  6.448844E-04
3.981072E-04  4.023580E-03  6.467656E-04
4.017908E-04  4.027645E-03  6.561352E-04
4.055085E-04  4.031337E-03  6.599155E-04
4.092607E-04  4.035877E-03  6.580400E-04
4.130475E-04  4.043520E-03  6.603529E-04
4.168694E-04  4.051782E-03  6.760425E-04
4.207266E-04  4.061640E-03  6.750608E-04
4.246196E-04  4.049289E-03  6.857679E-04
4.285485E-04  4.053801E-03  6.882333E-04
4.325138E-04  4.057095E-03  6.872521E-04
4.365158E-04  4.067516E-03  6.840610E-04
4.405549E-04  4.092073E-03  6.855113E-04
4.446313E-04  4.095650E-03  6.870647E-04
4.487454E-04  4.099178E-03  6.880103E-04
4.528976E-04  4.081701E-03  6.982789E-04
4.570882E-04  4.085236E-03  7.131936E-04
4.613176E-04  4.130070E-03  7.084927E-04
4.655861E-04  4.133405E-03  7.208480E-04
4.698941E-04  4.136811E-03  7.364659E-04
4.742420E-04  4.140290E-03  7.305304E-04
4.786301E-04  4.143845E-03  7.317926E-04
4.830588E-04  4.147477E-03  7.277833E-04
4.875285E-04  4.151190E-03  7.376920E-04
4.920395E-04  4.154986E-03  7.434584E-04
4.965923E-04  4.158804E-03  7.455027E-04
5.011872E-04  4.162776E-03  7.471453E-04
5.058247E-04  4.166842E-03  7.480164E-04
5.105050E-04  4.171003E-03  7.495664E-04
5.152286E-04  4.175263E-03  7.614310E-04
5.199960E-04  4.179627E-03  7.669605E-04
5.248075E-04  4.184097E-03  7.776987E-04
5.296634E-04  4.188677E-03  7.728444E-04
5.345644E-04  4.229792E-03  7.715928E-04
5.395106E-04  4.234943E-03  7.754614E-04
5.445027E-04  4.240202E-03  7.809492E-04
5.495409E-04  4.245572E-03  7.862844E-04
5.546257E-04  4.251056E-03  8.020040E-04
5.597576E-04  4.256655E-03  8.068760E-04
5.649370E-04  4.262372E-03  8.128836E-04
5.701643E-04  4.268210E-03  8.109376E-04
5.754399E-04  4.274171E-03  8.087753E-04
5.807644E-04  4.280256E-03  8.162233E-04
5.861382E-04  4.286468E-03  8.246209E-04
5.915616E-04  4.292808E-03  8.212614E-04
5.970353E-04  4.299277E-03  8.110847E-04
6.025596E-04  4.311667E-03  8.182512E-04
6.081350E-04  4.318085E-03  8.351928E-04
6.137620E-04  4.324625E-03  8.414436E-04
6.194411E-04  4.331843E-03  8.419662E-04
6.251727E-04  4.339420E-03  8.363419E-04
6.309573E-04  4.347238E-03  8.481060E-04
6.367955E-04  4.355307E-03  8.584043E-04
6.426877E-04  4.363639E-03  8.589657E-04
6.486344E-04  4.372248E-03  8.635916E-04
6.546362E-04  4.381145E-03  8.702186E-04
6.606934E-04  4.390187E-03  8.696699E-04
6.668068E-04  4.377681E-03  8.755509E-04
6.729767E-04  4.387495E-03  8.830477E-04
6.792036E-04  4.397663E-03  8.922705E-04
6.854882E-04  4.408206E-03  8.944505E-04
6.918310E-04  4.419408E-03  9.061672E-04
6.982324E-04  4.447943E-03  9.112803E-04
7.046931E-04  4.452348E-03  9.160363E-04
7.112135E-04  4.456747E-03  9.146059E-04
7.177943E-04  4.445170E-03  9.207916E-04
7.244360E-04  4.458361E-03  9.242267E-04
7.311391E-04  4.472868E-03  9.326307E-04
7.379042E-04  4.489763E-03  9.270255E-04
7.447320E-04  4.478794E-03  9.390597E-04
7.516229E-04  4.483506E-03  9.465925E-04
7.585776E-04  4.510745E-03  9.466816E-04
7.655966E-04  4.515707E-03  9.548324E-04
7.726806E-04  4.520768E-03  9.568548E-04
7.798301E-04  4.529800E-03  9.627132E-04
7.870458E-04  4.540290E-03  9.649059E-04
7.943282E-04  4.550686E-03  9.726211E-04
8.016781E-04  4.560288E-03  9.803031E-04
8.090959E-04  4.569618E-03  9.975092E-04
8.165824E-04  4.582642E-03  1.007753E-03
8.241381E-04  4.591792E-03  1.010059E-03
8.317638E-04  4.601171E-03  1.010714E-03
8.394600E-04  4.610957E-03  1.017083E-03
8.472274E-04  4.620638E-03  1.021383E-03
8.550667E-04  4.633200E-03  1.024001E-03
8.629785E-04  4.647349E-03  1.018551E-03
8.709636E-04  4.638282E-03  1.031843E-03
8.790225E-04  4.651800E-03  1.044153E-03
8.871560E-04  4.665020E-03  1.046843E-03
8.953648E-04  4.677940E-03  1.055125E-03
9.036495E-04  4.690557E-03  1.065210E-03
9.120108E-04  4.702871E-03  1.065772E-03
9.204496E-04  4.714883E-03  1.070381E-03
9.289664E-04  4.726595E-03  1.072827E-03
9.375620E-04  4.738008E-03  1.094726E-03
9.462372E-04  4.749125E-03  1.091282E-03
9.549926E-04  4.759952E-03  1.093331E-03
9.638290E-04  4.770490E-03  1.099408E-03
9.727472E-04  4.770111E-03  1.113536E-03
9.817479E-04  4.777543E-03  1.123479E-03
9.908319E-04  4.784865E-03  1.122596E-03
1.000000E-03  4.815540E-03  1.125329E-03
1.009253E-03  4.822679E-03  1.134044E-03
1.018591E-03  4.829715E-03  1.140819E-03
1.028016E-03  4.841524E-03  1.149080E-03
1.037528E-03  4.843488E-03  1.166478E-03
1.047129E-03  4.873888E-03  1.166478E-03
1.056818E-03  4.867026E-03  1.184645E-03
1.066596E-03  4.884348E-03  1.170484E-03
1.076465E-03  4.899140E-03  1.183466E-03
1.086426E-03  4.912531E-03  1.183929E-03
1.096478E-03  4.923784E-03  1.193036E-03
1.106624E-03  4.933832E-03  1.202521E-03
1.116863E-03  4.942900E-03  1.208914E-03
1.127197E-03  4.950175E-03  1.212974E-03
1.137627E-03  4.975379E-03  1.227552E-03
1.148154E-03  4.975379E-03  1.229187E-03
1.158777E-03  4.999490E-03  1.240519E-03
1.169499E-03  4.999490E-03  1.243850E-03
1.180321E-03  5.023659E-03  1.255180E-03
1.191242E-03  5.023659E-03  1.269013E-03
1.202264E-03  5.053629E-03  1.267829E-03
1.213389E-03  5.062999E-03  1.275063E-03
1.224616E-03  5.073572E-03  1.275703E-03
1.235947E-03  5.085661E-03  1.286326E-03
1.247384E-03  5.099708E-03  1.293749E-03
1.258925E-03  5.116349E-03  1.300789E-03
1.270574E-03  5.136546E-03  1.308894E-03
1.282331E-03  5.153501E-03  1.315769E-03
1.294196E-03  5.154953E-03  1.327366E-03
1.306171E-03  5.170067E-03  1.331040E-03
1.318257E-03  5.178773E-03  1.354358E-03
1.330454E-03  5.187780E-03  1.364834E-03
1.342765E-03  5.221969E-03  1.365500E-03
1.355189E-03  5.231656E-03  1.364614E-03
1.367729E-03  5.232313E-03  1.375992E-03
1.380384E-03  5.246559E-03  1.380237E-03
1.393157E-03  5.261573E-03  1.402416E-03
1.406048E-03  5.277402E-03  1.401150E-03
1.419058E-03  5.294089E-03  1.416672E-03
1.432188E-03  5.311684E-03  1.413659E-03
1.445440E-03  5.330230E-03  1.426509E-03
1.458814E-03  5.349773E-03  1.429540E-03
1.472313E-03  5.370351E-03  1.442782E-03
1.485936E-03  5.366562E-03  1.454746E-03
1.499685E-03  5.389238E-03  1.463317E-03
1.513561E-03  5.406619E-03  1.474400E-03
1.527566E-03  5.422681E-03  1.476045E-03
1.541700E-03  5.438249E-03  1.489945E-03
1.555966E-03  5.458624E-03  1.485628E-03
1.570363E-03  5.475660E-03  1.505622E-03
1.584893E-03  5.494446E-03  1.496716E-03
1.599558E-03  5.506410E-03  1.523332E-03
1.614359E-03  5.541620E-03  1.534945E-03
1.629296E-03  5.551028E-03  1.545386E-03
1.644372E-03  5.558022E-03  1.554774E-03
1.659587E-03  5.566931E-03  1.556507E-03
1.674943E-03  5.603829E-03  1.563527E-03
1.690441E-03  5.614015E-03  1.579949E-03
1.706082E-03  5.624983E-03  1.596885E-03
1.721869E-03  5.636823E-03  1.609209E-03
1.737801E-03  5.649646E-03  1.610549E-03
1.753881E-03  5.663578E-03  1.618040E-03
1.770109E-03  5.711858E-03  1.630293E-03
1.786488E-03  5.711380E-03  1.639641E-03
1.803018E-03  5.739705E-03  1.642193E-03
1.819701E-03  5.742293E-03  1.657626E-03
1.836538E-03  5.782235E-03  1.657877E-03
1.853532E-03  5.796281E-03  1.678152E-03
1.870682E-03  5.810694E-03  1.684597E-03
1.887991E-03  5.841254E-03  1.692407E-03
1.905461E-03  5.850547E-03  1.695364E-03
1.923092E-03  5.892247E-03  1.710259E-03
1.940886E-03  5.907039E-03  1.725712E-03
1.958845E-03  5.902493E-03  1.732924E-03
1.976970E-03  5.924339E-03  1.742772E-03
1.995262E-03  5.938876E-03  1.735793E-03
2.013724E-03  5.950462E-03  1.756408E-03
2.032357E-03  6.011660E-03  1.775847E-03
2.051162E-03  6.024382E-03  1.779274E-03
2.070141E-03  6.046224E-03  1.797316E-03
2.089296E-03  6.051637E-03  1.794962E-03
2.108628E-03  6.065182E-03  1.815516E-03
2.128139E-03  6.095835E-03  1.817257E-03
2.147830E-03  6.120218E-03  1.832319E-03
2.167704E-03  6.150254E-03  1.848411E-03
2.187762E-03  6.150254E-03  1.844063E-03
2.208005E-03  6.185621E-03  1.863426E-03
2.228435E-03  6.192564E-03  1.873514E-03
2.249055E-03  6.225072E-03  1.881111E-03
2.269865E-03  6.257866E-03  1.898334E-03
2.290868E-03  6.276126E-03  1.904763E-03
2.312065E-03  6.298778E-03  1.908902E-03
2.333458E-03  6.305120E-03  1.925741E-03
2.355049E-03  6.328579E-03  1.947677E-03
2.376840E-03  6.351723E-03  1.940686E-03
2.398833E-03  6.382762E-03  1.956530E-03
2.421029E-03  6.409264E-03  1.977187E-03
2.443431E-03  6.439664E-03  1.984719E-03
2.466039E-03  6.460542E-03  1.986056E-03
2.488857E-03  6.476023E-03  2.014499E-03
2.511886E-03  6.519821E-03  2.037537E-03
2.535129E-03  6.545346E-03  2.040360E-03
2.558586E-03  6.547119E-03  2.058156E-03
2.582260E-03  6.592081E-03  2.049598E-03
2.606154E-03  6.608558E-03  2.071972E-03
2.630268E-03  6.639071E-03  2.096833E-03
2.654606E-03  6.670475E-03  2.096432E-03
2.679168E-03  6.704595E-03  2.096052E-03
2.703958E-03  6.729947E-03  2.115779E-03
2.728978E-03  6.756841E-03  2.145921E-03
2.754229E-03  6.766156E-03  2.135235E-03
2.779713E-03  6.793711E-03  2.154013E-03
2.805434E-03  6.808764E-03  2.172492E-03
2.831392E-03  6.844380E-03  2.178306E-03
2.857591E-03  6.877153E-03  2.204617E-03
2.884032E-03  6.921010E-03  2.202745E-03
2.910717E-03  6.921010E-03  2.222193E-03
2.937650E-03  6.962071E-03  2.221098E-03
2.964831E-03  6.993858E-03  2.244223E-03
2.992265E-03  7.020544E-03  2.267382E-03
3.019952E-03  7.033855E-03  2.280533E-03
3.047895E-03  7.062190E-03  2.283133E-03
3.076097E-03  7.133765E-03  2.293746E-03
3.104560E-03  7.150777E-03  2.299164E-03
3.133286E-03  7.168889E-03  2.318903E-03
3.162278E-03  7.188212E-03  2.340877E-03
3.191538E-03  7.208870E-03  2.349084E-03
3.221069E-03  7.278888E-03  2.357896E-03
3.250873E-03  7.303967E-03  2.376848E-03
3.280953E-03  7.330431E-03  2.383038E-03
3.311311E-03  7.339796E-03  2.409056E-03
3.341950E-03  7.401992E-03  2.418022E-03
3.372873E-03  7.434764E-03  2.436102E-03
3.404082E-03  7.438351E-03  2.452490E-03
3.435579E-03  7.477371E-03  2.469078E-03
3.467369E-03  7.487966E-03  2.490228E-03
3.499452E-03  7.535232E-03  2.486134E-03
3.531832E-03  7.589727E-03  2.493234E-03
3.564511E-03  7.598718E-03  2.514803E-03
3.597493E-03  7.650400E-03  2.529206E-03
3.630781E-03  7.685579E-03  2.541779E-03
3.664376E-03  7.725621E-03  2.544856E-03
3.698282E-03  7.759756E-03  2.582841E-03
3.732502E-03  7.805119E-03  2.589231E-03
3.767038E-03  7.820802E-03  2.610615E-03
3.801894E-03  7.866179E-03  2.614025E-03
3.837072E-03  7.908132E-03  2.627447E-03
3.872576E-03  7.946818E-03  2.640022E-03
3.908409E-03  7.968826E-03  2.662497E-03
3.944573E-03  7.993469E-03  2.686152E-03
3.981072E-03  8.050899E-03  2.693737E-03
4.017908E-03  8.073313E-03  2.713220E-03
4.055085E-03  8.129145E-03  2.722911E-03
4.092607E-03  8.162013E-03  2.732091E-03
4.130475E-03  8.192708E-03  2.742345E-03
4.168694E-03  8.229789E-03  2.768824E-03
4.207266E-03  8.264463E-03  2.799740E-03
4.246196E-03  8.299210E-03  2.803132E-03
4.285485E-03  8.355456E-03  2.812026E-03
4.325138E-03  8.394086E-03  2.835995E-03
4.365158E-03  8.451377E-03  2.843655E-03
4.405549E-03  8.475706E-03  2.853544E-03
4.446313E-03  8.501909E-03  2.895214E-03
4.487454E-03  8.565071E-03  2.915420E-03
4.528976E-03  8.589959E-03  2.911096E-03
4.570882E-03  8.635021E-03  2.933552E-03
4.613176E-03  8.685315E-03  2.952401E-03
4.655861E-03  8.741220E-03  2.968509E-03
4.698941E-03  8.766748E-03  2.967331E-03
4.742420E-03  8.813749E-03  3.011549E-03
4.786301E-03  8.863496E-03  3.027905E-03
4.830588E-03  8.904850E-03  3.029255E-03
4.875285E-03  8.966366E-03  3.065214E-03
4.920395E-03  9.016432E-03  3.083903E-03
4.965923E-03  9.052447E-03  3.088808E-03
5.011872E-03  9.082159E-03  3.124804E-03
5.058247E-03  9.116881E-03  3.135973E-03
5.105050E-03  9.175109E-03  3.156894E-03
5.152286E-03  9.247178E-03  3.166389E-03
5.199960E-03  9.281907E-03  3.173157E-03
5.248075E-03  9.344088E-03  3.197760E-03
5.296634E-03  9.348206E-03  3.221851E-03
5.345644E-03  9.414980E-03  3.238371E-03
5.395106E-03  9.460118E-03  3.254637E-03
5.445027E-03  9.550055E-03  3.273030E-03
5.495409E-03  9.593855E-03  3.291656E-03
5.546257E-03  9.626922E-03  3.318294E-03
5.597576E-03  9.676740E-03  3.331613E-03
5.649370E-03  9.727004E-03  3.346024E-03
5.701643E-03  9.781276E-03  3.376261E-03
5.754399E-03  9.822691E-03  3.401997E-03
5.807644E-03  9.891836E-03  3.406993E-03
5.861382E-03  9.957678E-03  3.417116E-03
5.915616E-03  9.974011E-03  3.440528E-03
5.970353E-03  1.003870E-02  3.455093E-03
6.025596E-03  1.010136E-02  3.470777E-03
6.081350E-03  1.013632E-02  3.519253E-03
6.137620E-03  1.022615E-02  3.507259E-03
6.194411E-03  1.028144E-02  3.539347E-03
6.251727E-03  1.032328E-02  3.587296E-03
6.309573E-03  1.039009E-02  3.572381E-03
6.367955E-03  1.045733E-02  3.595155E-03
6.426877E-03  1.049323E-02  3.630117E-03
6.486344E-03  1.054409E-02  3.633122E-03
6.546362E-03  1.059750E-02  3.659857E-03
6.606934E-03  1.069045E-02  3.673421E-03
6.668068E-03  1.073255E-02  3.708914E-03
6.729767E-03  1.078789E-02  3.715555E-03
6.792036E-03  1.087701E-02  3.743536E-03
6.854882E-03  1.095237E-02  3.765269E-03
6.918310E-03  1.098837E-02  3.809229E-03
6.982324E-03  1.102822E-02  3.818336E-03
7.046931E-03  1.113076E-02  3.817083E-03
7.112135E-03  1.118302E-02  3.872218E-03
7.177943E-03  1.122194E-02  3.853037E-03
7.244360E-03  1.128559E-02  3.901497E-03
7.311391E-03  1.135889E-02  3.922775E-03
7.379042E-03  1.139960E-02  3.948210E-03
7.447320E-03  1.149883E-02  3.952955E-03
7.516229E-03  1.153754E-02  3.984866E-03
7.585776E-03  1.163487E-02  4.006937E-03
7.655966E-03  1.170992E-02  4.012986E-03
7.726806E-03  1.175372E-02  4.059241E-03
7.798301E-03  1.184616E-02  4.070903E-03
7.870458E-03  1.192747E-02  4.091844E-03
7.943282E-03  1.198252E-02  4.110341E-03
8.016781E-03  1.207559E-02  4.134524E-03
8.090959E-03  1.211909E-02  4.164553E-03
8.165824E-03  1.222106E-02  4.186240E-03
8.241381E-03  1.225208E-02  4.213067E-03
8.317638E-03  1.234568E-02  4.221037E-03
8.394600E-03  1.243973E-02  4.250115E-03
8.472274E-03  1.247772E-02  4.267421E-03
8.550667E-03  1.258127E-02  4.311992E-03
8.629785E-03  1.267591E-02  4.335345E-03
8.709636E-03  1.271398E-02  4.345511E-03
8.790225E-03  1.279469E-02  4.345284E-03
8.871560E-03  1.288928E-02  4.401772E-03
8.953648E-03  1.295061E-02  4.405318E-03
9.036495E-03  1.304729E-02  4.414345E-03
9.120108E-03  1.312018E-02  4.467472E-03
9.204496E-03  1.320094E-02  4.472962E-03
9.289664E-03  1.330774E-02  4.506326E-03
9.375620E-03  1.336278E-02  4.531870E-03
9.462372E-03  1.344568E-02  4.553247E-03
9.549926E-03  1.355651E-02  4.597623E-03
9.638290E-03  1.364828E-02  4.607399E-03
9.727472E-03  1.372532E-02  4.629282E-03
9.817479E-03  1.379056E-02  4.639061E-03
9.908319E-03  1.391449E-02  4.700173E-03
1.000000E-02  1.397683E-02  4.700266E-03
1.198397E-02  1.589016E-02  5.192994E-03
1.396794E-02  1.775928E-02  5.619317E-03
1.595190E-02  1.963783E-02  6.027856E-03
1.793587E-02  2.153613E-02  6.409402E-03
1.991984E-02  2.343910E-02  6.726670E-03
2.190381E-02  2.527223E-02  7.021022E-03
2.388778E-02  2.716152E-02  7.279523E-03
2.587174E-02  2.910321E-02  7.529648E-03
2.785571E-02  3.089086E-02  7.759938E-03
2.983968E-02  3.281589E-02  7.987238E-03
3.182365E-02  3.475214E-02  8.108959E-03
3.380762E-02  3.660610E-02  8.332667E-03
3.579158E-02  3.855151E-02  8.491589E-03
3.777555E-02  4.044696E-02  8.603899E-03
3.975952E-02  4.235670E-02  8.739981E-03
4.174349E-02  4.428269E-02  8.897708E-03
4.372745E-02  4.624426E-02  8.942016E-03
4.571142E-02  4.805528E-02  9.013094E-03
4.769539E-02  5.000839E-02  9.125856E-03
4.967936E-02  5.192546E-02  9.193640E-03
5.166333E-02  5.397408E-02  9.302916E-03
5.364729E-02  5.586861E-02  9.352916E-03
5.563126E-02  5.785763E-02  9.362829E-03
5.761523E-02  5.993133E-02  9.371958E-03
5.959920E-02  6.197139E-02  9.441608E-03
6.158317E-02  6.394717E-02  9.584557E-03
6.356713E-02  6.584461E-02  9.560543E-03
6.555110E-02  6.797027E-02  9.590560E-03
6.753507E-02  6.998575E-02  9.560798E-03
6.951904E-02  7.195341E-02  9.666489E-03
7.150301E-02  7.417700E-02  9.644434E-03
7.348697E-02  7.633325E-02  9.701526E-03
7.547094E-02  7.828803E-02  9.697453E-03
7.745491E-02  8.044512E-02  9.727534E-03
7.943888E-02  8.239039E-02  9.682809E-03
8.142285E-02  8.462881E-02  9.856178E-03
8.340681E-02  8.675589E-02  9.719190E-03
8.539078E-02  8.894056E-02  9.751589E-03
8.737475E-02  9.111352E-02  9.692256E-03
8.935872E-02  9.327822E-02  9.659298E-03
9.134269E-02  9.525404E-02  9.735658E-03
9.332665E-02  9.735352E-02  9.932078E-03
9.531062E-02  9.981847E-02  9.749348E-03
9.729459E-02  1.019800E-01  9.651803E-03
9.927856E-02  1.043181E-01  9.681607E-03
1.012625E-01  1.064172E-01  9.627301E-03
1.032465E-01  1.088243E-01  9.787397E-03
1.052305E-01  1.108224E-01  9.897345E-03
1.072144E-01  1.134410E-01  9.786810E-03
1.091984E-01  1.154378E-01  9.647800E-03
1.111824E-01  1.179315E-01  9.667755E-03
1.131663E-01  1.200361E-01  9.513054E-03
1.151503E-01  1.222867E-01  9.738975E-03
1.171343E-01  1.246668E-01  9.734301E-03
1.191182E-01  1.273935E-01  9.750607E-03
1.211022E-01  1.295681E-01  9.596599E-03
1.230862E-01  1.320001E-01  9.475012E-03
1.250701E-01  1.339713E-01  9.478519E-03
1.270541E-01  1.365259E-01  9.680143E-03
1.290381E-01  1.388063E-01  9.831966E-03
1.310220E-01  1.413077E-01  9.614503E-03
1.330060E-01  1.437231E-01  9.546373E-03
1.349900E-01  1.462430E-01  9.461909E-03
1.369739E-01  1.487928E-01  9.387111E-03
1.389579E-01  1.509993E-01  9.643819E-03
1.409419E-01  1.538077E-01  9.735722E-03
1.429259E-01  1.562911E-01  9.798994E-03
1.449098E-01  1.584811E-01  9.403318E-03
1.468938E-01  1.613274E-01  9.430436E-03
1.488778E-01  1.635025E-01  9.404492E-03
1.508617E-01  1.662772E-01  9.296616E-03
1.528457E-01  1.685501E-01  9.510643E-03
1.548297E-01  1.710875E-01  9.764430E-03
1.568136E-01  1.737940E-01  9.538503E-03
1.587976E-01  1.764501E-01  9.398093E-03
1.607816E-01  1.789395E-01  9.560975E-03
1.627655E-01  1.815615E-01  9.577450E-03
1.647495E-01  1.839346E-01  9.220828E-03
1.667335E-01  1.868861E-01  9.721552E-03
1.687174E-01  1.891187E-01  9.679556E-03
1.707014E-01  1.919916E-01  9.527182E-03
1.726854E-01  1.944190E-01  9.224908E-03
1.746693E-01  1.974308E-01  9.452533E-03
1.766533E-01  1.996561E-01  9.271096E-03
1.786373E-01  2.023949E-01  9.299699E-03
1.806212E-01  2.052228E-01  9.841081E-03
1.826052E-01  2.080239E-01  9.780963E-03
1.845892E-01  2.104315E-01  9.344614E-03
1.865731E-01  2.136861E-01  9.767810E-03
1.885571E-01  2.162605E-01  9.485746E-03
1.905411E-01  2.191021E-01  9.430471E-03
1.925251E-01  2.213614E-01  9.390611E-03
1.945090E-01  2.240820E-01  9.842750E-03
1.964930E-01  2.269479E-01  9.539860E-03
1.984770E-01  2.294520E-01  9.048478E-03
2.004609E-01  2.327715E-01  1.002042E-02
2.024449E-01  2.354280E-01  9.557489E-03
2.044289E-01  2.383875E-01  9.706547E-03
2.064128E-01  2.405949E-01  9.488114E-03
2.083968E-01  2.434920E-01  9.946737E-03
2.103808E-01  2.464602E-01  9.801151E-03
2.123647E-01  2.489592E-01  9.191320E-03
2.143487E-01  2.516254E-01  9.692638E-03
2.163327E-01  2.549768E-01  9.917675E-03
2.183166E-01  2.574903E-01  9.398715E-03
2.203006E-01  2.601404E-01  9.080283E-03
2.222846E-01  2.633152E-01  1.031477E-02
2.242685E-01  2.660153E-01  1.035914E-02
2.262525E-01  2.692445E-01  9.417326E-03
2.282365E-01  2.717258E-01  9.367072E-03
2.302204E-01  2.751678E-01  1.080205E-02
2.322044E-01  2.776641E-01  1.019969E-02
2.341884E-01  2.802507E-01  9.504661E-03
2.361723E-01  2.829167E-01  9.851659E-03
2.381563E-01  2.859235E-01  1.004384E-02
2.401403E-01  2.890151E-01  9.935925E-03
2.421242E-01  2.922465E-01  9.311514E-03
2.441082E-01  2.949250E-01  1.032019E-02
2.460922E-01  2.979715E-01  1.034776E-02
2.480762E-01  3.001276E-01  1.007160E-02
2.500601E-01  3.032385E-01  9.508019E-03
2.520441E-01  3.064536E-01  1.066509E-02
2.540281E-01  3.093708E-01  1.041546E-02
2.560120E-01  3.125818E-01  9.780694E-03
2.579960E-01  3.152855E-01  9.901220E-03
2.599800E-01  3.187250E-01  1.113186E-02
2.619639E-01  3.206396E-01  1.036334E-02
2.639479E-01  3.241641E-01  1.001533E-02
2.659319E-01  3.268917E-01  1.001000E-02
2.679158E-01  3.297716E-01  1.078735E-02
2.698998E-01  3.330985E-01  1.087137E-02
2.718838E-01  3.356640E-01  9.856673E-03
2.738677E-01  3.388131E-01  1.086781E-02
2.758517E-01  3.412400E-01  1.116184E-02
2.778357E-01  3.452207E-01  1.122045E-02
2.798196E-01  3.477054E-01  1.046941E-02
2.818036E-01  3.506292E-01  1.047764E-02
2.837876E-01  3.534033E-01  1.111071E-02
2.857715E-01  3.568363E-01  1.124446E-02
2.877555E-01  3.592944E-01  1.049676E-02
2.897395E-01  3.621407E-01  1.089104E-02
2.917234E-01  3.660196E-01  1.147666E-02
2.937074E-01  3.680038E-01  1.052326E-02
2.956914E-01  3.716923E-01  1.063646E-02
2.976754E-01  3.741939E-01  1.059013E-02
2.996593E-01  3.773265E-01  1.122516E-02
3.016433E-01  3.805382E-01  1.078509E-02
3.036273E-01  3.838433E-01  1.080302E-02
3.056112E-01  3.860345E-01  1.083459E-02
3.075952E-01  3.892239E-01  1.085445E-02
3.095792E-01  3.925205E-01  1.153442E-02
3.115631E-01  3.951972E-01  1.118550E-02
3.135471E-01  3.980050E-01  1.068177E-02
3.155311E-01  4.007683E-01  1.131941E-02
3.175150E-01  4.040220E-01  1.197755E-02
3.194990E-01  4.074644E-01  1.143436E-02
3.214830E-01  4.098022E-01  1.088724E-02
3.234669E-01  4.131649E-01  1.247797E-02
3.254509E-01  4.157983E-01  1.131567E-02
3.274349E-01  4.187043E-01  1.173435E-02
3.294188E-01  4.225630E-01  1.130958E-02
3.314028E-01  4.249496E-01  1.077549E-02
3.333868E-01  4.291386E-01  1.318149E-02
3.353707E-01  4.310785E-01  1.191037E-02
3.373547E-01  4.333835E-01  1.178398E-02
3.393387E-01  4.368173E-01  1.126445E-02
3.413226E-01  4.398299E-01  1.147348E-02
3.433066E-01  4.436817E-01  1.231843E-02
3.452906E-01  4.466010E-01  1.225445E-02
3.472745E-01  4.493632E-01  1.167243E-02
3.492585E-01  4.518576E-01  1.167998E-02
3.512425E-01  4.560457E-01  1.354870E-02
3.532265E-01  4.580145E-01  1.223295E-02
3.552104E-01  4.602129E-01  1.223003E-02
3.571944E-01  4.637220E-01  1.139382E-02
3.591784E-01  4.668338E-01  1.305794E-02
3.611623E-01  4.695931E-01  1.211211E-02
3.631463E-01  4.725072E-01  1.232896E-02
3.651303E-01  4.764942E-01  1.198554E-02
3.671142E-01  4.785294E-01  1.231681E-02
3.690982E-01  4.812310E-01  1.256573E-02
3.710822E-01  4.846565E-01  1.233897E-02
3.730661E-01  4.881649E-01  1.273584E-02
3.750501E-01  4.903897E-01  1.278574E-02
3.770341E-01  4.934871E-01  1.255023E-02
3.790180E-01  4.965826E-01  1.209549E-02
3.810020E-01  4.990611E-01  1.290181E-02
3.829860E-01  5.033267E-01  1.387847E-02
3.849699E-01  5.054785E-01  1.173836E-02
3.869539E-01  5.082021E-01  1.274315E-02
3.889379E-01  5.123220E-01  1.422364E-02
3.909218E-01  5.143353E-01  1.199723E-02
3.929058E-01  5.163030E-01  1.265511E-02
3.948898E-01  5.203407E-01  1.276227E-02
3.968737E-01  5.233761E-01  1.348129E-02
3.988577E-01  5.254629E-01  1.246880E-02
4.008417E-01  5.286607E-01  1.287286E-02
4.028257E-01  5.323997E-01  1.377811E-02
4.048096E-01  5.346516E-01  1.228663E-02
4.067936E-01  5.373264E-01  1.334093E-02
4.087776E-01  5.394046E-01  1.374855E-02
4.107615E-01  5.437200E-01  1.269791E-02
4.127455E-01  5.453758E-01  1.338762E-02
4.147295E-01  5.488204E-01  1.346939E-02
4.167134E-01  5.516708E-01  1.329325E-02
4.186974E-01  5.551594E-01  1.294235E-02
4.206814E-01  5.580867E-01  1.324483E-02
4.226653E-01  5.610151E-01  1.281227E-02
4.246493E-01  5.639393E-01  1.265113E-02
4.266333E-01  5.658805E-01  1.274918E-02
4.286172E-01  5.685811E-01  1.409151E-02
4.306012E-01  5.726224E-01  1.373985E-02
4.325852E-01  5.752211E-01  1.288397E-02
4.345691E-01  5.766734E-01  1.361953E-02
4.365531E-01  5.798923E-01  1.297965E-02
4.385371E-01  5.838375E-01  1.382139E-02
4.405210E-01  5.856722E-01  1.293611E-02
4.425050E-01  5.882242E-01  1.345984E-02
4.444890E-01  5.910112E-01  1.354264E-02
4.464729E-01  5.948485E-01  1.251035E-02
4.484569E-01  5.968409E-01  1.254770E-02
4.504409E-01  5.994626E-01  1.435762E-02
4.524248E-01  6.035736E-01  1.390838E-02
4.544088E-01  6.049383E-01  1.184626E-02
4.563928E-01  6.073667E-01  1.371835E-02
4.583768E-01  6.112097E-01  1.395038E-02
4.603607E-01  6.136243E-01  1.375792E-02
4.623447E-01  6.170012E-01  1.411713E-02
4.643287E-01  6.198955E-01  1.398135E-02
4.663126E-01  6.215229E-01  1.300601E-02
4.682966E-01  6.245161E-01  1.320139E-02
4.702806E-01  6.273138E-01  1.287462E-02
4.722645E-01  6.299799E-01  1.332784E-02
4.742485E-01  6.319190E-01  1.432593E-02
4.762325E-01  6.353394E-01  1.328130E-02
4.782164E-01  6.382057E-01  1.284099E-02
4.802004E-01  6.400029E-01  1.400678E-02
4.821844E-01  6.429689E-01  1.347811E-02
4.841683E-01  6.464354E-01  1.355692E-02
4.861523E-01  6.491465E-01  1.352080E-02
4.881363E-01  6.521544E-01  1.328089E-02
4.901202E-01  6.537458E-01  1.321588E-02
4.921042E-01  6.568541E-01  1.313116E-02
4.940882E-01  6.594686E-01  1.207457E-02
4.960721E-01  6.617672E-01  1.280706E-02
4.980561E-01  6.640453E-01  1.375807E-02
5.000401E-01  6.679199E-01  1.375316E-02
5.020240E-01  6.694215E-01  1.171549E-02
5.040080E-01  6.715792E-01  1.294074E-02
5.059920E-01  6.746363E-01  1.363713E-02
5.079760E-01  6.770715E-01  1.365893E-02
5.099599E-01  6.800781E-01  1.327229E-02
5.119439E-01  6.821080E-01  1.333675E-02
5.139279E-01  6.860144E-01  1.362453E-02
5.159118E-01  6.884630E-01  1.357217E-02
5.178958E-01  6.900083E-01  1.297146E-02
5.198798E-01  6.928489E-01  1.242092E-02
5.218637E-01  6.951198E-01  1.236275E-02
5.238477E-01  6.973155E-01  1.398390E-02
5.258317E-01  7.013149E-01  1.409352E-02
5.278156E-01  7.028875E-01  1.133274E-02
5.297996E-01  7.045970E-01  1.220538E-02
5.317836E-01  7.070837E-01  1.293284E-02
5.337675E-01  7.099727E-01  1.325919E-02
5.357515E-01  7.129050E-01  1.270622E-02
5.377355E-01  7.158858E-01  1.341283E-02
5.397194E-01  7.174876E-01  1.259415E-02
5.417034E-01  7.204023E-01  1.251903E-02
5.436874E-01  7.218412E-01  1.339309E-02
5.456713E-01  7.257508E-01  1.249545E-02
5.476553E-01  7.271734E-01  1.278652E-02
5.496393E-01  7.294719E-01  1.195667E-02
5.516232E-01  7.314785E-01  1.327290E-02
5.536072E-01  7.355245E-01  1.458910E-02
5.555912E-01  7.371697E-01  1.092039E-02
5.575752E-01  7.388167E-01  1.095557E-02
5.595591E-01  7.406162E-01  1.270411E-02
5.615431E-01  7.440729E-01  1.303129E-02
5.635271E-01  7.458701E-01  1.249239E-02
5.655110E-01  7.484034E-01  1.272312E-02
5.674950E-01  7.504798E-01  1.190322E-02
5.694790E-01  7.538336E-01  1.279448E-02
5.714629E-01  7.547821E-01  1.221022E-02
5.734469E-01  7.567669E-01  1.336906E-02
5.754309E-01  7.607110E-01  1.264969E-02
5.774148E-01  7.620820E-01  1.125753E-02
5.793988E-01  7.642067E-01  1.100668E-02
5.813828E-01  7.660686E-01  1.252814E-02
5.833667E-01  7.702966E-01  1.475175E-02
5.853507E-01  7.705488E-01  1.206957E-02
5.873347E-01  7.739894E-01  1.130527E-02
5.893186E-01  7.746857E-01  1.188110E-02
5.913026E-01  7.771083E-01  1.205022E-02
5.932866E-01  7.794414E-01  1.260878E-02
5.952705E-01  7.818362E-01  1.161526E-02
5.972545E-01  7.840015E-01  1.210039E-02
5.992385E-01  7.858900E-01  1.200054E-02
6.012224E-01  7.893938E-01  1.274647E-02
6.032064E-01  7.898216E-01  1.259464E-02
6.051904E-01  7.921514E-01  1.195323E-02
6.071743E-01  7.943683E-01  1.193847E-02
6.091583E-01  7.971996E-01  1.048242E-02
6.111423E-01  7.988166E-01  1.142514E-02
6.131263E-01  8.013657E-01  1.001732E-02
6.151102E-01  8.024919E-01  1.205609E-02
6.170942E-01  8.063877E-01  1.316576E-02
6.190782E-01  8.081828E-01  1.024803E-02
6.210621E-01  8.099800E-01  1.064182E-02
6.230461E-01  8.106085E-01  9.583758E-03
6.250301E-01  8.127340E-01  1.187894E-02
6.270140E-01  8.160356E-01  1.157863E-02
6.289980E-01  8.167439E-01  1.185235E-02
6.309820E-01  8.202919E-01  1.179229E-02
6.329659E-01  8.221165E-01  9.983676E-03
6.349499E-01  8.243220E-01  1.124741E-02
6.369339E-01  8.261649E-01  1.034227E-02
6.389178E-01  8.266527E-01  1.082984E-02
6.409018E-01  8.285487E-01  1.091346E-02
6.428858E-01  8.307875E-01  1.093197E-02
6.448697E-01  8.334561E-01  1.005470E-02
6.468537E-01  8.347857E-01  9.675653E-03
6.488377E-01  8.366940E-01  9.610126E-03
6.508216E-01  8.379407E-01  9.798138E-03
6.528056E-01  8.395387E-01  1.193449E-02
6.547896E-01  8.430412E-01  1.115716E-02
6.567735E-01  8.449138E-01  9.792227E-03
6.587575E-01  8.467885E-01  9.320332E-03
6.607415E-01  8.472472E-01  8.458673E-03
6.627255E-01  8.490209E-01  1.042838E-02
6.647094E-01  8.515585E-01  9.880262E-03
6.666934E-01  8.529841E-01  1.036011E-02
6.686774E-01  8.548915E-01  9.664580E-03
6.706613E-01  8.554648E-01  1.198770E-02
6.726453E-01  8.591592E-01  9.611929E-03
6.746293E-01  8.614204E-01  1.065483E-02
6.766132E-01  8.629839E-01  9.710966E-03
6.785972E-01  8.646461E-01  8.944066E-03
6.805812E-01  8.661016E-01  9.757614E-03
6.825651E-01  8.680229E-01  1.066623E-02
6.845491E-01  8.680229E-01  1.153576E-02
6.865331E-01  8.710640E-01  8.259170E-03
6.885170E-01  8.722915E-01  7.947993E-03
6.905010E-01  8.739596E-01  7.693697E-03
6.924850E-01  8.766471E-01  9.211367E-03
6.944689E-01  8.766194E-01  1.024722E-02
6.964529E-01  8.774960E-01  1.272060E-02
6.984369E-01  8.805093E-01  8.572673E-03
7.004208E-01  8.824610E-01  8.427596E-03
7.024048E-01  8.844149E-01  8.191139E-03
7.043888E-01  8.848316E-01  7.643329E-03
7.063727E-01  8.862862E-01  8.781170E-03
7.083567E-01  8.882107E-01  8.941599E-03
7.103407E-01  8.908740E-01  9.113341E-03
7.123246E-01  8.911846E-01  8.629588E-03
7.143086E-01  8.930158E-01  8.781135E-03
7.162926E-01  8.950358E-01  8.383981E-03
7.182766E-01  8.970182E-01  9.719338E-03
7.202605E-01  8.970182E-01  8.395359E-03
7.222445E-01  8.990027E-01  7.650775E-03
7.242285E-01  9.010277E-01  7.356895E-03
7.262124E-01  9.012535E-01  8.361891E-03
7.281964E-01  9.040731E-01  9.194806E-03
7.301804E-01  9.040314E-01  9.459491E-03
7.321643E-01  9.060745E-01  8.996986E-03
7.341483E-01  9.087367E-01  8.451814E-03
7.361323E-01  9.096073E-01  6.515976E-03
7.381162E-01  9.106874E-01  6.348448E-03
7.401002E-01  9.120634E-01  6.526307E-03
7.420842E-01  9.141194E-01  6.805423E-03
7.440681E-01  9.144460E-01  6.248462E-03
7.460521E-01  9.152790E-01  8.957777E-03
7.480361E-01  9.187920E-01  1.155667E-02
7.500200E-01  9.187920E-01  7.471608E-03
7.520040E-01  9.208244E-01  8.313242E-03
7.539880E-01  9.208244E-01  7.258479E-03
7.559719E-01  9.228591E-01  5.589251E-03
7.579559E-01  9.236848E-01  5.915855E-03
7.599399E-01  9.248730E-01  6.906298E-03
7.619238E-01  9.263282E-01  7.363817E-03
7.639078E-01  9.281524E-01  6.451323E-03
7.658918E-01  9.284504E-01  6.575491E-03
7.678758E-01  9.299150E-01  6.557959E-03
7.698597E-01  9.312823E-01  7.008531E-03
7.718437E-01  9.333863E-01  6.922792E-03
7.738277E-01  9.336297E-01  6.681127E-03
7.758116E-01  9.356934E-01  6.951080E-03
7.777956E-01  9.356934E-01  7.104189E-03
7.797796E-01  9.377594E-01  6.213405E-03
7.817635E-01  9.386968E-01  6.101740E-03
7.837475E-01  9.387532E-01  7.847068E-03
7.857315E-01  9.401924E-01  7.048344E-03
7.877154E-01  9.428593E-01  8.032019E-03
7.896994E-01  9.426196E-01  6.399821E-03
7.916834E-01  9.449424E-01  7.030778E-03
7.936673E-01  9.449424E-01  7.303784E-03
7.956513E-01  9.449424E-01  1.242508E-02
7.976353E-01  9.483905E-01  7.070948E-03
7.996192E-01  9.491078E-01  4.765977E-03
8.016032E-01  9.499358E-01  4.124949E-03
8.035872E-01  9.509026E-01  4.357573E-03
8.055711E-01  9.520432E-01  4.474582E-03
8.075551E-01  9.521265E-01  5.162883E-03
8.095391E-01  9.535860E-01  3.430717E-03
8.115230E-01  9.542671E-01  4.019135E-03
8.135070E-01  9.547442E-01  6.525517E-03
8.154910E-01  9.578893E-01  1.141103E-02
8.174749E-01  9.578893E-01  5.798468E-03
8.194589E-01  9.578893E-01  5.572599E-03
8.214429E-01  9.600041E-01  5.694693E-03
8.234269E-01  9.600041E-01  5.878497E-03
8.254108E-01  9.621465E-01  7.491075E-03
8.273948E-01  9.627842E-01  5.546640E-03
8.293788E-01  9.634842E-01  4.190171E-03
8.313627E-01  9.642548E-01  3.937842E-03
8.333467E-01  9.651070E-01  4.363938E-03
8.353307E-01  9.660531E-01  4.054158E-03
8.373146E-01  9.671081E-01  3.902427E-03
8.392986E-01  9.661584E-01  7.119490E-03
8.412826E-01  9.674885E-01  4.641537E-03
8.432665E-01  9.689808E-01  4.572843E-03
8.452505E-01  9.696433E-01  3.988462E-03
8.472345E-01  9.700109E-01  5.056533E-03
8.492184E-01  9.713610E-01  4.147838E-03
8.512024E-01  9.715091E-01  4.980045E-03
8.531864E-01  9.730381E-01  3.823835E-03
8.551703E-01  9.730381E-01  4.249140E-03
8.571543E-01  9.751848E-01  6.788429E-03
8.591383E-01  9.751848E-01  3.834499E-03
8.611222E-01  9.751848E-01  4.768452E-03
8.631062E-01  9.773339E-01  6.985661E-03
8.650902E-01  9.777783E-01  3.802546E-03
8.670741E-01  9.782922E-01  3.239411E-03
8.690581E-01  9.789729E-01  2.817841E-03
8.710421E-01  9.797145E-01  4.170666E-03
8.730261E-01  9.798182E-01  4.268421E-03
8.750100E-01  9.802981E-01  4.734555E-03
8.769940E-01  9.817793E-01  3.207743E-03
8.789780E-01  9.821877E-01  3.463222E-03
8.809619E-01  9.824601E-01  4.945329E-03
8.829459E-01  9.846266E-01  9.166847E-03
8.849299E-01  9.846266E-01  3.381850E-03
8.869138E-01  9.846266E-01  2.553928E-03
8.888978E-01  9.846266E-01  1.533646E-03
8.908818E-01  9.846266E-01  3.067292E-03
8.928657E-01  9.846266E-01  7.820092E-03
8.948497E-01  9.867955E-01  3.721708E-03
8.968337E-01  9.867955E-01  3.245707E-03
8.988176E-01  9.867955E-01  5.826907E-03
9.008016E-01  9.889312E-01  7.876413E-03
9.027856E-01  9.893355E-01  6.628346E-03
9.047695E-01  9.897434E-01  2.452584E-03
9.067535E-01  9.891355E-01  2.985903E-03
9.087375E-01  9.891355E-01  1.584831E-03
9.107214E-01  9.891355E-01  2.799784E-03
9.127054E-01  9.904846E-01  4.460394E-03
9.146894E-01  9.904846E-01  1.691399E-03
9.166733E-01  9.904846E-01  3.752458E-03
9.186573E-01  9.904846E-01  5.132426E-03
9.206413E-01  9.941138E-01  9.601888E-03
9.226253E-01  9.941138E-01  3.629174E-03
9.246092E-01  9.941138E-01  2.566214E-03
9.265932E-01  9.941138E-01  0.000000E+00
9.285772E-01  9.941138E-01  0.000000E+00
9.305611E-01  9.941138E-01  0.000000E+00
9.325451E-01  9.941138E-01  1.547745E-03
9.345291E-01  9.941138E-01  2.188842E-03
9.365130E-01  9.941138E-01  6.566525E-03
9.384970E-01  9.963027E-01  3.439144E-03
9.404810E-01  9.963027E-01  3.046693E-03
9.424649E-01  9.978012E-01  3.964793E-03
9.444489E-01  9.978012E-01  1.498551E-03
9.464329E-01  9.978012E-01  1.059636E-03
9.484168E-01  9.978012E-01  0.000000E+00
9.504008E-01  9.978012E-01  0.000000E+00
9.523848E-01  9.978012E-01  0.000000E+00
9.543687E-01  9.978012E-01  0.000000E+00
9.563527E-01  9.978012E-01  0.000000E+00
9.583367E-01  9.978012E-01  0.000000E+00
9.603206E-01  9.978012E-01  0.000000E+00
9.623046E-01  9.978012E-01  2.198790E-03
9.642886E-01  9.978012E-01  7.773897E-03
9.662725E-01  1.000000E+00  2.198790E-03
9.682565E-01  1.000000E+00  0.000000E+00
9.702405E-01  1.000000E+00  0.000000E+00
9.722244E-01  1.000000E+00  0.000000E+00
9.742084E-01  1.000000E+00  0.000000E+00
9.761924E-01  1.000000E+00  0.000000E+00
9.781764E-01  1.000000E+00  0.000000E+00
9.801603E-01  1.000000E+00  0.000000E+00
9.821443E-01  1.000000E+00  0.000000E+00
9.841283E-01  1.000000E+00  0.000000E+00
9.861122E-01  1.000000E+00  0.000000E+00
9.880962E-01  1.000000E+00  0.000000E+00
9.900802E-01  1.000000E+00  0.000000E+00
9.920641E-01  1.000000E+00  0.000000E+00
9.940481E-01  1.000000E+00  0.000000E+00
9.960321E-01  1.000000E+00  0.000000E+00
9.980160E-01  1.000000E+00  0.000000E+00
1.000000E+00  1.000000E+00  0.000000E+00
