# NNPDF30 NNLO Q=1.100
# x  w(x)  delta_w(x)
1.000000E-04  8.315277E-05  1.096321E-04
1.009253E-04  8.378652E-05  1.104233E-04
1.018591E-04  8.450074E-05  1.109784E-04
1.028016E-04  8.369135E-05  1.122882E-04
1.037528E-04  8.479041E-05  1.126548E-04
1.047129E-04  8.581457E-05  1.131189E-04
1.056818E-04  8.677249E-05  1.134339E-04
1.066596E-04  8.767153E-05  1.143071E-04
1.076465E-04  8.851797E-05  1.145635E-04
1.086426E-04  8.931724E-05  1.153893E-04
1.096478E-04  9.007403E-05  1.159686E-04
1.106624E-04  9.079242E-05  1.165210E-04
1.116863E-04  9.147598E-05  1.170832E-04
1.127197E-04  9.212784E-05  1.179201E-04
1.137627E-04  9.275074E-05  1.185711E-04
1.148154E-04  9.334715E-05  1.194395E-04
1.158777E-04  9.391921E-05  1.200754E-04
1.169499E-04  9.446886E-05  1.208447E-04
1.180321E-04  9.499782E-05  1.215443E-04
1.191242E-04  9.550765E-05  1.222449E-04
1.202264E-04  9.599972E-05  1.232490E-04
1.213389E-04  9.981826E-05  1.230627E-04
1.224616E-04  9.981826E-05  1.238603E-04
1.235947E-04  9.981826E-05  1.245843E-04
1.247384E-04  1.020304E-04  1.249417E-04
1.258925E-04  1.020304E-04  1.259665E-04
1.270574E-04  1.020304E-04  1.266106E-04
1.282331E-04  1.042668E-04  1.270430E-04
1.294196E-04  1.042668E-04  1.280596E-04
1.306171E-04  1.042668E-04  1.292800E-04
1.318257E-04  1.080644E-04  1.287086E-04
1.330454E-04  1.085635E-04  1.299243E-04
1.342765E-04  1.091309E-04  1.305297E-04
1.355189E-04  1.097291E-04  1.311801E-04
1.367729E-04  1.103614E-04  1.323847E-04
1.380384E-04  1.110276E-04  1.329787E-04
1.393157E-04  1.117390E-04  1.339464E-04
1.406048E-04  1.124974E-04  1.345832E-04
1.419058E-04  1.133083E-04  1.354976E-04
1.432188E-04  1.141787E-04  1.364569E-04
1.445440E-04  1.151166E-04  1.370317E-04
1.458814E-04  1.161317E-04  1.377724E-04
1.472313E-04  1.172356E-04  1.382222E-04
1.485936E-04  1.184426E-04  1.389924E-04
1.499685E-04  1.197703E-04  1.398497E-04
1.513561E-04  1.212404E-04  1.404278E-04
1.527566E-04  1.204301E-04  1.420094E-04
1.541700E-04  1.218544E-04  1.426032E-04
1.555966E-04  1.228029E-04  1.435348E-04
1.570363E-04  1.236685E-04  1.445133E-04
1.584893E-04  1.251961E-04  1.449131E-04
1.599558E-04  1.263918E-04  1.457668E-04
1.614359E-04  1.278434E-04  1.462329E-04
1.629296E-04  1.296868E-04  1.468565E-04
1.644372E-04  1.303481E-04  1.479081E-04
1.659587E-04  1.296466E-04  1.493930E-04
1.674943E-04  1.305433E-04  1.501835E-04
1.690441E-04  1.350510E-04  1.499747E-04
1.706082E-04  1.357952E-04  1.511782E-04
1.721869E-04  1.365549E-04  1.518095E-04
1.737801E-04  1.373307E-04  1.528946E-04
1.753881E-04  1.381229E-04  1.537474E-04
1.770109E-04  1.374159E-04  1.554524E-04
1.786488E-04  1.385391E-04  1.562056E-04
1.803018E-04  1.430271E-04  1.560966E-04
1.819701E-04  1.440521E-04  1.566660E-04
1.836538E-04  1.450929E-04  1.578540E-04
1.853532E-04  1.461495E-04  1.590965E-04
1.870682E-04  1.474121E-04  1.597492E-04
1.887991E-04  1.487787E-04  1.604075E-04
1.905461E-04  1.474528E-04  1.623581E-04
1.923092E-04  1.488936E-04  1.630977E-04
1.940886E-04  1.503806E-04  1.638570E-04
1.958845E-04  1.519157E-04  1.648981E-04
1.976970E-04  1.535003E-04  1.657298E-04
1.995262E-04  1.551360E-04  1.666671E-04
2.013724E-04  1.568246E-04  1.675674E-04
2.032357E-04  1.585677E-04  1.682256E-04
2.051162E-04  1.603669E-04  1.691470E-04
2.070141E-04  1.593649E-04  1.709157E-04
2.089296E-04  1.612624E-04  1.711642E-04
2.108628E-04  1.626368E-04  1.722314E-04
2.128139E-04  1.639848E-04  1.736171E-04
2.147830E-04  1.653630E-04  1.746089E-04
2.167704E-04  1.667727E-04  1.755388E-04
2.187762E-04  1.682147E-04  1.765325E-04
2.208005E-04  1.696900E-04  1.773920E-04
2.228435E-04  1.711534E-04  1.782604E-04
2.249055E-04  1.725701E-04  1.796794E-04
2.269865E-04  1.745153E-04  1.805009E-04
2.290868E-04  1.759948E-04  1.810211E-04
2.312065E-04  1.775955E-04  1.820229E-04
2.333458E-04  1.792878E-04  1.831972E-04
2.355049E-04  1.810230E-04  1.841954E-04
2.376840E-04  1.827927E-04  1.852867E-04
2.398833E-04  1.846016E-04  1.862361E-04
2.421029E-04  1.864500E-04  1.875420E-04
2.443431E-04  1.874976E-04  1.880849E-04
2.466039E-04  1.883716E-04  1.897078E-04
2.488857E-04  1.892380E-04  1.908776E-04
2.511886E-04  1.932479E-04  1.913619E-04
2.535129E-04  1.919032E-04  1.933776E-04
2.558586E-04  1.951509E-04  1.937889E-04
2.582260E-04  1.953416E-04  1.950942E-04
2.606154E-04  1.966564E-04  1.964854E-04
2.630268E-04  2.007884E-04  1.972848E-04
2.654606E-04  2.019429E-04  1.982838E-04
2.679168E-04  2.039078E-04  1.994117E-04
2.703958E-04  2.037829E-04  2.010489E-04
2.728978E-04  2.048664E-04  2.021919E-04
2.754229E-04  2.112550E-04  2.024046E-04
2.779713E-04  2.135343E-04  2.036391E-04
2.805434E-04  2.125391E-04  2.051042E-04
2.831392E-04  2.149692E-04  2.057869E-04
2.857591E-04  2.149701E-04  2.078699E-04
2.884032E-04  2.174499E-04  2.089518E-04
2.910717E-04  2.200421E-04  2.099920E-04
2.937650E-04  2.218618E-04  2.113893E-04
2.964831E-04  2.245164E-04  2.120659E-04
2.992265E-04  2.238267E-04  2.136032E-04
3.019952E-04  2.267092E-04  2.149714E-04
3.047895E-04  2.297476E-04  2.155865E-04
3.076097E-04  2.294509E-04  2.173447E-04
3.104560E-04  2.321311E-04  2.189530E-04
3.133286E-04  2.335551E-04  2.203061E-04
3.162278E-04  2.385718E-04  2.201500E-04
3.191538E-04  2.400764E-04  2.222569E-04
3.221069E-04  2.416083E-04  2.232905E-04
3.250873E-04  2.431658E-04  2.244453E-04
3.280953E-04  2.447472E-04  2.260219E-04
3.311311E-04  2.468176E-04  2.275193E-04
3.341950E-04  2.505523E-04  2.281144E-04
3.372873E-04  2.509091E-04  2.301352E-04
3.404082E-04  2.552568E-04  2.308211E-04
3.435579E-04  2.562591E-04  2.318990E-04
3.467369E-04  2.579364E-04  2.335341E-04
3.499452E-04  2.603070E-04  2.350055E-04
3.531832E-04  2.653488E-04  2.353959E-04
3.564511E-04  2.634483E-04  2.378133E-04
3.597493E-04  2.688578E-04  2.387566E-04
3.630781E-04  2.684844E-04  2.405037E-04
3.664376E-04  2.698926E-04  2.421503E-04
3.698282E-04  2.750946E-04  2.429145E-04
3.732502E-04  2.765509E-04  2.443540E-04
3.767038E-04  2.779392E-04  2.459765E-04
3.801894E-04  2.821843E-04  2.475084E-04
3.837072E-04  2.838042E-04  2.485906E-04
3.872576E-04  2.853444E-04  2.500430E-04
3.908409E-04  2.868769E-04  2.515375E-04
3.944573E-04  2.898562E-04  2.531071E-04
3.981072E-04  2.910669E-04  2.549034E-04
4.017908E-04  2.954632E-04  2.558000E-04
4.055085E-04  2.987728E-04  2.565903E-04
4.092607E-04  3.006301E-04  2.583512E-04
4.130475E-04  3.029785E-04  2.600985E-04
4.168694E-04  3.057603E-04  2.610463E-04
4.207266E-04  3.089341E-04  2.625786E-04
4.246196E-04  3.122643E-04  2.643767E-04
4.285485E-04  3.132786E-04  2.660985E-04
4.325138E-04  3.174631E-04  2.670836E-04
4.365158E-04  3.174631E-04  2.697081E-04
4.405549E-04  3.233280E-04  2.704335E-04
4.446313E-04  3.255163E-04  2.715224E-04
4.487454E-04  3.288819E-04  2.725830E-04
4.528976E-04  3.294087E-04  2.750580E-04
4.570882E-04  3.342602E-04  2.763662E-04
4.613176E-04  3.348189E-04  2.781574E-04
4.655861E-04  3.398595E-04  2.794686E-04
4.698941E-04  3.418837E-04  2.809514E-04
4.742420E-04  3.452683E-04  2.825460E-04
4.786301E-04  3.491115E-04  2.841353E-04
4.830588E-04  3.538447E-04  2.847307E-04
4.875285E-04  3.564048E-04  2.868300E-04
4.920395E-04  3.534199E-04  2.892293E-04
4.965923E-04  3.609666E-04  2.900759E-04
5.011872E-04  3.641570E-04  2.917444E-04
5.058247E-04  3.674793E-04  2.934382E-04
5.105050E-04  3.705543E-04  2.950929E-04
5.152286E-04  3.703324E-04  2.979262E-04
5.199960E-04  3.736725E-04  2.996878E-04
5.248075E-04  3.775581E-04  3.006961E-04
5.296634E-04  3.815879E-04  3.017114E-04
5.345644E-04  3.857682E-04  3.036630E-04
5.395106E-04  3.900959E-04  3.050933E-04
5.445027E-04  3.937128E-04  3.065405E-04
5.495409E-04  3.958538E-04  3.079804E-04
5.546257E-04  3.979014E-04  3.101157E-04
5.597576E-04  3.999835E-04  3.124714E-04
5.649370E-04  4.067423E-04  3.136750E-04
5.701643E-04  4.102824E-04  3.153998E-04
5.754399E-04  4.104298E-04  3.175314E-04
5.807644E-04  4.173759E-04  3.188183E-04
5.861382E-04  4.205236E-04  3.203515E-04
5.915616E-04  4.218273E-04  3.226908E-04
5.970353E-04  4.246837E-04  3.250814E-04
6.025596E-04  4.295219E-04  3.260577E-04
6.081350E-04  4.342862E-04  3.281503E-04
6.137620E-04  4.389633E-04  3.293362E-04
6.194411E-04  4.435432E-04  3.307526E-04
6.251727E-04  4.476181E-04  3.328493E-04
6.309573E-04  4.476417E-04  3.359072E-04
6.367955E-04  4.514627E-04  3.368256E-04
6.426877E-04  4.555756E-04  3.383768E-04
6.486344E-04  4.648065E-04  3.398535E-04
6.546362E-04  4.686662E-04  3.416153E-04
6.606934E-04  4.673522E-04  3.443445E-04
6.668068E-04  4.711923E-04  3.465048E-04
6.729767E-04  4.765410E-04  3.479055E-04
6.792036E-04  4.809216E-04  3.497802E-04
6.854882E-04  4.829322E-04  3.523828E-04
6.918310E-04  4.891408E-04  3.538967E-04
6.982324E-04  4.953738E-04  3.546898E-04
7.046931E-04  4.961740E-04  3.574422E-04
7.112135E-04  5.011392E-04  3.588557E-04
7.177943E-04  5.044759E-04  3.615876E-04
7.244360E-04  5.101520E-04  3.637129E-04
7.311391E-04  5.157047E-04  3.653168E-04
7.379042E-04  5.189711E-04  3.675250E-04
7.447320E-04  5.247071E-04  3.691056E-04
7.516229E-04  5.295159E-04  3.707972E-04
7.585776E-04  5.328208E-04  3.734571E-04
7.655966E-04  5.380439E-04  3.749725E-04
7.726806E-04  5.462019E-04  3.765682E-04
7.798301E-04  5.482568E-04  3.790770E-04
7.870458E-04  5.531075E-04  3.799017E-04
7.943282E-04  5.561216E-04  3.838328E-04
8.016781E-04  5.627988E-04  3.854753E-04
8.090959E-04  5.655054E-04  3.872813E-04
8.165824E-04  5.683170E-04  3.894452E-04
8.241381E-04  5.771840E-04  3.913850E-04
8.317638E-04  5.802438E-04  3.935171E-04
8.394600E-04  5.834298E-04  3.962699E-04
8.472274E-04  5.927831E-04  3.971276E-04
8.550667E-04  5.962724E-04  4.001188E-04
8.629785E-04  6.019553E-04  4.012843E-04
8.709636E-04  6.059671E-04  4.046627E-04
8.790225E-04  6.101217E-04  4.061629E-04
8.871560E-04  6.144230E-04  4.084105E-04
8.953648E-04  6.251297E-04  4.095660E-04
9.036495E-04  6.297618E-04  4.125605E-04
9.120108E-04  6.362759E-04  4.143200E-04
9.204496E-04  6.410476E-04  4.156461E-04
9.289664E-04  6.459421E-04  4.184363E-04
9.375620E-04  6.510010E-04  4.212450E-04
9.462372E-04  6.561984E-04  4.241019E-04
9.549926E-04  6.615277E-04  4.253976E-04
9.638290E-04  6.669801E-04  4.281402E-04
9.727472E-04  6.747193E-04  4.302377E-04
9.817479E-04  6.749824E-04  4.334945E-04
9.908319E-04  6.847662E-04  4.351823E-04
1.000000E-03  6.945193E-04  4.363289E-04
1.009253E-03  6.939104E-04  4.397627E-04
1.018591E-03  7.044963E-04  4.411383E-04
1.028016E-03  7.038280E-04  4.457625E-04
1.037528E-03  7.138990E-04  4.463862E-04
1.047129E-03  7.184985E-04  4.490237E-04
1.056818E-03  7.257473E-04  4.515879E-04
1.066596E-03  7.328664E-04  4.537401E-04
1.076465E-03  7.394448E-04  4.559626E-04
1.086426E-03  7.468662E-04  4.582884E-04
1.096478E-03  7.534231E-04  4.606086E-04
1.106624E-03  7.599816E-04  4.633454E-04
1.116863E-03  7.666455E-04  4.655818E-04
1.127197E-03  7.688416E-04  4.687025E-04
1.137627E-03  7.777269E-04  4.700607E-04
1.148154E-03  7.862633E-04  4.723144E-04
1.158777E-03  7.944514E-04  4.752734E-04
1.169499E-03  8.022944E-04  4.775808E-04
1.180321E-03  8.025040E-04  4.815856E-04
1.191242E-03  8.090451E-04  4.843430E-04
1.202264E-03  8.198866E-04  4.856061E-04
1.213389E-03  8.247433E-04  4.888235E-04
1.224616E-03  8.385240E-04  4.899371E-04
1.235947E-03  8.415508E-04  4.930585E-04
1.247384E-03  8.496592E-04  4.957627E-04
1.258925E-03  8.587616E-04  4.975135E-04
1.270574E-03  8.603619E-04  5.010623E-04
1.282331E-03  8.713168E-04  5.036266E-04
1.294196E-03  8.800000E-04  5.052187E-04
1.306171E-03  8.871385E-04  5.086049E-04
1.318257E-03  8.931743E-04  5.120073E-04
1.330454E-03  8.983923E-04  5.146896E-04
1.342765E-03  9.103935E-04  5.166903E-04
1.355189E-03  9.182736E-04  5.190482E-04
1.367729E-03  9.261878E-04  5.215567E-04
1.380384E-03  9.382893E-04  5.240110E-04
1.393157E-03  9.437437E-04  5.271179E-04
1.406048E-03  9.501777E-04  5.300403E-04
1.419058E-03  9.579703E-04  5.328176E-04
1.432188E-03  9.677396E-04  5.350881E-04
1.445440E-03  9.723591E-04  5.393384E-04
1.458814E-03  9.836377E-04  5.407877E-04
1.472313E-03  9.933781E-04  5.433930E-04
1.485936E-03  9.981985E-04  5.460187E-04
1.499685E-03  1.014571E-03  5.484828E-04
1.513561E-03  1.020538E-03  5.519232E-04
1.527566E-03  1.024223E-03  5.551385E-04
1.541700E-03  1.041518E-03  5.576213E-04
1.555966E-03  1.042797E-03  5.612845E-04
1.570363E-03  1.053311E-03  5.629729E-04
1.584893E-03  1.064597E-03  5.663341E-04
1.599558E-03  1.076704E-03  5.682295E-04
1.614359E-03  1.080910E-03  5.720817E-04
1.629296E-03  1.091769E-03  5.747904E-04
1.644372E-03  1.101454E-03  5.781318E-04
1.659587E-03  1.111088E-03  5.806079E-04
1.674943E-03  1.122285E-03  5.833545E-04
1.690441E-03  1.133321E-03  5.855684E-04
1.706082E-03  1.144713E-03  5.893349E-04
1.721869E-03  1.150273E-03  5.935346E-04
1.737801E-03  1.158436E-03  5.960675E-04
1.753881E-03  1.169863E-03  5.990412E-04
1.770109E-03  1.184862E-03  6.014814E-04
1.786488E-03  1.191053E-03  6.052528E-04
1.803018E-03  1.197862E-03  6.088659E-04
1.819701E-03  1.214757E-03  6.111165E-04
1.836538E-03  1.226298E-03  6.136415E-04
1.853532E-03  1.240953E-03  6.166443E-04
1.870682E-03  1.247810E-03  6.202523E-04
1.887991E-03  1.254637E-03  6.239430E-04
1.905461E-03  1.272366E-03  6.254562E-04
1.923092E-03  1.280784E-03  6.291317E-04
1.940886E-03  1.292937E-03  6.323093E-04
1.958845E-03  1.304589E-03  6.348663E-04
1.976970E-03  1.320204E-03  6.388157E-04
1.995262E-03  1.332213E-03  6.413909E-04
2.013724E-03  1.334961E-03  6.453132E-04
2.032357E-03  1.354514E-03  6.479660E-04
2.051162E-03  1.361300E-03  6.511866E-04
2.070141E-03  1.372467E-03  6.548253E-04
2.089296E-03  1.393562E-03  6.577742E-04
2.108628E-03  1.398130E-03  6.617549E-04
2.128139E-03  1.416238E-03  6.650435E-04
2.147830E-03  1.423763E-03  6.689931E-04
2.167704E-03  1.435008E-03  6.717712E-04
2.187762E-03  1.445484E-03  6.754895E-04
2.208005E-03  1.463433E-03  6.777738E-04
2.228435E-03  1.480361E-03  6.811813E-04
2.249055E-03  1.493622E-03  6.843827E-04
2.269865E-03  1.502287E-03  6.876649E-04
2.290868E-03  1.508591E-03  6.920056E-04
2.312065E-03  1.521633E-03  6.960831E-04
2.333458E-03  1.546444E-03  6.977631E-04
2.355049E-03  1.560094E-03  7.024725E-04
2.376840E-03  1.566709E-03  7.063162E-04
2.398833E-03  1.584125E-03  7.087907E-04
2.421029E-03  1.600717E-03  7.127099E-04
2.443431E-03  1.609723E-03  7.166192E-04
2.466039E-03  1.629398E-03  7.202982E-04
2.488857E-03  1.637073E-03  7.238667E-04
2.511886E-03  1.657207E-03  7.272496E-04
2.535129E-03  1.666660E-03  7.299396E-04
2.558586E-03  1.686050E-03  7.334260E-04
2.582260E-03  1.704557E-03  7.364200E-04
2.606154E-03  1.711021E-03  7.411761E-04
2.630268E-03  1.738460E-03  7.440284E-04
2.654606E-03  1.741004E-03  7.496088E-04
2.679168E-03  1.759669E-03  7.523743E-04
2.703958E-03  1.776172E-03  7.561257E-04
2.728978E-03  1.791357E-03  7.598328E-04
2.754229E-03  1.809110E-03  7.635004E-04
2.779713E-03  1.830861E-03  7.669801E-04
2.805434E-03  1.843101E-03  7.712498E-04
2.831392E-03  1.859896E-03  7.746340E-04
2.857591E-03  1.874949E-03  7.789854E-04
2.884032E-03  1.885668E-03  7.831501E-04
2.910717E-03  1.914001E-03  7.852264E-04
2.937650E-03  1.927788E-03  7.899321E-04
2.964831E-03  1.950337E-03  7.931500E-04
2.992265E-03  1.960921E-03  7.975264E-04
3.019952E-03  1.972288E-03  8.033363E-04
3.047895E-03  2.009979E-03  8.049046E-04
3.076097E-03  2.011007E-03  8.104349E-04
3.104560E-03  2.038947E-03  8.141413E-04
3.133286E-03  2.054742E-03  8.167943E-04
3.162278E-03  2.074585E-03  8.228371E-04
3.191538E-03  2.091381E-03  8.248213E-04
3.221069E-03  2.110209E-03  8.290956E-04
3.250873E-03  2.132925E-03  8.333509E-04
3.280953E-03  2.146668E-03  8.383061E-04
3.311311E-03  2.158970E-03  8.425469E-04
3.341950E-03  2.179197E-03  8.464853E-04
3.372873E-03  2.204737E-03  8.514678E-04
3.404082E-03  2.222693E-03  8.559394E-04
3.435579E-03  2.244347E-03  8.588968E-04
3.467369E-03  2.266529E-03  8.646599E-04
3.499452E-03  2.287006E-03  8.668517E-04
3.531832E-03  2.301070E-03  8.709819E-04
3.564511E-03  2.327791E-03  8.756142E-04
3.597493E-03  2.352402E-03  8.805983E-04
3.630781E-03  2.374997E-03  8.844048E-04
3.664376E-03  2.387985E-03  8.889106E-04
3.698282E-03  2.417433E-03  8.930498E-04
3.732502E-03  2.433341E-03  8.981918E-04
3.767038E-03  2.459909E-03  9.012687E-04
3.801894E-03  2.477839E-03  9.067947E-04
3.837072E-03  2.499868E-03  9.099920E-04
3.872576E-03  2.516152E-03  9.168958E-04
3.908409E-03  2.550760E-03  9.194868E-04
3.944573E-03  2.565985E-03  9.246427E-04
3.981072E-03  2.593095E-03  9.292742E-04
4.017908E-03  2.613581E-03  9.339765E-04
4.055085E-03  2.642149E-03  9.376626E-04
4.092607E-03  2.661476E-03  9.428756E-04
4.130475E-03  2.680928E-03  9.483344E-04
4.168694E-03  2.714375E-03  9.523320E-04
4.207266E-03  2.727223E-03  9.572259E-04
4.246196E-03  2.752997E-03  9.631258E-04
4.285485E-03  2.781858E-03  9.649300E-04
4.325138E-03  2.814187E-03  9.703866E-04
4.365158E-03  2.832536E-03  9.760894E-04
4.405549E-03  2.858278E-03  9.817942E-04
4.446313E-03  2.886584E-03  9.857666E-04
4.487454E-03  2.915892E-03  9.920107E-04
4.528976E-03  2.947134E-03  9.935988E-04
4.570882E-03  2.960640E-03  1.001634E-03
4.613176E-03  2.992944E-03  1.006644E-03
4.655861E-03  3.010607E-03  1.011880E-03
4.698941E-03  3.050598E-03  1.015141E-03
4.742420E-03  3.072238E-03  1.019912E-03
4.786301E-03  3.111557E-03  1.024821E-03
4.830588E-03  3.132488E-03  1.031629E-03
4.875285E-03  3.152288E-03  1.036440E-03
4.920395E-03  3.195672E-03  1.040304E-03
4.965923E-03  3.221421E-03  1.047542E-03
5.011872E-03  3.236738E-03  1.053757E-03
5.058247E-03  3.272817E-03  1.058998E-03
5.105050E-03  3.316596E-03  1.061368E-03
5.152286E-03  3.345360E-03  1.067120E-03
5.199960E-03  3.370643E-03  1.075780E-03
5.248075E-03  3.389747E-03  1.079459E-03
5.296634E-03  3.423441E-03  1.086021E-03
5.345644E-03  3.466842E-03  1.089669E-03
5.395106E-03  3.501329E-03  1.095613E-03
5.445027E-03  3.514405E-03  1.102424E-03
5.495409E-03  3.546626E-03  1.107444E-03
5.546257E-03  3.587717E-03  1.112328E-03
5.597576E-03  3.624009E-03  1.117496E-03
5.649370E-03  3.663897E-03  1.123199E-03
5.701643E-03  3.682047E-03  1.130074E-03
5.754399E-03  3.722512E-03  1.135293E-03
5.807644E-03  3.760002E-03  1.141822E-03
5.861382E-03  3.803350E-03  1.146942E-03
5.915616E-03  3.838289E-03  1.151907E-03
5.970353E-03  3.856268E-03  1.158441E-03
6.025596E-03  3.906498E-03  1.164863E-03
6.081350E-03  3.933800E-03  1.172308E-03
6.137620E-03  3.967814E-03  1.176468E-03
6.194411E-03  4.007758E-03  1.184411E-03
6.251727E-03  4.044199E-03  1.189001E-03
6.309573E-03  4.091318E-03  1.195004E-03
6.367955E-03  4.134178E-03  1.201884E-03
6.426877E-03  4.156754E-03  1.207675E-03
6.486344E-03  4.181655E-03  1.213626E-03
6.546362E-03  4.247051E-03  1.219211E-03
6.606934E-03  4.279554E-03  1.228829E-03
6.668068E-03  4.320150E-03  1.233974E-03
6.729767E-03  4.360135E-03  1.239536E-03
6.792036E-03  4.384652E-03  1.248432E-03
6.854882E-03  4.450874E-03  1.252018E-03
6.918310E-03  4.481588E-03  1.260365E-03
6.982324E-03  4.516858E-03  1.267221E-03
7.046931E-03  4.558632E-03  1.274283E-03
7.112135E-03  4.604134E-03  1.279464E-03
7.177943E-03  4.633819E-03  1.287647E-03
7.244360E-03  4.688544E-03  1.295060E-03
7.311391E-03  4.739354E-03  1.301042E-03
7.379042E-03  4.771613E-03  1.308204E-03
7.447320E-03  4.824046E-03  1.315529E-03
7.516229E-03  4.874545E-03  1.321015E-03
7.585776E-03  4.911013E-03  1.328516E-03
7.655966E-03  4.947907E-03  1.336793E-03
7.726806E-03  4.999490E-03  1.343884E-03
7.798301E-03  5.052876E-03  1.350150E-03
7.870458E-03  5.091806E-03  1.356559E-03
7.943282E-03  5.152995E-03  1.366526E-03
8.016781E-03  5.181948E-03  1.374143E-03
8.090959E-03  5.238833E-03  1.382132E-03
8.165824E-03  5.277831E-03  1.389973E-03
8.241381E-03  5.335632E-03  1.395105E-03
8.317638E-03  5.377458E-03  1.405523E-03
8.394600E-03  5.432677E-03  1.412012E-03
8.472274E-03  5.489783E-03  1.418899E-03
8.550667E-03  5.549102E-03  1.427616E-03
8.629785E-03  5.576251E-03  1.435507E-03
8.709636E-03  5.634739E-03  1.445092E-03
8.790225E-03  5.706168E-03  1.451719E-03
8.871560E-03  5.758007E-03  1.461004E-03
8.953648E-03  5.803922E-03  1.467115E-03
9.036495E-03  5.864838E-03  1.475112E-03
9.120108E-03  5.909575E-03  1.483052E-03
9.204496E-03  5.949467E-03  1.491738E-03
9.289664E-03  6.041805E-03  1.499531E-03
9.375620E-03  6.071656E-03  1.507715E-03
9.462372E-03  6.150254E-03  1.516630E-03
9.549926E-03  6.191082E-03  1.524153E-03
9.638290E-03  6.259034E-03  1.535219E-03
9.727472E-03  6.328496E-03  1.543172E-03
9.817479E-03  6.359719E-03  1.553710E-03
9.908319E-03  6.435932E-03  1.560957E-03
1.000000E-02  6.481699E-03  1.569545E-03
1.198397E-02  7.823743E-03  1.751230E-03
1.396794E-02  9.181294E-03  1.917643E-03
1.595190E-02  1.058871E-02  2.066919E-03
1.793587E-02  1.197665E-02  2.202317E-03
1.991984E-02  1.338538E-02  2.324722E-03
2.190381E-02  1.485657E-02  2.435839E-03
2.388778E-02  1.628785E-02  2.542366E-03
2.587174E-02  1.780501E-02  2.629438E-03
2.785571E-02  1.932923E-02  2.717117E-03
2.983968E-02  2.085649E-02  2.799583E-03
3.182365E-02  2.241846E-02  2.872837E-03
3.380762E-02  2.396086E-02  2.941942E-03
3.579158E-02  2.551074E-02  3.004968E-03
3.777555E-02  2.713101E-02  3.064654E-03
3.975952E-02  2.872848E-02  3.120620E-03
4.174349E-02  3.034883E-02  3.176551E-03
4.372745E-02  3.197036E-02  3.225612E-03
4.571142E-02  3.360114E-02  3.269588E-03
4.769539E-02  3.525561E-02  3.316081E-03
4.967936E-02  3.694511E-02  3.364242E-03
5.166333E-02  3.867037E-02  3.402972E-03
5.364729E-02  4.042635E-02  3.443312E-03
5.563126E-02  4.211153E-02  3.474655E-03
5.761523E-02  4.380331E-02  3.516320E-03
5.959920E-02  4.565069E-02  3.551019E-03
6.158317E-02  4.745414E-02  3.585575E-03
6.356713E-02  4.911745E-02  3.610342E-03
6.555110E-02  5.103502E-02  3.641459E-03
6.753507E-02  5.275628E-02  3.678721E-03
6.951904E-02  5.466574E-02  3.711970E-03
7.150301E-02  5.648522E-02  3.723954E-03
7.348697E-02  5.830838E-02  3.752099E-03
7.547094E-02  6.023562E-02  3.771873E-03
7.745491E-02  6.196156E-02  3.821663E-03
7.943888E-02  6.394717E-02  3.840257E-03
8.142285E-02  6.580574E-02  3.862277E-03
8.340681E-02  6.772576E-02  3.881521E-03
8.539078E-02  6.978820E-02  3.897270E-03
8.737475E-02  7.171203E-02  3.921661E-03
8.935872E-02  7.357331E-02  3.952019E-03
9.134269E-02  7.556705E-02  3.965911E-03
9.332665E-02  7.757288E-02  3.981337E-03
9.531062E-02  7.951442E-02  3.992923E-03
9.729459E-02  8.156623E-02  4.009306E-03
9.927856E-02  8.364158E-02  4.046709E-03
1.012625E-01  8.557752E-02  4.065989E-03
1.032465E-01  8.786748E-02  4.066515E-03
1.052305E-01  8.965519E-02  4.091521E-03
1.072144E-01  9.186519E-02  4.090766E-03
1.091984E-01  9.404525E-02  4.128297E-03
1.111824E-01  9.587532E-02  4.150105E-03
1.131663E-01  9.831012E-02  4.156602E-03
1.151503E-01  1.002049E-01  4.176640E-03
1.171343E-01  1.025440E-01  4.171431E-03
1.191182E-01  1.045874E-01  4.176356E-03
1.211022E-01  1.069161E-01  4.204960E-03
1.230862E-01  1.091248E-01  4.220978E-03
1.250701E-01  1.114002E-01  4.251616E-03
1.270541E-01  1.133846E-01  4.245432E-03
1.290381E-01  1.158773E-01  4.261496E-03
1.310220E-01  1.178963E-01  4.253335E-03
1.330060E-01  1.204552E-01  4.253899E-03
1.349900E-01  1.224712E-01  4.311266E-03
1.369739E-01  1.249872E-01  4.316676E-03
1.389579E-01  1.274817E-01  4.336288E-03
1.409419E-01  1.295520E-01  4.317044E-03
1.429259E-01  1.320830E-01  4.320900E-03
1.449098E-01  1.343385E-01  4.344041E-03
1.468938E-01  1.366992E-01  4.368983E-03
1.488778E-01  1.393257E-01  4.389806E-03
1.508617E-01  1.416473E-01  4.389346E-03
1.528457E-01  1.439350E-01  4.384322E-03
1.548297E-01  1.464199E-01  4.378564E-03
1.568136E-01  1.487928E-01  4.399810E-03
1.587976E-01  1.511478E-01  4.422289E-03
1.607816E-01  1.538634E-01  4.449096E-03
1.627655E-01  1.564113E-01  4.460754E-03
1.647495E-01  1.590327E-01  4.451867E-03
1.667335E-01  1.613274E-01  4.472673E-03
1.687174E-01  1.640846E-01  4.454821E-03
1.707014E-01  1.664574E-01  4.446167E-03
1.726854E-01  1.687397E-01  4.519639E-03
1.746693E-01  1.715131E-01  4.534600E-03
1.766533E-01  1.744542E-01  4.527842E-03
1.786373E-01  1.767968E-01  4.509171E-03
1.806212E-01  1.796535E-01  4.540837E-03
1.826052E-01  1.820106E-01  4.535107E-03
1.845892E-01  1.844951E-01  4.508744E-03
1.865731E-01  1.873182E-01  4.569630E-03
1.885571E-01  1.900605E-01  4.577016E-03
1.905411E-01  1.929137E-01  4.575810E-03
1.925251E-01  1.954170E-01  4.596739E-03
1.945090E-01  1.978573E-01  4.548808E-03
1.964930E-01  2.008615E-01  4.545970E-03
1.984770E-01  2.032901E-01  4.620094E-03
2.004609E-01  2.061077E-01  4.647038E-03
2.024449E-01  2.089550E-01  4.658712E-03
2.044289E-01  2.115010E-01  4.674169E-03
2.064128E-01  2.143895E-01  4.637755E-03
2.083968E-01  2.175886E-01  4.639320E-03
2.103808E-01  2.198216E-01  4.687883E-03
2.123647E-01  2.223063E-01  4.755652E-03
2.143487E-01  2.253852E-01  4.757878E-03
2.163327E-01  2.286591E-01  4.749188E-03
2.183166E-01  2.313931E-01  4.735356E-03
2.203006E-01  2.344115E-01  4.775314E-03
2.222846E-01  2.367457E-01  4.755822E-03
2.242685E-01  2.393857E-01  4.789665E-03
2.262525E-01  2.424694E-01  4.822236E-03
2.282365E-01  2.455643E-01  4.833057E-03
2.302204E-01  2.484392E-01  4.836960E-03
2.322044E-01  2.506939E-01  4.881197E-03
2.341884E-01  2.543691E-01  4.923974E-03
2.361723E-01  2.567967E-01  4.895967E-03
2.381563E-01  2.594280E-01  4.908343E-03
2.401403E-01  2.620303E-01  4.999770E-03
2.421242E-01  2.653811E-01  4.994618E-03
2.441082E-01  2.687704E-01  5.023080E-03
2.460922E-01  2.710391E-01  5.019594E-03
2.480762E-01  2.740611E-01  5.021409E-03
2.500601E-01  2.765705E-01  5.071857E-03
2.520441E-01  2.799683E-01  5.047964E-03
2.540281E-01  2.825610E-01  5.145174E-03
2.560120E-01  2.859235E-01  5.207692E-03
2.579960E-01  2.887775E-01  5.199169E-03
2.599800E-01  2.913856E-01  5.198423E-03
2.619639E-01  2.949250E-01  5.171526E-03
2.639479E-01  2.978168E-01  5.190595E-03
2.659319E-01  3.001276E-01  5.246624E-03
2.679158E-01  3.033094E-01  5.317059E-03
2.698998E-01  3.065676E-01  5.370498E-03
2.718838E-01  3.093708E-01  5.361431E-03
2.738677E-01  3.122178E-01  5.402769E-03
2.758517E-01  3.153774E-01  5.384959E-03
2.778357E-01  3.180230E-01  5.402158E-03
2.798196E-01  3.219122E-01  5.357222E-03
2.818036E-01  3.244945E-01  5.434079E-03
2.837876E-01  3.272131E-01  5.504679E-03
2.857715E-01  3.307191E-01  5.532122E-03
2.877555E-01  3.336938E-01  5.582674E-03
2.897395E-01  3.363648E-01  5.577703E-03
2.917234E-01  3.392625E-01  5.607084E-03
2.937074E-01  3.429239E-01  5.638177E-03
2.956914E-01  3.460300E-01  5.610091E-03
2.976754E-01  3.485349E-01  5.611122E-03
2.996593E-01  3.513076E-01  5.686202E-03
3.016433E-01  3.551678E-01  5.794781E-03
3.036273E-01  3.572161E-01  5.828799E-03
3.056112E-01  3.606463E-01  5.783914E-03
3.075952E-01  3.644248E-01  5.790616E-03
3.095792E-01  3.669689E-01  5.787976E-03
3.115631E-01  3.702055E-01  5.823080E-03
3.135471E-01  3.730150E-01  5.880170E-03
3.155311E-01  3.757645E-01  6.014459E-03
3.175150E-01  3.796551E-01  6.083667E-03
3.194990E-01  3.817979E-01  6.152158E-03
3.214830E-01  3.852697E-01  6.017728E-03
3.234669E-01  3.892239E-01  6.041752E-03
3.254509E-01  3.923008E-01  6.133648E-03
3.274349E-01  3.951972E-01  6.155832E-03
3.294188E-01  3.977890E-01  6.220181E-03
3.314028E-01  4.006843E-01  6.291264E-03
3.333868E-01  4.040220E-01  6.334573E-03
3.353707E-01  4.075381E-01  6.325521E-03
3.373547E-01  4.102295E-01  6.343734E-03
3.393387E-01  4.133404E-01  6.464024E-03
3.413226E-01  4.171833E-01  6.448347E-03
3.433066E-01  4.192812E-01  6.515254E-03
3.452906E-01  4.229588E-01  6.510183E-03
3.472745E-01  4.261051E-01  6.521221E-03
3.492585E-01  4.289589E-01  6.631874E-03
3.512425E-01  4.320725E-01  6.698258E-03
3.532265E-01  4.359002E-01  6.813046E-03
3.552104E-01  4.383698E-01  6.778621E-03
3.571944E-01  4.412708E-01  6.835478E-03
3.591784E-01  4.452570E-01  6.903305E-03
3.611623E-01  4.476295E-01  6.926163E-03
3.631463E-01  4.507056E-01  6.992460E-03
3.651303E-01  4.535822E-01  7.098391E-03
3.671142E-01  4.569637E-01  7.104704E-03
3.690982E-01  4.596286E-01  7.137260E-03
3.710822E-01  4.639043E-01  7.151955E-03
3.730661E-01  4.663742E-01  7.156902E-03
3.750501E-01  4.695931E-01  7.316865E-03
3.770341E-01  4.725014E-01  7.320151E-03
3.790180E-01  4.765676E-01  7.345410E-03
3.810020E-01  4.788529E-01  7.396185E-03
3.829860E-01  4.815067E-01  7.474537E-03
3.849699E-01  4.857668E-01  7.523867E-03
3.869539E-01  4.877396E-01  7.575452E-03
3.889379E-01  4.913020E-01  7.610705E-03
3.909218E-01  4.947508E-01  7.567975E-03
3.929058E-01  4.977174E-01  7.699025E-03
3.948898E-01  5.006655E-01  7.730121E-03
3.968737E-01  5.048088E-01  7.805364E-03
3.988577E-01  5.069881E-01  7.834176E-03
4.008417E-01  5.097673E-01  7.883681E-03
4.028257E-01  5.131638E-01  7.966450E-03
4.048096E-01  5.159091E-01  8.021413E-03
4.067936E-01  5.197985E-01  7.994700E-03
4.087776E-01  5.231946E-01  8.172550E-03
4.107615E-01  5.254629E-01  8.247978E-03
4.127455E-01  5.294653E-01  8.276670E-03
4.147295E-01  5.323997E-01  8.366352E-03
4.167134E-01  5.351311E-01  8.396777E-03
4.186974E-01  5.388159E-01  8.460797E-03
4.206814E-01  5.424241E-01  8.539724E-03
4.226653E-01  5.449556E-01  8.688557E-03
4.246493E-01  5.484622E-01  8.807932E-03
4.266333E-01  5.502948E-01  8.827702E-03
4.286172E-01  5.534916E-01  8.728407E-03
4.306012E-01  5.564195E-01  8.874148E-03
4.325852E-01  5.594621E-01  9.065453E-03
4.345691E-01  5.622889E-01  9.098290E-03
4.365531E-01  5.656758E-01  9.198477E-03
4.385371E-01  5.685343E-01  9.232538E-03
4.405210E-01  5.726224E-01  9.377681E-03
4.425050E-01  5.752211E-01  9.349144E-03
4.444890E-01  5.788846E-01  9.575271E-03
4.464729E-01  5.806924E-01  9.698091E-03
4.484569E-01  5.839004E-01  9.672064E-03
4.504409E-01  5.869974E-01  9.789890E-03
4.524248E-01  5.898034E-01  9.864560E-03
4.544088E-01  5.929944E-01  1.009486E-02
4.563928E-01  5.959165E-01  1.010497E-02
4.583768E-01  5.993162E-01  1.011105E-02
4.603607E-01  6.031517E-01  1.032766E-02
4.623447E-01  6.049383E-01  1.040563E-02
4.643287E-01  6.070761E-01  1.047727E-02
4.663126E-01  6.109685E-01  1.058781E-02
4.682966E-01  6.137445E-01  1.077815E-02
4.702806E-01  6.170012E-01  1.085473E-02
4.722645E-01  6.201309E-01  1.096455E-02
4.742485E-01  6.231098E-01  1.093998E-02
4.762325E-01  6.262052E-01  1.119036E-02
4.782164E-01  6.281120E-01  1.121461E-02
4.802004E-01  6.320252E-01  1.138531E-02
4.821844E-01  6.352943E-01  1.151180E-02
4.841683E-01  6.367718E-01  1.158103E-02
4.861523E-01  6.390780E-01  1.170209E-02
4.881363E-01  6.428876E-01  1.181099E-02
4.901202E-01  6.454801E-01  1.195029E-02
4.921042E-01  6.491465E-01  1.202454E-02
4.940882E-01  6.521058E-01  1.215070E-02
4.960721E-01  6.537845E-01  1.218149E-02
4.980561E-01  6.568541E-01  1.229470E-02
5.000401E-01  6.598011E-01  1.240591E-02
5.020240E-01  6.626701E-01  1.259821E-02
5.040080E-01  6.645542E-01  1.273164E-02
5.059920E-01  6.679199E-01  1.280052E-02
5.079760E-01  6.709248E-01  1.278665E-02
5.099599E-01  6.748028E-01  1.296987E-02
5.119439E-01  6.763916E-01  1.313462E-02
5.139279E-01  6.803477E-01  1.316142E-02
5.159118E-01  6.821080E-01  1.336322E-02
5.178958E-01  6.856199E-01  1.342745E-02
5.198798E-01  6.884630E-01  1.349339E-02
5.218637E-01  6.900083E-01  1.363370E-02
5.238477E-01  6.931505E-01  1.379438E-02
5.258317E-01  6.959611E-01  1.391422E-02
5.278156E-01  6.978138E-01  1.412582E-02
5.297996E-01  7.013149E-01  1.402778E-02
5.317836E-01  7.044618E-01  1.426223E-02
5.337675E-01  7.059746E-01  1.450035E-02
5.357515E-01  7.099753E-01  1.453923E-02
5.377355E-01  7.120322E-01  1.478021E-02
5.397194E-01  7.142857E-01  1.470083E-02
5.417034E-01  7.174876E-01  1.493571E-02
5.436874E-01  7.209053E-01  1.496753E-02
5.456713E-01  7.220242E-01  1.526461E-02
5.476553E-01  7.260917E-01  1.532762E-02
5.496393E-01  7.279010E-01  1.542453E-02
5.516232E-01  7.312647E-01  1.550609E-02
5.536072E-01  7.322520E-01  1.574119E-02
5.555912E-01  7.355245E-01  1.586034E-02
5.575752E-01  7.388167E-01  1.597258E-02
5.595591E-01  7.402684E-01  1.615354E-02
5.615431E-01  7.438773E-01  1.614801E-02
5.635271E-01  7.459422E-01  1.636829E-02
5.655110E-01  7.485830E-01  1.640702E-02
5.674950E-01  7.504798E-01  1.663795E-02
5.694790E-01  7.530809E-01  1.671391E-02
5.714629E-01  7.570746E-01  1.675017E-02
5.734469E-01  7.587654E-01  1.693329E-02
5.754309E-01  7.614666E-01  1.714769E-02
5.774148E-01  7.634217E-01  1.721474E-02
5.793988E-01  7.669719E-01  1.731649E-02
5.813828E-01  7.673306E-01  1.746115E-02
5.833667E-01  7.705488E-01  1.749067E-02
5.853507E-01  7.739894E-01  1.756406E-02
5.873347E-01  7.748780E-01  1.765847E-02
5.893186E-01  7.776628E-01  1.788101E-02
5.913026E-01  7.800301E-01  1.774874E-02
5.932866E-01  7.831506E-01  1.799331E-02
5.952705E-01  7.858900E-01  1.794231E-02
5.972545E-01  7.876400E-01  1.806375E-02
5.992385E-01  7.889862E-01  1.821691E-02
6.012224E-01  7.926023E-01  1.833035E-02
6.032064E-01  7.943683E-01  1.846200E-02
6.051904E-01  7.968631E-01  1.838368E-02
6.071743E-01  7.984291E-01  1.842323E-02
6.091583E-01  8.008800E-01  1.857118E-02
6.111423E-01  8.023800E-01  1.859406E-02
6.131263E-01  8.063877E-01  1.865351E-02
6.151102E-01  8.081828E-01  1.874179E-02
6.170942E-01  8.099800E-01  1.888417E-02
6.190782E-01  8.107995E-01  1.884559E-02
6.210621E-01  8.131405E-01  1.898726E-02
6.230461E-01  8.150903E-01  1.896577E-02
6.250301E-01  8.175226E-01  1.901695E-02
6.270140E-01  8.199758E-01  1.893110E-02
6.289980E-01  8.221165E-01  1.890120E-02
6.309820E-01  8.239431E-01  1.915280E-02
6.329659E-01  8.254904E-01  1.904697E-02
6.349499E-01  8.289446E-01  1.915317E-02
6.369339E-01  8.307875E-01  1.913335E-02
6.389178E-01  8.329042E-01  1.918709E-02
6.409018E-01  8.340661E-01  1.925956E-02
6.428858E-01  8.356983E-01  1.926766E-02
6.448697E-01  8.382742E-01  1.919809E-02
6.468537E-01  8.390837E-01  1.938952E-02
6.488377E-01  8.430412E-01  1.930238E-02
6.508216E-01  8.430412E-01  1.946070E-02
6.528056E-01  8.449138E-01  1.938022E-02
6.547896E-01  8.467885E-01  1.937863E-02
6.567735E-01  8.484174E-01  1.940881E-02
6.587575E-01  8.507337E-01  1.937732E-02
6.607415E-01  8.523655E-01  1.953837E-02
6.627255E-01  8.544274E-01  1.945915E-02
6.647094E-01  8.572565E-01  1.937554E-02
6.666934E-01  8.591592E-01  1.946557E-02
6.686774E-01  8.591592E-01  1.959572E-02
6.706613E-01  8.610639E-01  1.951140E-02
6.726453E-01  8.640209E-01  1.954872E-02
6.746293E-01  8.661016E-01  1.947133E-02
6.766132E-01  8.680229E-01  1.947376E-02
6.785972E-01  8.680229E-01  1.969769E-02
6.805812E-01  8.710011E-01  1.967464E-02
6.825651E-01  8.722413E-01  1.963645E-02
6.845491E-01  8.739382E-01  1.968395E-02
6.865331E-01  8.766914E-01  1.963956E-02
6.885170E-01  8.766590E-01  1.972683E-02
6.905010E-01  8.805093E-01  1.986922E-02
6.924850E-01  8.805093E-01  1.996743E-02
6.944689E-01  8.824610E-01  2.004298E-02
6.964529E-01  8.844149E-01  2.001717E-02
6.984369E-01  8.850779E-01  2.022138E-02
7.004208E-01  8.866649E-01  2.028883E-02
7.024048E-01  8.888074E-01  2.029846E-02
7.043888E-01  8.898860E-01  2.041216E-02
7.063727E-01  8.914654E-01  2.062989E-02
7.083567E-01  8.940355E-01  2.048139E-02
7.103407E-01  8.950358E-01  2.062365E-02
7.123246E-01  8.970182E-01  2.084475E-02
7.143086E-01  8.990027E-01  2.101702E-02
7.162926E-01  9.001906E-01  2.119037E-02
7.182766E-01  9.017756E-01  2.151624E-02
7.202605E-01  9.020759E-01  2.207428E-02
7.222445E-01  9.038590E-01  2.251304E-02
7.242285E-01  9.060745E-01  2.265303E-02
7.262124E-01  9.085912E-01  2.266680E-02
7.281964E-01  9.094845E-01  2.307561E-02
7.301804E-01  9.106058E-01  2.319367E-02
7.321643E-01  9.120548E-01  2.329854E-02
7.341483E-01  9.142943E-01  2.322145E-02
7.361323E-01  9.145543E-01  2.345175E-02
7.381162E-01  9.154309E-01  2.386144E-02
7.401002E-01  9.187920E-01  2.375714E-02
7.420842E-01  9.187920E-01  2.439342E-02
7.440681E-01  9.208244E-01  2.426259E-02
7.460521E-01  9.228591E-01  2.411444E-02
7.480361E-01  9.232269E-01  2.425591E-02
7.500200E-01  9.244113E-01  2.453444E-02
7.520040E-01  9.258744E-01  2.460445E-02
7.539880E-01  9.277256E-01  2.439059E-02
7.559719E-01  9.280890E-01  2.444751E-02
7.579559E-01  9.298485E-01  2.417281E-02
7.599399E-01  9.313050E-01  2.394549E-02
7.619238E-01  9.336297E-01  2.360552E-02
7.639078E-01  9.336297E-01  2.376805E-02
7.658918E-01  9.356934E-01  2.361396E-02
7.678758E-01  9.356934E-01  2.375046E-02
7.698597E-01  9.380151E-01  2.379614E-02
7.718437E-01  9.393522E-01  2.380663E-02
7.738277E-01  9.409318E-01  2.360005E-02
7.758116E-01  9.407805E-01  2.349371E-02
7.777956E-01  9.424578E-01  2.330695E-02
7.797796E-01  9.449424E-01  2.294292E-02
7.817635E-01  9.449424E-01  2.314698E-02
7.837475E-01  9.449424E-01  2.329766E-02
7.857315E-01  9.483820E-01  2.283826E-02
7.877154E-01  9.491554E-01  2.257542E-02
7.896994E-01  9.500574E-01  2.230479E-02
7.916834E-01  9.511240E-01  2.200875E-02
7.936673E-01  9.524020E-01  2.171163E-02
7.956513E-01  9.528859E-01  2.157715E-02
7.976353E-01  9.538831E-01  2.144987E-02
7.996192E-01  9.545439E-01  2.131444E-02
8.016032E-01  9.549481E-01  2.113130E-02
8.035872E-01  9.578893E-01  2.070297E-02
8.055711E-01  9.578893E-01  2.056544E-02
8.075551E-01  9.600041E-01  2.013381E-02
8.095391E-01  9.600041E-01  2.015748E-02
8.115230E-01  9.600041E-01  2.005645E-02
8.135070E-01  9.627643E-01  1.949994E-02
8.154910E-01  9.635060E-01  1.922192E-02
8.174749E-01  9.643250E-01  1.901836E-02
8.194589E-01  9.652316E-01  1.884103E-02
8.214429E-01  9.662385E-01  1.876122E-02
8.234269E-01  9.673612E-01  1.847499E-02
8.254108E-01  9.664854E-01  1.837001E-02
8.273948E-01  9.678974E-01  1.801109E-02
8.293788E-01  9.691721E-01  1.768342E-02
8.313627E-01  9.697881E-01  1.761125E-02
8.333467E-01  9.711117E-01  1.737501E-02
8.353307E-01  9.716274E-01  1.722208E-02
8.373146E-01  9.730381E-01  1.692702E-02
8.392986E-01  9.730381E-01  1.680212E-02
8.412826E-01  9.730381E-01  1.651507E-02
8.432665E-01  9.751848E-01  1.627020E-02
8.452505E-01  9.751848E-01  1.600749E-02
8.472345E-01  9.751848E-01  1.567167E-02
8.492184E-01  9.773339E-01  1.538694E-02
8.512024E-01  9.777014E-01  1.525703E-02
8.531864E-01  9.781440E-01  1.485031E-02
8.551703E-01  9.786353E-01  1.463325E-02
8.571543E-01  9.793046E-01  1.441486E-02
8.591383E-01  9.792978E-01  1.421517E-02
8.611222E-01  9.802981E-01  1.392809E-02
8.631062E-01  9.802981E-01  1.369051E-02
8.650902E-01  9.817094E-01  1.351397E-02
8.670741E-01  9.820715E-01  1.335257E-02
8.690581E-01  9.824267E-01  1.317288E-02
8.710421E-01  9.824601E-01  1.283437E-02
8.730261E-01  9.846266E-01  1.279698E-02
8.750100E-01  9.846266E-01  1.264912E-02
8.769940E-01  9.846266E-01  1.227373E-02
8.789780E-01  9.846266E-01  1.217075E-02
8.809619E-01  9.846266E-01  1.202593E-02
8.829459E-01  9.846266E-01  1.174760E-02
8.849299E-01  9.846266E-01  1.154430E-02
8.869138E-01  9.867955E-01  1.146342E-02
8.888978E-01  9.867955E-01  1.127008E-02
8.908818E-01  9.867955E-01  1.097216E-02
8.928657E-01  9.867955E-01  1.080080E-02
8.948497E-01  9.888749E-01  1.068861E-02
8.968337E-01  9.870083E-01  1.041267E-02
8.988176E-01  9.894940E-01  1.028777E-02
9.008016E-01  9.898033E-01  1.008075E-02
9.027856E-01  9.901114E-01  9.830733E-03
9.047695E-01  9.891355E-01  9.579934E-03
9.067535E-01  9.891355E-01  9.444088E-03
9.087375E-01  9.891355E-01  9.217428E-03
9.107214E-01  9.919274E-01  9.186346E-03
9.127054E-01  9.904846E-01  8.759386E-03
9.146894E-01  9.904846E-01  8.478705E-03
9.166733E-01  9.904846E-01  8.411929E-03
9.186573E-01  9.904846E-01  8.253664E-03
9.206413E-01  9.904846E-01  8.009397E-03
9.226253E-01  9.941138E-01  8.020157E-03
9.246092E-01  9.941138E-01  7.685193E-03
9.265932E-01  9.941138E-01  7.428629E-03
9.285772E-01  9.941138E-01  7.230319E-03
9.305611E-01  9.941138E-01  7.046008E-03
9.325451E-01  9.941138E-01  6.756234E-03
9.345291E-01  9.941138E-01  6.589800E-03
9.365130E-01  9.941138E-01  6.278571E-03
9.384970E-01  9.941138E-01  6.110133E-03
9.404810E-01  9.941138E-01  5.972037E-03
9.424649E-01  9.941138E-01  5.890528E-03
9.444489E-01  9.941138E-01  5.636583E-03
9.464329E-01  9.963027E-01  5.382292E-03
9.484168E-01  9.963027E-01  5.170557E-03
9.504008E-01  9.963027E-01  4.900163E-03
9.523848E-01  9.963027E-01  4.696487E-03
9.543687E-01  9.978012E-01  4.679551E-03
9.563527E-01  9.978012E-01  4.511646E-03
9.583367E-01  9.978012E-01  4.330112E-03
9.603206E-01  9.978012E-01  4.060741E-03
9.623046E-01  9.978012E-01  3.874949E-03
9.642886E-01  9.978012E-01  3.653217E-03
9.662725E-01  9.978012E-01  3.337751E-03
9.682565E-01  9.978012E-01  3.104004E-03
9.702405E-01  9.978012E-01  2.891108E-03
9.722244E-01  9.978012E-01  2.768586E-03
9.742084E-01  9.978012E-01  2.638285E-03
9.761924E-01  9.978012E-01  2.474265E-03
9.781764E-01  9.978012E-01  2.280179E-03
9.801603E-01  9.978012E-01  2.200415E-03
9.821443E-01  1.000000E+00  2.140058E-03
9.841283E-01  1.000000E+00  1.889961E-03
9.861122E-01  1.000000E+00  1.441640E-03
9.880962E-01  1.000000E+00  1.243706E-03
9.900802E-01  1.000000E+00  1.011596E-03
9.920641E-01  1.000000E+00  8.176294E-04
9.940481E-01  1.000000E+00  5.385914E-04
9.960321E-01  1.000000E+00  2.198790E-04
9.980160E-01  1.000000E+00  0.000000E+00
1.000000E+00  1.000000E+00  0.000000E+00
