# CT14 NNLO Q=1.057
# x  w(x)  delta_w(x)
1.000000E-04  7.417079E-03  3.667206E-04
1.009253E-04  7.419510E-03  3.799915E-04
1.018591E-04  7.421972E-03  3.756131E-04
1.028016E-04  7.424478E-03  3.748490E-04
1.037528E-04  7.427177E-03  3.755349E-04
1.047129E-04  7.429748E-03  3.870283E-04
1.056818E-04  7.432349E-03  3.822940E-04
1.066596E-04  7.434983E-03  3.805309E-04
1.076465E-04  7.405379E-03  3.796120E-04
1.086426E-04  7.408067E-03  3.887424E-04
1.096478E-04  7.410773E-03  3.942805E-04
1.106624E-04  7.413531E-03  4.125464E-04
1.116863E-04  7.416328E-03  4.069775E-04
1.127197E-04  7.419165E-03  4.097490E-04
1.137627E-04  7.422042E-03  4.116321E-04
1.148154E-04  7.424960E-03  4.210655E-04
1.158777E-04  7.427919E-03  4.266107E-04
1.169499E-04  7.430920E-03  4.330622E-04
1.180321E-04  7.433963E-03  4.281981E-04
1.191242E-04  7.437050E-03  4.255444E-04
1.202264E-04  7.440181E-03  4.210735E-04
1.213389E-04  7.443356E-03  4.236988E-04
1.224616E-04  7.446577E-03  4.199779E-04
1.235947E-04  7.449844E-03  4.377448E-04
1.247384E-04  7.453157E-03  4.336024E-04
1.258925E-04  7.456264E-03  4.413558E-04
1.270574E-04  7.459545E-03  4.492669E-04
1.282331E-04  7.462876E-03  4.604168E-04
1.294196E-04  7.466258E-03  4.624383E-04
1.306171E-04  7.469693E-03  4.702367E-04
1.318257E-04  7.473183E-03  4.773816E-04
1.330454E-04  7.476728E-03  4.758428E-04
1.342765E-04  7.480331E-03  4.689235E-04
1.355189E-04  7.483994E-03  4.756929E-04
1.367729E-04  7.487718E-03  4.726928E-04
1.380384E-04  7.491505E-03  4.652935E-04
1.393157E-04  7.495363E-03  4.676748E-04
1.406048E-04  7.499293E-03  4.614559E-04
1.419058E-04  7.503297E-03  4.636315E-04
1.432188E-04  7.507377E-03  4.685700E-04
1.445440E-04  7.479245E-03  5.063570E-04
1.458814E-04  7.483468E-03  5.145888E-04
1.472313E-04  7.487773E-03  5.170411E-04
1.485936E-04  7.492160E-03  5.244709E-04
1.499685E-04  7.549643E-03  5.236389E-04
1.513561E-04  7.551391E-03  5.117213E-04
1.527566E-04  7.553153E-03  5.062410E-04
1.541700E-04  7.554927E-03  5.097541E-04
1.555966E-04  7.556714E-03  5.088809E-04
1.570363E-04  7.558512E-03  5.095594E-04
1.584893E-04  7.560321E-03  5.069478E-04
1.599558E-04  7.562899E-03  5.104218E-04
1.614359E-04  7.535651E-03  5.144246E-04
1.629296E-04  7.540951E-03  5.140559E-04
1.644372E-04  7.546349E-03  5.224188E-04
1.659587E-04  7.551848E-03  5.334242E-04
1.674943E-04  7.557447E-03  5.378144E-04
1.690441E-04  7.564248E-03  5.459656E-04
1.706082E-04  7.569926E-03  5.409010E-04
1.721869E-04  7.577667E-03  5.479176E-04
1.737801E-04  7.584735E-03  5.451266E-04
1.753881E-04  7.591813E-03  5.522073E-04
1.770109E-04  7.598859E-03  5.500149E-04
1.786488E-04  7.599531E-03  5.535943E-04
1.803018E-04  7.606860E-03  5.576137E-04
1.819701E-04  7.581545E-03  5.677650E-04
1.836538E-04  7.588851E-03  5.688259E-04
1.853532E-04  7.591534E-03  5.729910E-04
1.870682E-04  7.593654E-03  5.819550E-04
1.887991E-04  7.595809E-03  5.905677E-04
1.905461E-04  7.597998E-03  6.004991E-04
1.923092E-04  7.600221E-03  6.058946E-04
1.940886E-04  7.602476E-03  6.067313E-04
1.958845E-04  7.637447E-03  5.949483E-04
1.976970E-04  7.639769E-03  5.964060E-04
1.995262E-04  7.642119E-03  5.951807E-04
2.013724E-04  7.644496E-03  5.945099E-04
2.032357E-04  7.646899E-03  5.983646E-04
2.051162E-04  7.649327E-03  6.010207E-04
2.070141E-04  7.651777E-03  6.079498E-04
2.089296E-04  7.654249E-03  6.069757E-04
2.108628E-04  7.659130E-03  6.135165E-04
2.128139E-04  7.664196E-03  6.222294E-04
2.147830E-04  7.669254E-03  6.250473E-04
2.167704E-04  7.674305E-03  6.339366E-04
2.187762E-04  7.678652E-03  6.362260E-04
2.208005E-04  7.683578E-03  6.361176E-04
2.228435E-04  7.688201E-03  6.309162E-04
2.249055E-04  7.692659E-03  6.329566E-04
2.269865E-04  7.697142E-03  6.150536E-04
2.290868E-04  7.701651E-03  6.213999E-04
2.312065E-04  7.706187E-03  6.245741E-04
2.333458E-04  7.710751E-03  6.243052E-04
2.355049E-04  7.720853E-03  6.320257E-04
2.376840E-04  7.725337E-03  6.474502E-04
2.398833E-04  7.729849E-03  6.484918E-04
2.421029E-04  7.734371E-03  6.547373E-04
2.443431E-04  7.738948E-03  6.665664E-04
2.466039E-04  7.743703E-03  6.775487E-04
2.488857E-04  7.748322E-03  6.779284E-04
2.511886E-04  7.753167E-03  6.888182E-04
2.535129E-04  7.758051E-03  6.791730E-04
2.558586E-04  7.763058E-03  6.818264E-04
2.582260E-04  7.768070E-03  6.752819E-04
2.606154E-04  7.773086E-03  6.743278E-04
2.630268E-04  7.780450E-03  6.806415E-04
2.654606E-04  7.788029E-03  6.915948E-04
2.679168E-04  7.795584E-03  6.934154E-04
2.703958E-04  7.803111E-03  7.021279E-04
2.728978E-04  7.810831E-03  7.110277E-04
2.754229E-04  7.784937E-03  7.204372E-04
2.779713E-04  7.792246E-03  7.259957E-04
2.805434E-04  7.799525E-03  7.233504E-04
2.831392E-04  7.806775E-03  7.353783E-04
2.857591E-04  7.814208E-03  7.296274E-04
2.884032E-04  7.821454E-03  7.290221E-04
2.910717E-04  7.828656E-03  7.272657E-04
2.937650E-04  7.835814E-03  7.273923E-04
2.964831E-04  7.842925E-03  7.371086E-04
2.992265E-04  7.849989E-03  7.440446E-04
3.019952E-04  7.857006E-03  7.440114E-04
3.047895E-04  7.863976E-03  7.404660E-04
3.076097E-04  7.870896E-03  7.455649E-04
3.104560E-04  7.877780E-03  7.498705E-04
3.133286E-04  7.884601E-03  7.580468E-04
3.162278E-04  7.891371E-03  7.593450E-04
3.191538E-04  7.898090E-03  7.748087E-04
3.221069E-04  7.904759E-03  7.692643E-04
3.250873E-04  7.911376E-03  7.784093E-04
3.280953E-04  7.917943E-03  7.777828E-04
3.311311E-04  7.924453E-03  7.749042E-04
3.341950E-04  7.931475E-03  7.843568E-04
3.372873E-04  7.937839E-03  7.831512E-04
3.404082E-04  7.944151E-03  7.913395E-04
3.435579E-04  7.950413E-03  7.908926E-04
3.467369E-04  7.956625E-03  7.932048E-04
3.499452E-04  7.962787E-03  8.025690E-04
3.531832E-04  7.958877E-03  8.043601E-04
3.564511E-04  7.963319E-03  8.058132E-04
3.597493E-04  7.967751E-03  8.206158E-04
3.630781E-04  7.972173E-03  8.229422E-04
3.664376E-04  7.976586E-03  8.199419E-04
3.698282E-04  7.980989E-03  8.218327E-04
3.732502E-04  7.985384E-03  8.281041E-04
3.767038E-04  7.989770E-03  8.345458E-04
3.801894E-04  7.994147E-03  8.404593E-04
3.837072E-04  8.032436E-03  8.441823E-04
3.872576E-04  8.036808E-03  8.590103E-04
3.908409E-04  8.041170E-03  8.530557E-04
3.944573E-04  8.045521E-03  8.674772E-04
3.981072E-04  8.049860E-03  8.661181E-04
4.017908E-04  8.054186E-03  8.866963E-04
4.055085E-04  8.060780E-03  8.860239E-04
4.092607E-04  8.067052E-03  8.871496E-04
4.130475E-04  8.067083E-03  8.847645E-04
4.168694E-04  8.071354E-03  8.904030E-04
4.207266E-04  8.075610E-03  8.895453E-04
4.246196E-04  8.079850E-03  8.949016E-04
4.285485E-04  8.092426E-03  8.984096E-04
4.325138E-04  8.104104E-03  8.998323E-04
4.365158E-04  8.126816E-03  9.088154E-04
4.405549E-04  8.118522E-03  9.115123E-04
4.446313E-04  8.123300E-03  9.230141E-04
4.487454E-04  8.142951E-03  9.217964E-04
4.528976E-04  8.151069E-03  9.304917E-04
4.570882E-04  8.158704E-03  9.409972E-04
4.613176E-04  8.165912E-03  9.480032E-04
4.655861E-04  8.172734E-03  9.484657E-04
4.698941E-04  8.179208E-03  9.527316E-04
4.742420E-04  8.185368E-03  9.567190E-04
4.786301E-04  8.191243E-03  9.713879E-04
4.830588E-04  8.195222E-03  9.628906E-04
4.875285E-04  8.195222E-03  9.761482E-04
4.920395E-04  8.229789E-03  9.830290E-04
4.965923E-04  8.229789E-03  9.878925E-04
5.011872E-04  8.229789E-03  9.882206E-04
5.058247E-04  8.229789E-03  1.000712E-03
5.105050E-04  8.264463E-03  1.002134E-03
5.152286E-04  8.264463E-03  1.010521E-03
5.199960E-04  8.264463E-03  1.021351E-03
5.248075E-04  8.264463E-03  1.032385E-03
5.296634E-04  8.299210E-03  1.037881E-03
5.345644E-04  8.299210E-03  1.043535E-03
5.395106E-04  8.299210E-03  1.047169E-03
5.445027E-04  8.299210E-03  1.041628E-03
5.495409E-04  8.334065E-03  1.037323E-03
5.546257E-04  8.338598E-03  1.050194E-03
5.597576E-04  8.345230E-03  1.054392E-03
5.649370E-04  8.352330E-03  1.048630E-03
5.701643E-04  8.359962E-03  1.065644E-03
5.754399E-04  8.368201E-03  1.079085E-03
5.807644E-04  8.377136E-03  1.083131E-03
5.861382E-04  8.386880E-03  1.093831E-03
5.915616E-04  8.409535E-03  1.107537E-03
5.970353E-04  8.401297E-03  1.111346E-03
6.025596E-04  8.422504E-03  1.115550E-03
6.081350E-04  8.437244E-03  1.107384E-03
6.137620E-04  8.452964E-03  1.109695E-03
6.194411E-04  8.458685E-03  1.126196E-03
6.251727E-04  8.464529E-03  1.132941E-03
6.309573E-04  8.466824E-03  1.131407E-03
6.367955E-04  8.476586E-03  1.126637E-03
6.426877E-04  8.482834E-03  1.130656E-03
6.486344E-04  8.489207E-03  1.155902E-03
6.546362E-04  8.495606E-03  1.154942E-03
6.606934E-04  8.502260E-03  1.157672E-03
6.668068E-04  8.544606E-03  1.185179E-03
6.729767E-04  8.551594E-03  1.195435E-03
6.792036E-04  8.559037E-03  1.201715E-03
6.854882E-04  8.566330E-03  1.200925E-03
6.918310E-04  8.561189E-03  1.204793E-03
6.982324E-04  8.571605E-03  1.210353E-03
7.046931E-04  8.582376E-03  1.209118E-03
7.112135E-04  8.593517E-03  1.212697E-03
7.177943E-04  8.605040E-03  1.222677E-03
7.244360E-04  8.616962E-03  1.230038E-03
7.311391E-04  8.629295E-03  1.233564E-03
7.379042E-04  8.642057E-03  1.256079E-03
7.447320E-04  8.655261E-03  1.257029E-03
7.516229E-04  8.668924E-03  1.269403E-03
7.585776E-04  8.683061E-03  1.276168E-03
7.655966E-04  8.697687E-03  1.283979E-03
7.726806E-04  8.712817E-03  1.286815E-03
7.798301E-04  8.728466E-03  1.285823E-03
7.870458E-04  8.744646E-03  1.298730E-03
7.943282E-04  8.761371E-03  1.313523E-03
8.016781E-04  8.742394E-03  1.334506E-03
8.090959E-04  8.760187E-03  1.330270E-03
8.165824E-04  8.778248E-03  1.316332E-03
8.241381E-04  8.790778E-03  1.335300E-03
8.317638E-04  8.803198E-03  1.345739E-03
8.394600E-04  8.815346E-03  1.337685E-03
8.472274E-04  8.825639E-03  1.354177E-03
8.550667E-04  8.846364E-03  1.371409E-03
8.629785E-04  8.859329E-03  1.368809E-03
8.709636E-04  8.872635E-03  1.385038E-03
8.790225E-04  8.887442E-03  1.380622E-03
8.871560E-04  8.899544E-03  1.395175E-03
8.953648E-04  8.907043E-03  1.391823E-03
9.036495E-04  8.914506E-03  1.403084E-03
9.120108E-04  8.958716E-03  1.438250E-03
9.204496E-04  8.966049E-03  1.427992E-03
9.289664E-04  8.951697E-03  1.438486E-03
9.375620E-04  8.978671E-03  1.437750E-03
9.462372E-04  9.006914E-03  1.438864E-03
9.549926E-04  8.994773E-03  1.465760E-03
9.638290E-04  9.002530E-03  1.474214E-03
9.727472E-04  9.047712E-03  1.476860E-03
9.817479E-04  9.056286E-03  1.487277E-03
9.908319E-04  9.065304E-03  1.502410E-03
1.000000E-03  9.074802E-03  1.489540E-03
1.009253E-03  9.084820E-03  1.506294E-03
1.018591E-03  9.095402E-03  1.496288E-03
1.028016E-03  9.106596E-03  1.506715E-03
1.037528E-03  9.118458E-03  1.520256E-03
1.047129E-03  9.132952E-03  1.545301E-03
1.056818E-03  9.153960E-03  1.559493E-03
1.066596E-03  9.176193E-03  1.564275E-03
1.076465E-03  9.201025E-03  1.568658E-03
1.086426E-03  9.226156E-03  1.577108E-03
1.096478E-03  9.247758E-03  1.588346E-03
1.106624E-03  9.258927E-03  1.587931E-03
1.116863E-03  9.270662E-03  1.595533E-03
1.127197E-03  9.282644E-03  1.601740E-03
1.137627E-03  9.294855E-03  1.603939E-03
1.148154E-03  9.318938E-03  1.620768E-03
1.158777E-03  9.347078E-03  1.644747E-03
1.169499E-03  9.339866E-03  1.637616E-03
1.180321E-03  9.373704E-03  1.636143E-03
1.191242E-03  9.372927E-03  1.659189E-03
1.202264E-03  9.414448E-03  1.670290E-03
1.213389E-03  9.428064E-03  1.670096E-03
1.224616E-03  9.426964E-03  1.670402E-03
1.235947E-03  9.431717E-03  1.695638E-03
1.247384E-03  9.454534E-03  1.705887E-03
1.258925E-03  9.464784E-03  1.714043E-03
1.270574E-03  9.474821E-03  1.730541E-03
1.282331E-03  9.546310E-03  1.741994E-03
1.294196E-03  9.557126E-03  1.732936E-03
1.306171E-03  9.568457E-03  1.749124E-03
1.318257E-03  9.551544E-03  1.753773E-03
1.330454E-03  9.575566E-03  1.764644E-03
1.342765E-03  9.607798E-03  1.765115E-03
1.355189E-03  9.634014E-03  1.786726E-03
1.367729E-03  9.643431E-03  1.792622E-03
1.380384E-03  9.664075E-03  1.804216E-03
1.393157E-03  9.686915E-03  1.804998E-03
1.406048E-03  9.687865E-03  1.822027E-03
1.419058E-03  9.727004E-03  1.825606E-03
1.432188E-03  9.727004E-03  1.843721E-03
1.445440E-03  9.766589E-03  1.815398E-03
1.458814E-03  9.773554E-03  1.835824E-03
1.472313E-03  9.816715E-03  1.863211E-03
1.485936E-03  9.820604E-03  1.875113E-03
1.499685E-03  9.824625E-03  1.899282E-03
1.513561E-03  9.862398E-03  1.890799E-03
1.527566E-03  9.888424E-03  1.916780E-03
1.541700E-03  9.921227E-03  1.913521E-03
1.555966E-03  9.934156E-03  1.922806E-03
1.570363E-03  9.927555E-03  1.958703E-03
1.584893E-03  9.949043E-03  1.963586E-03
1.599558E-03  9.970089E-03  1.977500E-03
1.614359E-03  9.990284E-03  1.977947E-03
1.629296E-03  1.002288E-02  1.967959E-03
1.644372E-03  1.004630E-02  1.983394E-03
1.659587E-03  1.007341E-02  1.988705E-03
1.674943E-03  1.009839E-02  2.012118E-03
1.690441E-03  1.011286E-02  2.024458E-03
1.706082E-03  1.012714E-02  2.038467E-03
1.721869E-03  1.018148E-02  2.052474E-03
1.737801E-03  1.020275E-02  2.050253E-03
1.753881E-03  1.022077E-02  2.079492E-03
1.770109E-03  1.021935E-02  2.085645E-03
1.786488E-03  1.027408E-02  2.086249E-03
1.803018E-03  1.028892E-02  2.111434E-03
1.819701E-03  1.030427E-02  2.121528E-03
1.836538E-03  1.032670E-02  2.135629E-03
1.853532E-03  1.035698E-02  2.121848E-03
1.870682E-03  1.038395E-02  2.150208E-03
1.887991E-03  1.041965E-02  2.168375E-03
1.905461E-03  1.044272E-02  2.190301E-03
1.923092E-03  1.046760E-02  2.177840E-03
1.940886E-03  1.045688E-02  2.193583E-03
1.958845E-03  1.049580E-02  2.200072E-03
1.976970E-03  1.051726E-02  2.210013E-03
1.995262E-03  1.055031E-02  2.237406E-03
2.013724E-03  1.058983E-02  2.242332E-03
2.032357E-03  1.059494E-02  2.270191E-03
2.051162E-03  1.064174E-02  2.256776E-03
2.070141E-03  1.064843E-02  2.278538E-03
2.089296E-03  1.069045E-02  2.295954E-03
2.108628E-03  1.069045E-02  2.295111E-03
2.128139E-03  1.073255E-02  2.308370E-03
2.147830E-03  1.076195E-02  2.310577E-03
2.167704E-03  1.079511E-02  2.336072E-03
2.187762E-03  1.081815E-02  2.341390E-03
2.208005E-03  1.082635E-02  2.370248E-03
2.228435E-03  1.085737E-02  2.376251E-03
2.249055E-03  1.087499E-02  2.381167E-03
2.269865E-03  1.095758E-02  2.393718E-03
2.290868E-03  1.097391E-02  2.419495E-03
2.312065E-03  1.099107E-02  2.406666E-03
2.333458E-03  1.100952E-02  2.432909E-03
2.355049E-03  1.102858E-02  2.459565E-03
2.376840E-03  1.104868E-02  2.467770E-03
2.398833E-03  1.112791E-02  2.473472E-03
2.421029E-03  1.115179E-02  2.505735E-03
2.443431E-03  1.117674E-02  2.508411E-03
2.466039E-03  1.120278E-02  2.494977E-03
2.488857E-03  1.122993E-02  2.518543E-03
2.511886E-03  1.124080E-02  2.545046E-03
2.535129E-03  1.127155E-02  2.569775E-03
2.558586E-03  1.130447E-02  2.584340E-03
2.582260E-03  1.133980E-02  2.579528E-03
2.606154E-03  1.137780E-02  2.598263E-03
2.630268E-03  1.137467E-02  2.616774E-03
2.654606E-03  1.147442E-02  2.631513E-03
2.679168E-03  1.146690E-02  2.647888E-03
2.703958E-03  1.152257E-02  2.665442E-03
2.728978E-03  1.152560E-02  2.666770E-03
2.754229E-03  1.158862E-02  2.708928E-03
2.779713E-03  1.160774E-02  2.698094E-03
2.805434E-03  1.164609E-02  2.696098E-03
2.831392E-03  1.169199E-02  2.728307E-03
2.857591E-03  1.172063E-02  2.742930E-03
2.884032E-03  1.176521E-02  2.742764E-03
2.910717E-03  1.177003E-02  2.765389E-03
2.937650E-03  1.181720E-02  2.782205E-03
2.964831E-03  1.186132E-02  2.805626E-03
2.992265E-03  1.190304E-02  2.821316E-03
3.019952E-03  1.194215E-02  2.857538E-03
3.047895E-03  1.197878E-02  2.842169E-03
3.076097E-03  1.199327E-02  2.861988E-03
3.104560E-03  1.201755E-02  2.869686E-03
3.133286E-03  1.208696E-02  2.881907E-03
3.162278E-03  1.210949E-02  2.908036E-03
3.191538E-03  1.213970E-02  2.914564E-03
3.221069E-03  1.216645E-02  2.938260E-03
3.250873E-03  1.222850E-02  2.950035E-03
3.280953E-03  1.225208E-02  2.957016E-03
3.311311E-03  1.229881E-02  2.968115E-03
3.341950E-03  1.234568E-02  2.979864E-03
3.372873E-03  1.239264E-02  3.020665E-03
3.404082E-03  1.243973E-02  3.024009E-03
3.435579E-03  1.246171E-02  3.029460E-03
3.467369E-03  1.248071E-02  3.058187E-03
3.499452E-03  1.255429E-02  3.067566E-03
3.531832E-03  1.258539E-02  3.087170E-03
3.564511E-03  1.261253E-02  3.108403E-03
3.597493E-03  1.268689E-02  3.113422E-03
3.630781E-03  1.271507E-02  3.133812E-03
3.664376E-03  1.273750E-02  3.145046E-03
3.698282E-03  1.278217E-02  3.170532E-03
3.732502E-03  1.283106E-02  3.180051E-03
3.767038E-03  1.288453E-02  3.217083E-03
3.801894E-03  1.294287E-02  3.215697E-03
3.837072E-03  1.295752E-02  3.252276E-03
3.872576E-03  1.300691E-02  3.263393E-03
3.908409E-03  1.306106E-02  3.272132E-03
3.944573E-03  1.310769E-02  3.291518E-03
3.981072E-03  1.318256E-02  3.313360E-03
4.017908E-03  1.317726E-02  3.317239E-03
4.055085E-03  1.322061E-02  3.337832E-03
4.092607E-03  1.330670E-02  3.386879E-03
4.130475E-03  1.333624E-02  3.384878E-03
4.168694E-03  1.336987E-02  3.388800E-03
4.207266E-03  1.340849E-02  3.422320E-03
4.246196E-03  1.347803E-02  3.431726E-03
4.285485E-03  1.354554E-02  3.445053E-03
4.325138E-03  1.358157E-02  3.481698E-03
4.365158E-03  1.364444E-02  3.479397E-03
4.405549E-03  1.368739E-02  3.507666E-03
4.446313E-03  1.375121E-02  3.514739E-03
4.487454E-03  1.379595E-02  3.540538E-03
4.528976E-03  1.380566E-02  3.552873E-03
4.570882E-03  1.390805E-02  3.556721E-03
4.613176E-03  1.391211E-02  3.603951E-03
4.655861E-03  1.398160E-02  3.588130E-03
4.698941E-03  1.403583E-02  3.627864E-03
4.742420E-03  1.406804E-02  3.645315E-03
4.786301E-03  1.412000E-02  3.683590E-03
4.830588E-03  1.417299E-02  3.670467E-03
4.875285E-03  1.423574E-02  3.689609E-03
4.920395E-03  1.430962E-02  3.736076E-03
4.965923E-03  1.436999E-02  3.752884E-03
5.011872E-03  1.439359E-02  3.778225E-03
5.058247E-03  1.446146E-02  3.776336E-03
5.105050E-03  1.452226E-02  3.801409E-03
5.152286E-03  1.457405E-02  3.833934E-03
5.199960E-03  1.466351E-02  3.822829E-03
5.248075E-03  1.470783E-02  3.853998E-03
5.296634E-03  1.478257E-02  3.856033E-03
5.345644E-03  1.482009E-02  3.883680E-03
5.395106E-03  1.488152E-02  3.929802E-03
5.445027E-03  1.495753E-02  3.937779E-03
5.495409E-03  1.501562E-02  3.955216E-03
5.546257E-03  1.502818E-02  3.973378E-03
5.597576E-03  1.509603E-02  3.984446E-03
5.649370E-03  1.516314E-02  4.018141E-03
5.701643E-03  1.522091E-02  4.033561E-03
5.754399E-03  1.527613E-02  4.062754E-03
5.807644E-03  1.536315E-02  4.074386E-03
5.861382E-03  1.542915E-02  4.092925E-03
5.915616E-03  1.547546E-02  4.113037E-03
5.970353E-03  1.559273E-02  4.129064E-03
6.025596E-03  1.563035E-02  4.137098E-03
6.081350E-03  1.567142E-02  4.196952E-03
6.137620E-03  1.578363E-02  4.188517E-03
6.194411E-03  1.583670E-02  4.206621E-03
6.251727E-03  1.589388E-02  4.243658E-03
6.309573E-03  1.594042E-02  4.266412E-03
6.367955E-03  1.600983E-02  4.303272E-03
6.426877E-03  1.608829E-02  4.300170E-03
6.486344E-03  1.612001E-02  4.318107E-03
6.546362E-03  1.622252E-02  4.356433E-03
6.606934E-03  1.627437E-02  4.388065E-03
6.668068E-03  1.637237E-02  4.377591E-03
6.729767E-03  1.644230E-02  4.422257E-03
6.792036E-03  1.652719E-02  4.458334E-03
6.854882E-03  1.657367E-02  4.475150E-03
6.918310E-03  1.666809E-02  4.500494E-03
6.982324E-03  1.675227E-02  4.492769E-03
7.046931E-03  1.680959E-02  4.509972E-03
7.112135E-03  1.685946E-02  4.558488E-03
7.177943E-03  1.696572E-02  4.570600E-03
7.244360E-03  1.700893E-02  4.589018E-03
7.311391E-03  1.711455E-02  4.632722E-03
7.379042E-03  1.718244E-02  4.640576E-03
7.447320E-03  1.724314E-02  4.671299E-03
7.516229E-03  1.736491E-02  4.668635E-03
7.585776E-03  1.740710E-02  4.713078E-03
7.655966E-03  1.751285E-02  4.712915E-03
7.726806E-03  1.756155E-02  4.779485E-03
7.798301E-03  1.767674E-02  4.762391E-03
7.870458E-03  1.773460E-02  4.788647E-03
7.943282E-03  1.782760E-02  4.812930E-03
8.016781E-03  1.793457E-02  4.859719E-03
8.090959E-03  1.799361E-02  4.868955E-03
8.165824E-03  1.808995E-02  4.910556E-03
8.241381E-03  1.821942E-02  4.918271E-03
8.317638E-03  1.825010E-02  4.937120E-03
8.394600E-03  1.831236E-02  4.939943E-03
8.472274E-03  1.843167E-02  4.979472E-03
8.550667E-03  1.850055E-02  5.003342E-03
8.629785E-03  1.862363E-02  5.045082E-03
8.709636E-03  1.870433E-02  5.077495E-03
8.790225E-03  1.878674E-02  5.074925E-03
8.871560E-03  1.890588E-02  5.130918E-03
8.953648E-03  1.895442E-02  5.147814E-03
9.036495E-03  1.909292E-02  5.172287E-03
9.120108E-03  1.915942E-02  5.166189E-03
9.204496E-03  1.925613E-02  5.212133E-03
9.289664E-03  1.932923E-02  5.244545E-03
9.375620E-03  1.945807E-02  5.263591E-03
9.462372E-03  1.955070E-02  5.300513E-03
9.549926E-03  1.960938E-02  5.319494E-03
9.638290E-03  1.972967E-02  5.316824E-03
9.727472E-03  1.983291E-02  5.349838E-03
9.817479E-03  1.996444E-02  5.368104E-03
9.908319E-03  2.001989E-02  5.378450E-03
1.000000E-02  2.015183E-02  5.461943E-03
1.198397E-02  2.232378E-02  5.953506E-03
1.396794E-02  2.442691E-02  6.400455E-03
1.595190E-02  2.653510E-02  6.772166E-03
1.793587E-02  2.862600E-02  7.120459E-03
1.991984E-02  3.076478E-02  7.425767E-03
2.190381E-02  3.275422E-02  7.708157E-03
2.388778E-02  3.482339E-02  7.936100E-03
2.587174E-02  3.683298E-02  8.210139E-03
2.785571E-02  3.889676E-02  8.383606E-03
2.983968E-02  4.085876E-02  8.564209E-03
3.182365E-02  4.292861E-02  8.695299E-03
3.380762E-02  4.499541E-02  8.910663E-03
3.579158E-02  4.697317E-02  9.063758E-03
3.777555E-02  4.896395E-02  9.184695E-03
3.975952E-02  5.104420E-02  9.295378E-03
4.174349E-02  5.303834E-02  9.405489E-03
4.372745E-02  5.502838E-02  9.541989E-03
4.571142E-02  5.700702E-02  9.512976E-03
4.769539E-02  5.913978E-02  9.608881E-03
4.967936E-02  6.118223E-02  9.654207E-03
5.166333E-02  6.309267E-02  9.744455E-03
5.364729E-02  6.526848E-02  9.818128E-03
5.563126E-02  6.733025E-02  9.755507E-03
5.761523E-02  6.939189E-02  9.953207E-03
5.959920E-02  7.149103E-02  9.764501E-03
6.158317E-02  7.348377E-02  9.956071E-03
6.356713E-02  7.554328E-02  1.001514E-02
6.555110E-02  7.755598E-02  9.867343E-03
6.753507E-02  7.985698E-02  1.001900E-02
6.951904E-02  8.179147E-02  9.818920E-03
7.150301E-02  8.402639E-02  1.010717E-02
7.348697E-02  8.603793E-02  1.015485E-02
7.547094E-02  8.817571E-02  1.000261E-02
7.745491E-02  9.038788E-02  9.998928E-03
7.943888E-02  9.251460E-02  9.942664E-03
8.142285E-02  9.481884E-02  9.996559E-03
8.340681E-02  9.692773E-02  1.007750E-02
8.539078E-02  9.903025E-02  1.011328E-02
8.737475E-02  1.013117E-01  1.004042E-02
8.935872E-02  1.035295E-01  9.938796E-03
9.134269E-02  1.057168E-01  9.819500E-03
9.332665E-02  1.077290E-01  9.949021E-03
9.531062E-02  1.101026E-01  9.933684E-03
9.729459E-02  1.123421E-01  9.984991E-03
9.927856E-02  1.147426E-01  9.890451E-03
1.012625E-01  1.169534E-01  9.714770E-03
1.032465E-01  1.192581E-01  9.741874E-03
1.052305E-01  1.212876E-01  9.831867E-03
1.072144E-01  1.237928E-01  9.968197E-03
1.091984E-01  1.261236E-01  9.968473E-03
1.111824E-01  1.285098E-01  9.821452E-03
1.131663E-01  1.308364E-01  9.719282E-03
1.151503E-01  1.330844E-01  9.649999E-03
1.171343E-01  1.353142E-01  9.667267E-03
1.191182E-01  1.377155E-01  9.980749E-03
1.211022E-01  1.400340E-01  9.892784E-03
1.230862E-01  1.425276E-01  9.814798E-03
1.250701E-01  1.450658E-01  9.562226E-03
1.270541E-01  1.473742E-01  9.539443E-03
1.290381E-01  1.496350E-01  9.563032E-03
1.310220E-01  1.522198E-01  9.930509E-03
1.330060E-01  1.547993E-01  9.838267E-03
1.349900E-01  1.569535E-01  9.720307E-03
1.369739E-01  1.593446E-01  9.625138E-03
1.389579E-01  1.620045E-01  9.562771E-03
1.409419E-01  1.644858E-01  9.359859E-03
1.429259E-01  1.667894E-01  9.645127E-03
1.449098E-01  1.693857E-01  9.737334E-03
1.468938E-01  1.719392E-01  9.762253E-03
1.488778E-01  1.742679E-01  9.430577E-03
1.508617E-01  1.768931E-01  9.587604E-03
1.528457E-01  1.797118E-01  9.458388E-03
1.548297E-01  1.820106E-01  9.407037E-03
1.568136E-01  1.844094E-01  9.706943E-03
1.587976E-01  1.872092E-01  9.621729E-03
1.607816E-01  1.898996E-01  9.687292E-03
1.627655E-01  1.922076E-01  9.642405E-03
1.647495E-01  1.945698E-01  9.519376E-03
1.667335E-01  1.975679E-01  9.354959E-03
1.687174E-01  2.005420E-01  9.710103E-03
1.707014E-01  2.026186E-01  9.400087E-03
1.726854E-01  2.053067E-01  9.578398E-03
1.746693E-01  2.080807E-01  9.494987E-03
1.766533E-01  2.104596E-01  9.251375E-03
1.786373E-01  2.136861E-01  9.733028E-03
1.806212E-01  2.161426E-01  9.252513E-03
1.826052E-01  2.190561E-01  9.571624E-03
1.845892E-01  2.211695E-01  9.437535E-03
1.865731E-01  2.239637E-01  9.875814E-03
1.885571E-01  2.268201E-01  9.855605E-03
1.905411E-01  2.292645E-01  9.247401E-03
1.925251E-01  2.317882E-01  9.759905E-03
1.945090E-01  2.350947E-01  9.614446E-03
1.964930E-01  2.373960E-01  9.435385E-03
1.984770E-01  2.400389E-01  9.167880E-03
2.004609E-01  2.431106E-01  9.864946E-03
2.024449E-01  2.455643E-01  9.887276E-03
2.044289E-01  2.483152E-01  9.327198E-03
2.064128E-01  2.513559E-01  9.527868E-03
2.083968E-01  2.544540E-01  1.008696E-02
2.103808E-01  2.568383E-01  9.641648E-03
2.123647E-01  2.594325E-01  9.261359E-03
2.143487E-01  2.619756E-01  9.890041E-03
2.163327E-01  2.653811E-01  9.785205E-03
2.183166E-01  2.686024E-01  1.000990E-02
2.203006E-01  2.705154E-01  9.141314E-03
2.222846E-01  2.733909E-01  9.959599E-03
2.242685E-01  2.762118E-01  9.670470E-03
2.262525E-01  2.795748E-01  9.684725E-03
2.282365E-01  2.818910E-01  9.750458E-03
2.302204E-01  2.848798E-01  9.997047E-03
2.322044E-01  2.879991E-01  1.007151E-02
2.341884E-01  2.904495E-01  9.197345E-03
2.361723E-01  2.934712E-01  9.813327E-03
2.381563E-01  2.967973E-01  1.071195E-02
2.401403E-01  2.993651E-01  1.023700E-02
2.421242E-01  3.019308E-01  9.181166E-03
2.441082E-01  3.045732E-01  9.817647E-03
2.460922E-01  3.079140E-01  1.046606E-02
2.480762E-01  3.106864E-01  1.010791E-02
2.500601E-01  3.132686E-01  9.910589E-03
2.520441E-01  3.160621E-01  1.011426E-02
2.540281E-01  3.195451E-01  9.822187E-03
2.560120E-01  3.226707E-01  1.050064E-02
2.579960E-01  3.248577E-01  9.991900E-03
2.599800E-01  3.275722E-01  1.010709E-02
2.619639E-01  3.307191E-01  1.076074E-02
2.639479E-01  3.338357E-01  1.011085E-02
2.659319E-01  3.363935E-01  9.898802E-03
2.679158E-01  3.392232E-01  1.088267E-02
2.698998E-01  3.427914E-01  1.026404E-02
2.718838E-01  3.460300E-01  1.112818E-02
2.738677E-01  3.481795E-01  1.043901E-02
2.758517E-01  3.509693E-01  1.004012E-02
2.778357E-01  3.543388E-01  1.083128E-02
2.798196E-01  3.572787E-01  1.032234E-02
2.818036E-01  3.603843E-01  1.018293E-02
2.837876E-01  3.628736E-01  1.056635E-02
2.857715E-01  3.665137E-01  1.134965E-02
2.877555E-01  3.693439E-01  1.154512E-02
2.897395E-01  3.719063E-01  9.924456E-03
2.917234E-01  3.746687E-01  1.052584E-02
2.937074E-01  3.775721E-01  1.114833E-02
2.956914E-01  3.805382E-01  1.121423E-02
2.976754E-01  3.839658E-01  1.078867E-02
2.996593E-01  3.862870E-01  1.080153E-02
3.016433E-01  3.892239E-01  1.088722E-02
3.036273E-01  3.927368E-01  1.129111E-02
3.056112E-01  3.951972E-01  1.111340E-02
3.075952E-01  3.980152E-01  1.028850E-02
3.095792E-01  4.007516E-01  1.111032E-02
3.115631E-01  4.040220E-01  1.136401E-02
3.135471E-01  4.073714E-01  1.132787E-02
3.155311E-01  4.104119E-01  1.108389E-02
3.175150E-01  4.129254E-01  1.141086E-02
3.194990E-01  4.157983E-01  1.179697E-02
3.214830E-01  4.185836E-01  1.107371E-02
3.234669E-01  4.224049E-01  1.161276E-02
3.254509E-01  4.245546E-01  1.061396E-02
3.274349E-01  4.270613E-01  1.169663E-02
3.294188E-01  4.310785E-01  1.189088E-02
3.314028E-01  4.329294E-01  1.149917E-02
3.333868E-01  4.363483E-01  1.101742E-02
3.353707E-01  4.395392E-01  1.258013E-02
3.373547E-01  4.422867E-01  1.189348E-02
3.393387E-01  4.451260E-01  1.176353E-02
3.413226E-01  4.490221E-01  1.173756E-02
3.433066E-01  4.510769E-01  1.174343E-02
3.452906E-01  4.537014E-01  1.160398E-02
3.472745E-01  4.569637E-01  1.217384E-02
3.492585E-01  4.605453E-01  1.207856E-02
3.512425E-01  4.631664E-01  1.197675E-02
3.532265E-01  4.663869E-01  1.203159E-02
3.552104E-01  4.685186E-01  1.205032E-02
3.571944E-01  4.723113E-01  1.187776E-02
3.591784E-01  4.750700E-01  1.186730E-02
3.611623E-01  4.776555E-01  1.141301E-02
3.631463E-01  4.811653E-01  1.225777E-02
3.651303E-01  4.834473E-01  1.280348E-02
3.671142E-01  4.868783E-01  1.203273E-02
3.690982E-01  4.902760E-01  1.295729E-02
3.710822E-01  4.920359E-01  1.197940E-02
3.730661E-01  4.950388E-01  1.278775E-02
3.750501E-01  4.977174E-01  1.275713E-02
3.770341E-01  5.007118E-01  1.271982E-02
3.790180E-01  5.047529E-01  1.303104E-02
3.810020E-01  5.066641E-01  1.177254E-02
3.829860E-01  5.094425E-01  1.293173E-02
3.849699E-01  5.131638E-01  1.294456E-02
3.869539E-01  5.155080E-01  1.184302E-02
3.889379E-01  5.191790E-01  1.323491E-02
3.909218E-01  5.210067E-01  1.219396E-02
3.929058E-01  5.239402E-01  1.322396E-02
3.948898E-01  5.266595E-01  1.261661E-02
3.968737E-01  5.296559E-01  1.291622E-02
3.988577E-01  5.323997E-01  1.290890E-02
4.008417E-01  5.355300E-01  1.229906E-02
4.028257E-01  5.392869E-01  1.426648E-02
4.048096E-01  5.412291E-01  1.271131E-02
4.067936E-01  5.449556E-01  1.269691E-02
4.087776E-01  5.463641E-01  1.332111E-02
4.107615E-01  5.497387E-01  1.238333E-02
4.127455E-01  5.538845E-01  1.492702E-02
4.147295E-01  5.551594E-01  1.256618E-02
4.167134E-01  5.584277E-01  1.277507E-02
4.186974E-01  5.622889E-01  1.443665E-02
4.206814E-01  5.644077E-01  1.290804E-02
4.226653E-01  5.667439E-01  1.276375E-02
4.246493E-01  5.691258E-01  1.392297E-02
4.266333E-01  5.726224E-01  1.250499E-02
4.286172E-01  5.752211E-01  1.227244E-02
4.306012E-01  5.789683E-01  1.375994E-02
4.325852E-01  5.806275E-01  1.300415E-02
4.345691E-01  5.837355E-01  1.301125E-02
4.365531E-01  5.875034E-01  1.404969E-02
4.385371E-01  5.895433E-01  1.359307E-02
4.405210E-01  5.929944E-01  1.459970E-02
4.425050E-01  5.951291E-01  1.279310E-02
4.444890E-01  5.973310E-01  1.265923E-02
4.464729E-01  5.998138E-01  1.392014E-02
4.484569E-01  6.035736E-01  1.346727E-02
4.504409E-01  6.063045E-01  1.262904E-02
4.524248E-01  6.077207E-01  1.364375E-02
4.544088E-01  6.118988E-01  1.347895E-02
4.563928E-01  6.141739E-01  1.353761E-02
4.583768E-01  6.170012E-01  1.370793E-02
4.603607E-01  6.199972E-01  1.358250E-02
4.623447E-01  6.216115E-01  1.312445E-02
4.643287E-01  6.245161E-01  1.300012E-02
4.663126E-01  6.274161E-01  1.247242E-02
4.682966E-01  6.301408E-01  1.349632E-02
4.702806E-01  6.319674E-01  1.432480E-02
4.722645E-01  6.353394E-01  1.294856E-02
4.742485E-01  6.382057E-01  1.243182E-02
4.762325E-01  6.400058E-01  1.379913E-02
4.782164E-01  6.429081E-01  1.361870E-02
4.802004E-01  6.463226E-01  1.347979E-02
4.821844E-01  6.491465E-01  1.360069E-02
4.841683E-01  6.521095E-01  1.320253E-02
4.861523E-01  6.536676E-01  1.309852E-02
4.881363E-01  6.568541E-01  1.334698E-02
4.901202E-01  6.593494E-01  1.225064E-02
4.921042E-01  6.615222E-01  1.221162E-02
4.940882E-01  6.639047E-01  1.383937E-02
4.960721E-01  6.679199E-01  1.395752E-02
4.980561E-01  6.694215E-01  1.171952E-02
5.000401E-01  6.713112E-01  1.238225E-02
5.020240E-01  6.741135E-01  1.290338E-02
5.040080E-01  6.767859E-01  1.294828E-02
5.059920E-01  6.805795E-01  1.403265E-02
5.079760E-01  6.821080E-01  1.305166E-02
5.099599E-01  6.853422E-01  1.305694E-02
5.119439E-01  6.868657E-01  1.262905E-02
5.139279E-01  6.900083E-01  1.286502E-02
5.159118E-01  6.925192E-01  1.153636E-02
5.178958E-01  6.945234E-01  1.196700E-02
5.198798E-01  6.966550E-01  1.406776E-02
5.218637E-01  7.010574E-01  1.438411E-02
5.238477E-01  7.028875E-01  1.204885E-02
5.258317E-01  7.044618E-01  1.118460E-02
5.278156E-01  7.063030E-01  1.337712E-02
5.297996E-01  7.100793E-01  1.360806E-02
5.317836E-01  7.117253E-01  1.304282E-02
5.337675E-01  7.141265E-01  1.322828E-02
5.357515E-01  7.178862E-01  1.419481E-02
5.377355E-01  7.186642E-01  1.348598E-02
5.397194E-01  7.223615E-01  1.313169E-02
5.417034E-01  7.239787E-01  1.268736E-02
5.436874E-01  7.266223E-01  1.154379E-02
5.456713E-01  7.285272E-01  1.187458E-02
5.476553E-01  7.319764E-01  1.330479E-02
5.496393E-01  7.323312E-01  1.391501E-02
5.516232E-01  7.355245E-01  1.246313E-02
5.536072E-01  7.388167E-01  1.163655E-02
5.555912E-01  7.396835E-01  1.243308E-02
5.575752E-01  7.424277E-01  1.229213E-02
5.595591E-01  7.447675E-01  1.319750E-02
5.615431E-01  7.479368E-01  1.262120E-02
5.635271E-01  7.504798E-01  1.222904E-02
5.655110E-01  7.521549E-01  1.244453E-02
5.674950E-01  7.539871E-01  1.151016E-02
5.694790E-01  7.570746E-01  1.267142E-02
5.714629E-01  7.587654E-01  1.187005E-02
5.734469E-01  7.613568E-01  1.109639E-02
5.754309E-01  7.630382E-01  1.187378E-02
5.774148E-01  7.658672E-01  1.195212E-02
5.793988E-01  7.668835E-01  1.272712E-02
5.813828E-01  7.705488E-01  1.249108E-02
5.833667E-01  7.722681E-01  1.041133E-02
5.853507E-01  7.739894E-01  9.981335E-03
5.873347E-01  7.756554E-01  1.181532E-02
5.893186E-01  7.786371E-01  1.178017E-02
5.913026E-01  7.803778E-01  1.235744E-02
5.932866E-01  7.836849E-01  1.272092E-02
5.952705E-01  7.858900E-01  1.148870E-02
5.972545E-01  7.881161E-01  1.234063E-02
5.992385E-01  7.896888E-01  1.098329E-02
6.012224E-01  7.908400E-01  1.177960E-02
6.032064E-01  7.943683E-01  1.168014E-02
6.051904E-01  7.964526E-01  1.162017E-02
6.071743E-01  7.977178E-01  9.846716E-03
6.091583E-01  7.995768E-01  1.068051E-02
6.111423E-01  8.027351E-01  1.158095E-02
6.131263E-01  8.028923E-01  1.202721E-02
6.151102E-01  8.063877E-01  1.165105E-02
6.170942E-01  8.081828E-01  9.794525E-03
6.190782E-01  8.099800E-01  9.169669E-03
6.210621E-01  8.111668E-01  1.057258E-02
6.230461E-01  8.135449E-01  1.109282E-02
6.250301E-01  8.155251E-01  1.124558E-02
6.270140E-01  8.176309E-01  1.133902E-02
6.289980E-01  8.199681E-01  1.080698E-02
6.309820E-01  8.221165E-01  1.065596E-02
6.329659E-01  8.239431E-01  1.034199E-02
6.349499E-01  8.263608E-01  9.859876E-03
6.369339E-01  8.271057E-01  1.105863E-02
6.389178E-01  8.287283E-01  1.188134E-02
6.409018E-01  8.307875E-01  1.147075E-02
6.428858E-01  8.336957E-01  9.745445E-03
6.448697E-01  8.351059E-01  1.026464E-02
6.468537E-01  8.371510E-01  9.744653E-03
6.488377E-01  8.384609E-01  1.038845E-02
6.508216E-01  8.397163E-01  1.203199E-02
6.528056E-01  8.430412E-01  1.057097E-02
6.547896E-01  8.449138E-01  9.485137E-03
6.567735E-01  8.467885E-01  9.025539E-03
6.587575E-01  8.474581E-01  8.660128E-03
6.607415E-01  8.492958E-01  9.945018E-03
6.627255E-01  8.519384E-01  9.830234E-03
6.647094E-01  8.531429E-01  1.046555E-02
6.666934E-01  8.551741E-01  1.015028E-02
6.686774E-01  8.571016E-01  9.027102E-03
6.706613E-01  8.591592E-01  9.622323E-03
6.726453E-01  8.610639E-01  9.596231E-03
6.746293E-01  8.624676E-01  8.988437E-03
6.766132E-01  8.648881E-01  9.236780E-03
6.785972E-01  8.661016E-01  9.508762E-03
6.805812E-01  8.680229E-01  1.031860E-02
6.825651E-01  8.701534E-01  1.054940E-02
6.845491E-01  8.710936E-01  8.455215E-03
6.865331E-01  8.723190E-01  7.928060E-03
6.885170E-01  8.739813E-01  7.656361E-03
6.905010E-01  8.766551E-01  9.191023E-03
6.924850E-01  8.766138E-01  1.024954E-02
6.944689E-01  8.774877E-01  1.238906E-02
6.964529E-01  8.805093E-01  8.516309E-03
6.984369E-01  8.824610E-01  8.414903E-03
7.004208E-01  8.844149E-01  8.247899E-03
7.024048E-01  8.847719E-01  7.464785E-03
7.043888E-01  8.861959E-01  8.571704E-03
7.063727E-01  8.880702E-01  8.773074E-03
7.083567E-01  8.906501E-01  8.941005E-03
7.103407E-01  8.910763E-01  8.412223E-03
7.123246E-01  8.928097E-01  8.677819E-03
7.143086E-01  8.950358E-01  8.514478E-03
7.162926E-01  8.970182E-01  9.871550E-03
7.182766E-01  8.970182E-01  8.480339E-03
7.202605E-01  8.990027E-01  7.995285E-03
7.222445E-01  9.009914E-01  8.214700E-03
7.242285E-01  9.027971E-01  8.694267E-03
7.262124E-01  9.040731E-01  9.302570E-03
7.281964E-01  9.039465E-01  8.877506E-03
7.301804E-01  9.060745E-01  8.914382E-03
7.321643E-01  9.086065E-01  9.382727E-03
7.341483E-01  9.094404E-01  6.598064E-03
7.361323E-01  9.104693E-01  6.524947E-03
7.381162E-01  9.117697E-01  6.351335E-03
7.401002E-01  9.134876E-01  6.140256E-03
7.420842E-01  9.141168E-01  6.706253E-03
7.440681E-01  9.151058E-01  7.990243E-03
7.460521E-01  9.157748E-01  1.148438E-02
7.480361E-01  9.187920E-01  7.575433E-03
7.500200E-01  9.208244E-01  8.799421E-03
7.520040E-01  9.208244E-01  6.818351E-03
7.539880E-01  9.228591E-01  6.562613E-03
7.559719E-01  9.234075E-01  5.982302E-03
7.579559E-01  9.245283E-01  6.398252E-03
7.599399E-01  9.258915E-01  7.136079E-03
7.619238E-01  9.275845E-01  6.742332E-03
7.639078E-01  9.276932E-01  7.684646E-03
7.658918E-01  9.295930E-01  6.314694E-03
7.678758E-01  9.310223E-01  6.912686E-03
7.698597E-01  9.326047E-01  6.722695E-03
7.718437E-01  9.336297E-01  6.622827E-03
7.738277E-01  9.356934E-01  8.418156E-03
7.758116E-01  9.356934E-01  6.407821E-03
7.777956E-01  9.377594E-01  7.506278E-03
7.797796E-01  9.377594E-01  7.108926E-03
7.817635E-01  9.398297E-01  5.271451E-03
7.837475E-01  9.412111E-01  6.695050E-03
7.857315E-01  9.407805E-01  7.006121E-03
7.877154E-01  9.424135E-01  6.560059E-03
7.896994E-01  9.428593E-01  8.053324E-03
7.916834E-01  9.449424E-01  6.211036E-03
7.936673E-01  9.449424E-01  9.483971E-03
7.956513E-01  9.481197E-01  7.585799E-03
7.976353E-01  9.487923E-01  5.143610E-03
7.996192E-01  9.495645E-01  4.203642E-03
8.016032E-01  9.504599E-01  4.694241E-03
8.035872E-01  9.515110E-01  4.325527E-03
8.055711E-01  9.530977E-01  6.188610E-03
8.075551E-01  9.532465E-01  4.178561E-03
8.095391E-01  9.539553E-01  4.419767E-03
8.115230E-01  9.545548E-01  5.221402E-03
8.135070E-01  9.549301E-01  8.220993E-03
8.154910E-01  9.578893E-01  7.016985E-03
8.174749E-01  9.578893E-01  4.937038E-03
8.194589E-01  9.578893E-01  7.662824E-03
8.214429E-01  9.600041E-01  5.254677E-03
8.234269E-01  9.600041E-01  7.355487E-03
8.254108E-01  9.624420E-01  6.000141E-03
8.273948E-01  9.631033E-01  4.391153E-03
8.293788E-01  9.638297E-01  3.709140E-03
8.313627E-01  9.646303E-01  4.098092E-03
8.333467E-01  9.655167E-01  4.066194E-03
8.353307E-01  9.665019E-01  4.064626E-03
8.373146E-01  9.676022E-01  4.425103E-03
8.392986E-01  9.667038E-01  5.097762E-03
8.412826E-01  9.680955E-01  5.002278E-03
8.432665E-01  9.692423E-01  3.993864E-03
8.452505E-01  9.698195E-01  3.960769E-03
8.472345E-01  9.711439E-01  4.571848E-03
8.492184E-01  9.717176E-01  3.939816E-03
8.512024E-01  9.730381E-01  5.366014E-03
8.531864E-01  9.730381E-01  3.380185E-03
8.551703E-01  9.730381E-01  5.781604E-03
8.571543E-01  9.751848E-01  5.271916E-03
8.591383E-01  9.751848E-01  3.627563E-03
8.611222E-01  9.751848E-01  6.469541E-03
8.631062E-01  9.774750E-01  5.614980E-03
8.650902E-01  9.779434E-01  3.321160E-03
8.670741E-01  9.784770E-01  3.424091E-03
8.690581E-01  9.791434E-01  2.717611E-03
8.710421E-01  9.792680E-01  4.078364E-03
8.730261E-01  9.802981E-01  3.908648E-03
8.750100E-01  9.814172E-01  4.233305E-03
8.769940E-01  9.819120E-01  3.567359E-03
8.789780E-01  9.823114E-01  3.212815E-03
8.809619E-01  9.824601E-01  6.565400E-03
8.829459E-01  9.846266E-01  7.658263E-03
8.849299E-01  9.846266E-01  2.166516E-03
8.869138E-01  9.846266E-01  2.553928E-03
8.888978E-01  9.846266E-01  2.168903E-03
8.908818E-01  9.846266E-01  3.756650E-03
8.928657E-01  9.867955E-01  6.134584E-03
8.948497E-01  9.867955E-01  3.318601E-03
8.968337E-01  9.867955E-01  3.067728E-03
8.988176E-01  9.867955E-01  7.510315E-03
9.008016E-01  9.868440E-01  7.466828E-03
9.027856E-01  9.894223E-01  6.374321E-03
9.047695E-01  9.898281E-01  2.704239E-03
9.067535E-01  9.891355E-01  3.277325E-03
9.087375E-01  9.891355E-01  1.467805E-03
9.107214E-01  9.891355E-01  4.075698E-03
9.127054E-01  9.904846E-01  3.747365E-03
9.146894E-01  9.904846E-01  2.899230E-03
9.166733E-01  9.904846E-01  3.752458E-03
9.186573E-01  9.904846E-01  7.258345E-03
9.206413E-01  9.941138E-01  8.889626E-03
9.226253E-01  9.941138E-01  3.629174E-03
9.246092E-01  9.941138E-01  2.566214E-03
9.265932E-01  9.941138E-01  0.000000E+00
9.285772E-01  9.941138E-01  0.000000E+00
9.305611E-01  9.941138E-01  0.000000E+00
9.325451E-01  9.941138E-01  1.547745E-03
9.345291E-01  9.941138E-01  2.680773E-03
9.365130E-01  9.941138E-01  7.422726E-03
9.384970E-01  9.963027E-01  3.071188E-03
9.404810E-01  9.963027E-01  2.624276E-03
9.424649E-01  9.978012E-01  3.670685E-03
9.444489E-01  9.978012E-01  1.498551E-03
9.464329E-01  9.978012E-01  0.000000E+00
9.484168E-01  9.978012E-01  0.000000E+00
9.504008E-01  9.978012E-01  0.000000E+00
9.523848E-01  9.978012E-01  0.000000E+00
9.543687E-01  9.978012E-01  0.000000E+00
9.563527E-01  9.978012E-01  0.000000E+00
9.583367E-01  9.978012E-01  0.000000E+00
9.603206E-01  9.978012E-01  0.000000E+00
9.623046E-01  9.978012E-01  2.198790E-03
9.642886E-01  9.978012E-01  8.372745E-03
9.662725E-01  1.000000E+00  2.198790E-03
9.682565E-01  1.000000E+00  0.000000E+00
9.702405E-01  1.000000E+00  0.000000E+00
9.722244E-01  1.000000E+00  0.000000E+00
9.742084E-01  1.000000E+00  0.000000E+00
9.761924E-01  1.000000E+00  0.000000E+00
9.781764E-01  1.000000E+00  0.000000E+00
9.801603E-01  1.000000E+00  0.000000E+00
9.821443E-01  1.000000E+00  0.000000E+00
9.841283E-01  1.000000E+00  0.000000E+00
9.861122E-01  1.000000E+00  0.000000E+00
9.880962E-01  1.000000E+00  0.000000E+00
9.900802E-01  1.000000E+00  0.000000E+00
9.920641E-01  1.000000E+00  0.000000E+00
9.940481E-01  1.000000E+00  0.000000E+00
9.960321E-01  1.000000E+00  0.000000E+00
9.980160E-01  1.000000E+00  0.000000E+00
1.000000E+00  1.000000E+00  0.000000E+00
