# MMHT2014 NNLO Q=1.000
# x  w(x)  delta_w(x)
1.000000E-04  1.429267E-05  1.297696E-05
1.009253E-04  1.440009E-05  1.311781E-05
1.018591E-04  1.450946E-05  1.326009E-05
1.028016E-04  1.462083E-05  1.334400E-05
1.037528E-04  1.473423E-05  1.338268E-05
1.047129E-04  1.484972E-05  1.350518E-05
1.056818E-04  1.496734E-05  1.371224E-05
1.066596E-04  1.508715E-05  1.362492E-05
1.076465E-04  1.520920E-05  1.353780E-05
1.086426E-04  1.533353E-05  1.397807E-05
1.096478E-04  1.546020E-05  1.423562E-05
1.106624E-04  1.558927E-05  1.423497E-05
1.116863E-04  1.658406E-05  1.441916E-05
1.127197E-04  1.672593E-05  1.484569E-05
1.137627E-04  1.687044E-05  1.500307E-05
1.148154E-04  1.704349E-05  1.514273E-05
1.158777E-04  1.719417E-05  1.523486E-05
1.169499E-04  1.734773E-05  1.502723E-05
1.180321E-04  1.750423E-05  1.526087E-05
1.191242E-04  1.766374E-05  1.576416E-05
1.202264E-04  1.782634E-05  1.621027E-05
1.213389E-04  1.796139E-05  1.657788E-05
1.224616E-04  1.812941E-05  1.654203E-05
1.235947E-04  1.897379E-05  1.658211E-05
1.247384E-04  1.915757E-05  1.664266E-05
1.258925E-04  1.934472E-05  1.673714E-05
1.270574E-04  1.953529E-05  1.730967E-05
1.282331E-04  1.972937E-05  1.726340E-05
1.294196E-04  1.992701E-05  1.785850E-05
1.306171E-04  2.012830E-05  1.794455E-05
1.318257E-04  2.033330E-05  1.812653E-05
1.330454E-04  2.054207E-05  1.821268E-05
1.342765E-04  2.075468E-05  1.837324E-05
1.355189E-04  2.097121E-05  1.852328E-05
1.367729E-04  2.119175E-05  1.878828E-05
1.380384E-04  2.142784E-05  1.893118E-05
1.393157E-04  2.165696E-05  1.923804E-05
1.406048E-04  2.189033E-05  1.956316E-05
1.419058E-04  2.212802E-05  1.984285E-05
1.432188E-04  2.237012E-05  1.997638E-05
1.445440E-04  2.362507E-05  2.059748E-05
1.458814E-04  2.388201E-05  2.088613E-05
1.472313E-04  2.414368E-05  2.125303E-05
1.485936E-04  2.441016E-05  2.159556E-05
1.499685E-04  2.393551E-05  2.108964E-05
1.513561E-04  2.419930E-05  2.136813E-05
1.527566E-04  2.446784E-05  2.167229E-05
1.541700E-04  2.579763E-05  2.200743E-05
1.555966E-04  2.608222E-05  2.249119E-05
1.570363E-04  2.637194E-05  2.236548E-05
1.584893E-04  2.666685E-05  2.255122E-05
1.599558E-04  2.696702E-05  2.339100E-05
1.614359E-04  2.727254E-05  2.329215E-05
1.629296E-04  2.758347E-05  2.388734E-05
1.644372E-04  2.789987E-05  2.364976E-05
1.659587E-04  2.822182E-05  2.380929E-05
1.674943E-04  2.854937E-05  2.425815E-05
1.690441E-04  2.888258E-05  2.449738E-05
1.706082E-04  2.922150E-05  2.454711E-05
1.721869E-04  2.956619E-05  2.475821E-05
1.737801E-04  2.991668E-05  2.429332E-05
1.753881E-04  3.027301E-05  2.516079E-05
1.770109E-04  3.063523E-05  2.556005E-05
1.786488E-04  3.100513E-05  2.578585E-05
1.803018E-04  3.138257E-05  2.635425E-05
1.819701E-04  3.176516E-05  2.642794E-05
1.836538E-04  3.215291E-05  2.663134E-05
1.853532E-04  3.266318E-05  2.701067E-05
1.870682E-04  3.326034E-05  2.761116E-05
1.887991E-04  3.387477E-05  2.808767E-05
1.905461E-04  3.327544E-05  2.759556E-05
1.923092E-04  3.391331E-05  2.800393E-05
1.940886E-04  3.503491E-05  2.875735E-05
1.958845E-04  3.561687E-05  2.927308E-05
1.976970E-04  3.585222E-05  2.938753E-05
1.995262E-04  3.608886E-05  2.895649E-05
2.013724E-04  3.632660E-05  2.942794E-05
2.032357E-04  3.786027E-05  3.086876E-05
2.051162E-04  3.810397E-05  3.073921E-05
2.070141E-04  3.835037E-05  3.121431E-05
2.089296E-04  3.777919E-05  3.060451E-05
2.108628E-04  3.853741E-05  3.134722E-05
2.128139E-04  3.940310E-05  3.146112E-05
2.147830E-04  3.903544E-05  3.156207E-05
2.167704E-04  3.958772E-05  3.203609E-05
2.187762E-04  3.985123E-05  3.248937E-05
2.208005E-04  4.147942E-05  3.325608E-05
2.228435E-04  4.176019E-05  3.369249E-05
2.249055E-04  4.204686E-05  3.403209E-05
2.269865E-04  4.233922E-05  3.432333E-05
2.290868E-04  4.273803E-05  3.461600E-05
2.312065E-04  4.337956E-05  3.527042E-05
2.333458E-04  4.402402E-05  3.555363E-05
2.355049E-04  4.467122E-05  3.596182E-05
2.376840E-04  4.532096E-05  3.636741E-05
2.398833E-04  4.599390E-05  3.665858E-05
2.421029E-04  4.664794E-05  3.753744E-05
2.443431E-04  4.730390E-05  3.816123E-05
2.466039E-04  4.796122E-05  3.875265E-05
2.488857E-04  4.856114E-05  3.852253E-05
2.511886E-04  4.916699E-05  3.890235E-05
2.535129E-04  5.002192E-05  3.947158E-05
2.558586E-04  5.063058E-05  4.009634E-05
2.582260E-04  5.126978E-05  4.042150E-05
2.606154E-04  5.193413E-05  4.020774E-05
2.630268E-04  5.259902E-05  4.118191E-05
2.654606E-04  5.319952E-05  4.145211E-05
2.679168E-04  5.386334E-05  4.164340E-05
2.703958E-04  5.452775E-05  4.188809E-05
2.728978E-04  5.519267E-05  4.225055E-05
2.754229E-04  5.585809E-05  4.273107E-05
2.779713E-04  5.658115E-05  4.317794E-05
2.805434E-04  5.756468E-05  4.504468E-05
2.831392E-04  5.691017E-05  4.445134E-05
2.857591E-04  5.787082E-05  4.440220E-05
2.884032E-04  5.892960E-05  4.489926E-05
2.910717E-04  5.987897E-05  4.666372E-05
2.937650E-04  6.082231E-05  4.764343E-05
2.964831E-04  6.175923E-05  4.720238E-05
2.992265E-04  6.268935E-05  4.850354E-05
3.019952E-04  6.352981E-05  4.915398E-05
3.047895E-04  6.444765E-05  4.931028E-05
3.076097E-04  6.362216E-05  4.921587E-05
3.104560E-04  6.451196E-05  4.992636E-05
3.133286E-04  6.539395E-05  5.057363E-05
3.162278E-04  6.610978E-05  5.134672E-05
3.191538E-04  6.682600E-05  5.148736E-05
3.221069E-04  6.754535E-05  5.184792E-05
3.250873E-04  7.070200E-05  5.382821E-05
3.280953E-04  7.154773E-05  5.422045E-05
3.311311E-04  7.117587E-05  5.453710E-05
3.341950E-04  7.178346E-05  5.483784E-05
3.372873E-04  7.238830E-05  5.499616E-05
3.404082E-04  7.299133E-05  5.518684E-05
3.435579E-04  7.359066E-05  5.620491E-05
3.467369E-04  7.705120E-05  5.727956E-05
3.499452E-04  7.782168E-05  5.800988E-05
3.531832E-04  7.726979E-05  5.752550E-05
3.564511E-04  7.786523E-05  5.867392E-05
3.597493E-04  7.979330E-05  6.004621E-05
3.630781E-04  8.104408E-05  5.993255E-05
3.664376E-04  8.241528E-05  6.115830E-05
3.698282E-04  8.323410E-05  6.182667E-05
3.732502E-04  8.418705E-05  6.203361E-05
3.767038E-04  8.379272E-05  6.225869E-05
3.801894E-04  8.537233E-05  6.306071E-05
3.837072E-04  8.679942E-05  6.420449E-05
3.872576E-04  8.809868E-05  6.486057E-05
3.908409E-04  8.928958E-05  6.568217E-05
3.944573E-04  9.038776E-05  6.587936E-05
3.981072E-04  9.140595E-05  6.683528E-05
4.017908E-04  9.235455E-05  6.668439E-05
4.055085E-04  9.324227E-05  6.745912E-05
4.092607E-04  9.407642E-05  6.839050E-05
4.130475E-04  9.486325E-05  7.053267E-05
4.168694E-04  9.560801E-05  7.093964E-05
4.207266E-04  9.981826E-05  7.358839E-05
4.246196E-04  9.981826E-05  7.257497E-05
4.285485E-04  9.981826E-05  7.207964E-05
4.325138E-04  1.020304E-04  7.295412E-05
4.365158E-04  1.020304E-04  7.463823E-05
4.405549E-04  1.042668E-04  7.617428E-05
4.446313E-04  1.042668E-04  7.619365E-05
4.487454E-04  1.084659E-04  7.836850E-05
4.528976E-04  1.092926E-04  7.815418E-05
4.570882E-04  1.101863E-04  7.841164E-05
4.613176E-04  1.111723E-04  7.893115E-05
4.655861E-04  1.122322E-04  7.990936E-05
4.698941E-04  1.133982E-04  8.136932E-05
4.742420E-04  1.146905E-04  8.207954E-05
4.786301E-04  1.161353E-04  8.255620E-05
4.830588E-04  1.177662E-04  8.332483E-05
4.875285E-04  1.196286E-04  8.494177E-05
4.920395E-04  1.217918E-04  8.569851E-05
4.965923E-04  1.216597E-04  8.654619E-05
5.011872E-04  1.230043E-04  8.726263E-05
5.058247E-04  1.249071E-04  8.728618E-05
5.105050E-04  1.265446E-04  8.999532E-05
5.152286E-04  1.293810E-04  9.123035E-05
5.199960E-04  1.303475E-04  9.059678E-05
5.248075E-04  1.300307E-04  9.118488E-05
5.296634E-04  1.313167E-04  9.170659E-05
5.345644E-04  1.360479E-04  9.509759E-05
5.395106E-04  1.371545E-04  9.595093E-05
5.445027E-04  1.382945E-04  9.693133E-05
5.495409E-04  1.381445E-04  9.620478E-05
5.546257E-04  1.431186E-04  9.971118E-05
5.597576E-04  1.445984E-04  9.874831E-05
5.649370E-04  1.461098E-04  1.008052E-04
5.701643E-04  1.479504E-04  1.013122E-04
5.754399E-04  1.471537E-04  1.015763E-04
5.807644E-04  1.492218E-04  1.028530E-04
5.861382E-04  1.513859E-04  1.028398E-04
5.915616E-04  1.536504E-04  1.033452E-04
5.970353E-04  1.560198E-04  1.058589E-04
6.025596E-04  1.584988E-04  1.076248E-04
6.081350E-04  1.582832E-04  1.082733E-04
6.137620E-04  1.609614E-04  1.098775E-04
6.194411E-04  1.629975E-04  1.113755E-04
6.251727E-04  1.649403E-04  1.129487E-04
6.309573E-04  1.669453E-04  1.125129E-04
6.367955E-04  1.690153E-04  1.144674E-04
6.426877E-04  1.711104E-04  1.164601E-04
6.486344E-04  1.731313E-04  1.170501E-04
6.546362E-04  1.757288E-04  1.194202E-04
6.606934E-04  1.780016E-04  1.190793E-04
6.668068E-04  1.804336E-04  1.208097E-04
6.729767E-04  1.829403E-04  1.243338E-04
6.792036E-04  1.855246E-04  1.239192E-04
6.854882E-04  1.874277E-04  1.251299E-04
6.918310E-04  1.886593E-04  1.257023E-04
6.982324E-04  1.930261E-04  1.283485E-04
7.046931E-04  1.923912E-04  1.276035E-04
7.112135E-04  1.971262E-04  1.301197E-04
7.177943E-04  1.966584E-04  1.304186E-04
7.244360E-04  2.011825E-04  1.327694E-04
7.311391E-04  2.035685E-04  1.329908E-04
7.379042E-04  2.040410E-04  1.351687E-04
7.447320E-04  2.105281E-04  1.378800E-04
7.516229E-04  2.137293E-04  1.394812E-04
7.585776E-04  2.137177E-04  1.400966E-04
7.655966E-04  2.147260E-04  1.410491E-04
7.726806E-04  2.182246E-04  1.423925E-04
7.798301E-04  2.211164E-04  1.428004E-04
7.870458E-04  2.247975E-04  1.458712E-04
7.943282E-04  2.252764E-04  1.458738E-04
8.016781E-04  2.294812E-04  1.486797E-04
8.090959E-04  2.303508E-04  1.482261E-04
8.165824E-04  2.331551E-04  1.498317E-04
8.241381E-04  2.387612E-04  1.546197E-04
8.317638E-04  2.408898E-04  1.553770E-04
8.394600E-04  2.430645E-04  1.550694E-04
8.472274E-04  2.452849E-04  1.574395E-04
8.550667E-04  2.495688E-04  1.593471E-04
8.629785E-04  2.515087E-04  1.591518E-04
8.709636E-04  2.540565E-04  1.606333E-04
8.790225E-04  2.573286E-04  1.638444E-04
8.871560E-04  2.606557E-04  1.649212E-04
8.953648E-04  2.662667E-04  1.683560E-04
9.036495E-04  2.695571E-04  1.717463E-04
9.120108E-04  2.692311E-04  1.707181E-04
9.204496E-04  2.749734E-04  1.724063E-04
9.289664E-04  2.769732E-04  1.743640E-04
9.375620E-04  2.817093E-04  1.775636E-04
9.462372E-04  2.839583E-04  1.778460E-04
9.549926E-04  2.860811E-04  1.778304E-04
9.638290E-04  2.895863E-04  1.815738E-04
9.727472E-04  2.923897E-04  1.821007E-04
9.817479E-04  2.975866E-04  1.847381E-04
9.908319E-04  3.013901E-04  1.858982E-04
1.000000E-03  3.038738E-04  1.877158E-04
1.009253E-03  3.084223E-04  1.909724E-04
1.018591E-03  3.130566E-04  1.942490E-04
1.028016E-03  3.174631E-04  1.954519E-04
1.037528E-03  3.174631E-04  1.957847E-04
1.047129E-03  3.242129E-04  1.985520E-04
1.056818E-03  3.287797E-04  2.032020E-04
1.066596E-03  3.295124E-04  2.018659E-04
1.076465E-03  3.345850E-04  2.040320E-04
1.086426E-03  3.398113E-04  2.062409E-04
1.096478E-03  3.430884E-04  2.088821E-04
1.106624E-03  3.480657E-04  2.112227E-04
1.116863E-03  3.523862E-04  2.118618E-04
1.127197E-03  3.520188E-04  2.134132E-04
1.137627E-03  3.606930E-04  2.177086E-04
1.148154E-03  3.651320E-04  2.208867E-04
1.158777E-03  3.696034E-04  2.229834E-04
1.169499E-03  3.705382E-04  2.213464E-04
1.180321E-03  3.753962E-04  2.261979E-04
1.191242E-03  3.808920E-04  2.274301E-04
1.202264E-03  3.866729E-04  2.300472E-04
1.213389E-03  3.927287E-04  2.344653E-04
1.224616E-03  3.957965E-04  2.345672E-04
1.235947E-03  3.986782E-04  2.356833E-04
1.247384E-03  4.062328E-04  2.393582E-04
1.258925E-03  4.112537E-04  2.421558E-04
1.270574E-03  4.162971E-04  2.444481E-04
1.282331E-03  4.199598E-04  2.460168E-04
1.294196E-03  4.223692E-04  2.480770E-04
1.306171E-03  4.276296E-04  2.507782E-04
1.318257E-03  4.341888E-04  2.530649E-04
1.330454E-03  4.405800E-04  2.568546E-04
1.342765E-03  4.465689E-04  2.611974E-04
1.355189E-03  4.479664E-04  2.600607E-04
1.367729E-03  4.533549E-04  2.615340E-04
1.380384E-03  4.641021E-04  2.683193E-04
1.393157E-03  4.692006E-04  2.730053E-04
1.406048E-03  4.683946E-04  2.696572E-04
1.419058E-03  4.761368E-04  2.730843E-04
1.432188E-03  4.817165E-04  2.752800E-04
1.445440E-03  4.888454E-04  2.798019E-04
1.458814E-03  4.953749E-04  2.856330E-04
1.472313E-03  4.989051E-04  2.843992E-04
1.485936E-03  5.035610E-04  2.856033E-04
1.499685E-03  5.101520E-04  2.886604E-04
1.513561E-03  5.157962E-04  2.945003E-04
1.527566E-03  5.233621E-04  2.965879E-04
1.541700E-03  5.299377E-04  2.992825E-04
1.555966E-03  5.348677E-04  3.034817E-04
1.570363E-03  5.448108E-04  3.060878E-04
1.584893E-03  5.488331E-04  3.094432E-04
1.599558E-03  5.547343E-04  3.111092E-04
1.614359E-03  5.625649E-04  3.168095E-04
1.629296E-03  5.662333E-04  3.180853E-04
1.644372E-03  5.760311E-04  3.225986E-04
1.659587E-03  5.801252E-04  3.236592E-04
1.674943E-03  5.904777E-04  3.276862E-04
1.690441E-03  5.950755E-04  3.286495E-04
1.706082E-03  6.019890E-04  3.349695E-04
1.721869E-03  6.074247E-04  3.364765E-04
1.737801E-03  6.131174E-04  3.356613E-04
1.753881E-03  6.253109E-04  3.449922E-04
1.770109E-03  6.315758E-04  3.481481E-04
1.786488E-03  6.397193E-04  3.502707E-04
1.803018E-03  6.462911E-04  3.524714E-04
1.819701E-03  6.531125E-04  3.527951E-04
1.836538E-03  6.601715E-04  3.600149E-04
1.853532E-03  6.674983E-04  3.641273E-04
1.870682E-03  6.717602E-04  3.642617E-04
1.887991E-03  6.840025E-04  3.671194E-04
1.905461E-03  6.947968E-04  3.769310E-04
1.923092E-03  6.979200E-04  3.743775E-04
1.940886E-03  7.030289E-04  3.765798E-04
1.958845E-03  7.141832E-04  3.813471E-04
1.976970E-03  7.215044E-04  3.870650E-04
1.995262E-03  7.310379E-04  3.892211E-04
2.013724E-03  7.398556E-04  3.927529E-04
2.032357E-03  7.493612E-04  3.949688E-04
2.051162E-03  7.581381E-04  4.017077E-04
2.070141E-03  7.670751E-04  4.035196E-04
2.089296E-03  7.721454E-04  4.060177E-04
2.108628E-03  7.836492E-04  4.105907E-04
2.128139E-03  7.945342E-04  4.157494E-04
2.147830E-03  8.048089E-04  4.225920E-04
2.167704E-03  8.069502E-04  4.189347E-04
2.187762E-03  8.197212E-04  4.263583E-04
2.208005E-03  8.260934E-04  4.264461E-04
2.228435E-03  8.422296E-04  4.362735E-04
2.249055E-03  8.490927E-04  4.360996E-04
2.269865E-03  8.603002E-04  4.438258E-04
2.290868E-03  8.669564E-04  4.435839E-04
2.312065E-03  8.790818E-04  4.516797E-04
2.333458E-03  8.883914E-04  4.526939E-04
2.355049E-03  8.958958E-04  4.558996E-04
2.376840E-03  9.103935E-04  4.635715E-04
2.398833E-03  9.182736E-04  4.683150E-04
2.421029E-03  9.261878E-04  4.679220E-04
2.443431E-03  9.421794E-04  4.763131E-04
2.466039E-03  9.503987E-04  4.791010E-04
2.488857E-03  9.609597E-04  4.814252E-04
2.511886E-03  9.753980E-04  4.929677E-04
2.535129E-03  9.810582E-04  4.919019E-04
2.558586E-03  9.963173E-04  4.981654E-04
2.582260E-03  1.001948E-03  5.000161E-04
2.606154E-03  1.019442E-03  5.086884E-04
2.630268E-03  1.024894E-03  5.094463E-04
2.654606E-03  1.036900E-03  5.147783E-04
2.679168E-03  1.049676E-03  5.201794E-04
2.703958E-03  1.064056E-03  5.216315E-04
2.728978E-03  1.079787E-03  5.287469E-04
2.754229E-03  1.087397E-03  5.345949E-04
2.779713E-03  1.099687E-03  5.349573E-04
2.805434E-03  1.112110E-03  5.472356E-04
2.831392E-03  1.126526E-03  5.502184E-04
2.857591E-03  1.141127E-03  5.562869E-04
2.884032E-03  1.150062E-03  5.572914E-04
2.910717E-03  1.163294E-03  5.623271E-04
2.937650E-03  1.172899E-03  5.703063E-04
2.964831E-03  1.189798E-03  5.774597E-04
2.992265E-03  1.198459E-03  5.809217E-04
3.019952E-03  1.217681E-03  5.838593E-04
3.047895E-03  1.235319E-03  5.973410E-04
3.076097E-03  1.246194E-03  5.947218E-04
3.104560E-03  1.256045E-03  5.983112E-04
3.133286E-03  1.276145E-03  6.079923E-04
3.162278E-03  1.287619E-03  6.113578E-04
3.191538E-03  1.304454E-03  6.183906E-04
3.221069E-03  1.317449E-03  6.175971E-04
3.250873E-03  1.333363E-03  6.289249E-04
3.280953E-03  1.343151E-03  6.280357E-04
3.311311E-03  1.361786E-03  6.362321E-04
3.341950E-03  1.374987E-03  6.433724E-04
3.372873E-03  1.389521E-03  6.458099E-04
3.404082E-03  1.407628E-03  6.548434E-04
3.435579E-03  1.425561E-03  6.644729E-04
3.467369E-03  1.445484E-03  6.704858E-04
3.499452E-03  1.459568E-03  6.742595E-04
3.531832E-03  1.469431E-03  6.767408E-04
3.564511E-03  1.493982E-03  6.834570E-04
3.597493E-03  1.508780E-03  6.922290E-04
3.630781E-03  1.517407E-03  6.912068E-04
3.664376E-03  1.544804E-03  7.014317E-04
3.698282E-03  1.554166E-03  7.039008E-04
3.732502E-03  1.573430E-03  7.106105E-04
3.767038E-03  1.595935E-03  7.222353E-04
3.801894E-03  1.608754E-03  7.236269E-04
3.837072E-03  1.633723E-03  7.377372E-04
3.872576E-03  1.651674E-03  7.409263E-04
3.908409E-03  1.663055E-03  7.442051E-04
3.944573E-03  1.683507E-03  7.454207E-04
3.981072E-03  1.706224E-03  7.568022E-04
4.017908E-03  1.716093E-03  7.577604E-04
4.055085E-03  1.747592E-03  7.750569E-04
4.092607E-03  1.755532E-03  7.700895E-04
4.130475E-03  1.776351E-03  7.848136E-04
4.168694E-03  1.804320E-03  7.948092E-04
4.207266E-03  1.815942E-03  7.944847E-04
4.246196E-03  1.843101E-03  8.043021E-04
4.285485E-03  1.859682E-03  8.117649E-04
4.325138E-03  1.879530E-03  8.197043E-04
4.365158E-03  1.891362E-03  8.150579E-04
4.405549E-03  1.921023E-03  8.309389E-04
4.446313E-03  1.936509E-03  8.299531E-04
4.487454E-03  1.962181E-03  8.438040E-04
4.528976E-03  1.976320E-03  8.461070E-04
4.570882E-03  2.017747E-03  8.647449E-04
4.613176E-03  2.035616E-03  8.673336E-04
4.655861E-03  2.054783E-03  8.800206E-04
4.698941E-03  2.078259E-03  8.863562E-04
4.742420E-03  2.099049E-03  8.838050E-04
4.786301E-03  2.124977E-03  8.996647E-04
4.830588E-03  2.141416E-03  9.027972E-04
4.875285E-03  2.161889E-03  9.026720E-04
4.920395E-03  2.183633E-03  9.116933E-04
4.965923E-03  2.211892E-03  9.163764E-04
5.011872E-03  2.239299E-03  9.283258E-04
5.058247E-03  2.265780E-03  9.380358E-04
5.105050E-03  2.291653E-03  9.461011E-04
5.152286E-03  2.311836E-03  9.518937E-04
5.199960E-03  2.342970E-03  9.632300E-04
5.248075E-03  2.371060E-03  9.704701E-04
5.296634E-03  2.388443E-03  9.726614E-04
5.345644E-03  2.421721E-03  9.778771E-04
5.395106E-03  2.443923E-03  9.913517E-04
5.445027E-03  2.468222E-03  9.918353E-04
5.495409E-03  2.497265E-03  1.009411E-03
5.546257E-03  2.516897E-03  1.001820E-03
5.597576E-03  2.550760E-03  1.020728E-03
5.649370E-03  2.584333E-03  1.030460E-03
5.701643E-03  2.604169E-03  1.034820E-03
5.754399E-03  2.637009E-03  1.037871E-03
5.807644E-03  2.662558E-03  1.043663E-03
5.861382E-03  2.686829E-03  1.054494E-03
5.915616E-03  2.722686E-03  1.068617E-03
5.970353E-03  2.744900E-03  1.068947E-03
6.025596E-03  2.778715E-03  1.080772E-03
6.081350E-03  2.817319E-03  1.099680E-03
6.137620E-03  2.839820E-03  1.105104E-03
6.194411E-03  2.873098E-03  1.115800E-03
6.251727E-03  2.906438E-03  1.118241E-03
6.309573E-03  2.945250E-03  1.140234E-03
6.367955E-03  2.961730E-03  1.134910E-03
6.426877E-03  2.997096E-03  1.138153E-03
6.486344E-03  3.019272E-03  1.144398E-03
6.546362E-03  3.056996E-03  1.166065E-03
6.606934E-03  3.090676E-03  1.168042E-03
6.668068E-03  3.132432E-03  1.184011E-03
6.729767E-03  3.162120E-03  1.190157E-03
6.792036E-03  3.211043E-03  1.208503E-03
6.854882E-03  3.228822E-03  1.207432E-03
6.918310E-03  3.267839E-03  1.216362E-03
6.982324E-03  3.314058E-03  1.232212E-03
7.046931E-03  3.337951E-03  1.233583E-03
7.112135E-03  3.371348E-03  1.242744E-03
7.177943E-03  3.414627E-03  1.253159E-03
7.244360E-03  3.445714E-03  1.265728E-03
7.311391E-03  3.490476E-03  1.276722E-03
7.379042E-03  3.512939E-03  1.275295E-03
7.447320E-03  3.555995E-03  1.286705E-03
7.516229E-03  3.599978E-03  1.298489E-03
7.585776E-03  3.633782E-03  1.303685E-03
7.655966E-03  3.684088E-03  1.329734E-03
7.726806E-03  3.718135E-03  1.328937E-03
7.798301E-03  3.758538E-03  1.345537E-03
7.870458E-03  3.807658E-03  1.352249E-03
7.943282E-03  3.847725E-03  1.368680E-03
8.016781E-03  3.877948E-03  1.370712E-03
8.090959E-03  3.910858E-03  1.368602E-03
8.165824E-03  3.967814E-03  1.395900E-03
8.241381E-03  4.004892E-03  1.412857E-03
8.317638E-03  4.049320E-03  1.413028E-03
8.394600E-03  4.097139E-03  1.421867E-03
8.472274E-03  4.143046E-03  1.434848E-03
8.550667E-03  4.170432E-03  1.427120E-03
8.629785E-03  4.238327E-03  1.463887E-03
8.709636E-03  4.275146E-03  1.463024E-03
8.790225E-03  4.320867E-03  1.478560E-03
8.871560E-03  4.367623E-03  1.475578E-03
8.953648E-03  4.400978E-03  1.484795E-03
9.036495E-03  4.444513E-03  1.499262E-03
9.120108E-03  4.485551E-03  1.502957E-03
9.204496E-03  4.547915E-03  1.512573E-03
9.289664E-03  4.600025E-03  1.529318E-03
9.375620E-03  4.636789E-03  1.526569E-03
9.462372E-03  4.699964E-03  1.552749E-03
9.549926E-03  4.754614E-03  1.554289E-03
9.638290E-03  4.785766E-03  1.555338E-03
9.727472E-03  4.847928E-03  1.577120E-03
9.817479E-03  4.899353E-03  1.589591E-03
9.908319E-03  4.945120E-03  1.599006E-03
1.000000E-02  4.999490E-03  1.607497E-03
1.198397E-02  6.150254E-03  1.845573E-03
1.396794E-02  7.332533E-03  2.027841E-03
1.595190E-02  8.501902E-03  2.195464E-03
1.793587E-02  9.727004E-03  2.364028E-03
1.991984E-02  1.097852E-02  2.508779E-03
2.190381E-02  1.222181E-02  2.634490E-03
2.388778E-02  1.349860E-02  2.784642E-03
2.587174E-02  1.480154E-02  2.866574E-03
2.785571E-02  1.609781E-02  2.955244E-03
2.983968E-02  1.740866E-02  3.043359E-03
3.182365E-02  1.876795E-02  3.135191E-03
3.380762E-02  2.016001E-02  3.246010E-03
3.579158E-02  2.153313E-02  3.321298E-03
3.777555E-02  2.295684E-02  3.396483E-03
3.975952E-02  2.437151E-02  3.387703E-03
4.174349E-02  2.582360E-02  3.503068E-03
4.372745E-02  2.733772E-02  3.574500E-03
4.571142E-02  2.881975E-02  3.654131E-03
4.769539E-02  3.031613E-02  3.680189E-03
4.967936E-02  3.188241E-02  3.677916E-03
5.166333E-02  3.341519E-02  3.742769E-03
5.364729E-02  3.497893E-02  3.759777E-03
5.563126E-02  3.657920E-02  3.888902E-03
5.761523E-02  3.825067E-02  3.915050E-03
5.959920E-02  3.985440E-02  3.922529E-03
6.158317E-02  4.144586E-02  3.891108E-03
6.356713E-02  4.303506E-02  3.860218E-03
6.555110E-02  4.486309E-02  4.065617E-03
6.753507E-02  4.658487E-02  4.103932E-03
6.951904E-02  4.818809E-02  3.992891E-03
7.150301E-02  4.998693E-02  4.061164E-03
7.348697E-02  5.178809E-02  4.084607E-03
7.547094E-02  5.357380E-02  4.243071E-03
7.745491E-02  5.538425E-02  4.231382E-03
7.943888E-02  5.722620E-02  4.214561E-03
8.142285E-02  5.908292E-02  4.237419E-03
8.340681E-02  6.080028E-02  4.153045E-03
8.539078E-02  6.276486E-02  4.298350E-03
8.737475E-02  6.459426E-02  4.337508E-03
8.935872E-02  6.659593E-02  4.308497E-03
9.134269E-02  6.846634E-02  4.372451E-03
9.332665E-02  7.042431E-02  4.341693E-03
9.531062E-02  7.244034E-02  4.390894E-03
9.729459E-02  7.438017E-02  4.478407E-03
9.927856E-02  7.641561E-02  4.417093E-03
1.012625E-01  7.832152E-02  4.399769E-03
1.032465E-01  8.044543E-02  4.456859E-03
1.052305E-01  8.234386E-02  4.310176E-03
1.072144E-01  8.441279E-02  4.651381E-03
1.091984E-01  8.663910E-02  4.742096E-03
1.111824E-01  8.868708E-02  4.452122E-03
1.131663E-01  9.068107E-02  4.476214E-03
1.151503E-01  9.297525E-02  4.686755E-03
1.171343E-01  9.482767E-02  4.549818E-03
1.191182E-01  9.710664E-02  4.689868E-03
1.211022E-01  9.927018E-02  4.629192E-03
1.230862E-01  1.016072E-01  4.677085E-03
1.250701E-01  1.037296E-01  4.730010E-03
1.270541E-01  1.060263E-01  4.867362E-03
1.290381E-01  1.079530E-01  4.566632E-03
1.310220E-01  1.102303E-01  4.815256E-03
1.330060E-01  1.124553E-01  4.899971E-03
1.349900E-01  1.147483E-01  4.758052E-03
1.369739E-01  1.171522E-01  4.838325E-03
1.389579E-01  1.192825E-01  4.764140E-03
1.409419E-01  1.215445E-01  4.746522E-03
1.429259E-01  1.239688E-01  5.005016E-03
1.449098E-01  1.263174E-01  4.775871E-03
1.468938E-01  1.288280E-01  4.888862E-03
1.488778E-01  1.311306E-01  4.998041E-03
1.508617E-01  1.333475E-01  4.895271E-03
1.528457E-01  1.356123E-01  4.727212E-03
1.548297E-01  1.383320E-01  5.317323E-03
1.568136E-01  1.407179E-01  5.187120E-03
1.587976E-01  1.428269E-01  5.161426E-03
1.607816E-01  1.455070E-01  4.994114E-03
1.627655E-01  1.480286E-01  5.156828E-03
1.647495E-01  1.503124E-01  4.980459E-03
1.667335E-01  1.524968E-01  5.239080E-03
1.687174E-01  1.551882E-01  5.268759E-03
1.707014E-01  1.579471E-01  5.475198E-03
1.726854E-01  1.602896E-01  5.220966E-03
1.746693E-01  1.629043E-01  5.622518E-03
1.766533E-01  1.651812E-01  5.205336E-03
1.786373E-01  1.675045E-01  5.216490E-03
1.806212E-01  1.702152E-01  5.501349E-03
1.826052E-01  1.728307E-01  5.391660E-03
1.845892E-01  1.755325E-01  5.605455E-03
1.865731E-01  1.779641E-01  5.387732E-03
1.885571E-01  1.802683E-01  5.202965E-03
1.905411E-01  1.831368E-01  5.427119E-03
1.925251E-01  1.854166E-01  5.525770E-03
1.945090E-01  1.881903E-01  5.643027E-03
1.964930E-01  1.908754E-01  5.692513E-03
1.984770E-01  1.932163E-01  5.202034E-03
2.004609E-01  1.960773E-01  5.648368E-03
2.024449E-01  1.986740E-01  5.603442E-03
2.044289E-01  2.012052E-01  4.961042E-03
2.064128E-01  2.035904E-01  5.859759E-03
2.083968E-01  2.066116E-01  5.573259E-03
2.103808E-01  2.096540E-01  5.913166E-03
2.123647E-01  2.119617E-01  5.296976E-03
2.143487E-01  2.142062E-01  6.107598E-03
2.163327E-01  2.173860E-01  5.783697E-03
2.183166E-01  2.198423E-01  5.279110E-03
2.203006E-01  2.222765E-01  6.147576E-03
2.222846E-01  2.253852E-01  5.804693E-03
2.242685E-01  2.285345E-01  5.891544E-03
2.262525E-01  2.307500E-01  5.414239E-03
2.282365E-01  2.334862E-01  6.095385E-03
2.302204E-01  2.357770E-01  6.384000E-03
2.322044E-01  2.389745E-01  5.060755E-03
2.341884E-01  2.415109E-01  5.937556E-03
2.361723E-01  2.443864E-01  6.161832E-03
2.381563E-01  2.472515E-01  6.147787E-03
2.401403E-01  2.502857E-01  5.481625E-03
2.421242E-01  2.526731E-01  6.114724E-03
2.441082E-01  2.554015E-01  6.307140E-03
2.460922E-01  2.586676E-01  6.178902E-03
2.480762E-01  2.610770E-01  5.717227E-03
2.500601E-01  2.638906E-01  6.084255E-03
2.520441E-01  2.669124E-01  6.388739E-03
2.540281E-01  2.698501E-01  5.988576E-03
2.560120E-01  2.721818E-01  6.038090E-03
2.579960E-01  2.754835E-01  6.370845E-03
2.599800E-01  2.784009E-01  6.368568E-03
2.619639E-01  2.806323E-01  5.237295E-03
2.639479E-01  2.831807E-01  6.502218E-03
2.659319E-01  2.866034E-01  6.435698E-03
2.679158E-01  2.899915E-01  6.933504E-03
2.698998E-01  2.919447E-01  5.824403E-03
2.718838E-01  2.949250E-01  6.390446E-03
2.738677E-01  2.977696E-01  6.395494E-03
2.758517E-01  3.012490E-01  6.479704E-03
2.778357E-01  3.034127E-01  5.764245E-03
2.798196E-01  3.065487E-01  6.168606E-03
2.818036E-01  3.093708E-01  6.323251E-03
2.837876E-01  3.125907E-01  6.106609E-03
2.857715E-01  3.152224E-01  6.686282E-03
2.877555E-01  3.186950E-01  7.510966E-03
2.897395E-01  3.205778E-01  6.238283E-03
2.917234E-01  3.240711E-01  6.182334E-03
2.937074E-01  3.265789E-01  5.971609E-03
2.956914E-01  3.295699E-01  6.356192E-03
2.976754E-01  3.322754E-01  6.270309E-03
2.996593E-01  3.350544E-01  5.905938E-03
3.016433E-01  3.385002E-01  6.360078E-03
3.036273E-01  3.419112E-01  7.700018E-03
3.056112E-01  3.438183E-01  6.176603E-03
3.075952E-01  3.474041E-01  6.548309E-03
3.095792E-01  3.497812E-01  6.086139E-03
3.115631E-01  3.529004E-01  6.200745E-03
3.135471E-01  3.559979E-01  6.631290E-03
3.155311E-01  3.592383E-01  6.256289E-03
3.175150E-01  3.614460E-01  5.980119E-03
3.194990E-01  3.644248E-01  6.667769E-03
3.214830E-01  3.679857E-01  6.493816E-03
3.234669E-01  3.702055E-01  6.946361E-03
3.254509E-01  3.731474E-01  5.380288E-03
3.274349E-01  3.757664E-01  6.469613E-03
3.294188E-01  3.796551E-01  7.160036E-03
3.314028E-01  3.815187E-01  7.432230E-03
3.333868E-01  3.849245E-01  5.923267E-03
3.353707E-01  3.878609E-01  6.741709E-03
3.373547E-01  3.915457E-01  6.924721E-03
3.393387E-01  3.935412E-01  7.109626E-03
3.413226E-01  3.970745E-01  5.344617E-03
3.433066E-01  3.999814E-01  6.254315E-03
3.452906E-01  4.028071E-01  6.883799E-03
3.472745E-01  4.058964E-01  6.431502E-03
3.492585E-01  4.093311E-01  6.925856E-03
3.512425E-01  4.114849E-01  6.579353E-03
3.532265E-01  4.148392E-01  6.804054E-03
3.552104E-01  4.175020E-01  6.509790E-03
3.571944E-01  4.210052E-01  6.603659E-03
3.591784E-01  4.234607E-01  5.640161E-03
3.611623E-01  4.261582E-01  6.104739E-03
3.631463E-01  4.290948E-01  7.106289E-03
3.651303E-01  4.320725E-01  6.603805E-03
3.671142E-01  4.350563E-01  6.633781E-03
3.690982E-01  4.382758E-01  6.325117E-03
3.710822E-01  4.412708E-01  6.599901E-03
3.730661E-01  4.443430E-01  6.727772E-03
3.750501E-01  4.476295E-01  6.739346E-03
3.770341E-01  4.501331E-01  5.291944E-03
3.790180E-01  4.537449E-01  7.088745E-03
3.810020E-01  4.559152E-01  7.043109E-03
3.829860E-01  4.590665E-01  6.365407E-03
3.849699E-01  4.626722E-01  7.117899E-03
3.869539E-01  4.648047E-01  6.123538E-03
3.889379E-01  4.685186E-01  6.900708E-03
3.909218E-01  4.713540E-01  6.560455E-03
3.929058E-01  4.733410E-01  7.218224E-03
3.948898E-01  4.770644E-01  5.506369E-03
3.968737E-01  4.797393E-01  6.068624E-03
3.988577E-01  4.838609E-01  9.188655E-03
4.008417E-01  4.857668E-01  5.504357E-03
4.028257E-01  4.879359E-01  7.148574E-03
4.048096E-01  4.913799E-01  5.419155E-03
4.067936E-01  4.943181E-01  5.909804E-03
4.087776E-01  4.983588E-01  7.625355E-03
4.107615E-01  5.002618E-01  5.883542E-03
4.127455E-01  5.033267E-01  6.518837E-03
4.147295E-01  5.062198E-01  5.011739E-03
4.167134E-01  5.099878E-01  7.536641E-03
4.186974E-01  5.119949E-01  6.893506E-03
4.206814E-01  5.155080E-01  5.644580E-03
4.226653E-01  5.189877E-01  8.724142E-03
4.246493E-01  5.207466E-01  5.322187E-03
4.266333E-01  5.238202E-01  6.289942E-03
4.286172E-01  5.266595E-01  6.859021E-03
4.306012E-01  5.295795E-01  5.727650E-03
4.325852E-01  5.323997E-01  6.892087E-03
4.345691E-01  5.355150E-01  4.734441E-03
4.365531E-01  5.381291E-01  6.476673E-03
4.385371E-01  5.424858E-01  8.243097E-03
4.405210E-01  5.449556E-01  5.829168E-03
4.425050E-01  5.466120E-01  8.196266E-03
4.444890E-01  5.500293E-01  5.354166E-03
4.464729E-01  5.532203E-01  5.863570E-03
4.484569E-01  5.569931E-01  7.418271E-03
4.504409E-01  5.596643E-01  5.630157E-03
4.524248E-01  5.622889E-01  6.048102E-03
4.544088E-01  5.648135E-01  4.240536E-03
4.563928E-01  5.676720E-01  5.799317E-03
4.583768E-01  5.717561E-01  9.877836E-03
4.603607E-01  5.739210E-01  4.667582E-03
4.623447E-01  5.756036E-01  5.116633E-03
4.643287E-01  5.789690E-01  6.203965E-03
4.663126E-01  5.818009E-01  6.245674E-03
4.682966E-01  5.856722E-01  6.243147E-03
4.702806E-01  5.884946E-01  7.087840E-03
4.722645E-01  5.901771E-01  5.912578E-03
4.742485E-01  5.929944E-01  6.767636E-03
4.762325E-01  5.961862E-01  4.611948E-03
4.782164E-01  5.997268E-01  5.931259E-03
4.802004E-01  6.032332E-01  8.170258E-03
4.821844E-01  6.049383E-01  4.896683E-03
4.841683E-01  6.069479E-01  5.175493E-03
4.861523E-01  6.104798E-01  5.275215E-03
4.881363E-01  6.131396E-01  6.462651E-03
4.901202E-01  6.156086E-01  5.990846E-03
4.921042E-01  6.183931E-01  7.241721E-03
4.940882E-01  6.214891E-01  5.640879E-03
4.960721E-01  6.245161E-01  6.498379E-03
4.980561E-01  6.273785E-01  3.933093E-03
5.000401E-01  6.302287E-01  5.489372E-03
5.020240E-01  6.320661E-01  8.770542E-03
5.040080E-01  6.353394E-01  5.504570E-03
5.059920E-01  6.382057E-01  3.941596E-03
5.079760E-01  6.421429E-01  7.957094E-03
5.099599E-01  6.437720E-01  4.433548E-03
5.119439E-01  6.476879E-01  6.382015E-03
5.139279E-01  6.491465E-01  5.908969E-03
5.159118E-01  6.518590E-01  4.995677E-03
5.178958E-01  6.553791E-01  5.622014E-03
5.198798E-01  6.586200E-01  5.332860E-03
5.218637E-01  6.603836E-01  4.027758E-03
5.238477E-01  6.638035E-01  5.554414E-03
5.258317E-01  6.673415E-01  9.363982E-03
5.278156E-01  6.694215E-01  5.799675E-03
5.297996E-01  6.709248E-01  3.787718E-03
5.317836E-01  6.749863E-01  8.180179E-03
5.337675E-01  6.765287E-01  4.238827E-03
5.357515E-01  6.805795E-01  6.974131E-03
5.377355E-01  6.821080E-01  5.006612E-03
5.397194E-01  6.854792E-01  5.471539E-03
5.417034E-01  6.869210E-01  6.205153E-03
5.436874E-01  6.900083E-01  6.009215E-03
5.456713E-01  6.928991E-01  3.609960E-03
5.476553E-01  6.953715E-01  5.376950E-03
5.496393E-01  6.975129E-01  6.557972E-03
5.516232E-01  7.013149E-01  5.685257E-03
5.536072E-01  7.028875E-01  5.241544E-03
5.555912E-01  7.052147E-01  4.340962E-03
5.575752E-01  7.083690E-01  5.701428E-03
5.595591E-01  7.107490E-01  5.373504E-03
5.615431E-01  7.138245E-01  5.196109E-03
5.635271E-01  7.158858E-01  5.759282E-03
5.655110E-01  7.198319E-01  5.827572E-03
5.674950E-01  7.223615E-01  6.440347E-03
5.694790E-01  7.239787E-01  5.855260E-03
5.714629E-01  7.268064E-01  3.895807E-03
5.734469E-01  7.290263E-01  5.369198E-03
5.754309E-01  7.313154E-01  4.252539E-03
5.774148E-01  7.355245E-01  7.752570E-03
5.793988E-01  7.371697E-01  4.714144E-03
5.813828E-01  7.388167E-01  3.049278E-03
5.833667E-01  7.411035E-01  5.437726E-03
5.853507E-01  7.436649E-01  5.500960E-03
5.873347E-01  7.467548E-01  5.532174E-03
5.893186E-01  7.488065E-01  5.757608E-03
5.913026E-01  7.526675E-01  6.430298E-03
5.932866E-01  7.539170E-01  5.581088E-03
5.952705E-01  7.570746E-01  5.868982E-03
5.972545E-01  7.587654E-01  5.721420E-03
5.992385E-01  7.617082E-01  3.990615E-03
6.012224E-01  7.637961E-01  4.734911E-03
6.032064E-01  7.658025E-01  4.356297E-03
6.051904E-01  7.702961E-01  1.000812E-02
6.071743E-01  7.705488E-01  6.174843E-03
6.091583E-01  7.739894E-01  4.324543E-03
6.111423E-01  7.751808E-01  4.137434E-03
6.131263E-01  7.781908E-01  5.550061E-03
6.151102E-01  7.803258E-01  5.081127E-03
6.170942E-01  7.840814E-01  6.083573E-03
6.190782E-01  7.858900E-01  5.161455E-03
6.210621E-01  7.876400E-01  5.504004E-03
6.230461E-01  7.903661E-01  4.048237E-03
6.250301E-01  7.926023E-01  5.206537E-03
6.270140E-01  7.943683E-01  5.448876E-03
6.289980E-01  7.972351E-01  3.900538E-03
6.309820E-01  7.990564E-01  4.817150E-03
6.329659E-01  8.022355E-01  5.204525E-03
6.349499E-01  8.028548E-01  6.907157E-03
6.369339E-01  8.063877E-01  5.225009E-03
6.389178E-01  8.081828E-01  4.481868E-03
6.409018E-01  8.099800E-01  3.530496E-03
6.428858E-01  8.119849E-01  5.317632E-03
6.448697E-01  8.151989E-01  5.532935E-03
6.468537E-01  8.166362E-01  5.079422E-03
6.488377E-01  8.202919E-01  5.867514E-03
6.508216E-01  8.221165E-01  5.473393E-03
6.528056E-01  8.239431E-01  5.937540E-03
6.547896E-01  8.267752E-01  5.760211E-03
6.567735E-01  8.289446E-01  6.799842E-03
6.587575E-01  8.307875E-01  6.488739E-03
6.607415E-01  8.330455E-01  6.208417E-03
6.627255E-01  8.343705E-01  4.908764E-03
6.647094E-01  8.363137E-01  4.620311E-03
6.666934E-01  8.377550E-01  5.932172E-03
6.686774E-01  8.395910E-01  6.653474E-03
6.706613E-01  8.430412E-01  5.464241E-03
6.726453E-01  8.449138E-01  4.099856E-03
6.746293E-01  8.467885E-01  3.176224E-03
6.766132E-01  8.480637E-01  4.698049E-03
6.785972E-01  8.504654E-01  5.759140E-03
6.805812E-01  8.523465E-01  5.418673E-03
6.825651E-01  8.545212E-01  5.747676E-03
6.845491E-01  8.572565E-01  4.637546E-03
6.865331E-01  8.591592E-01  5.508050E-03
6.885170E-01  8.610639E-01  5.461467E-03
6.905010E-01  8.630883E-01  5.712489E-03
6.924850E-01  8.641843E-01  5.389317E-03
6.944689E-01  8.658437E-01  5.929314E-03
6.964529E-01  8.680229E-01  5.951909E-03
6.984369E-01  8.708759E-01  4.060242E-03
7.004208E-01  8.722146E-01  3.873965E-03
7.024048E-01  8.741029E-01  4.893750E-03
7.043888E-01  8.752811E-01  5.479469E-03
7.063727E-01  8.769338E-01  5.643328E-03
7.083567E-01  8.805093E-01  6.279414E-03
7.103407E-01  8.824610E-01  7.205616E-03
7.123246E-01  8.824610E-01  6.889920E-03
7.143086E-01  8.846435E-01  4.337134E-03
7.162926E-01  8.862584E-01  4.935294E-03
7.182766E-01  8.884768E-01  5.954273E-03
7.202605E-01  8.897419E-01  6.272594E-03
7.222445E-01  8.915058E-01  5.389277E-03
7.242285E-01  8.945444E-01  5.631002E-03
7.262124E-01  8.950358E-01  6.292839E-03
7.281964E-01  8.970182E-01  5.280525E-03
7.301804E-01  8.990027E-01  5.471701E-03
7.321643E-01  9.011002E-01  5.169327E-03
7.341483E-01  9.019035E-01  5.959381E-03
7.361323E-01  9.036391E-01  5.207035E-03
7.381162E-01  9.060745E-01  5.785148E-03
7.401002E-01  9.084701E-01  8.002448E-03
7.420842E-01  9.094128E-01  4.892283E-03
7.440681E-01  9.106144E-01  4.514259E-03
7.460521E-01  9.121965E-01  4.650258E-03
7.480361E-01  9.127597E-01  7.123380E-03
7.500200E-01  9.147704E-01  4.853351E-03
7.520040E-01  9.156528E-01  7.726054E-03
7.539880E-01  9.187920E-01  5.579082E-03
7.559719E-01  9.208244E-01  7.411582E-03
7.579559E-01  9.208244E-01  5.961168E-03
7.599399E-01  9.228591E-01  5.176116E-03
7.619238E-01  9.239998E-01  5.715468E-03
7.639078E-01  9.254732E-01  5.899865E-03
7.658918E-01  9.273575E-01  5.729525E-03
7.678758E-01  9.277986E-01  7.241806E-03
7.698597E-01  9.298109E-01  5.582903E-03
7.718437E-01  9.313836E-01  5.309545E-03
7.738277E-01  9.336297E-01  5.750673E-03
7.758116E-01  9.336297E-01  7.715490E-03
7.777956E-01  9.356934E-01  5.290998E-03
7.797796E-01  9.377594E-01  7.338425E-03
7.817635E-01  9.383524E-01  5.596676E-03
7.837475E-01  9.388450E-01  7.955750E-03
7.857315E-01  9.406386E-01  6.368882E-03
7.877154E-01  9.428593E-01  6.547735E-03
7.896994E-01  9.428544E-01  8.359176E-03
7.916834E-01  9.449424E-01  6.362016E-03
7.936673E-01  9.449424E-01  9.742828E-03
7.956513E-01  9.483934E-01  5.838899E-03
7.976353E-01  9.492412E-01  5.129158E-03
7.996192E-01  9.502464E-01  4.798132E-03
8.016032E-01  9.514557E-01  4.889319E-03
8.035872E-01  9.513368E-01  7.270161E-03
8.055711E-01  9.534764E-01  5.390201E-03
8.075551E-01  9.542770E-01  6.008229E-03
8.095391E-01  9.548133E-01  6.825997E-03
8.115230E-01  9.578893E-01  8.329096E-03
8.135070E-01  9.578893E-01  6.442606E-03
8.154910E-01  9.600041E-01  8.160896E-03
8.174749E-01  9.600041E-01  6.448459E-03
8.194589E-01  9.621784E-01  7.823670E-03
8.214429E-01  9.629379E-01  6.514097E-03
8.234269E-01  9.637862E-01  5.448001E-03
8.254108E-01  9.647386E-01  5.424103E-03
8.273948E-01  9.658139E-01  5.500111E-03
8.293788E-01  9.670356E-01  5.995149E-03
8.313627E-01  9.663014E-01  7.897117E-03
8.333467E-01  9.679118E-01  6.564488E-03
8.353307E-01  9.692841E-01  6.259099E-03
8.373146E-01  9.699032E-01  6.538053E-03
8.392986E-01  9.713052E-01  7.106699E-03
8.412826E-01  9.715091E-01  8.138898E-03
8.432665E-01  9.730381E-01  6.882184E-03
8.452505E-01  9.730381E-01  8.252523E-03
8.472345E-01  9.751848E-01  7.097917E-03
8.492184E-01  9.751848E-01  7.412063E-03
8.512024E-01  9.773339E-01  9.552383E-03
8.531864E-01  9.778474E-01  7.719626E-03
8.551703E-01  9.784787E-01  6.402912E-03
8.571543E-01  9.793543E-01  7.823691E-03
8.591383E-01  9.788534E-01  1.007649E-02
8.611222E-01  9.802981E-01  8.600589E-03
8.631062E-01  9.818275E-01  7.492390E-03
8.650902E-01  9.823182E-01  7.696461E-03
8.670741E-01  9.810148E-01  1.242628E-02
8.690581E-01  9.846266E-01  8.782740E-03
8.710421E-01  9.846266E-01  8.299765E-03
8.730261E-01  9.846266E-01  1.035951E-02
8.750100E-01  9.846266E-01  1.254250E-02
8.769940E-01  9.867955E-01  1.085777E-02
8.789780E-01  9.867955E-01  1.030128E-02
8.809619E-01  9.867955E-01  1.190064E-02
8.829459E-01  9.868212E-01  1.284818E-02
8.849299E-01  9.894922E-01  9.956799E-03
8.869138E-01  9.899929E-01  9.272800E-03
8.888978E-01  9.891355E-01  1.025536E-02
8.908818E-01  9.891355E-01  1.089928E-02
8.928657E-01  9.904846E-01  9.950937E-03
8.948497E-01  9.904846E-01  9.868693E-03
8.968337E-01  9.904846E-01  1.171903E-02
8.988176E-01  9.941138E-01  1.177577E-02
9.008016E-01  9.941138E-01  8.533131E-03
9.027856E-01  9.941138E-01  8.563763E-03
9.047695E-01  9.941138E-01  8.071037E-03
9.067535E-01  9.941138E-01  8.362577E-03
9.087375E-01  9.941138E-01  8.759625E-03
9.107214E-01  9.941138E-01  9.814331E-03
9.127054E-01  9.963027E-01  6.729320E-03
9.146894E-01  9.978012E-01  7.316681E-03
9.166733E-01  9.978012E-01  5.767274E-03
9.186573E-01  9.978012E-01  5.050928E-03
9.206413E-01  9.978012E-01  5.405897E-03
9.226253E-01  9.978012E-01  5.301028E-03
9.246092E-01  9.978012E-01  6.145751E-03
9.265932E-01  9.978012E-01  6.826323E-03
9.285772E-01  1.000000E+00  6.151725E-03
9.305611E-01  1.000000E+00  4.349926E-03
9.325451E-01  1.000000E+00  3.476592E-03
9.345291E-01  1.000000E+00  3.109559E-03
9.365130E-01  1.000000E+00  2.692957E-03
9.384970E-01  1.000000E+00  2.692957E-03
9.404810E-01  1.000000E+00  2.198790E-03
9.424649E-01  1.000000E+00  2.198790E-03
9.444489E-01  1.000000E+00  2.198790E-03
9.464329E-01  1.000000E+00  2.198790E-03
9.484168E-01  1.000000E+00  2.198790E-03
9.504008E-01  1.000000E+00  1.554779E-03
9.523848E-01  1.000000E+00  1.554779E-03
9.543687E-01  1.000000E+00  1.554779E-03
9.563527E-01  1.000000E+00  0.000000E+00
9.583367E-01  1.000000E+00  0.000000E+00
9.603206E-01  1.000000E+00  0.000000E+00
9.623046E-01  1.000000E+00  0.000000E+00
9.642886E-01  1.000000E+00  0.000000E+00
9.662725E-01  1.000000E+00  0.000000E+00
9.682565E-01  1.000000E+00  0.000000E+00
9.702405E-01  1.000000E+00  0.000000E+00
9.722244E-01  1.000000E+00  0.000000E+00
9.742084E-01  1.000000E+00  0.000000E+00
9.761924E-01  1.000000E+00  0.000000E+00
9.781764E-01  1.000000E+00  0.000000E+00
9.801603E-01  1.000000E+00  0.000000E+00
9.821443E-01  1.000000E+00  0.000000E+00
9.841283E-01  1.000000E+00  0.000000E+00
9.861122E-01  1.000000E+00  0.000000E+00
9.880962E-01  1.000000E+00  0.000000E+00
9.900802E-01  1.000000E+00  0.000000E+00
9.920641E-01  1.000000E+00  0.000000E+00
9.940481E-01  1.000000E+00  0.000000E+00
9.960321E-01  1.000000E+00  0.000000E+00
9.980160E-01  1.000000E+00  0.000000E+00
1.000000E+00  1.000000E+00  0.000000E+00
