2.9725e-1 5.5008e-1 0.0488625
5.8489e-1 4.7539e-2 0.007125
7.8608e-1 4.6690e-2 0.009091
1.4636e-1 4.8083e-1 0.0447788
3.887e-1 3.2849e-2 0.004794
3.0602e-1 3.5173e-2 0.015536
3.932e-1 5.1857e-2 0.003801
2.0374e-1 6.5928e-2 0.015537
4.9235e-1 4.6454e-2 0.006957
5.1054e-1 5.2858e-2 0.004211
1.0021 4.4446e-2 0.007407
4.4848e-1 5.4883e-2 0.006225
1.1332 3.9381e-2 0.003478
1.4523 4.0787e-2 0.003844
4.0754e-2 2.0176e-2 0.015011
9.0625e-2 4.2684e-2 0.024348
1.5889e-1 6.0795e-2 0.029107
2.4397e-1 6.0047e-2 0.025263
3.5193e-1 5.8746e-2 0.016109
4.8070e-1 5.2498e-2 0.009885
6.255e-1 4.7162e-2 0.008604
7.8853e-1 4.7682e-2 0.009153
9.7217e-1 4.9662e-2 0.009519
1.1790 4.3217e-2 0.010251
1.4021 3.1826e-2 0.012265
1.6455 2.9584e-2 0.013180999