Q0 = 0.530 GeV	 Q = 1.581 GeV
x	 x*(uv-dv)
1.000E-04	1.923E-03	2.252E-03
1.009E-04	1.936E-03	2.266E-03
1.019E-04	1.949E-03	2.281E-03
1.028E-04	1.962E-03	2.295E-03
1.038E-04	1.975E-03	2.310E-03
1.047E-04	1.988E-03	2.325E-03
1.057E-04	2.001E-03	2.339E-03
1.067E-04	2.015E-03	2.354E-03
1.076E-04	2.028E-03	2.369E-03
1.086E-04	2.042E-03	2.384E-03
1.096E-04	2.056E-03	2.400E-03
1.107E-04	2.069E-03	2.415E-03
1.117E-04	2.083E-03	2.430E-03
1.127E-04	2.097E-03	2.446E-03
1.138E-04	2.111E-03	2.461E-03
1.148E-04	2.125E-03	2.477E-03
1.159E-04	2.140E-03	2.493E-03
1.169E-04	2.154E-03	2.509E-03
1.180E-04	2.168E-03	2.524E-03
1.191E-04	2.183E-03	2.541E-03
1.202E-04	2.198E-03	2.557E-03
1.213E-04	2.212E-03	2.573E-03
1.225E-04	2.227E-03	2.589E-03
1.236E-04	2.242E-03	2.606E-03
1.247E-04	2.257E-03	2.622E-03
1.259E-04	2.272E-03	2.639E-03
1.271E-04	2.287E-03	2.656E-03
1.282E-04	2.303E-03	2.673E-03
1.294E-04	2.318E-03	2.690E-03
1.306E-04	2.334E-03	2.707E-03
1.318E-04	2.349E-03	2.724E-03
1.330E-04	2.365E-03	2.742E-03
1.343E-04	2.381E-03	2.759E-03
1.355E-04	2.397E-03	2.777E-03
1.368E-04	2.413E-03	2.794E-03
1.380E-04	2.429E-03	2.812E-03
1.393E-04	2.445E-03	2.830E-03
1.406E-04	2.462E-03	2.848E-03
1.419E-04	2.478E-03	2.866E-03
1.432E-04	2.495E-03	2.884E-03
1.445E-04	2.512E-03	2.903E-03
1.459E-04	2.528E-03	2.921E-03
1.472E-04	2.545E-03	2.940E-03
1.486E-04	2.562E-03	2.958E-03
1.500E-04	2.580E-03	2.977E-03
1.514E-04	2.597E-03	2.996E-03
1.528E-04	2.614E-03	3.015E-03
1.542E-04	2.632E-03	3.034E-03
1.556E-04	2.649E-03	3.054E-03
1.570E-04	2.667E-03	3.073E-03
1.585E-04	2.685E-03	3.093E-03
1.600E-04	2.703E-03	3.112E-03
1.614E-04	2.721E-03	3.132E-03
1.629E-04	2.739E-03	3.152E-03
1.644E-04	2.758E-03	3.172E-03
1.660E-04	2.776E-03	3.192E-03
1.675E-04	2.795E-03	3.213E-03
1.690E-04	2.813E-03	3.233E-03
1.706E-04	2.832E-03	3.254E-03
1.722E-04	2.851E-03	3.274E-03
1.738E-04	2.870E-03	3.295E-03
1.754E-04	2.890E-03	3.316E-03
1.770E-04	2.909E-03	3.337E-03
1.786E-04	2.928E-03	3.359E-03
1.803E-04	2.948E-03	3.380E-03
1.820E-04	2.968E-03	3.402E-03
1.837E-04	2.988E-03	3.423E-03
1.854E-04	3.008E-03	3.445E-03
1.871E-04	3.028E-03	3.467E-03
1.888E-04	3.048E-03	3.489E-03
1.905E-04	3.069E-03	3.511E-03
1.923E-04	3.089E-03	3.534E-03
1.941E-04	3.110E-03	3.556E-03
1.959E-04	3.131E-03	3.579E-03
1.977E-04	3.152E-03	3.601E-03
1.995E-04	3.173E-03	3.624E-03
2.014E-04	3.194E-03	3.647E-03
2.032E-04	3.215E-03	3.671E-03
2.051E-04	3.237E-03	3.694E-03
2.070E-04	3.259E-03	3.717E-03
2.089E-04	3.280E-03	3.741E-03
2.109E-04	3.302E-03	3.765E-03
2.128E-04	3.324E-03	3.789E-03
2.148E-04	3.347E-03	3.813E-03
2.168E-04	3.369E-03	3.837E-03
2.188E-04	3.392E-03	3.862E-03
2.208E-04	3.414E-03	3.886E-03
2.228E-04	3.437E-03	3.911E-03
2.249E-04	3.460E-03	3.936E-03
2.270E-04	3.483E-03	3.961E-03
2.291E-04	3.507E-03	3.986E-03
2.312E-04	3.530E-03	4.012E-03
2.333E-04	3.554E-03	4.037E-03
2.355E-04	3.578E-03	4.063E-03
2.377E-04	3.602E-03	4.089E-03
2.399E-04	3.626E-03	4.115E-03
2.421E-04	3.650E-03	4.141E-03
2.443E-04	3.675E-03	4.167E-03
2.466E-04	3.699E-03	4.194E-03
2.489E-04	3.724E-03	4.220E-03
2.512E-04	3.749E-03	4.247E-03
2.535E-04	3.774E-03	4.274E-03
2.559E-04	3.799E-03	4.302E-03
2.582E-04	3.825E-03	4.329E-03
2.606E-04	3.850E-03	4.356E-03
2.630E-04	3.876E-03	4.384E-03
2.655E-04	3.902E-03	4.412E-03
2.679E-04	3.928E-03	4.440E-03
2.704E-04	3.954E-03	4.468E-03
2.729E-04	3.981E-03	4.497E-03
2.754E-04	4.008E-03	4.526E-03
2.780E-04	4.034E-03	4.554E-03
2.805E-04	4.061E-03	4.583E-03
2.831E-04	4.089E-03	4.613E-03
2.858E-04	4.116E-03	4.642E-03
2.884E-04	4.144E-03	4.671E-03
2.911E-04	4.171E-03	4.701E-03
2.938E-04	4.199E-03	4.731E-03
2.965E-04	4.227E-03	4.761E-03
2.992E-04	4.256E-03	4.792E-03
3.020E-04	4.284E-03	4.822E-03
3.048E-04	4.313E-03	4.853E-03
3.076E-04	4.342E-03	4.884E-03
3.105E-04	4.371E-03	4.915E-03
3.133E-04	4.400E-03	4.946E-03
3.162E-04	4.430E-03	4.978E-03
3.192E-04	4.459E-03	5.009E-03
3.221E-04	4.489E-03	5.041E-03
3.251E-04	4.519E-03	5.073E-03
3.281E-04	4.549E-03	5.106E-03
3.311E-04	4.580E-03	5.138E-03
3.342E-04	4.611E-03	5.171E-03
3.373E-04	4.641E-03	5.204E-03
3.404E-04	4.673E-03	5.237E-03
3.436E-04	4.704E-03	5.270E-03
3.467E-04	4.735E-03	5.304E-03
3.499E-04	4.767E-03	5.338E-03
3.532E-04	4.799E-03	5.372E-03
3.565E-04	4.831E-03	5.406E-03
3.597E-04	4.863E-03	5.440E-03
3.631E-04	4.896E-03	5.475E-03
3.664E-04	4.929E-03	5.510E-03
3.698E-04	4.962E-03	5.545E-03
3.733E-04	4.995E-03	5.580E-03
3.767E-04	5.029E-03	5.616E-03
3.802E-04	5.062E-03	5.651E-03
3.837E-04	5.096E-03	5.687E-03
3.873E-04	5.130E-03	5.724E-03
3.908E-04	5.165E-03	5.760E-03
3.945E-04	5.199E-03	5.797E-03
3.981E-04	5.234E-03	5.834E-03
4.018E-04	5.269E-03	5.871E-03
4.055E-04	5.304E-03	5.908E-03
4.093E-04	5.340E-03	5.946E-03
4.130E-04	5.376E-03	5.984E-03
4.169E-04	5.412E-03	6.022E-03
4.207E-04	5.448E-03	6.060E-03
4.246E-04	5.484E-03	6.099E-03
4.285E-04	5.521E-03	6.138E-03
4.325E-04	5.558E-03	6.177E-03
4.365E-04	5.595E-03	6.216E-03
4.406E-04	5.633E-03	6.256E-03
4.446E-04	5.670E-03	6.296E-03
4.487E-04	5.708E-03	6.336E-03
4.529E-04	5.747E-03	6.376E-03
4.571E-04	5.785E-03	6.417E-03
4.613E-04	5.824E-03	6.458E-03
4.656E-04	5.863E-03	6.499E-03
4.699E-04	5.902E-03	6.540E-03
4.742E-04	5.942E-03	6.582E-03
4.786E-04	5.981E-03	6.624E-03
4.831E-04	6.022E-03	6.666E-03
4.875E-04	6.062E-03	6.709E-03
4.920E-04	6.102E-03	6.752E-03
4.966E-04	6.143E-03	6.795E-03
5.012E-04	6.184E-03	6.838E-03
5.058E-04	6.226E-03	6.882E-03
5.105E-04	6.268E-03	6.925E-03
5.152E-04	6.310E-03	6.970E-03
5.200E-04	6.352E-03	7.014E-03
5.248E-04	6.394E-03	7.059E-03
5.297E-04	6.437E-03	7.104E-03
5.346E-04	6.480E-03	7.149E-03
5.395E-04	6.524E-03	7.195E-03
5.445E-04	6.567E-03	7.241E-03
5.495E-04	6.611E-03	7.287E-03
5.546E-04	6.656E-03	7.333E-03
5.598E-04	6.700E-03	7.380E-03
5.649E-04	6.745E-03	7.427E-03
5.702E-04	6.790E-03	7.474E-03
5.754E-04	6.836E-03	7.522E-03
5.808E-04	6.882E-03	7.570E-03
5.861E-04	6.928E-03	7.618E-03
5.916E-04	6.974E-03	7.667E-03
5.970E-04	7.021E-03	7.716E-03
6.026E-04	7.068E-03	7.765E-03
6.081E-04	7.115E-03	7.815E-03
6.138E-04	7.163E-03	7.865E-03
6.194E-04	7.211E-03	7.915E-03
6.252E-04	7.259E-03	7.965E-03
6.310E-04	7.308E-03	8.016E-03
6.368E-04	7.357E-03	8.067E-03
6.427E-04	7.406E-03	8.119E-03
6.486E-04	7.455E-03	8.170E-03
6.546E-04	7.505E-03	8.223E-03
6.607E-04	7.556E-03	8.275E-03
6.668E-04	7.606E-03	8.328E-03
6.730E-04	7.657E-03	8.381E-03
6.792E-04	7.708E-03	8.435E-03
6.855E-04	7.760E-03	8.488E-03
6.918E-04	7.812E-03	8.543E-03
6.982E-04	7.864E-03	8.597E-03
7.047E-04	7.917E-03	8.652E-03
7.112E-04	7.970E-03	8.707E-03
7.178E-04	8.023E-03	8.763E-03
7.244E-04	8.077E-03	8.819E-03
7.311E-04	8.131E-03	8.875E-03
7.379E-04	8.186E-03	8.932E-03
7.447E-04	8.241E-03	8.989E-03
7.516E-04	8.296E-03	9.046E-03
7.586E-04	8.351E-03	9.104E-03
7.656E-04	8.407E-03	9.162E-03
7.727E-04	8.464E-03	9.221E-03
7.798E-04	8.520E-03	9.280E-03
7.870E-04	8.577E-03	9.339E-03
7.943E-04	8.635E-03	9.399E-03
8.017E-04	8.693E-03	9.459E-03
8.091E-04	8.751E-03	9.519E-03
8.166E-04	8.809E-03	9.580E-03
8.241E-04	8.868E-03	9.641E-03
8.318E-04	8.928E-03	9.703E-03
8.395E-04	8.988E-03	9.765E-03
8.472E-04	9.048E-03	9.827E-03
8.551E-04	9.108E-03	9.890E-03
8.630E-04	9.169E-03	9.953E-03
8.710E-04	9.231E-03	1.002E-02
8.790E-04	9.293E-03	1.008E-02
8.872E-04	9.355E-03	1.015E-02
8.954E-04	9.418E-03	1.021E-02
9.036E-04	9.481E-03	1.028E-02
9.120E-04	9.544E-03	1.034E-02
9.204E-04	9.608E-03	1.041E-02
9.290E-04	9.673E-03	1.047E-02
9.376E-04	9.737E-03	1.054E-02
9.462E-04	9.803E-03	1.061E-02
9.550E-04	9.868E-03	1.068E-02
9.638E-04	9.934E-03	1.074E-02
9.727E-04	1.000E-02	1.081E-02
9.817E-04	1.007E-02	1.088E-02
9.908E-04	1.014E-02	1.095E-02
1.000E-03	1.020E-02	1.102E-02
1.009E-03	1.027E-02	1.109E-02
1.019E-03	1.034E-02	1.116E-02
1.028E-03	1.041E-02	1.123E-02
1.038E-03	1.048E-02	1.131E-02
1.047E-03	1.055E-02	1.138E-02
1.057E-03	1.062E-02	1.145E-02
1.067E-03	1.069E-02	1.153E-02
1.076E-03	1.076E-02	1.160E-02
1.086E-03	1.084E-02	1.167E-02
1.096E-03	1.091E-02	1.175E-02
1.107E-03	1.098E-02	1.182E-02
1.117E-03	1.105E-02	1.190E-02
1.127E-03	1.113E-02	1.197E-02
1.138E-03	1.120E-02	1.205E-02
1.148E-03	1.128E-02	1.213E-02
1.159E-03	1.135E-02	1.221E-02
1.169E-03	1.143E-02	1.228E-02
1.180E-03	1.151E-02	1.236E-02
1.191E-03	1.158E-02	1.244E-02
1.202E-03	1.166E-02	1.252E-02
1.213E-03	1.174E-02	1.260E-02
1.225E-03	1.182E-02	1.268E-02
1.236E-03	1.190E-02	1.276E-02
1.247E-03	1.198E-02	1.285E-02
1.259E-03	1.206E-02	1.293E-02
1.271E-03	1.214E-02	1.301E-02
1.282E-03	1.222E-02	1.309E-02
1.294E-03	1.230E-02	1.318E-02
1.306E-03	1.238E-02	1.326E-02
1.318E-03	1.247E-02	1.335E-02
1.330E-03	1.255E-02	1.343E-02
1.343E-03	1.263E-02	1.352E-02
1.355E-03	1.272E-02	1.361E-02
1.368E-03	1.280E-02	1.369E-02
1.380E-03	1.289E-02	1.378E-02
1.393E-03	1.298E-02	1.387E-02
1.406E-03	1.306E-02	1.396E-02
1.419E-03	1.315E-02	1.405E-02
1.432E-03	1.324E-02	1.414E-02
1.445E-03	1.333E-02	1.423E-02
1.459E-03	1.342E-02	1.432E-02
1.472E-03	1.351E-02	1.441E-02
1.486E-03	1.360E-02	1.450E-02
1.500E-03	1.369E-02	1.460E-02
1.514E-03	1.378E-02	1.469E-02
1.528E-03	1.387E-02	1.479E-02
1.542E-03	1.396E-02	1.488E-02
1.556E-03	1.406E-02	1.498E-02
1.570E-03	1.415E-02	1.507E-02
1.585E-03	1.425E-02	1.517E-02
1.600E-03	1.434E-02	1.527E-02
1.614E-03	1.444E-02	1.536E-02
1.629E-03	1.454E-02	1.546E-02
1.644E-03	1.463E-02	1.556E-02
1.660E-03	1.473E-02	1.566E-02
1.675E-03	1.483E-02	1.576E-02
1.690E-03	1.493E-02	1.586E-02
1.706E-03	1.503E-02	1.597E-02
1.722E-03	1.513E-02	1.607E-02
1.738E-03	1.523E-02	1.617E-02
1.754E-03	1.533E-02	1.627E-02
1.770E-03	1.544E-02	1.638E-02
1.786E-03	1.554E-02	1.648E-02
1.803E-03	1.564E-02	1.659E-02
1.820E-03	1.575E-02	1.670E-02
1.837E-03	1.585E-02	1.680E-02
1.854E-03	1.596E-02	1.691E-02
1.871E-03	1.607E-02	1.702E-02
1.888E-03	1.617E-02	1.713E-02
1.905E-03	1.628E-02	1.724E-02
1.923E-03	1.639E-02	1.735E-02
1.941E-03	1.650E-02	1.746E-02
1.959E-03	1.661E-02	1.758E-02
1.977E-03	1.672E-02	1.769E-02
1.995E-03	1.684E-02	1.780E-02
2.014E-03	1.695E-02	1.792E-02
2.032E-03	1.706E-02	1.803E-02
2.051E-03	1.718E-02	1.815E-02
2.070E-03	1.729E-02	1.826E-02
2.089E-03	1.741E-02	1.838E-02
2.109E-03	1.752E-02	1.850E-02
2.128E-03	1.764E-02	1.862E-02
2.148E-03	1.776E-02	1.874E-02
2.168E-03	1.788E-02	1.886E-02
2.188E-03	1.800E-02	1.898E-02
2.208E-03	1.812E-02	1.910E-02
2.228E-03	1.824E-02	1.923E-02
2.249E-03	1.836E-02	1.935E-02
2.270E-03	1.849E-02	1.947E-02
2.291E-03	1.861E-02	1.960E-02
2.312E-03	1.873E-02	1.973E-02
2.333E-03	1.886E-02	1.985E-02
2.355E-03	1.899E-02	1.998E-02
2.377E-03	1.911E-02	2.011E-02
2.399E-03	1.924E-02	2.024E-02
2.421E-03	1.937E-02	2.037E-02
2.443E-03	1.950E-02	2.050E-02
2.466E-03	1.963E-02	2.063E-02
2.489E-03	1.976E-02	2.077E-02
2.512E-03	1.989E-02	2.090E-02
2.535E-03	2.003E-02	2.103E-02
2.559E-03	2.016E-02	2.117E-02
2.582E-03	2.030E-02	2.131E-02
2.606E-03	2.043E-02	2.144E-02
2.630E-03	2.057E-02	2.158E-02
2.655E-03	2.071E-02	2.172E-02
2.679E-03	2.085E-02	2.186E-02
2.704E-03	2.099E-02	2.200E-02
2.729E-03	2.113E-02	2.214E-02
2.754E-03	2.127E-02	2.229E-02
2.780E-03	2.141E-02	2.243E-02
2.805E-03	2.155E-02	2.258E-02
2.831E-03	2.170E-02	2.272E-02
2.858E-03	2.184E-02	2.287E-02
2.884E-03	2.199E-02	2.302E-02
2.911E-03	2.214E-02	2.316E-02
2.938E-03	2.229E-02	2.331E-02
2.965E-03	2.244E-02	2.346E-02
2.992E-03	2.259E-02	2.362E-02
3.020E-03	2.274E-02	2.377E-02
3.048E-03	2.289E-02	2.392E-02
3.076E-03	2.304E-02	2.408E-02
3.105E-03	2.320E-02	2.423E-02
3.133E-03	2.335E-02	2.439E-02
3.162E-03	2.351E-02	2.454E-02
3.192E-03	2.367E-02	2.470E-02
3.221E-03	2.383E-02	2.486E-02
3.251E-03	2.399E-02	2.502E-02
3.281E-03	2.415E-02	2.519E-02
3.311E-03	2.431E-02	2.535E-02
3.342E-03	2.447E-02	2.551E-02
3.373E-03	2.463E-02	2.568E-02
3.404E-03	2.480E-02	2.584E-02
3.436E-03	2.497E-02	2.601E-02
3.467E-03	2.513E-02	2.618E-02
3.499E-03	2.530E-02	2.635E-02
3.532E-03	2.547E-02	2.652E-02
3.565E-03	2.564E-02	2.669E-02
3.597E-03	2.581E-02	2.686E-02
3.631E-03	2.599E-02	2.704E-02
3.664E-03	2.616E-02	2.721E-02
3.698E-03	2.634E-02	2.739E-02
3.733E-03	2.651E-02	2.756E-02
3.767E-03	2.669E-02	2.774E-02
3.802E-03	2.687E-02	2.792E-02
3.837E-03	2.705E-02	2.810E-02
3.873E-03	2.723E-02	2.828E-02
3.908E-03	2.741E-02	2.847E-02
3.945E-03	2.760E-02	2.865E-02
3.981E-03	2.778E-02	2.884E-02
4.018E-03	2.797E-02	2.902E-02
4.055E-03	2.816E-02	2.921E-02
4.093E-03	2.834E-02	2.940E-02
4.130E-03	2.853E-02	2.959E-02
4.169E-03	2.873E-02	2.978E-02
4.207E-03	2.892E-02	2.998E-02
4.246E-03	2.911E-02	3.017E-02
4.285E-03	2.931E-02	3.037E-02
4.325E-03	2.950E-02	3.056E-02
4.365E-03	2.970E-02	3.076E-02
4.406E-03	2.990E-02	3.096E-02
4.446E-03	3.010E-02	3.116E-02
4.487E-03	3.030E-02	3.136E-02
4.529E-03	3.051E-02	3.157E-02
4.571E-03	3.071E-02	3.177E-02
4.613E-03	3.092E-02	3.198E-02
4.656E-03	3.112E-02	3.218E-02
4.699E-03	3.133E-02	3.239E-02
4.742E-03	3.154E-02	3.260E-02
4.786E-03	3.175E-02	3.281E-02
4.831E-03	3.197E-02	3.303E-02
4.875E-03	3.218E-02	3.324E-02
4.920E-03	3.240E-02	3.346E-02
4.966E-03	3.261E-02	3.367E-02
5.012E-03	3.283E-02	3.389E-02
5.058E-03	3.305E-02	3.411E-02
5.105E-03	3.327E-02	3.434E-02
5.152E-03	3.350E-02	3.456E-02
5.200E-03	3.372E-02	3.478E-02
5.248E-03	3.395E-02	3.501E-02
5.297E-03	3.417E-02	3.524E-02
5.346E-03	3.440E-02	3.546E-02
5.395E-03	3.463E-02	3.570E-02
5.445E-03	3.487E-02	3.593E-02
5.495E-03	3.510E-02	3.616E-02
5.546E-03	3.533E-02	3.640E-02
5.598E-03	3.557E-02	3.663E-02
5.649E-03	3.581E-02	3.687E-02
5.702E-03	3.605E-02	3.711E-02
5.754E-03	3.629E-02	3.735E-02
5.808E-03	3.654E-02	3.759E-02
5.861E-03	3.678E-02	3.784E-02
5.916E-03	3.703E-02	3.808E-02
5.970E-03	3.727E-02	3.833E-02
6.026E-03	3.752E-02	3.858E-02
6.081E-03	3.778E-02	3.883E-02
6.138E-03	3.803E-02	3.909E-02
6.194E-03	3.828E-02	3.934E-02
6.252E-03	3.854E-02	3.960E-02
6.310E-03	3.880E-02	3.985E-02
6.368E-03	3.906E-02	4.011E-02
6.427E-03	3.932E-02	4.037E-02
6.486E-03	3.958E-02	4.064E-02
6.546E-03	3.985E-02	4.090E-02
6.607E-03	4.012E-02	4.117E-02
6.668E-03	4.039E-02	4.144E-02
6.730E-03	4.066E-02	4.171E-02
6.792E-03	4.093E-02	4.198E-02
6.855E-03	4.120E-02	4.225E-02
6.918E-03	4.148E-02	4.253E-02
6.982E-03	4.176E-02	4.280E-02
7.047E-03	4.204E-02	4.308E-02
7.112E-03	4.232E-02	4.336E-02
7.178E-03	4.260E-02	4.365E-02
7.244E-03	4.289E-02	4.393E-02
7.311E-03	4.318E-02	4.422E-02
7.379E-03	4.347E-02	4.451E-02
7.447E-03	4.376E-02	4.480E-02
7.516E-03	4.405E-02	4.509E-02
7.586E-03	4.435E-02	4.538E-02
7.656E-03	4.464E-02	4.568E-02
7.727E-03	4.494E-02	4.598E-02
7.798E-03	4.524E-02	4.628E-02
7.870E-03	4.555E-02	4.658E-02
7.943E-03	4.585E-02	4.688E-02
8.017E-03	4.616E-02	4.719E-02
8.091E-03	4.647E-02	4.750E-02
8.166E-03	4.678E-02	4.781E-02
8.241E-03	4.709E-02	4.812E-02
8.318E-03	4.741E-02	4.844E-02
8.395E-03	4.773E-02	4.875E-02
8.472E-03	4.805E-02	4.907E-02
8.551E-03	4.837E-02	4.939E-02
8.630E-03	4.869E-02	4.971E-02
8.710E-03	4.902E-02	5.004E-02
8.790E-03	4.935E-02	5.037E-02
8.872E-03	4.968E-02	5.070E-02
8.954E-03	5.001E-02	5.103E-02
9.036E-03	5.035E-02	5.136E-02
9.120E-03	5.069E-02	5.170E-02
9.204E-03	5.102E-02	5.203E-02
9.290E-03	5.137E-02	5.237E-02
9.376E-03	5.171E-02	5.272E-02
9.462E-03	5.206E-02	5.306E-02
9.550E-03	5.241E-02	5.341E-02
9.638E-03	5.276E-02	5.376E-02
9.727E-03	5.311E-02	5.411E-02
9.817E-03	5.347E-02	5.446E-02
9.908E-03	5.383E-02	5.482E-02
1.000E-02	5.419E-02	5.518E-02
1.198E-02	6.179E-02	6.274E-02
1.397E-02	6.905E-02	6.996E-02
1.595E-02	7.603E-02	7.690E-02
1.794E-02	8.278E-02	8.360E-02
1.992E-02	8.931E-02	9.009E-02
2.190E-02	9.567E-02	9.641E-02
2.389E-02	1.019E-01	1.026E-01
2.587E-02	1.079E-01	1.086E-01
2.786E-02	1.138E-01	1.145E-01
2.984E-02	1.196E-01	1.202E-01
3.182E-02	1.253E-01	1.259E-01
3.381E-02	1.309E-01	1.314E-01
3.579E-02	1.364E-01	1.369E-01
3.778E-02	1.418E-01	1.423E-01
3.976E-02	1.471E-01	1.475E-01
4.174E-02	1.523E-01	1.527E-01
4.373E-02	1.574E-01	1.578E-01
4.571E-02	1.625E-01	1.629E-01
4.770E-02	1.674E-01	1.678E-01
4.968E-02	1.723E-01	1.727E-01
5.166E-02	1.772E-01	1.775E-01
5.365E-02	1.820E-01	1.823E-01
5.563E-02	1.867E-01	1.870E-01
5.762E-02	1.913E-01	1.916E-01
5.960E-02	1.959E-01	1.962E-01
6.158E-02	2.004E-01	2.007E-01
6.357E-02	2.048E-01	2.051E-01
6.555E-02	2.092E-01	2.095E-01
6.754E-02	2.136E-01	2.138E-01
6.952E-02	2.179E-01	2.181E-01
7.150E-02	2.221E-01	2.223E-01
7.349E-02	2.262E-01	2.265E-01
7.547E-02	2.304E-01	2.306E-01
7.745E-02	2.344E-01	2.346E-01
7.944E-02	2.384E-01	2.386E-01
8.142E-02	2.424E-01	2.425E-01
8.341E-02	2.463E-01	2.464E-01
8.539E-02	2.501E-01	2.503E-01
8.737E-02	2.539E-01	2.540E-01
8.936E-02	2.576E-01	2.578E-01
9.134E-02	2.613E-01	2.615E-01
9.333E-02	2.649E-01	2.651E-01
9.531E-02	2.685E-01	2.687E-01
9.729E-02	2.721E-01	2.722E-01
9.928E-02	2.755E-01	2.757E-01
1.013E-01	2.790E-01	2.791E-01
1.032E-01	2.823E-01	2.825E-01
1.052E-01	2.857E-01	2.858E-01
1.072E-01	2.890E-01	2.891E-01
1.092E-01	2.922E-01	2.923E-01
1.112E-01	2.954E-01	2.955E-01
1.132E-01	2.985E-01	2.986E-01
1.152E-01	3.016E-01	3.017E-01
1.171E-01	3.046E-01	3.047E-01
1.191E-01	3.076E-01	3.077E-01
1.211E-01	3.105E-01	3.106E-01
1.231E-01	3.134E-01	3.135E-01
1.251E-01	3.163E-01	3.163E-01
1.271E-01	3.190E-01	3.191E-01
1.290E-01	3.218E-01	3.218E-01
1.310E-01	3.245E-01	3.245E-01
1.330E-01	3.271E-01	3.272E-01
1.350E-01	3.297E-01	3.298E-01
1.370E-01	3.323E-01	3.323E-01
1.390E-01	3.347E-01	3.348E-01
1.409E-01	3.372E-01	3.372E-01
1.429E-01	3.396E-01	3.396E-01
1.449E-01	3.420E-01	3.420E-01
1.469E-01	3.443E-01	3.443E-01
1.489E-01	3.465E-01	3.466E-01
1.509E-01	3.487E-01	3.488E-01
1.528E-01	3.509E-01	3.509E-01
1.548E-01	3.530E-01	3.530E-01
1.568E-01	3.551E-01	3.551E-01
1.588E-01	3.571E-01	3.571E-01
1.608E-01	3.591E-01	3.591E-01
1.628E-01	3.610E-01	3.610E-01
1.647E-01	3.629E-01	3.629E-01
1.667E-01	3.647E-01	3.647E-01
1.687E-01	3.665E-01	3.665E-01
1.707E-01	3.682E-01	3.683E-01
1.727E-01	3.699E-01	3.700E-01
1.747E-01	3.716E-01	3.716E-01
1.767E-01	3.732E-01	3.732E-01
1.786E-01	3.747E-01	3.747E-01
1.806E-01	3.762E-01	3.763E-01
1.826E-01	3.777E-01	3.777E-01
1.846E-01	3.791E-01	3.791E-01
1.866E-01	3.805E-01	3.805E-01
1.886E-01	3.818E-01	3.818E-01
1.905E-01	3.831E-01	3.831E-01
1.925E-01	3.843E-01	3.843E-01
1.945E-01	3.855E-01	3.855E-01
1.965E-01	3.867E-01	3.867E-01
1.985E-01	3.878E-01	3.878E-01
2.005E-01	3.888E-01	3.888E-01
2.024E-01	3.898E-01	3.899E-01
2.044E-01	3.908E-01	3.908E-01
2.064E-01	3.917E-01	3.918E-01
2.084E-01	3.926E-01	3.926E-01
2.104E-01	3.935E-01	3.935E-01
2.124E-01	3.943E-01	3.943E-01
2.143E-01	3.950E-01	3.950E-01
2.163E-01	3.957E-01	3.957E-01
2.183E-01	3.964E-01	3.964E-01
2.203E-01	3.970E-01	3.970E-01
2.223E-01	3.976E-01	3.976E-01
2.243E-01	3.981E-01	3.981E-01
2.263E-01	3.986E-01	3.986E-01
2.282E-01	3.991E-01	3.991E-01
2.302E-01	3.995E-01	3.995E-01
2.322E-01	3.999E-01	3.999E-01
2.342E-01	4.002E-01	4.002E-01
2.362E-01	4.005E-01	4.005E-01
2.382E-01	4.008E-01	4.008E-01
2.401E-01	4.010E-01	4.010E-01
2.421E-01	4.012E-01	4.012E-01
2.441E-01	4.013E-01	4.013E-01
2.461E-01	4.014E-01	4.014E-01
2.481E-01	4.015E-01	4.015E-01
2.501E-01	4.015E-01	4.015E-01
2.520E-01	4.014E-01	4.015E-01
2.540E-01	4.014E-01	4.014E-01
2.560E-01	4.013E-01	4.013E-01
2.580E-01	4.012E-01	4.012E-01
2.600E-01	4.010E-01	4.010E-01
2.620E-01	4.008E-01	4.008E-01
2.639E-01	4.005E-01	4.005E-01
2.659E-01	4.003E-01	4.003E-01
2.679E-01	3.999E-01	3.999E-01
2.699E-01	3.996E-01	3.996E-01
2.719E-01	3.992E-01	3.992E-01
2.739E-01	3.988E-01	3.988E-01
2.759E-01	3.983E-01	3.983E-01
2.778E-01	3.978E-01	3.978E-01
2.798E-01	3.973E-01	3.973E-01
2.818E-01	3.967E-01	3.967E-01
2.838E-01	3.961E-01	3.961E-01
2.858E-01	3.955E-01	3.955E-01
2.878E-01	3.948E-01	3.948E-01
2.897E-01	3.942E-01	3.942E-01
2.917E-01	3.934E-01	3.934E-01
2.937E-01	3.927E-01	3.927E-01
2.957E-01	3.919E-01	3.919E-01
2.977E-01	3.911E-01	3.911E-01
2.997E-01	3.902E-01	3.902E-01
3.016E-01	3.893E-01	3.893E-01
3.036E-01	3.884E-01	3.884E-01
3.056E-01	3.875E-01	3.875E-01
3.076E-01	3.865E-01	3.865E-01
3.096E-01	3.855E-01	3.855E-01
3.116E-01	3.845E-01	3.845E-01
3.135E-01	3.834E-01	3.834E-01
3.155E-01	3.823E-01	3.823E-01
3.175E-01	3.812E-01	3.812E-01
3.195E-01	3.801E-01	3.801E-01
3.215E-01	3.789E-01	3.789E-01
3.235E-01	3.777E-01	3.777E-01
3.255E-01	3.765E-01	3.765E-01
3.274E-01	3.752E-01	3.752E-01
3.294E-01	3.739E-01	3.739E-01
3.314E-01	3.726E-01	3.726E-01
3.334E-01	3.713E-01	3.713E-01
3.354E-01	3.700E-01	3.700E-01
3.374E-01	3.686E-01	3.686E-01
3.393E-01	3.672E-01	3.672E-01
3.413E-01	3.658E-01	3.658E-01
3.433E-01	3.643E-01	3.643E-01
3.453E-01	3.629E-01	3.629E-01
3.473E-01	3.614E-01	3.614E-01
3.493E-01	3.599E-01	3.599E-01
3.512E-01	3.583E-01	3.583E-01
3.532E-01	3.568E-01	3.568E-01
3.552E-01	3.552E-01	3.552E-01
3.572E-01	3.536E-01	3.536E-01
3.592E-01	3.520E-01	3.520E-01
3.612E-01	3.504E-01	3.504E-01
3.631E-01	3.487E-01	3.487E-01
3.651E-01	3.470E-01	3.470E-01
3.671E-01	3.453E-01	3.453E-01
3.691E-01	3.436E-01	3.436E-01
3.711E-01	3.419E-01	3.419E-01
3.731E-01	3.401E-01	3.401E-01
3.751E-01	3.384E-01	3.384E-01
3.770E-01	3.366E-01	3.366E-01
3.790E-01	3.348E-01	3.348E-01
3.810E-01	3.330E-01	3.330E-01
3.830E-01	3.312E-01	3.312E-01
3.850E-01	3.293E-01	3.293E-01
3.870E-01	3.275E-01	3.275E-01
3.889E-01	3.256E-01	3.256E-01
3.909E-01	3.237E-01	3.237E-01
3.929E-01	3.218E-01	3.218E-01
3.949E-01	3.199E-01	3.199E-01
3.969E-01	3.180E-01	3.180E-01
3.989E-01	3.160E-01	3.160E-01
4.008E-01	3.141E-01	3.141E-01
4.028E-01	3.121E-01	3.121E-01
4.048E-01	3.101E-01	3.101E-01
4.068E-01	3.082E-01	3.082E-01
4.088E-01	3.062E-01	3.062E-01
4.108E-01	3.041E-01	3.041E-01
4.127E-01	3.021E-01	3.021E-01
4.147E-01	3.001E-01	3.001E-01
4.167E-01	2.981E-01	2.981E-01
4.187E-01	2.960E-01	2.960E-01
4.207E-01	2.940E-01	2.940E-01
4.227E-01	2.919E-01	2.919E-01
4.246E-01	2.898E-01	2.898E-01
4.266E-01	2.877E-01	2.877E-01
4.286E-01	2.857E-01	2.857E-01
4.306E-01	2.836E-01	2.836E-01
4.326E-01	2.815E-01	2.815E-01
4.346E-01	2.794E-01	2.794E-01
4.366E-01	2.772E-01	2.772E-01
4.385E-01	2.751E-01	2.751E-01
4.405E-01	2.730E-01	2.730E-01
4.425E-01	2.709E-01	2.709E-01
4.445E-01	2.687E-01	2.687E-01
4.465E-01	2.666E-01	2.666E-01
4.485E-01	2.645E-01	2.645E-01
4.504E-01	2.623E-01	2.623E-01
4.524E-01	2.602E-01	2.602E-01
4.544E-01	2.580E-01	2.580E-01
4.564E-01	2.559E-01	2.559E-01
4.584E-01	2.537E-01	2.537E-01
4.604E-01	2.516E-01	2.516E-01
4.623E-01	2.494E-01	2.494E-01
4.643E-01	2.472E-01	2.472E-01
4.663E-01	2.451E-01	2.451E-01
4.683E-01	2.429E-01	2.429E-01
4.703E-01	2.407E-01	2.407E-01
4.723E-01	2.386E-01	2.386E-01
4.742E-01	2.364E-01	2.364E-01
4.762E-01	2.343E-01	2.343E-01
4.782E-01	2.321E-01	2.321E-01
4.802E-01	2.299E-01	2.299E-01
4.822E-01	2.278E-01	2.278E-01
4.842E-01	2.256E-01	2.256E-01
4.862E-01	2.235E-01	2.235E-01
4.881E-01	2.213E-01	2.213E-01
4.901E-01	2.191E-01	2.191E-01
4.921E-01	2.170E-01	2.170E-01
4.941E-01	2.148E-01	2.148E-01
4.961E-01	2.127E-01	2.127E-01
4.981E-01	2.106E-01	2.106E-01
5.000E-01	2.084E-01	2.084E-01
5.020E-01	2.063E-01	2.063E-01
5.040E-01	2.042E-01	2.042E-01
5.060E-01	2.020E-01	2.020E-01
5.080E-01	1.999E-01	1.999E-01
5.100E-01	1.978E-01	1.978E-01
5.119E-01	1.957E-01	1.957E-01
5.139E-01	1.936E-01	1.936E-01
5.159E-01	1.915E-01	1.915E-01
5.179E-01	1.894E-01	1.894E-01
5.199E-01	1.873E-01	1.873E-01
5.219E-01	1.852E-01	1.852E-01
5.238E-01	1.832E-01	1.832E-01
5.258E-01	1.811E-01	1.811E-01
5.278E-01	1.790E-01	1.790E-01
5.298E-01	1.770E-01	1.770E-01
5.318E-01	1.749E-01	1.749E-01
5.338E-01	1.729E-01	1.729E-01
5.358E-01	1.709E-01	1.709E-01
5.377E-01	1.688E-01	1.688E-01
5.397E-01	1.668E-01	1.668E-01
5.417E-01	1.648E-01	1.648E-01
5.437E-01	1.628E-01	1.628E-01
5.457E-01	1.608E-01	1.608E-01
5.477E-01	1.589E-01	1.589E-01
5.496E-01	1.569E-01	1.569E-01
5.516E-01	1.549E-01	1.549E-01
5.536E-01	1.530E-01	1.530E-01
5.556E-01	1.511E-01	1.511E-01
5.576E-01	1.491E-01	1.491E-01
5.596E-01	1.472E-01	1.472E-01
5.615E-01	1.453E-01	1.453E-01
5.635E-01	1.434E-01	1.434E-01
5.655E-01	1.415E-01	1.415E-01
5.675E-01	1.396E-01	1.396E-01
5.695E-01	1.378E-01	1.378E-01
5.715E-01	1.359E-01	1.359E-01
5.734E-01	1.341E-01	1.341E-01
5.754E-01	1.322E-01	1.322E-01
5.774E-01	1.304E-01	1.304E-01
5.794E-01	1.286E-01	1.286E-01
5.814E-01	1.268E-01	1.268E-01
5.834E-01	1.250E-01	1.250E-01
5.854E-01	1.232E-01	1.232E-01
5.873E-01	1.215E-01	1.215E-01
5.893E-01	1.197E-01	1.197E-01
5.913E-01	1.180E-01	1.180E-01
5.933E-01	1.163E-01	1.163E-01
5.953E-01	1.146E-01	1.146E-01
5.973E-01	1.129E-01	1.129E-01
5.992E-01	1.112E-01	1.112E-01
6.012E-01	1.095E-01	1.095E-01
6.032E-01	1.078E-01	1.078E-01
6.052E-01	1.062E-01	1.062E-01
6.072E-01	1.045E-01	1.045E-01
6.092E-01	1.029E-01	1.029E-01
6.111E-01	1.013E-01	1.013E-01
6.131E-01	9.972E-02	9.972E-02
6.151E-01	9.814E-02	9.814E-02
6.171E-01	9.657E-02	9.657E-02
6.191E-01	9.501E-02	9.501E-02
6.211E-01	9.347E-02	9.347E-02
6.230E-01	9.194E-02	9.194E-02
6.250E-01	9.043E-02	9.043E-02
6.270E-01	8.893E-02	8.893E-02
6.290E-01	8.744E-02	8.744E-02
6.310E-01	8.597E-02	8.597E-02
6.330E-01	8.451E-02	8.451E-02
6.349E-01	8.307E-02	8.307E-02
6.369E-01	8.164E-02	8.164E-02
6.389E-01	8.022E-02	8.022E-02
6.409E-01	7.882E-02	7.882E-02
6.429E-01	7.743E-02	7.743E-02
6.449E-01	7.606E-02	7.606E-02
6.469E-01	7.470E-02	7.470E-02
6.488E-01	7.335E-02	7.335E-02
6.508E-01	7.202E-02	7.202E-02
6.528E-01	7.070E-02	7.070E-02
6.548E-01	6.940E-02	6.940E-02
6.568E-01	6.811E-02	6.811E-02
6.588E-01	6.684E-02	6.684E-02
6.607E-01	6.558E-02	6.558E-02
6.627E-01	6.433E-02	6.433E-02
6.647E-01	6.310E-02	6.310E-02
6.667E-01	6.189E-02	6.189E-02
6.687E-01	6.068E-02	6.068E-02
6.707E-01	5.950E-02	5.950E-02
6.726E-01	5.832E-02	5.832E-02
6.746E-01	5.716E-02	5.716E-02
6.766E-01	5.602E-02	5.602E-02
6.786E-01	5.489E-02	5.489E-02
6.806E-01	5.377E-02	5.377E-02
6.826E-01	5.267E-02	5.267E-02
6.845E-01	5.158E-02	5.158E-02
6.865E-01	5.050E-02	5.050E-02
6.885E-01	4.944E-02	4.944E-02
6.905E-01	4.840E-02	4.840E-02
6.925E-01	4.736E-02	4.736E-02
6.945E-01	4.634E-02	4.634E-02
6.965E-01	4.534E-02	4.534E-02
6.984E-01	4.435E-02	4.435E-02
7.004E-01	4.337E-02	4.337E-02
7.024E-01	4.241E-02	4.241E-02
7.044E-01	4.146E-02	4.146E-02
7.064E-01	4.053E-02	4.053E-02
7.084E-01	3.960E-02	3.960E-02
7.103E-01	3.870E-02	3.870E-02
7.123E-01	3.780E-02	3.780E-02
7.143E-01	3.692E-02	3.692E-02
7.163E-01	3.605E-02	3.605E-02
7.183E-01	3.520E-02	3.520E-02
7.203E-01	3.436E-02	3.436E-02
7.222E-01	3.353E-02	3.353E-02
7.242E-01	3.272E-02	3.272E-02
7.262E-01	3.192E-02	3.192E-02
7.282E-01	3.113E-02	3.113E-02
7.302E-01	3.035E-02	3.035E-02
7.322E-01	2.959E-02	2.959E-02
7.341E-01	2.884E-02	2.884E-02
7.361E-01	2.810E-02	2.810E-02
7.381E-01	2.738E-02	2.738E-02
7.401E-01	2.667E-02	2.667E-02
7.421E-01	2.597E-02	2.597E-02
7.441E-01	2.528E-02	2.528E-02
7.461E-01	2.460E-02	2.460E-02
7.480E-01	2.394E-02	2.394E-02
7.500E-01	2.329E-02	2.329E-02
7.520E-01	2.265E-02	2.265E-02
7.540E-01	2.203E-02	2.203E-02
7.560E-01	2.141E-02	2.141E-02
7.580E-01	2.081E-02	2.081E-02
7.599E-01	2.022E-02	2.022E-02
7.619E-01	1.964E-02	1.964E-02
7.639E-01	1.907E-02	1.907E-02
7.659E-01	1.851E-02	1.851E-02
7.679E-01	1.797E-02	1.797E-02
7.699E-01	1.743E-02	1.743E-02
7.718E-01	1.691E-02	1.691E-02
7.738E-01	1.639E-02	1.639E-02
7.758E-01	1.589E-02	1.589E-02
7.778E-01	1.540E-02	1.540E-02
7.798E-01	1.492E-02	1.492E-02
7.818E-01	1.445E-02	1.445E-02
7.837E-01	1.399E-02	1.399E-02
7.857E-01	1.354E-02	1.354E-02
7.877E-01	1.310E-02	1.310E-02
7.897E-01	1.267E-02	1.267E-02
7.917E-01	1.225E-02	1.225E-02
7.937E-01	1.184E-02	1.184E-02
7.957E-01	1.144E-02	1.144E-02
7.976E-01	1.104E-02	1.104E-02
7.996E-01	1.066E-02	1.066E-02
8.016E-01	1.029E-02	1.029E-02
8.036E-01	9.927E-03	9.927E-03
8.056E-01	9.573E-03	9.573E-03
8.076E-01	9.228E-03	9.228E-03
8.095E-01	8.891E-03	8.891E-03
8.115E-01	8.563E-03	8.563E-03
8.135E-01	8.244E-03	8.244E-03
8.155E-01	7.933E-03	7.933E-03
8.175E-01	7.631E-03	7.631E-03
8.195E-01	7.337E-03	7.337E-03
8.214E-01	7.051E-03	7.051E-03
8.234E-01	6.772E-03	6.772E-03
8.254E-01	6.502E-03	6.502E-03
8.274E-01	6.239E-03	6.239E-03
8.294E-01	5.984E-03	5.984E-03
8.314E-01	5.737E-03	5.737E-03
8.333E-01	5.497E-03	5.497E-03
8.353E-01	5.264E-03	5.264E-03
8.373E-01	5.038E-03	5.038E-03
8.393E-01	4.819E-03	4.819E-03
8.413E-01	4.607E-03	4.607E-03
8.433E-01	4.401E-03	4.401E-03
8.453E-01	4.202E-03	4.202E-03
8.472E-01	4.010E-03	4.010E-03
8.492E-01	3.824E-03	3.824E-03
8.512E-01	3.644E-03	3.644E-03
8.532E-01	3.471E-03	3.471E-03
8.552E-01	3.303E-03	3.303E-03
8.572E-01	3.141E-03	3.141E-03
8.591E-01	2.985E-03	2.985E-03
8.611E-01	2.835E-03	2.835E-03
8.631E-01	2.690E-03	2.690E-03
8.651E-01	2.550E-03	2.550E-03
8.671E-01	2.416E-03	2.416E-03
8.691E-01	2.287E-03	2.287E-03
8.710E-01	2.163E-03	2.163E-03
8.730E-01	2.044E-03	2.044E-03
8.750E-01	1.930E-03	1.930E-03
8.770E-01	1.820E-03	1.820E-03
8.790E-01	1.715E-03	1.715E-03
8.810E-01	1.614E-03	1.614E-03
8.829E-01	1.518E-03	1.518E-03
8.849E-01	1.425E-03	1.425E-03
8.869E-01	1.337E-03	1.337E-03
8.889E-01	1.253E-03	1.253E-03
8.909E-01	1.173E-03	1.173E-03
8.929E-01	1.097E-03	1.097E-03
8.948E-01	1.024E-03	1.024E-03
8.968E-01	9.549E-04	9.549E-04
8.988E-01	8.891E-04	8.891E-04
9.008E-01	8.267E-04	8.267E-04
9.028E-01	7.675E-04	7.675E-04
9.048E-01	7.115E-04	7.115E-04
9.068E-01	6.585E-04	6.585E-04
9.087E-01	6.084E-04	6.084E-04
9.107E-01	5.611E-04	5.611E-04
9.127E-01	5.165E-04	5.165E-04
9.147E-01	4.746E-04	4.746E-04
9.167E-01	4.352E-04	4.352E-04
9.187E-01	3.982E-04	3.982E-04
9.206E-01	3.636E-04	3.636E-04
9.226E-01	3.312E-04	3.312E-04
9.246E-01	3.009E-04	3.009E-04
9.266E-01	2.727E-04	2.727E-04
9.286E-01	2.465E-04	2.465E-04
9.306E-01	2.222E-04	2.222E-04
9.325E-01	1.996E-04	1.996E-04
9.345E-01	1.788E-04	1.788E-04
9.365E-01	1.596E-04	1.596E-04
9.385E-01	1.419E-04	1.419E-04
9.405E-01	1.257E-04	1.257E-04
9.425E-01	1.109E-04	1.109E-04
9.444E-01	9.744E-05	9.744E-05
9.464E-01	8.519E-05	8.519E-05
9.484E-01	7.410E-05	7.410E-05
9.504E-01	6.410E-05	6.410E-05
9.524E-01	5.512E-05	5.512E-05
9.544E-01	4.709E-05	4.709E-05
9.564E-01	3.995E-05	3.995E-05
9.583E-01	3.364E-05	3.364E-05
9.603E-01	2.808E-05	2.808E-05
9.623E-01	2.323E-05	2.323E-05
9.643E-01	1.902E-05	1.902E-05
9.663E-01	1.539E-05	1.539E-05
9.683E-01	1.230E-05	1.230E-05
9.702E-01	9.685E-06	9.685E-06
9.722E-01	7.502E-06	7.502E-06
9.742E-01	5.703E-06	5.703E-06
9.762E-01	4.240E-06	4.240E-06
9.782E-01	3.073E-06	3.073E-06
9.802E-01	2.159E-06	2.159E-06
9.821E-01	1.462E-06	1.462E-06
9.841E-01	9.451E-07	9.451E-07
9.861E-01	5.765E-07	5.765E-07
9.881E-01	3.258E-07	3.258E-07
9.901E-01	1.659E-07	1.659E-07
9.921E-01	7.273E-08	7.273E-08
9.940E-01	2.495E-08	2.495E-08
9.960E-01	5.498E-09	5.498E-09
9.980E-01	5.063E-10	5.063E-10
1.000E+00	0.000E+00	0.000E+00
