Q0 = 1.087 GeV	 Q = 1.732 GeV
x	 x*(uv-dv)
1.000E-04	4.277E-04	4.719E-04	2.238E-04	-2.482E-04
1.009E-04	4.311E-04	4.756E-04	2.253E-04	-2.504E-04
1.019E-04	4.346E-04	4.793E-04	2.268E-04	-2.525E-04
1.028E-04	4.381E-04	4.830E-04	2.283E-04	-2.548E-04
1.038E-04	4.416E-04	4.868E-04	2.298E-04	-2.570E-04
1.047E-04	4.451E-04	4.906E-04	2.314E-04	-2.592E-04
1.057E-04	4.487E-04	4.944E-04	2.329E-04	-2.615E-04
1.067E-04	4.523E-04	4.983E-04	2.345E-04	-2.638E-04
1.076E-04	4.560E-04	5.021E-04	2.360E-04	-2.661E-04
1.086E-04	4.596E-04	5.060E-04	2.376E-04	-2.684E-04
1.096E-04	4.633E-04	5.100E-04	2.392E-04	-2.708E-04
1.107E-04	4.671E-04	5.139E-04	2.408E-04	-2.731E-04
1.117E-04	4.708E-04	5.180E-04	2.425E-04	-2.755E-04
1.127E-04	4.746E-04	5.220E-04	2.441E-04	-2.779E-04
1.138E-04	4.784E-04	5.261E-04	2.457E-04	-2.803E-04
1.148E-04	4.823E-04	5.301E-04	2.474E-04	-2.828E-04
1.159E-04	4.862E-04	5.343E-04	2.490E-04	-2.852E-04
1.169E-04	4.901E-04	5.384E-04	2.507E-04	-2.877E-04
1.180E-04	4.940E-04	5.426E-04	2.524E-04	-2.902E-04
1.191E-04	4.980E-04	5.469E-04	2.541E-04	-2.928E-04
1.202E-04	5.020E-04	5.511E-04	2.558E-04	-2.953E-04
1.213E-04	5.060E-04	5.554E-04	2.575E-04	-2.979E-04
1.225E-04	5.101E-04	5.598E-04	2.593E-04	-3.005E-04
1.236E-04	5.142E-04	5.641E-04	2.610E-04	-3.031E-04
1.247E-04	5.184E-04	5.685E-04	2.628E-04	-3.057E-04
1.259E-04	5.225E-04	5.729E-04	2.646E-04	-3.084E-04
1.271E-04	5.267E-04	5.774E-04	2.663E-04	-3.111E-04
1.282E-04	5.310E-04	5.819E-04	2.681E-04	-3.138E-04
1.294E-04	5.353E-04	5.865E-04	2.700E-04	-3.165E-04
1.306E-04	5.396E-04	5.910E-04	2.718E-04	-3.193E-04
1.318E-04	5.439E-04	5.956E-04	2.736E-04	-3.220E-04
1.330E-04	5.483E-04	6.003E-04	2.755E-04	-3.248E-04
1.343E-04	5.527E-04	6.050E-04	2.773E-04	-3.276E-04
1.355E-04	5.572E-04	6.097E-04	2.792E-04	-3.305E-04
1.368E-04	5.617E-04	6.145E-04	2.811E-04	-3.334E-04
1.380E-04	5.662E-04	6.193E-04	2.830E-04	-3.363E-04
1.393E-04	5.708E-04	6.241E-04	2.849E-04	-3.392E-04
1.406E-04	5.754E-04	6.290E-04	2.868E-04	-3.421E-04
1.419E-04	5.800E-04	6.339E-04	2.888E-04	-3.451E-04
1.432E-04	5.847E-04	6.388E-04	2.907E-04	-3.481E-04
1.445E-04	5.894E-04	6.438E-04	2.927E-04	-3.511E-04
1.459E-04	5.942E-04	6.488E-04	2.947E-04	-3.541E-04
1.472E-04	5.989E-04	6.539E-04	2.967E-04	-3.572E-04
1.486E-04	6.038E-04	6.590E-04	2.987E-04	-3.603E-04
1.500E-04	6.086E-04	6.642E-04	3.007E-04	-3.634E-04
1.514E-04	6.136E-04	6.694E-04	3.028E-04	-3.666E-04
1.528E-04	6.185E-04	6.746E-04	3.048E-04	-3.698E-04
1.542E-04	6.235E-04	6.799E-04	3.069E-04	-3.730E-04
1.556E-04	6.285E-04	6.852E-04	3.090E-04	-3.762E-04
1.570E-04	6.336E-04	6.905E-04	3.111E-04	-3.795E-04
1.585E-04	6.387E-04	6.959E-04	3.132E-04	-3.827E-04
1.600E-04	6.439E-04	7.014E-04	3.153E-04	-3.861E-04
1.614E-04	6.491E-04	7.069E-04	3.175E-04	-3.894E-04
1.629E-04	6.543E-04	7.124E-04	3.196E-04	-3.928E-04
1.644E-04	6.596E-04	7.180E-04	3.218E-04	-3.962E-04
1.660E-04	6.649E-04	7.236E-04	3.240E-04	-3.996E-04
1.675E-04	6.703E-04	7.293E-04	3.262E-04	-4.030E-04
1.690E-04	6.757E-04	7.350E-04	3.284E-04	-4.065E-04
1.706E-04	6.812E-04	7.407E-04	3.307E-04	-4.100E-04
1.722E-04	6.867E-04	7.465E-04	3.329E-04	-4.136E-04
1.738E-04	6.922E-04	7.524E-04	3.352E-04	-4.172E-04
1.754E-04	6.978E-04	7.583E-04	3.375E-04	-4.208E-04
1.770E-04	7.034E-04	7.642E-04	3.398E-04	-4.244E-04
1.786E-04	7.091E-04	7.702E-04	3.421E-04	-4.281E-04
1.803E-04	7.149E-04	7.762E-04	3.444E-04	-4.318E-04
1.820E-04	7.206E-04	7.823E-04	3.468E-04	-4.355E-04
1.837E-04	7.265E-04	7.884E-04	3.492E-04	-4.393E-04
1.854E-04	7.323E-04	7.946E-04	3.516E-04	-4.431E-04
1.871E-04	7.383E-04	8.008E-04	3.540E-04	-4.469E-04
1.888E-04	7.442E-04	8.071E-04	3.564E-04	-4.507E-04
1.905E-04	7.503E-04	8.134E-04	3.588E-04	-4.546E-04
1.923E-04	7.563E-04	8.198E-04	3.613E-04	-4.585E-04
1.941E-04	7.624E-04	8.262E-04	3.637E-04	-4.625E-04
1.959E-04	7.686E-04	8.327E-04	3.662E-04	-4.665E-04
1.977E-04	7.748E-04	8.393E-04	3.687E-04	-4.705E-04
1.995E-04	7.811E-04	8.458E-04	3.713E-04	-4.746E-04
2.014E-04	7.874E-04	8.525E-04	3.738E-04	-4.787E-04
2.032E-04	7.938E-04	8.592E-04	3.764E-04	-4.828E-04
2.051E-04	8.002E-04	8.659E-04	3.790E-04	-4.869E-04
2.070E-04	8.067E-04	8.727E-04	3.816E-04	-4.911E-04
2.089E-04	8.132E-04	8.796E-04	3.842E-04	-4.954E-04
2.109E-04	8.198E-04	8.865E-04	3.868E-04	-4.996E-04
2.128E-04	8.264E-04	8.934E-04	3.895E-04	-5.039E-04
2.148E-04	8.331E-04	9.004E-04	3.921E-04	-5.083E-04
2.168E-04	8.399E-04	9.075E-04	3.948E-04	-5.127E-04
2.188E-04	8.467E-04	9.146E-04	3.976E-04	-5.171E-04
2.208E-04	8.535E-04	9.218E-04	4.003E-04	-5.215E-04
2.228E-04	8.604E-04	9.291E-04	4.030E-04	-5.260E-04
2.249E-04	8.674E-04	9.364E-04	4.058E-04	-5.305E-04
2.270E-04	8.744E-04	9.437E-04	4.086E-04	-5.351E-04
2.291E-04	8.815E-04	9.511E-04	4.114E-04	-5.397E-04
2.312E-04	8.887E-04	9.586E-04	4.143E-04	-5.443E-04
2.333E-04	8.959E-04	9.661E-04	4.171E-04	-5.490E-04
2.355E-04	9.031E-04	9.737E-04	4.200E-04	-5.537E-04
2.377E-04	9.105E-04	9.814E-04	4.229E-04	-5.585E-04
2.399E-04	9.178E-04	9.891E-04	4.258E-04	-5.633E-04
2.421E-04	9.253E-04	9.969E-04	4.287E-04	-5.682E-04
2.443E-04	9.328E-04	1.005E-03	4.317E-04	-5.730E-04
2.466E-04	9.403E-04	1.013E-03	4.347E-04	-5.780E-04
2.489E-04	9.480E-04	1.021E-03	4.377E-04	-5.829E-04
2.512E-04	9.557E-04	1.029E-03	4.407E-04	-5.879E-04
2.535E-04	9.634E-04	1.037E-03	4.438E-04	-5.930E-04
2.559E-04	9.712E-04	1.045E-03	4.468E-04	-5.981E-04
2.582E-04	9.791E-04	1.053E-03	4.499E-04	-6.032E-04
2.606E-04	9.870E-04	1.061E-03	4.530E-04	-6.084E-04
2.630E-04	9.951E-04	1.070E-03	4.562E-04	-6.136E-04
2.655E-04	1.003E-03	1.078E-03	4.593E-04	-6.189E-04
2.679E-04	1.011E-03	1.087E-03	4.625E-04	-6.242E-04
2.704E-04	1.019E-03	1.095E-03	4.657E-04	-6.296E-04
2.729E-04	1.028E-03	1.104E-03	4.689E-04	-6.350E-04
2.754E-04	1.036E-03	1.113E-03	4.722E-04	-6.404E-04
2.780E-04	1.045E-03	1.121E-03	4.755E-04	-6.459E-04
2.805E-04	1.053E-03	1.130E-03	4.788E-04	-6.514E-04
2.831E-04	1.062E-03	1.139E-03	4.821E-04	-6.570E-04
2.858E-04	1.070E-03	1.148E-03	4.854E-04	-6.627E-04
2.884E-04	1.079E-03	1.157E-03	4.888E-04	-6.683E-04
2.911E-04	1.088E-03	1.166E-03	4.922E-04	-6.741E-04
2.938E-04	1.096E-03	1.175E-03	4.956E-04	-6.798E-04
2.965E-04	1.105E-03	1.185E-03	4.991E-04	-6.857E-04
2.992E-04	1.114E-03	1.194E-03	5.025E-04	-6.916E-04
3.020E-04	1.123E-03	1.204E-03	5.060E-04	-6.975E-04
3.048E-04	1.133E-03	1.213E-03	5.096E-04	-7.035E-04
3.076E-04	1.142E-03	1.223E-03	5.131E-04	-7.095E-04
3.105E-04	1.151E-03	1.232E-03	5.167E-04	-7.156E-04
3.133E-04	1.160E-03	1.242E-03	5.203E-04	-7.217E-04
3.162E-04	1.170E-03	1.252E-03	5.239E-04	-7.279E-04
3.192E-04	1.179E-03	1.262E-03	5.276E-04	-7.341E-04
3.221E-04	1.189E-03	1.272E-03	5.312E-04	-7.404E-04
3.251E-04	1.199E-03	1.282E-03	5.349E-04	-7.467E-04
3.281E-04	1.208E-03	1.292E-03	5.387E-04	-7.531E-04
3.311E-04	1.218E-03	1.302E-03	5.424E-04	-7.596E-04
3.342E-04	1.228E-03	1.312E-03	5.462E-04	-7.661E-04
3.373E-04	1.238E-03	1.323E-03	5.500E-04	-7.726E-04
3.404E-04	1.248E-03	1.333E-03	5.539E-04	-7.792E-04
3.436E-04	1.258E-03	1.344E-03	5.578E-04	-7.859E-04
3.467E-04	1.269E-03	1.354E-03	5.617E-04	-7.926E-04
3.499E-04	1.279E-03	1.365E-03	5.656E-04	-7.994E-04
3.532E-04	1.289E-03	1.376E-03	5.696E-04	-8.063E-04
3.565E-04	1.300E-03	1.387E-03	5.735E-04	-8.131E-04
3.597E-04	1.310E-03	1.398E-03	5.776E-04	-8.201E-04
3.631E-04	1.321E-03	1.409E-03	5.816E-04	-8.271E-04
3.664E-04	1.332E-03	1.420E-03	5.857E-04	-8.342E-04
3.698E-04	1.343E-03	1.431E-03	5.898E-04	-8.413E-04
3.733E-04	1.354E-03	1.442E-03	5.939E-04	-8.485E-04
3.767E-04	1.365E-03	1.454E-03	5.981E-04	-8.558E-04
3.802E-04	1.376E-03	1.465E-03	6.023E-04	-8.631E-04
3.837E-04	1.387E-03	1.477E-03	6.065E-04	-8.705E-04
3.873E-04	1.398E-03	1.489E-03	6.108E-04	-8.779E-04
3.908E-04	1.410E-03	1.500E-03	6.151E-04	-8.854E-04
3.945E-04	1.421E-03	1.512E-03	6.194E-04	-8.930E-04
3.981E-04	1.433E-03	1.524E-03	6.238E-04	-9.006E-04
4.018E-04	1.444E-03	1.536E-03	6.282E-04	-9.083E-04
4.055E-04	1.456E-03	1.549E-03	6.326E-04	-9.161E-04
4.093E-04	1.468E-03	1.561E-03	6.370E-04	-9.239E-04
4.130E-04	1.480E-03	1.573E-03	6.415E-04	-9.318E-04
4.169E-04	1.492E-03	1.586E-03	6.460E-04	-9.397E-04
4.207E-04	1.504E-03	1.598E-03	6.506E-04	-9.478E-04
4.246E-04	1.517E-03	1.611E-03	6.552E-04	-9.558E-04
4.285E-04	1.529E-03	1.624E-03	6.598E-04	-9.640E-04
4.325E-04	1.541E-03	1.637E-03	6.645E-04	-9.722E-04
4.365E-04	1.554E-03	1.650E-03	6.692E-04	-9.805E-04
4.406E-04	1.567E-03	1.663E-03	6.739E-04	-9.889E-04
4.446E-04	1.579E-03	1.676E-03	6.786E-04	-9.974E-04
4.487E-04	1.592E-03	1.689E-03	6.834E-04	-1.006E-03
4.529E-04	1.605E-03	1.703E-03	6.883E-04	-1.014E-03
4.571E-04	1.618E-03	1.716E-03	6.931E-04	-1.023E-03
4.613E-04	1.632E-03	1.730E-03	6.981E-04	-1.032E-03
4.656E-04	1.645E-03	1.744E-03	7.030E-04	-1.041E-03
4.699E-04	1.658E-03	1.757E-03	7.080E-04	-1.050E-03
4.742E-04	1.672E-03	1.771E-03	7.130E-04	-1.058E-03
4.786E-04	1.686E-03	1.786E-03	7.180E-04	-1.068E-03
4.831E-04	1.699E-03	1.800E-03	7.231E-04	-1.077E-03
4.875E-04	1.713E-03	1.814E-03	7.283E-04	-1.086E-03
4.920E-04	1.727E-03	1.828E-03	7.334E-04	-1.095E-03
4.966E-04	1.741E-03	1.843E-03	7.386E-04	-1.104E-03
5.012E-04	1.756E-03	1.858E-03	7.439E-04	-1.114E-03
5.058E-04	1.770E-03	1.872E-03	7.492E-04	-1.123E-03
5.105E-04	1.785E-03	1.887E-03	7.545E-04	-1.133E-03
5.152E-04	1.799E-03	1.902E-03	7.599E-04	-1.143E-03
5.200E-04	1.814E-03	1.918E-03	7.653E-04	-1.152E-03
5.248E-04	1.829E-03	1.933E-03	7.707E-04	-1.162E-03
5.297E-04	1.844E-03	1.948E-03	7.762E-04	-1.172E-03
5.346E-04	1.859E-03	1.964E-03	7.817E-04	-1.182E-03
5.395E-04	1.874E-03	1.979E-03	7.873E-04	-1.192E-03
5.445E-04	1.889E-03	1.995E-03	7.929E-04	-1.202E-03
5.495E-04	1.905E-03	2.011E-03	7.986E-04	-1.212E-03
5.546E-04	1.920E-03	2.027E-03	8.043E-04	-1.223E-03
5.598E-04	1.936E-03	2.043E-03	8.100E-04	-1.233E-03
5.649E-04	1.952E-03	2.060E-03	8.158E-04	-1.244E-03
5.702E-04	1.968E-03	2.076E-03	8.216E-04	-1.254E-03
5.754E-04	1.984E-03	2.093E-03	8.275E-04	-1.265E-03
5.808E-04	2.000E-03	2.109E-03	8.334E-04	-1.276E-03
5.861E-04	2.017E-03	2.126E-03	8.393E-04	-1.287E-03
5.916E-04	2.033E-03	2.143E-03	8.454E-04	-1.298E-03
5.970E-04	2.050E-03	2.160E-03	8.514E-04	-1.309E-03
6.026E-04	2.067E-03	2.177E-03	8.575E-04	-1.320E-03
6.081E-04	2.084E-03	2.195E-03	8.636E-04	-1.331E-03
6.138E-04	2.101E-03	2.212E-03	8.698E-04	-1.342E-03
6.194E-04	2.118E-03	2.230E-03	8.761E-04	-1.354E-03
6.252E-04	2.135E-03	2.248E-03	8.823E-04	-1.365E-03
6.310E-04	2.153E-03	2.266E-03	8.887E-04	-1.377E-03
6.368E-04	2.170E-03	2.284E-03	8.950E-04	-1.389E-03
6.427E-04	2.188E-03	2.302E-03	9.015E-04	-1.401E-03
6.486E-04	2.206E-03	2.320E-03	9.079E-04	-1.413E-03
6.546E-04	2.224E-03	2.339E-03	9.145E-04	-1.425E-03
6.607E-04	2.242E-03	2.358E-03	9.210E-04	-1.437E-03
6.668E-04	2.261E-03	2.377E-03	9.277E-04	-1.449E-03
6.730E-04	2.279E-03	2.396E-03	9.343E-04	-1.461E-03
6.792E-04	2.298E-03	2.415E-03	9.411E-04	-1.474E-03
6.855E-04	2.317E-03	2.434E-03	9.478E-04	-1.486E-03
6.918E-04	2.336E-03	2.454E-03	9.547E-04	-1.499E-03
6.982E-04	2.355E-03	2.473E-03	9.615E-04	-1.512E-03
7.047E-04	2.375E-03	2.493E-03	9.685E-04	-1.525E-03
7.112E-04	2.394E-03	2.513E-03	9.755E-04	-1.537E-03
7.178E-04	2.414E-03	2.533E-03	9.825E-04	-1.551E-03
7.244E-04	2.434E-03	2.553E-03	9.896E-04	-1.564E-03
7.311E-04	2.454E-03	2.574E-03	9.967E-04	-1.577E-03
7.379E-04	2.474E-03	2.594E-03	1.004E-03	-1.591E-03
7.447E-04	2.494E-03	2.615E-03	1.011E-03	-1.604E-03
7.516E-04	2.515E-03	2.636E-03	1.019E-03	-1.618E-03
7.586E-04	2.535E-03	2.657E-03	1.026E-03	-1.631E-03
7.656E-04	2.556E-03	2.679E-03	1.033E-03	-1.645E-03
7.727E-04	2.577E-03	2.700E-03	1.041E-03	-1.659E-03
7.798E-04	2.598E-03	2.722E-03	1.048E-03	-1.673E-03
7.870E-04	2.620E-03	2.744E-03	1.056E-03	-1.688E-03
7.943E-04	2.641E-03	2.766E-03	1.064E-03	-1.702E-03
8.017E-04	2.663E-03	2.788E-03	1.071E-03	-1.717E-03
8.091E-04	2.685E-03	2.810E-03	1.079E-03	-1.731E-03
8.166E-04	2.707E-03	2.833E-03	1.087E-03	-1.746E-03
8.241E-04	2.729E-03	2.856E-03	1.095E-03	-1.761E-03
8.318E-04	2.752E-03	2.878E-03	1.103E-03	-1.776E-03
8.395E-04	2.774E-03	2.902E-03	1.111E-03	-1.791E-03
8.472E-04	2.797E-03	2.925E-03	1.119E-03	-1.806E-03
8.551E-04	2.820E-03	2.948E-03	1.127E-03	-1.821E-03
8.630E-04	2.843E-03	2.972E-03	1.135E-03	-1.837E-03
8.710E-04	2.867E-03	2.996E-03	1.143E-03	-1.853E-03
8.790E-04	2.890E-03	3.020E-03	1.152E-03	-1.868E-03
8.872E-04	2.914E-03	3.044E-03	1.160E-03	-1.884E-03
8.954E-04	2.938E-03	3.069E-03	1.169E-03	-1.900E-03
9.036E-04	2.963E-03	3.094E-03	1.177E-03	-1.916E-03
9.120E-04	2.987E-03	3.118E-03	1.186E-03	-1.933E-03
9.204E-04	3.012E-03	3.144E-03	1.194E-03	-1.949E-03
9.290E-04	3.036E-03	3.169E-03	1.203E-03	-1.966E-03
9.376E-04	3.061E-03	3.194E-03	1.212E-03	-1.982E-03
9.462E-04	3.087E-03	3.220E-03	1.221E-03	-1.999E-03
9.550E-04	3.112E-03	3.246E-03	1.230E-03	-2.016E-03
9.638E-04	3.138E-03	3.272E-03	1.239E-03	-2.034E-03
9.727E-04	3.164E-03	3.299E-03	1.248E-03	-2.051E-03
9.817E-04	3.190E-03	3.325E-03	1.257E-03	-2.068E-03
9.908E-04	3.216E-03	3.352E-03	1.266E-03	-2.086E-03
1.000E-03	3.243E-03	3.379E-03	1.275E-03	-2.104E-03
1.009E-03	3.269E-03	3.406E-03	1.285E-03	-2.121E-03
1.019E-03	3.296E-03	3.434E-03	1.294E-03	-2.140E-03
1.028E-03	3.324E-03	3.461E-03	1.304E-03	-2.158E-03
1.038E-03	3.351E-03	3.489E-03	1.313E-03	-2.176E-03
1.047E-03	3.379E-03	3.517E-03	1.323E-03	-2.195E-03
1.057E-03	3.407E-03	3.546E-03	1.333E-03	-2.213E-03
1.067E-03	3.435E-03	3.574E-03	1.342E-03	-2.232E-03
1.076E-03	3.463E-03	3.603E-03	1.352E-03	-2.251E-03
1.086E-03	3.492E-03	3.632E-03	1.362E-03	-2.270E-03
1.096E-03	3.521E-03	3.662E-03	1.372E-03	-2.290E-03
1.107E-03	3.550E-03	3.691E-03	1.382E-03	-2.309E-03
1.117E-03	3.579E-03	3.721E-03	1.392E-03	-2.329E-03
1.127E-03	3.609E-03	3.751E-03	1.403E-03	-2.349E-03
1.138E-03	3.639E-03	3.782E-03	1.413E-03	-2.368E-03
1.148E-03	3.669E-03	3.812E-03	1.424E-03	-2.389E-03
1.159E-03	3.699E-03	3.843E-03	1.434E-03	-2.409E-03
1.169E-03	3.730E-03	3.874E-03	1.445E-03	-2.429E-03
1.180E-03	3.761E-03	3.905E-03	1.455E-03	-2.450E-03
1.191E-03	3.792E-03	3.937E-03	1.466E-03	-2.471E-03
1.202E-03	3.823E-03	3.969E-03	1.477E-03	-2.492E-03
1.213E-03	3.855E-03	4.001E-03	1.488E-03	-2.513E-03
1.225E-03	3.887E-03	4.033E-03	1.499E-03	-2.535E-03
1.236E-03	3.919E-03	4.066E-03	1.510E-03	-2.556E-03
1.247E-03	3.951E-03	4.099E-03	1.521E-03	-2.578E-03
1.259E-03	3.984E-03	4.132E-03	1.532E-03	-2.600E-03
1.271E-03	4.017E-03	4.166E-03	1.544E-03	-2.622E-03
1.282E-03	4.050E-03	4.199E-03	1.555E-03	-2.644E-03
1.294E-03	4.084E-03	4.234E-03	1.567E-03	-2.667E-03
1.306E-03	4.118E-03	4.268E-03	1.578E-03	-2.689E-03
1.318E-03	4.152E-03	4.302E-03	1.590E-03	-2.712E-03
1.330E-03	4.186E-03	4.337E-03	1.602E-03	-2.735E-03
1.343E-03	4.221E-03	4.373E-03	1.614E-03	-2.759E-03
1.355E-03	4.256E-03	4.408E-03	1.626E-03	-2.782E-03
1.368E-03	4.291E-03	4.444E-03	1.638E-03	-2.806E-03
1.380E-03	4.327E-03	4.480E-03	1.650E-03	-2.830E-03
1.393E-03	4.363E-03	4.516E-03	1.662E-03	-2.854E-03
1.406E-03	4.399E-03	4.553E-03	1.675E-03	-2.878E-03
1.419E-03	4.435E-03	4.590E-03	1.687E-03	-2.903E-03
1.432E-03	4.472E-03	4.627E-03	1.700E-03	-2.927E-03
1.445E-03	4.509E-03	4.665E-03	1.713E-03	-2.952E-03
1.459E-03	4.547E-03	4.703E-03	1.725E-03	-2.977E-03
1.472E-03	4.585E-03	4.741E-03	1.738E-03	-3.003E-03
1.486E-03	4.623E-03	4.780E-03	1.751E-03	-3.028E-03
1.500E-03	4.661E-03	4.818E-03	1.764E-03	-3.054E-03
1.514E-03	4.700E-03	4.858E-03	1.778E-03	-3.080E-03
1.528E-03	4.739E-03	4.897E-03	1.791E-03	-3.106E-03
1.542E-03	4.778E-03	4.937E-03	1.804E-03	-3.133E-03
1.556E-03	4.818E-03	4.977E-03	1.818E-03	-3.159E-03
1.570E-03	4.858E-03	5.018E-03	1.831E-03	-3.186E-03
1.585E-03	4.898E-03	5.059E-03	1.845E-03	-3.213E-03
1.600E-03	4.939E-03	5.100E-03	1.859E-03	-3.241E-03
1.614E-03	4.980E-03	5.141E-03	1.873E-03	-3.268E-03
1.629E-03	5.022E-03	5.183E-03	1.887E-03	-3.296E-03
1.644E-03	5.064E-03	5.226E-03	1.901E-03	-3.324E-03
1.660E-03	5.106E-03	5.268E-03	1.916E-03	-3.353E-03
1.675E-03	5.148E-03	5.311E-03	1.930E-03	-3.381E-03
1.690E-03	5.191E-03	5.354E-03	1.944E-03	-3.410E-03
1.706E-03	5.234E-03	5.398E-03	1.959E-03	-3.439E-03
1.722E-03	5.278E-03	5.442E-03	1.974E-03	-3.468E-03
1.738E-03	5.322E-03	5.487E-03	1.989E-03	-3.498E-03
1.754E-03	5.366E-03	5.531E-03	2.004E-03	-3.528E-03
1.770E-03	5.411E-03	5.577E-03	2.019E-03	-3.558E-03
1.786E-03	5.456E-03	5.622E-03	2.034E-03	-3.588E-03
1.803E-03	5.501E-03	5.668E-03	2.049E-03	-3.619E-03
1.820E-03	5.547E-03	5.714E-03	2.065E-03	-3.650E-03
1.837E-03	5.594E-03	5.761E-03	2.081E-03	-3.681E-03
1.854E-03	5.640E-03	5.808E-03	2.096E-03	-3.712E-03
1.871E-03	5.687E-03	5.856E-03	2.112E-03	-3.744E-03
1.888E-03	5.735E-03	5.904E-03	2.128E-03	-3.776E-03
1.905E-03	5.783E-03	5.952E-03	2.144E-03	-3.808E-03
1.923E-03	5.831E-03	6.001E-03	2.161E-03	-3.840E-03
1.941E-03	5.880E-03	6.050E-03	2.177E-03	-3.873E-03
1.959E-03	5.929E-03	6.099E-03	2.193E-03	-3.906E-03
1.977E-03	5.978E-03	6.149E-03	2.210E-03	-3.939E-03
1.995E-03	6.028E-03	6.200E-03	2.227E-03	-3.973E-03
2.014E-03	6.078E-03	6.251E-03	2.244E-03	-4.007E-03
2.032E-03	6.129E-03	6.302E-03	2.261E-03	-4.041E-03
2.051E-03	6.180E-03	6.353E-03	2.278E-03	-4.075E-03
2.070E-03	6.232E-03	6.405E-03	2.295E-03	-4.110E-03
2.089E-03	6.284E-03	6.458E-03	2.313E-03	-4.145E-03
2.109E-03	6.337E-03	6.511E-03	2.330E-03	-4.181E-03
2.128E-03	6.390E-03	6.564E-03	2.348E-03	-4.216E-03
2.148E-03	6.443E-03	6.618E-03	2.366E-03	-4.252E-03
2.168E-03	6.497E-03	6.673E-03	2.384E-03	-4.288E-03
2.188E-03	6.551E-03	6.727E-03	2.402E-03	-4.325E-03
2.208E-03	6.606E-03	6.783E-03	2.421E-03	-4.362E-03
2.228E-03	6.661E-03	6.838E-03	2.439E-03	-4.399E-03
2.249E-03	6.717E-03	6.895E-03	2.458E-03	-4.437E-03
2.270E-03	6.773E-03	6.951E-03	2.477E-03	-4.475E-03
2.291E-03	6.830E-03	7.008E-03	2.496E-03	-4.513E-03
2.312E-03	6.887E-03	7.066E-03	2.515E-03	-4.551E-03
2.333E-03	6.945E-03	7.124E-03	2.534E-03	-4.590E-03
2.355E-03	7.003E-03	7.183E-03	2.553E-03	-4.629E-03
2.377E-03	7.062E-03	7.242E-03	2.573E-03	-4.669E-03
2.399E-03	7.121E-03	7.302E-03	2.593E-03	-4.709E-03
2.421E-03	7.181E-03	7.362E-03	2.613E-03	-4.749E-03
2.443E-03	7.241E-03	7.422E-03	2.633E-03	-4.790E-03
2.466E-03	7.302E-03	7.483E-03	2.653E-03	-4.831E-03
2.489E-03	7.363E-03	7.545E-03	2.673E-03	-4.872E-03
2.512E-03	7.425E-03	7.607E-03	2.694E-03	-4.913E-03
2.535E-03	7.487E-03	7.670E-03	2.715E-03	-4.955E-03
2.559E-03	7.550E-03	7.733E-03	2.735E-03	-4.998E-03
2.582E-03	7.613E-03	7.797E-03	2.757E-03	-5.041E-03
2.606E-03	7.677E-03	7.861E-03	2.778E-03	-5.084E-03
2.630E-03	7.742E-03	7.926E-03	2.799E-03	-5.127E-03
2.655E-03	7.807E-03	7.992E-03	2.821E-03	-5.171E-03
2.679E-03	7.873E-03	8.058E-03	2.843E-03	-5.215E-03
2.704E-03	7.939E-03	8.124E-03	2.865E-03	-5.260E-03
2.729E-03	8.005E-03	8.191E-03	2.887E-03	-5.305E-03
2.754E-03	8.073E-03	8.259E-03	2.909E-03	-5.350E-03
2.780E-03	8.141E-03	8.327E-03	2.932E-03	-5.396E-03
2.805E-03	8.209E-03	8.396E-03	2.954E-03	-5.442E-03
2.831E-03	8.278E-03	8.466E-03	2.977E-03	-5.489E-03
2.858E-03	8.348E-03	8.536E-03	3.000E-03	-5.536E-03
2.884E-03	8.418E-03	8.606E-03	3.023E-03	-5.583E-03
2.911E-03	8.489E-03	8.678E-03	3.047E-03	-5.631E-03
2.938E-03	8.560E-03	8.749E-03	3.071E-03	-5.679E-03
2.965E-03	8.632E-03	8.822E-03	3.094E-03	-5.728E-03
2.992E-03	8.705E-03	8.895E-03	3.118E-03	-5.777E-03
3.020E-03	8.779E-03	8.969E-03	3.143E-03	-5.826E-03
3.048E-03	8.853E-03	9.043E-03	3.167E-03	-5.876E-03
3.076E-03	8.927E-03	9.118E-03	3.192E-03	-5.926E-03
3.105E-03	9.002E-03	9.194E-03	3.217E-03	-5.977E-03
3.133E-03	9.078E-03	9.270E-03	3.242E-03	-6.028E-03
3.162E-03	9.155E-03	9.347E-03	3.267E-03	-6.080E-03
3.192E-03	9.232E-03	9.424E-03	3.292E-03	-6.132E-03
3.221E-03	9.310E-03	9.503E-03	3.318E-03	-6.185E-03
3.251E-03	9.389E-03	9.582E-03	3.344E-03	-6.238E-03
3.281E-03	9.468E-03	9.661E-03	3.370E-03	-6.291E-03
3.311E-03	9.548E-03	9.742E-03	3.397E-03	-6.345E-03
3.342E-03	9.628E-03	9.822E-03	3.423E-03	-6.399E-03
3.373E-03	9.710E-03	9.904E-03	3.450E-03	-6.454E-03
3.404E-03	9.792E-03	9.987E-03	3.477E-03	-6.510E-03
3.436E-03	9.875E-03	1.007E-02	3.504E-03	-6.565E-03
3.467E-03	9.958E-03	1.015E-02	3.532E-03	-6.622E-03
3.499E-03	1.004E-02	1.024E-02	3.559E-03	-6.679E-03
3.532E-03	1.013E-02	1.032E-02	3.587E-03	-6.736E-03
3.565E-03	1.021E-02	1.041E-02	3.615E-03	-6.794E-03
3.597E-03	1.030E-02	1.050E-02	3.644E-03	-6.852E-03
3.631E-03	1.039E-02	1.058E-02	3.673E-03	-6.911E-03
3.664E-03	1.047E-02	1.067E-02	3.701E-03	-6.970E-03
3.698E-03	1.056E-02	1.076E-02	3.731E-03	-7.030E-03
3.733E-03	1.065E-02	1.085E-02	3.760E-03	-7.090E-03
3.767E-03	1.074E-02	1.094E-02	3.790E-03	-7.151E-03
3.802E-03	1.083E-02	1.103E-02	3.819E-03	-7.213E-03
3.837E-03	1.093E-02	1.112E-02	3.850E-03	-7.275E-03
3.873E-03	1.102E-02	1.122E-02	3.880E-03	-7.337E-03
3.908E-03	1.111E-02	1.131E-02	3.911E-03	-7.400E-03
3.945E-03	1.121E-02	1.141E-02	3.941E-03	-7.464E-03
3.981E-03	1.130E-02	1.150E-02	3.973E-03	-7.528E-03
4.018E-03	1.140E-02	1.160E-02	4.004E-03	-7.593E-03
4.055E-03	1.149E-02	1.169E-02	4.036E-03	-7.658E-03
4.093E-03	1.159E-02	1.179E-02	4.068E-03	-7.724E-03
4.130E-03	1.169E-02	1.189E-02	4.100E-03	-7.790E-03
4.169E-03	1.179E-02	1.199E-02	4.132E-03	-7.857E-03
4.207E-03	1.189E-02	1.209E-02	4.165E-03	-7.925E-03
4.246E-03	1.199E-02	1.219E-02	4.198E-03	-7.993E-03
4.285E-03	1.209E-02	1.229E-02	4.232E-03	-8.062E-03
4.325E-03	1.219E-02	1.240E-02	4.265E-03	-8.132E-03
4.365E-03	1.230E-02	1.250E-02	4.299E-03	-8.202E-03
4.406E-03	1.240E-02	1.261E-02	4.333E-03	-8.272E-03
4.446E-03	1.251E-02	1.271E-02	4.368E-03	-8.343E-03
4.487E-03	1.261E-02	1.282E-02	4.403E-03	-8.415E-03
4.529E-03	1.272E-02	1.293E-02	4.438E-03	-8.488E-03
4.571E-03	1.283E-02	1.303E-02	4.473E-03	-8.561E-03
4.613E-03	1.294E-02	1.314E-02	4.509E-03	-8.635E-03
4.656E-03	1.305E-02	1.325E-02	4.545E-03	-8.709E-03
4.699E-03	1.316E-02	1.337E-02	4.581E-03	-8.784E-03
4.742E-03	1.327E-02	1.348E-02	4.618E-03	-8.860E-03
4.786E-03	1.339E-02	1.359E-02	4.655E-03	-8.937E-03
4.831E-03	1.350E-02	1.371E-02	4.692E-03	-9.014E-03
4.875E-03	1.362E-02	1.382E-02	4.730E-03	-9.091E-03
4.920E-03	1.373E-02	1.394E-02	4.767E-03	-9.170E-03
4.966E-03	1.385E-02	1.405E-02	4.806E-03	-9.249E-03
5.012E-03	1.397E-02	1.417E-02	4.844E-03	-9.329E-03
5.058E-03	1.409E-02	1.429E-02	4.883E-03	-9.410E-03
5.105E-03	1.421E-02	1.441E-02	4.922E-03	-9.491E-03
5.152E-03	1.433E-02	1.453E-02	4.962E-03	-9.573E-03
5.200E-03	1.445E-02	1.466E-02	5.002E-03	-9.656E-03
5.248E-03	1.457E-02	1.478E-02	5.042E-03	-9.739E-03
5.297E-03	1.470E-02	1.491E-02	5.083E-03	-9.823E-03
5.346E-03	1.482E-02	1.503E-02	5.124E-03	-9.908E-03
5.395E-03	1.495E-02	1.516E-02	5.165E-03	-9.994E-03
5.445E-03	1.508E-02	1.529E-02	5.206E-03	-1.008E-02
5.495E-03	1.521E-02	1.542E-02	5.248E-03	-1.017E-02
5.546E-03	1.534E-02	1.555E-02	5.291E-03	-1.026E-02
5.598E-03	1.547E-02	1.568E-02	5.334E-03	-1.034E-02
5.649E-03	1.560E-02	1.581E-02	5.377E-03	-1.043E-02
5.702E-03	1.574E-02	1.594E-02	5.420E-03	-1.052E-02
5.754E-03	1.587E-02	1.608E-02	5.464E-03	-1.062E-02
5.808E-03	1.601E-02	1.622E-02	5.508E-03	-1.071E-02
5.861E-03	1.614E-02	1.635E-02	5.553E-03	-1.080E-02
5.916E-03	1.628E-02	1.649E-02	5.598E-03	-1.089E-02
5.970E-03	1.642E-02	1.663E-02	5.643E-03	-1.099E-02
6.026E-03	1.656E-02	1.677E-02	5.689E-03	-1.108E-02
6.081E-03	1.671E-02	1.691E-02	5.736E-03	-1.118E-02
6.138E-03	1.685E-02	1.706E-02	5.782E-03	-1.128E-02
6.194E-03	1.699E-02	1.720E-02	5.829E-03	-1.137E-02
6.252E-03	1.714E-02	1.735E-02	5.877E-03	-1.147E-02
6.310E-03	1.729E-02	1.750E-02	5.925E-03	-1.157E-02
6.368E-03	1.744E-02	1.765E-02	5.973E-03	-1.167E-02
6.427E-03	1.759E-02	1.780E-02	6.022E-03	-1.177E-02
6.486E-03	1.774E-02	1.795E-02	6.071E-03	-1.188E-02
6.546E-03	1.789E-02	1.810E-02	6.120E-03	-1.198E-02
6.607E-03	1.804E-02	1.825E-02	6.170E-03	-1.208E-02
6.668E-03	1.820E-02	1.841E-02	6.221E-03	-1.219E-02
6.730E-03	1.836E-02	1.857E-02	6.272E-03	-1.229E-02
6.792E-03	1.852E-02	1.872E-02	6.323E-03	-1.240E-02
6.855E-03	1.867E-02	1.888E-02	6.375E-03	-1.251E-02
6.918E-03	1.884E-02	1.904E-02	6.427E-03	-1.262E-02
6.982E-03	1.900E-02	1.921E-02	6.480E-03	-1.273E-02
7.047E-03	1.916E-02	1.937E-02	6.533E-03	-1.284E-02
7.112E-03	1.933E-02	1.954E-02	6.586E-03	-1.295E-02
7.178E-03	1.949E-02	1.970E-02	6.641E-03	-1.306E-02
7.244E-03	1.966E-02	1.987E-02	6.695E-03	-1.318E-02
7.311E-03	1.983E-02	2.004E-02	6.750E-03	-1.329E-02
7.379E-03	2.000E-02	2.021E-02	6.806E-03	-1.341E-02
7.447E-03	2.018E-02	2.039E-02	6.862E-03	-1.352E-02
7.516E-03	2.035E-02	2.056E-02	6.918E-03	-1.364E-02
7.586E-03	2.053E-02	2.074E-02	6.976E-03	-1.376E-02
7.656E-03	2.071E-02	2.091E-02	7.033E-03	-1.388E-02
7.727E-03	2.088E-02	2.109E-02	7.091E-03	-1.400E-02
7.798E-03	2.107E-02	2.127E-02	7.150E-03	-1.412E-02
7.870E-03	2.125E-02	2.146E-02	7.209E-03	-1.425E-02
7.943E-03	2.143E-02	2.164E-02	7.269E-03	-1.437E-02
8.017E-03	2.162E-02	2.183E-02	7.329E-03	-1.450E-02
8.091E-03	2.181E-02	2.201E-02	7.389E-03	-1.462E-02
8.166E-03	2.199E-02	2.220E-02	7.451E-03	-1.475E-02
8.241E-03	2.218E-02	2.239E-02	7.513E-03	-1.488E-02
8.318E-03	2.238E-02	2.259E-02	7.575E-03	-1.501E-02
8.395E-03	2.257E-02	2.278E-02	7.638E-03	-1.514E-02
8.472E-03	2.277E-02	2.298E-02	7.701E-03	-1.527E-02
8.551E-03	2.297E-02	2.317E-02	7.765E-03	-1.541E-02
8.630E-03	2.317E-02	2.337E-02	7.830E-03	-1.554E-02
8.710E-03	2.337E-02	2.357E-02	7.895E-03	-1.568E-02
8.790E-03	2.357E-02	2.378E-02	7.961E-03	-1.582E-02
8.872E-03	2.377E-02	2.398E-02	8.028E-03	-1.596E-02
8.954E-03	2.398E-02	2.419E-02	8.095E-03	-1.609E-02
9.036E-03	2.419E-02	2.440E-02	8.162E-03	-1.624E-02
9.120E-03	2.440E-02	2.461E-02	8.230E-03	-1.638E-02
9.204E-03	2.461E-02	2.482E-02	8.299E-03	-1.652E-02
9.290E-03	2.483E-02	2.504E-02	8.369E-03	-1.667E-02
9.376E-03	2.504E-02	2.525E-02	8.439E-03	-1.681E-02
9.462E-03	2.526E-02	2.547E-02	8.509E-03	-1.696E-02
9.550E-03	2.548E-02	2.569E-02	8.581E-03	-1.711E-02
9.638E-03	2.571E-02	2.591E-02	8.653E-03	-1.726E-02
9.727E-03	2.593E-02	2.614E-02	8.725E-03	-1.741E-02
9.817E-03	2.616E-02	2.636E-02	8.799E-03	-1.756E-02
9.908E-03	2.639E-02	2.659E-02	8.873E-03	-1.772E-02
1.000E-02	2.662E-02	2.682E-02	8.947E-03	-1.787E-02
1.198E-02	3.160E-02	3.180E-02	1.056E-02	-2.124E-02
1.397E-02	3.658E-02	3.677E-02	1.217E-02	-2.460E-02
1.595E-02	4.156E-02	4.175E-02	1.379E-02	-2.796E-02
1.794E-02	4.655E-02	4.673E-02	1.541E-02	-3.132E-02
1.992E-02	5.154E-02	5.172E-02	1.703E-02	-3.469E-02
2.190E-02	5.655E-02	5.671E-02	1.866E-02	-3.805E-02
2.389E-02	6.157E-02	6.173E-02	2.030E-02	-4.143E-02
2.587E-02	6.660E-02	6.675E-02	2.194E-02	-4.481E-02
2.786E-02	7.164E-02	7.178E-02	2.359E-02	-4.819E-02
2.984E-02	7.669E-02	7.683E-02	2.525E-02	-5.158E-02
3.182E-02	8.176E-02	8.189E-02	2.692E-02	-5.497E-02
3.381E-02	8.684E-02	8.696E-02	2.859E-02	-5.837E-02
3.579E-02	9.193E-02	9.205E-02	3.027E-02	-6.177E-02
3.778E-02	9.702E-02	9.714E-02	3.196E-02	-6.518E-02
3.976E-02	1.021E-01	1.022E-01	3.366E-02	-6.858E-02
4.174E-02	1.072E-01	1.074E-01	3.536E-02	-7.199E-02
4.373E-02	1.124E-01	1.125E-01	3.707E-02	-7.540E-02
4.571E-02	1.175E-01	1.176E-01	3.878E-02	-7.881E-02
4.770E-02	1.226E-01	1.227E-01	4.051E-02	-8.222E-02
4.968E-02	1.278E-01	1.279E-01	4.223E-02	-8.563E-02
5.166E-02	1.329E-01	1.330E-01	4.397E-02	-8.904E-02
5.365E-02	1.381E-01	1.381E-01	4.570E-02	-9.244E-02
5.563E-02	1.432E-01	1.433E-01	4.745E-02	-9.585E-02
5.762E-02	1.484E-01	1.484E-01	4.919E-02	-9.924E-02
5.960E-02	1.535E-01	1.536E-01	5.095E-02	-1.026E-01
6.158E-02	1.587E-01	1.587E-01	5.270E-02	-1.060E-01
6.357E-02	1.638E-01	1.639E-01	5.446E-02	-1.094E-01
6.555E-02	1.689E-01	1.690E-01	5.623E-02	-1.128E-01
6.754E-02	1.741E-01	1.741E-01	5.799E-02	-1.161E-01
6.952E-02	1.792E-01	1.792E-01	5.976E-02	-1.195E-01
7.150E-02	1.843E-01	1.844E-01	6.154E-02	-1.228E-01
7.349E-02	1.894E-01	1.895E-01	6.331E-02	-1.262E-01
7.547E-02	1.945E-01	1.946E-01	6.509E-02	-1.295E-01
7.745E-02	1.996E-01	1.997E-01	6.687E-02	-1.328E-01
7.944E-02	2.047E-01	2.047E-01	6.865E-02	-1.361E-01
8.142E-02	2.098E-01	2.098E-01	7.043E-02	-1.394E-01
8.341E-02	2.148E-01	2.148E-01	7.221E-02	-1.426E-01
8.539E-02	2.198E-01	2.199E-01	7.399E-02	-1.459E-01
8.737E-02	2.249E-01	2.249E-01	7.578E-02	-1.491E-01
8.936E-02	2.299E-01	2.299E-01	7.756E-02	-1.523E-01
9.134E-02	2.348E-01	2.349E-01	7.934E-02	-1.555E-01
9.333E-02	2.398E-01	2.398E-01	8.112E-02	-1.587E-01
9.531E-02	2.447E-01	2.448E-01	8.290E-02	-1.619E-01
9.729E-02	2.497E-01	2.497E-01	8.468E-02	-1.650E-01
9.928E-02	2.546E-01	2.546E-01	8.646E-02	-1.681E-01
1.013E-01	2.594E-01	2.595E-01	8.823E-02	-1.712E-01
1.032E-01	2.643E-01	2.643E-01	9.001E-02	-1.743E-01
1.052E-01	2.691E-01	2.691E-01	9.178E-02	-1.774E-01
1.072E-01	2.739E-01	2.739E-01	9.355E-02	-1.804E-01
1.092E-01	2.787E-01	2.787E-01	9.531E-02	-1.834E-01
1.112E-01	2.834E-01	2.835E-01	9.707E-02	-1.864E-01
1.132E-01	2.881E-01	2.882E-01	9.883E-02	-1.893E-01
1.152E-01	2.928E-01	2.929E-01	1.006E-01	-1.923E-01
1.171E-01	2.975E-01	2.975E-01	1.023E-01	-1.952E-01
1.191E-01	3.021E-01	3.021E-01	1.041E-01	-1.980E-01
1.211E-01	3.067E-01	3.067E-01	1.058E-01	-2.009E-01
1.231E-01	3.112E-01	3.113E-01	1.075E-01	-2.037E-01
1.251E-01	3.158E-01	3.158E-01	1.093E-01	-2.065E-01
1.271E-01	3.202E-01	3.203E-01	1.110E-01	-2.093E-01
1.290E-01	3.247E-01	3.247E-01	1.127E-01	-2.120E-01
1.310E-01	3.291E-01	3.291E-01	1.144E-01	-2.147E-01
1.330E-01	3.335E-01	3.335E-01	1.161E-01	-2.174E-01
1.350E-01	3.378E-01	3.378E-01	1.178E-01	-2.200E-01
1.370E-01	3.421E-01	3.421E-01	1.195E-01	-2.226E-01
1.390E-01	3.464E-01	3.464E-01	1.212E-01	-2.252E-01
1.409E-01	3.506E-01	3.506E-01	1.229E-01	-2.277E-01
1.429E-01	3.547E-01	3.548E-01	1.245E-01	-2.302E-01
1.449E-01	3.589E-01	3.589E-01	1.262E-01	-2.327E-01
1.469E-01	3.630E-01	3.630E-01	1.279E-01	-2.351E-01
1.489E-01	3.670E-01	3.670E-01	1.295E-01	-2.375E-01
1.509E-01	3.710E-01	3.710E-01	1.311E-01	-2.399E-01
1.528E-01	3.749E-01	3.750E-01	1.327E-01	-2.422E-01
1.548E-01	3.788E-01	3.789E-01	1.344E-01	-2.445E-01
1.568E-01	3.827E-01	3.827E-01	1.360E-01	-2.468E-01
1.588E-01	3.865E-01	3.865E-01	1.376E-01	-2.490E-01
1.608E-01	3.903E-01	3.903E-01	1.391E-01	-2.511E-01
1.628E-01	3.940E-01	3.940E-01	1.407E-01	-2.533E-01
1.647E-01	3.977E-01	3.977E-01	1.423E-01	-2.554E-01
1.667E-01	4.013E-01	4.013E-01	1.438E-01	-2.575E-01
1.687E-01	4.048E-01	4.049E-01	1.454E-01	-2.595E-01
1.707E-01	4.084E-01	4.084E-01	1.469E-01	-2.615E-01
1.727E-01	4.118E-01	4.118E-01	1.484E-01	-2.634E-01
1.747E-01	4.152E-01	4.152E-01	1.499E-01	-2.653E-01
1.767E-01	4.186E-01	4.186E-01	1.514E-01	-2.672E-01
1.786E-01	4.219E-01	4.219E-01	1.529E-01	-2.690E-01
1.806E-01	4.252E-01	4.252E-01	1.544E-01	-2.708E-01
1.826E-01	4.284E-01	4.284E-01	1.558E-01	-2.725E-01
1.846E-01	4.315E-01	4.315E-01	1.573E-01	-2.743E-01
1.866E-01	4.346E-01	4.346E-01	1.587E-01	-2.759E-01
1.886E-01	4.376E-01	4.376E-01	1.601E-01	-2.775E-01
1.905E-01	4.406E-01	4.406E-01	1.615E-01	-2.791E-01
1.925E-01	4.436E-01	4.436E-01	1.629E-01	-2.807E-01
1.945E-01	4.464E-01	4.464E-01	1.643E-01	-2.822E-01
1.965E-01	4.492E-01	4.492E-01	1.656E-01	-2.836E-01
1.985E-01	4.520E-01	4.520E-01	1.670E-01	-2.850E-01
2.005E-01	4.547E-01	4.547E-01	1.683E-01	-2.864E-01
2.024E-01	4.573E-01	4.574E-01	1.696E-01	-2.877E-01
2.044E-01	4.599E-01	4.599E-01	1.709E-01	-2.890E-01
2.064E-01	4.625E-01	4.625E-01	1.722E-01	-2.902E-01
2.084E-01	4.649E-01	4.649E-01	1.735E-01	-2.914E-01
2.104E-01	4.674E-01	4.674E-01	1.748E-01	-2.926E-01
2.124E-01	4.697E-01	4.697E-01	1.760E-01	-2.937E-01
2.143E-01	4.720E-01	4.720E-01	1.772E-01	-2.948E-01
2.163E-01	4.742E-01	4.742E-01	1.784E-01	-2.958E-01
2.183E-01	4.764E-01	4.764E-01	1.796E-01	-2.968E-01
2.203E-01	4.785E-01	4.785E-01	1.808E-01	-2.977E-01
2.223E-01	4.806E-01	4.806E-01	1.820E-01	-2.986E-01
2.243E-01	4.826E-01	4.826E-01	1.831E-01	-2.995E-01
2.263E-01	4.846E-01	4.846E-01	1.842E-01	-3.003E-01
2.282E-01	4.864E-01	4.864E-01	1.853E-01	-3.011E-01
2.302E-01	4.883E-01	4.883E-01	1.864E-01	-3.018E-01
2.322E-01	4.900E-01	4.900E-01	1.875E-01	-3.025E-01
2.342E-01	4.917E-01	4.917E-01	1.886E-01	-3.032E-01
2.362E-01	4.934E-01	4.934E-01	1.896E-01	-3.038E-01
2.382E-01	4.950E-01	4.950E-01	1.906E-01	-3.043E-01
2.401E-01	4.965E-01	4.965E-01	1.917E-01	-3.048E-01
2.421E-01	4.980E-01	4.980E-01	1.926E-01	-3.053E-01
2.441E-01	4.994E-01	4.994E-01	1.936E-01	-3.057E-01
2.461E-01	5.007E-01	5.007E-01	1.946E-01	-3.061E-01
2.481E-01	5.020E-01	5.020E-01	1.955E-01	-3.065E-01
2.501E-01	5.032E-01	5.032E-01	1.964E-01	-3.068E-01
2.520E-01	5.044E-01	5.044E-01	1.973E-01	-3.071E-01
2.540E-01	5.055E-01	5.055E-01	1.982E-01	-3.073E-01
2.560E-01	5.065E-01	5.065E-01	1.991E-01	-3.075E-01
2.580E-01	5.075E-01	5.075E-01	1.999E-01	-3.076E-01
2.600E-01	5.085E-01	5.085E-01	2.008E-01	-3.077E-01
2.620E-01	5.093E-01	5.093E-01	2.016E-01	-3.078E-01
2.639E-01	5.101E-01	5.101E-01	2.024E-01	-3.078E-01
2.659E-01	5.109E-01	5.109E-01	2.031E-01	-3.078E-01
2.679E-01	5.116E-01	5.116E-01	2.039E-01	-3.077E-01
2.699E-01	5.122E-01	5.122E-01	2.046E-01	-3.076E-01
2.719E-01	5.128E-01	5.128E-01	2.053E-01	-3.075E-01
2.739E-01	5.133E-01	5.133E-01	2.060E-01	-3.073E-01
2.759E-01	5.138E-01	5.138E-01	2.067E-01	-3.071E-01
2.778E-01	5.142E-01	5.142E-01	2.074E-01	-3.068E-01
2.798E-01	5.145E-01	5.145E-01	2.080E-01	-3.066E-01
2.818E-01	5.148E-01	5.148E-01	2.086E-01	-3.062E-01
2.838E-01	5.151E-01	5.151E-01	2.092E-01	-3.059E-01
2.858E-01	5.152E-01	5.152E-01	2.098E-01	-3.055E-01
2.878E-01	5.154E-01	5.154E-01	2.104E-01	-3.050E-01
2.897E-01	5.154E-01	5.154E-01	2.109E-01	-3.045E-01
2.917E-01	5.154E-01	5.154E-01	2.114E-01	-3.040E-01
2.937E-01	5.154E-01	5.154E-01	2.119E-01	-3.035E-01
2.957E-01	5.153E-01	5.153E-01	2.124E-01	-3.029E-01
2.977E-01	5.151E-01	5.151E-01	2.129E-01	-3.023E-01
2.997E-01	5.149E-01	5.149E-01	2.133E-01	-3.016E-01
3.016E-01	5.147E-01	5.147E-01	2.137E-01	-3.009E-01
3.036E-01	5.144E-01	5.144E-01	2.141E-01	-3.002E-01
3.056E-01	5.140E-01	5.140E-01	2.145E-01	-2.995E-01
3.076E-01	5.136E-01	5.136E-01	2.149E-01	-2.987E-01
3.096E-01	5.131E-01	5.131E-01	2.152E-01	-2.978E-01
3.116E-01	5.126E-01	5.126E-01	2.156E-01	-2.970E-01
3.135E-01	5.120E-01	5.120E-01	2.159E-01	-2.961E-01
3.155E-01	5.114E-01	5.114E-01	2.162E-01	-2.952E-01
3.175E-01	5.107E-01	5.107E-01	2.164E-01	-2.942E-01
3.195E-01	5.099E-01	5.099E-01	2.167E-01	-2.933E-01
3.215E-01	5.092E-01	5.092E-01	2.169E-01	-2.923E-01
3.235E-01	5.083E-01	5.083E-01	2.171E-01	-2.912E-01
3.255E-01	5.075E-01	5.075E-01	2.173E-01	-2.901E-01
3.274E-01	5.065E-01	5.065E-01	2.175E-01	-2.890E-01
3.294E-01	5.056E-01	5.056E-01	2.176E-01	-2.879E-01
3.314E-01	5.045E-01	5.045E-01	2.178E-01	-2.868E-01
3.334E-01	5.035E-01	5.035E-01	2.179E-01	-2.856E-01
3.354E-01	5.024E-01	5.024E-01	2.180E-01	-2.844E-01
3.374E-01	5.012E-01	5.012E-01	2.181E-01	-2.831E-01
3.393E-01	5.000E-01	5.000E-01	2.181E-01	-2.819E-01
3.413E-01	4.987E-01	4.987E-01	2.182E-01	-2.806E-01
3.433E-01	4.974E-01	4.974E-01	2.182E-01	-2.793E-01
3.453E-01	4.961E-01	4.961E-01	2.182E-01	-2.779E-01
3.473E-01	4.947E-01	4.947E-01	2.182E-01	-2.766E-01
3.493E-01	4.933E-01	4.933E-01	2.181E-01	-2.752E-01
3.512E-01	4.918E-01	4.918E-01	2.181E-01	-2.738E-01
3.532E-01	4.903E-01	4.903E-01	2.180E-01	-2.723E-01
3.552E-01	4.888E-01	4.888E-01	2.179E-01	-2.709E-01
3.572E-01	4.872E-01	4.872E-01	2.178E-01	-2.694E-01
3.592E-01	4.855E-01	4.855E-01	2.177E-01	-2.679E-01
3.612E-01	4.839E-01	4.839E-01	2.175E-01	-2.664E-01
3.631E-01	4.822E-01	4.822E-01	2.173E-01	-2.648E-01
3.651E-01	4.804E-01	4.804E-01	2.172E-01	-2.633E-01
3.671E-01	4.786E-01	4.786E-01	2.170E-01	-2.617E-01
3.691E-01	4.768E-01	4.768E-01	2.167E-01	-2.601E-01
3.711E-01	4.749E-01	4.749E-01	2.165E-01	-2.584E-01
3.731E-01	4.731E-01	4.731E-01	2.162E-01	-2.568E-01
3.751E-01	4.711E-01	4.711E-01	2.160E-01	-2.552E-01
3.770E-01	4.692E-01	4.692E-01	2.157E-01	-2.535E-01
3.790E-01	4.672E-01	4.672E-01	2.154E-01	-2.518E-01
3.810E-01	4.651E-01	4.651E-01	2.150E-01	-2.501E-01
3.830E-01	4.631E-01	4.631E-01	2.147E-01	-2.484E-01
3.850E-01	4.610E-01	4.610E-01	2.143E-01	-2.466E-01
3.870E-01	4.588E-01	4.588E-01	2.140E-01	-2.449E-01
3.889E-01	4.567E-01	4.567E-01	2.136E-01	-2.431E-01
3.909E-01	4.545E-01	4.545E-01	2.132E-01	-2.413E-01
3.929E-01	4.522E-01	4.522E-01	2.127E-01	-2.395E-01
3.949E-01	4.500E-01	4.500E-01	2.123E-01	-2.377E-01
3.969E-01	4.477E-01	4.477E-01	2.118E-01	-2.359E-01
3.989E-01	4.454E-01	4.454E-01	2.113E-01	-2.341E-01
4.008E-01	4.431E-01	4.431E-01	2.108E-01	-2.322E-01
4.028E-01	4.407E-01	4.407E-01	2.103E-01	-2.304E-01
4.048E-01	4.383E-01	4.383E-01	2.098E-01	-2.285E-01
4.068E-01	4.359E-01	4.359E-01	2.093E-01	-2.266E-01
4.088E-01	4.335E-01	4.335E-01	2.087E-01	-2.247E-01
4.108E-01	4.310E-01	4.310E-01	2.081E-01	-2.229E-01
4.127E-01	4.285E-01	4.285E-01	2.076E-01	-2.209E-01
4.147E-01	4.260E-01	4.260E-01	2.070E-01	-2.190E-01
4.167E-01	4.235E-01	4.235E-01	2.063E-01	-2.171E-01
4.187E-01	4.209E-01	4.209E-01	2.057E-01	-2.152E-01
4.207E-01	4.183E-01	4.183E-01	2.051E-01	-2.133E-01
4.227E-01	4.157E-01	4.157E-01	2.044E-01	-2.113E-01
4.246E-01	4.131E-01	4.131E-01	2.037E-01	-2.094E-01
4.266E-01	4.105E-01	4.105E-01	2.030E-01	-2.074E-01
4.286E-01	4.078E-01	4.078E-01	2.023E-01	-2.055E-01
4.306E-01	4.051E-01	4.051E-01	2.016E-01	-2.035E-01
4.326E-01	4.024E-01	4.024E-01	2.009E-01	-2.016E-01
4.346E-01	3.997E-01	3.997E-01	2.001E-01	-1.996E-01
4.366E-01	3.970E-01	3.970E-01	1.994E-01	-1.976E-01
4.385E-01	3.943E-01	3.943E-01	1.986E-01	-1.957E-01
4.405E-01	3.915E-01	3.915E-01	1.978E-01	-1.937E-01
4.425E-01	3.887E-01	3.887E-01	1.970E-01	-1.917E-01
4.445E-01	3.859E-01	3.859E-01	1.962E-01	-1.897E-01
4.465E-01	3.831E-01	3.831E-01	1.954E-01	-1.878E-01
4.485E-01	3.803E-01	3.803E-01	1.945E-01	-1.858E-01
4.504E-01	3.775E-01	3.775E-01	1.937E-01	-1.838E-01
4.524E-01	3.747E-01	3.747E-01	1.928E-01	-1.818E-01
4.544E-01	3.718E-01	3.718E-01	1.920E-01	-1.799E-01
4.564E-01	3.690E-01	3.690E-01	1.911E-01	-1.779E-01
4.584E-01	3.661E-01	3.661E-01	1.902E-01	-1.759E-01
4.604E-01	3.632E-01	3.632E-01	1.893E-01	-1.739E-01
4.623E-01	3.603E-01	3.603E-01	1.884E-01	-1.720E-01
4.643E-01	3.574E-01	3.574E-01	1.874E-01	-1.700E-01
4.663E-01	3.545E-01	3.545E-01	1.865E-01	-1.680E-01
4.683E-01	3.516E-01	3.516E-01	1.855E-01	-1.661E-01
4.703E-01	3.487E-01	3.487E-01	1.846E-01	-1.641E-01
4.723E-01	3.458E-01	3.458E-01	1.836E-01	-1.622E-01
4.742E-01	3.429E-01	3.429E-01	1.826E-01	-1.602E-01
4.762E-01	3.399E-01	3.399E-01	1.816E-01	-1.583E-01
4.782E-01	3.370E-01	3.370E-01	1.806E-01	-1.563E-01
4.802E-01	3.340E-01	3.340E-01	1.796E-01	-1.544E-01
4.822E-01	3.311E-01	3.311E-01	1.786E-01	-1.525E-01
4.842E-01	3.281E-01	3.281E-01	1.776E-01	-1.506E-01
4.862E-01	3.252E-01	3.252E-01	1.765E-01	-1.486E-01
4.881E-01	3.222E-01	3.222E-01	1.755E-01	-1.467E-01
4.901E-01	3.193E-01	3.193E-01	1.745E-01	-1.448E-01
4.921E-01	3.163E-01	3.163E-01	1.734E-01	-1.429E-01
4.941E-01	3.134E-01	3.134E-01	1.723E-01	-1.411E-01
4.961E-01	3.104E-01	3.104E-01	1.712E-01	-1.392E-01
4.981E-01	3.075E-01	3.075E-01	1.702E-01	-1.373E-01
5.000E-01	3.045E-01	3.045E-01	1.691E-01	-1.354E-01
5.020E-01	3.015E-01	3.015E-01	1.680E-01	-1.336E-01
5.040E-01	2.986E-01	2.986E-01	1.669E-01	-1.317E-01
5.060E-01	2.956E-01	2.956E-01	1.657E-01	-1.299E-01
5.080E-01	2.927E-01	2.927E-01	1.646E-01	-1.281E-01
5.100E-01	2.898E-01	2.898E-01	1.635E-01	-1.263E-01
5.119E-01	2.868E-01	2.868E-01	1.624E-01	-1.245E-01
5.139E-01	2.839E-01	2.839E-01	1.612E-01	-1.227E-01
5.159E-01	2.810E-01	2.810E-01	1.601E-01	-1.209E-01
5.179E-01	2.780E-01	2.780E-01	1.589E-01	-1.191E-01
5.199E-01	2.751E-01	2.751E-01	1.578E-01	-1.173E-01
5.219E-01	2.722E-01	2.722E-01	1.566E-01	-1.156E-01
5.238E-01	2.693E-01	2.693E-01	1.554E-01	-1.139E-01
5.258E-01	2.664E-01	2.664E-01	1.543E-01	-1.121E-01
5.278E-01	2.635E-01	2.635E-01	1.531E-01	-1.104E-01
5.298E-01	2.606E-01	2.606E-01	1.519E-01	-1.087E-01
5.318E-01	2.577E-01	2.577E-01	1.507E-01	-1.070E-01
5.338E-01	2.549E-01	2.549E-01	1.495E-01	-1.053E-01
5.358E-01	2.520E-01	2.520E-01	1.483E-01	-1.037E-01
5.377E-01	2.491E-01	2.491E-01	1.471E-01	-1.020E-01
5.397E-01	2.463E-01	2.463E-01	1.459E-01	-1.004E-01
5.417E-01	2.435E-01	2.435E-01	1.447E-01	-9.875E-02
5.437E-01	2.406E-01	2.406E-01	1.435E-01	-9.713E-02
5.457E-01	2.378E-01	2.378E-01	1.423E-01	-9.553E-02
5.477E-01	2.350E-01	2.350E-01	1.411E-01	-9.395E-02
5.496E-01	2.322E-01	2.322E-01	1.399E-01	-9.237E-02
5.516E-01	2.295E-01	2.295E-01	1.386E-01	-9.081E-02
5.536E-01	2.267E-01	2.267E-01	1.374E-01	-8.926E-02
5.556E-01	2.239E-01	2.239E-01	1.362E-01	-8.773E-02
5.576E-01	2.212E-01	2.212E-01	1.350E-01	-8.621E-02
5.596E-01	2.185E-01	2.185E-01	1.338E-01	-8.471E-02
5.615E-01	2.157E-01	2.157E-01	1.325E-01	-8.322E-02
5.635E-01	2.130E-01	2.130E-01	1.313E-01	-8.175E-02
5.655E-01	2.103E-01	2.103E-01	1.301E-01	-8.029E-02
5.675E-01	2.077E-01	2.077E-01	1.288E-01	-7.884E-02
5.695E-01	2.050E-01	2.050E-01	1.276E-01	-7.741E-02
5.715E-01	2.024E-01	2.024E-01	1.264E-01	-7.599E-02
5.734E-01	1.997E-01	1.997E-01	1.251E-01	-7.459E-02
5.754E-01	1.971E-01	1.971E-01	1.239E-01	-7.321E-02
5.774E-01	1.945E-01	1.945E-01	1.227E-01	-7.184E-02
5.794E-01	1.919E-01	1.919E-01	1.214E-01	-7.048E-02
5.814E-01	1.893E-01	1.893E-01	1.202E-01	-6.914E-02
5.834E-01	1.868E-01	1.868E-01	1.190E-01	-6.781E-02
5.854E-01	1.842E-01	1.842E-01	1.177E-01	-6.650E-02
5.873E-01	1.817E-01	1.817E-01	1.165E-01	-6.521E-02
5.893E-01	1.792E-01	1.792E-01	1.153E-01	-6.393E-02
5.913E-01	1.767E-01	1.767E-01	1.140E-01	-6.266E-02
5.933E-01	1.742E-01	1.742E-01	1.128E-01	-6.141E-02
5.953E-01	1.718E-01	1.718E-01	1.116E-01	-6.018E-02
5.973E-01	1.693E-01	1.693E-01	1.104E-01	-5.896E-02
5.992E-01	1.669E-01	1.669E-01	1.091E-01	-5.776E-02
6.012E-01	1.645E-01	1.645E-01	1.079E-01	-5.657E-02
6.032E-01	1.621E-01	1.621E-01	1.067E-01	-5.540E-02
6.052E-01	1.597E-01	1.597E-01	1.055E-01	-5.424E-02
6.072E-01	1.574E-01	1.574E-01	1.043E-01	-5.310E-02
6.092E-01	1.550E-01	1.550E-01	1.031E-01	-5.198E-02
6.111E-01	1.527E-01	1.527E-01	1.019E-01	-5.087E-02
6.131E-01	1.504E-01	1.504E-01	1.007E-01	-4.977E-02
6.151E-01	1.481E-01	1.481E-01	9.945E-02	-4.869E-02
6.171E-01	1.459E-01	1.459E-01	9.825E-02	-4.763E-02
6.191E-01	1.436E-01	1.436E-01	9.706E-02	-4.658E-02
6.211E-01	1.414E-01	1.414E-01	9.587E-02	-4.554E-02
6.230E-01	1.392E-01	1.392E-01	9.468E-02	-4.452E-02
6.250E-01	1.370E-01	1.370E-01	9.349E-02	-4.352E-02
6.270E-01	1.348E-01	1.348E-01	9.232E-02	-4.253E-02
6.290E-01	1.327E-01	1.327E-01	9.114E-02	-4.156E-02
6.310E-01	1.306E-01	1.306E-01	8.997E-02	-4.060E-02
6.330E-01	1.285E-01	1.285E-01	8.880E-02	-3.965E-02
6.349E-01	1.264E-01	1.264E-01	8.764E-02	-3.872E-02
6.369E-01	1.243E-01	1.243E-01	8.649E-02	-3.781E-02
6.389E-01	1.222E-01	1.222E-01	8.533E-02	-3.691E-02
6.409E-01	1.202E-01	1.202E-01	8.419E-02	-3.603E-02
6.429E-01	1.182E-01	1.182E-01	8.304E-02	-3.515E-02
6.449E-01	1.162E-01	1.162E-01	8.191E-02	-3.430E-02
6.469E-01	1.142E-01	1.142E-01	8.078E-02	-3.346E-02
6.488E-01	1.123E-01	1.123E-01	7.965E-02	-3.263E-02
6.508E-01	1.103E-01	1.103E-01	7.853E-02	-3.182E-02
6.528E-01	1.084E-01	1.084E-01	7.742E-02	-3.102E-02
6.548E-01	1.065E-01	1.065E-01	7.631E-02	-3.023E-02
6.568E-01	1.047E-01	1.047E-01	7.521E-02	-2.946E-02
6.588E-01	1.028E-01	1.028E-01	7.411E-02	-2.870E-02
6.607E-01	1.010E-01	1.010E-01	7.302E-02	-2.796E-02
6.627E-01	9.917E-02	9.917E-02	7.194E-02	-2.723E-02
6.647E-01	9.737E-02	9.737E-02	7.086E-02	-2.651E-02
6.667E-01	9.560E-02	9.560E-02	6.979E-02	-2.581E-02
6.687E-01	9.385E-02	9.385E-02	6.873E-02	-2.512E-02
6.707E-01	9.211E-02	9.211E-02	6.767E-02	-2.444E-02
6.726E-01	9.040E-02	9.040E-02	6.662E-02	-2.378E-02
6.746E-01	8.870E-02	8.870E-02	6.558E-02	-2.313E-02
6.766E-01	8.703E-02	8.703E-02	6.454E-02	-2.249E-02
6.786E-01	8.538E-02	8.538E-02	6.351E-02	-2.186E-02
6.806E-01	8.374E-02	8.374E-02	6.249E-02	-2.125E-02
6.826E-01	8.213E-02	8.213E-02	6.148E-02	-2.065E-02
6.845E-01	8.053E-02	8.053E-02	6.047E-02	-2.006E-02
6.865E-01	7.896E-02	7.896E-02	5.947E-02	-1.949E-02
6.885E-01	7.740E-02	7.740E-02	5.848E-02	-1.892E-02
6.905E-01	7.587E-02	7.587E-02	5.750E-02	-1.837E-02
6.925E-01	7.435E-02	7.435E-02	5.652E-02	-1.783E-02
6.945E-01	7.285E-02	7.285E-02	5.555E-02	-1.730E-02
6.965E-01	7.138E-02	7.138E-02	5.459E-02	-1.678E-02
6.984E-01	6.992E-02	6.992E-02	5.364E-02	-1.628E-02
7.004E-01	6.848E-02	6.848E-02	5.270E-02	-1.578E-02
7.024E-01	6.706E-02	6.706E-02	5.176E-02	-1.530E-02
7.044E-01	6.566E-02	6.566E-02	5.083E-02	-1.483E-02
7.064E-01	6.428E-02	6.428E-02	4.991E-02	-1.437E-02
7.084E-01	6.292E-02	6.292E-02	4.900E-02	-1.391E-02
7.103E-01	6.157E-02	6.157E-02	4.810E-02	-1.347E-02
7.123E-01	6.025E-02	6.025E-02	4.721E-02	-1.304E-02
7.143E-01	5.894E-02	5.894E-02	4.632E-02	-1.262E-02
7.163E-01	5.766E-02	5.766E-02	4.544E-02	-1.221E-02
7.183E-01	5.639E-02	5.639E-02	4.458E-02	-1.181E-02
7.203E-01	5.514E-02	5.514E-02	4.372E-02	-1.142E-02
7.222E-01	5.391E-02	5.391E-02	4.286E-02	-1.104E-02
7.242E-01	5.270E-02	5.270E-02	4.202E-02	-1.067E-02
7.262E-01	5.150E-02	5.150E-02	4.119E-02	-1.031E-02
7.282E-01	5.032E-02	5.032E-02	4.036E-02	-9.960E-03
7.302E-01	4.917E-02	4.917E-02	3.955E-02	-9.617E-03
7.322E-01	4.803E-02	4.803E-02	3.874E-02	-9.283E-03
7.341E-01	4.690E-02	4.690E-02	3.794E-02	-8.957E-03
7.361E-01	4.580E-02	4.580E-02	3.716E-02	-8.641E-03
7.381E-01	4.471E-02	4.471E-02	3.638E-02	-8.333E-03
7.401E-01	4.364E-02	4.364E-02	3.561E-02	-8.033E-03
7.421E-01	4.259E-02	4.259E-02	3.484E-02	-7.741E-03
7.441E-01	4.155E-02	4.155E-02	3.409E-02	-7.458E-03
7.461E-01	4.053E-02	4.053E-02	3.335E-02	-7.183E-03
7.480E-01	3.953E-02	3.953E-02	3.261E-02	-6.915E-03
7.500E-01	3.854E-02	3.854E-02	3.189E-02	-6.655E-03
7.520E-01	3.758E-02	3.758E-02	3.117E-02	-6.402E-03
7.540E-01	3.662E-02	3.662E-02	3.047E-02	-6.157E-03
7.560E-01	3.569E-02	3.569E-02	2.977E-02	-5.919E-03
7.580E-01	3.477E-02	3.477E-02	2.908E-02	-5.688E-03
7.599E-01	3.387E-02	3.387E-02	2.840E-02	-5.465E-03
7.619E-01	3.298E-02	3.298E-02	2.773E-02	-5.248E-03
7.639E-01	3.211E-02	3.211E-02	2.707E-02	-5.037E-03
7.659E-01	3.125E-02	3.125E-02	2.642E-02	-4.833E-03
7.679E-01	3.041E-02	3.041E-02	2.578E-02	-4.636E-03
7.699E-01	2.959E-02	2.959E-02	2.515E-02	-4.445E-03
7.718E-01	2.878E-02	2.878E-02	2.452E-02	-4.260E-03
7.738E-01	2.799E-02	2.799E-02	2.391E-02	-4.080E-03
7.758E-01	2.721E-02	2.721E-02	2.330E-02	-3.907E-03
7.778E-01	2.645E-02	2.645E-02	2.271E-02	-3.740E-03
7.798E-01	2.570E-02	2.570E-02	2.212E-02	-3.578E-03
7.818E-01	2.496E-02	2.496E-02	2.154E-02	-3.421E-03
7.837E-01	2.424E-02	2.424E-02	2.097E-02	-3.270E-03
7.857E-01	2.354E-02	2.354E-02	2.041E-02	-3.125E-03
7.877E-01	2.285E-02	2.285E-02	1.986E-02	-2.984E-03
7.897E-01	2.217E-02	2.217E-02	1.932E-02	-2.848E-03
7.917E-01	2.151E-02	2.151E-02	1.879E-02	-2.717E-03
7.937E-01	2.086E-02	2.086E-02	1.827E-02	-2.591E-03
7.957E-01	2.022E-02	2.022E-02	1.775E-02	-2.470E-03
7.976E-01	1.960E-02	1.960E-02	1.725E-02	-2.352E-03
7.996E-01	1.899E-02	1.899E-02	1.675E-02	-2.240E-03
8.016E-01	1.839E-02	1.839E-02	1.626E-02	-2.131E-03
8.036E-01	1.781E-02	1.781E-02	1.578E-02	-2.027E-03
8.056E-01	1.724E-02	1.724E-02	1.531E-02	-1.927E-03
8.076E-01	1.668E-02	1.668E-02	1.485E-02	-1.830E-03
8.095E-01	1.614E-02	1.614E-02	1.440E-02	-1.738E-03
8.115E-01	1.561E-02	1.561E-02	1.396E-02	-1.649E-03
8.135E-01	1.508E-02	1.508E-02	1.352E-02	-1.564E-03
8.155E-01	1.458E-02	1.458E-02	1.309E-02	-1.482E-03
8.175E-01	1.408E-02	1.408E-02	1.268E-02	-1.404E-03
8.195E-01	1.360E-02	1.360E-02	1.227E-02	-1.329E-03
8.214E-01	1.312E-02	1.312E-02	1.187E-02	-1.257E-03
8.234E-01	1.266E-02	1.266E-02	1.147E-02	-1.188E-03
8.254E-01	1.221E-02	1.221E-02	1.109E-02	-1.123E-03
8.274E-01	1.177E-02	1.177E-02	1.071E-02	-1.060E-03
8.294E-01	1.134E-02	1.134E-02	1.034E-02	-9.996E-04
8.314E-01	1.093E-02	1.093E-02	9.985E-03	-9.423E-04
8.333E-01	1.052E-02	1.052E-02	9.633E-03	-8.876E-04
8.353E-01	1.013E-02	1.013E-02	9.290E-03	-8.355E-04
8.373E-01	9.740E-03	9.740E-03	8.954E-03	-7.858E-04
8.393E-01	9.365E-03	9.365E-03	8.626E-03	-7.384E-04
8.413E-01	8.999E-03	8.999E-03	8.306E-03	-6.934E-04
8.433E-01	8.644E-03	8.644E-03	7.994E-03	-6.506E-04
8.453E-01	8.299E-03	8.299E-03	7.689E-03	-6.098E-04
8.472E-01	7.963E-03	7.963E-03	7.392E-03	-5.712E-04
8.492E-01	7.637E-03	7.637E-03	7.103E-03	-5.345E-04
8.512E-01	7.320E-03	7.320E-03	6.821E-03	-4.997E-04
8.532E-01	7.013E-03	7.013E-03	6.546E-03	-4.667E-04
8.552E-01	6.714E-03	6.714E-03	6.279E-03	-4.355E-04
8.572E-01	6.424E-03	6.424E-03	6.018E-03	-4.060E-04
8.591E-01	6.143E-03	6.143E-03	5.765E-03	-3.780E-04
8.611E-01	5.871E-03	5.871E-03	5.519E-03	-3.517E-04
8.631E-01	5.607E-03	5.607E-03	5.280E-03	-3.268E-04
8.651E-01	5.352E-03	5.352E-03	5.048E-03	-3.033E-04
8.671E-01	5.104E-03	5.104E-03	4.823E-03	-2.812E-04
8.691E-01	4.865E-03	4.865E-03	4.604E-03	-2.604E-04
8.710E-01	4.633E-03	4.633E-03	4.392E-03	-2.409E-04
8.730E-01	4.409E-03	4.409E-03	4.187E-03	-2.225E-04
8.750E-01	4.193E-03	4.193E-03	3.988E-03	-2.053E-04
8.770E-01	3.984E-03	3.984E-03	3.795E-03	-1.891E-04
8.790E-01	3.783E-03	3.783E-03	3.609E-03	-1.740E-04
8.810E-01	3.588E-03	3.588E-03	3.428E-03	-1.599E-04
8.829E-01	3.401E-03	3.401E-03	3.254E-03	-1.467E-04
8.849E-01	3.220E-03	3.220E-03	3.086E-03	-1.344E-04
8.869E-01	3.047E-03	3.047E-03	2.924E-03	-1.229E-04
8.889E-01	2.879E-03	2.879E-03	2.767E-03	-1.122E-04
8.909E-01	2.719E-03	2.719E-03	2.616E-03	-1.023E-04
8.929E-01	2.564E-03	2.564E-03	2.471E-03	-9.311E-05
8.948E-01	2.416E-03	2.416E-03	2.331E-03	-8.458E-05
8.968E-01	2.273E-03	2.273E-03	2.197E-03	-7.669E-05
8.988E-01	2.137E-03	2.137E-03	2.068E-03	-6.940E-05
9.008E-01	2.006E-03	2.006E-03	1.944E-03	-6.268E-05
9.028E-01	1.881E-03	1.881E-03	1.825E-03	-5.649E-05
9.048E-01	1.762E-03	1.762E-03	1.711E-03	-5.080E-05
9.068E-01	1.647E-03	1.647E-03	1.602E-03	-4.558E-05
9.087E-01	1.538E-03	1.538E-03	1.497E-03	-4.080E-05
9.107E-01	1.434E-03	1.434E-03	1.398E-03	-3.643E-05
9.127E-01	1.335E-03	1.335E-03	1.303E-03	-3.245E-05
9.147E-01	1.241E-03	1.241E-03	1.212E-03	-2.882E-05
9.167E-01	1.151E-03	1.151E-03	1.126E-03	-2.552E-05
9.187E-01	1.066E-03	1.066E-03	1.044E-03	-2.254E-05
9.206E-01	9.858E-04	9.858E-04	9.659E-04	-1.984E-05
9.226E-01	9.095E-04	9.095E-04	8.921E-04	-1.741E-05
9.246E-01	8.373E-04	8.373E-04	8.221E-04	-1.523E-05
9.266E-01	7.692E-04	7.692E-04	7.559E-04	-1.327E-05
9.286E-01	7.050E-04	7.050E-04	6.935E-04	-1.152E-05
9.306E-01	6.446E-04	6.446E-04	6.346E-04	-9.956E-06
9.325E-01	5.878E-04	5.878E-04	5.792E-04	-8.571E-06
9.345E-01	5.346E-04	5.346E-04	5.272E-04	-7.345E-06
9.365E-01	4.847E-04	4.847E-04	4.785E-04	-6.265E-06
9.385E-01	4.382E-04	4.382E-04	4.329E-04	-5.316E-06
9.405E-01	3.948E-04	3.948E-04	3.903E-04	-4.487E-06
9.425E-01	3.545E-04	3.545E-04	3.507E-04	-3.765E-06
9.444E-01	3.171E-04	3.171E-04	3.139E-04	-3.140E-06
9.464E-01	2.825E-04	2.825E-04	2.799E-04	-2.601E-06
9.484E-01	2.505E-04	2.505E-04	2.484E-04	-2.140E-06
9.504E-01	2.212E-04	2.212E-04	2.194E-04	-1.747E-06
9.524E-01	1.943E-04	1.943E-04	1.928E-04	-1.414E-06
9.544E-01	1.697E-04	1.697E-04	1.686E-04	-1.134E-06
9.564E-01	1.473E-04	1.473E-04	1.464E-04	-9.011E-07
9.583E-01	1.271E-04	1.271E-04	1.264E-04	-7.082E-07
9.603E-01	1.088E-04	1.088E-04	1.083E-04	-5.501E-07
9.623E-01	9.247E-05	9.247E-05	9.205E-05	-4.218E-07
9.643E-01	7.788E-05	7.788E-05	7.756E-05	-3.187E-07
9.663E-01	6.495E-05	6.495E-05	6.471E-05	-2.371E-07
9.683E-01	5.357E-05	5.357E-05	5.339E-05	-1.732E-07
9.702E-01	4.364E-05	4.364E-05	4.351E-05	-1.240E-07
9.722E-01	3.505E-05	3.505E-05	3.496E-05	-8.671E-08
9.742E-01	2.770E-05	2.770E-05	2.764E-05	-5.906E-08
9.762E-01	2.148E-05	2.148E-05	2.144E-05	-3.901E-08
9.782E-01	1.629E-05	1.629E-05	1.627E-05	-2.486E-08
9.802E-01	1.203E-05	1.203E-05	1.202E-05	-1.517E-08
9.821E-01	8.611E-06	8.611E-06	8.603E-06	-8.789E-09
9.841E-01	5.923E-06	5.923E-06	5.919E-06	-4.775E-09
9.861E-01	3.875E-06	3.875E-06	3.873E-06	-2.391E-09
9.881E-01	2.375E-06	2.375E-06	2.374E-06	-1.076E-09
9.901E-01	1.330E-06	1.330E-06	1.330E-06	-4.183E-10
9.921E-01	6.549E-07	6.549E-07	6.548E-07	-1.317E-10
9.940E-01	2.628E-07	2.628E-07	2.627E-07	-2.967E-11
9.960E-01	7.186E-08	7.186E-08	7.186E-08	-3.677E-12
9.980E-01	8.175E-09	8.175E-09	8.175E-09	-1.130E-13
1.000E+00	0.000E+00	0.000E+00	0.000E+00	0.000E+00
