Q0 = 0.590 GeV	 Q = 1.732 GeV
x	 x*(uv-dv)
1.000E-04	1.618E-03	1.870E-03	6.279E-04	-1.242E-03
1.009E-04	1.630E-03	1.883E-03	6.335E-04	-1.249E-03
1.019E-04	1.641E-03	1.895E-03	6.391E-04	-1.256E-03
1.028E-04	1.652E-03	1.908E-03	6.448E-04	-1.263E-03
1.038E-04	1.664E-03	1.920E-03	6.505E-04	-1.270E-03
1.047E-04	1.675E-03	1.933E-03	6.563E-04	-1.276E-03
1.057E-04	1.687E-03	1.946E-03	6.621E-04	-1.283E-03
1.067E-04	1.698E-03	1.958E-03	6.679E-04	-1.290E-03
1.076E-04	1.710E-03	1.971E-03	6.738E-04	-1.297E-03
1.086E-04	1.722E-03	1.984E-03	6.798E-04	-1.305E-03
1.096E-04	1.734E-03	1.997E-03	6.858E-04	-1.312E-03
1.107E-04	1.746E-03	2.011E-03	6.918E-04	-1.319E-03
1.117E-04	1.758E-03	2.024E-03	6.978E-04	-1.326E-03
1.127E-04	1.770E-03	2.037E-03	7.040E-04	-1.333E-03
1.138E-04	1.782E-03	2.051E-03	7.101E-04	-1.341E-03
1.148E-04	1.795E-03	2.064E-03	7.163E-04	-1.348E-03
1.159E-04	1.807E-03	2.078E-03	7.226E-04	-1.355E-03
1.169E-04	1.820E-03	2.092E-03	7.289E-04	-1.363E-03
1.180E-04	1.832E-03	2.105E-03	7.352E-04	-1.370E-03
1.191E-04	1.845E-03	2.119E-03	7.416E-04	-1.378E-03
1.202E-04	1.858E-03	2.133E-03	7.481E-04	-1.385E-03
1.213E-04	1.871E-03	2.147E-03	7.546E-04	-1.393E-03
1.225E-04	1.884E-03	2.161E-03	7.611E-04	-1.400E-03
1.236E-04	1.897E-03	2.176E-03	7.677E-04	-1.408E-03
1.247E-04	1.910E-03	2.190E-03	7.743E-04	-1.416E-03
1.259E-04	1.923E-03	2.205E-03	7.810E-04	-1.424E-03
1.271E-04	1.936E-03	2.219E-03	7.877E-04	-1.431E-03
1.282E-04	1.950E-03	2.234E-03	7.945E-04	-1.439E-03
1.294E-04	1.963E-03	2.249E-03	8.013E-04	-1.447E-03
1.306E-04	1.977E-03	2.263E-03	8.082E-04	-1.455E-03
1.318E-04	1.990E-03	2.278E-03	8.152E-04	-1.463E-03
1.330E-04	2.004E-03	2.293E-03	8.222E-04	-1.471E-03
1.343E-04	2.018E-03	2.308E-03	8.292E-04	-1.479E-03
1.355E-04	2.032E-03	2.324E-03	8.363E-04	-1.487E-03
1.368E-04	2.046E-03	2.339E-03	8.434E-04	-1.496E-03
1.380E-04	2.060E-03	2.355E-03	8.506E-04	-1.504E-03
1.393E-04	2.075E-03	2.370E-03	8.579E-04	-1.512E-03
1.406E-04	2.089E-03	2.386E-03	8.652E-04	-1.521E-03
1.419E-04	2.103E-03	2.401E-03	8.725E-04	-1.529E-03
1.432E-04	2.118E-03	2.417E-03	8.800E-04	-1.537E-03
1.445E-04	2.133E-03	2.433E-03	8.874E-04	-1.546E-03
1.459E-04	2.147E-03	2.449E-03	8.949E-04	-1.554E-03
1.472E-04	2.162E-03	2.466E-03	9.025E-04	-1.563E-03
1.486E-04	2.177E-03	2.482E-03	9.102E-04	-1.572E-03
1.500E-04	2.192E-03	2.498E-03	9.178E-04	-1.580E-03
1.514E-04	2.208E-03	2.515E-03	9.256E-04	-1.589E-03
1.528E-04	2.223E-03	2.531E-03	9.334E-04	-1.598E-03
1.542E-04	2.238E-03	2.548E-03	9.413E-04	-1.607E-03
1.556E-04	2.254E-03	2.565E-03	9.492E-04	-1.616E-03
1.570E-04	2.269E-03	2.582E-03	9.571E-04	-1.625E-03
1.585E-04	2.285E-03	2.599E-03	9.652E-04	-1.634E-03
1.600E-04	2.301E-03	2.616E-03	9.733E-04	-1.643E-03
1.614E-04	2.317E-03	2.633E-03	9.814E-04	-1.652E-03
1.629E-04	2.333E-03	2.651E-03	9.896E-04	-1.661E-03
1.644E-04	2.349E-03	2.668E-03	9.979E-04	-1.670E-03
1.660E-04	2.365E-03	2.686E-03	1.006E-03	-1.680E-03
1.675E-04	2.382E-03	2.704E-03	1.015E-03	-1.689E-03
1.690E-04	2.398E-03	2.721E-03	1.023E-03	-1.698E-03
1.706E-04	2.415E-03	2.739E-03	1.032E-03	-1.708E-03
1.722E-04	2.431E-03	2.757E-03	1.040E-03	-1.717E-03
1.738E-04	2.448E-03	2.776E-03	1.049E-03	-1.727E-03
1.754E-04	2.465E-03	2.794E-03	1.058E-03	-1.736E-03
1.770E-04	2.482E-03	2.812E-03	1.066E-03	-1.746E-03
1.786E-04	2.500E-03	2.831E-03	1.075E-03	-1.756E-03
1.803E-04	2.517E-03	2.850E-03	1.084E-03	-1.766E-03
1.820E-04	2.534E-03	2.869E-03	1.093E-03	-1.776E-03
1.837E-04	2.552E-03	2.888E-03	1.102E-03	-1.785E-03
1.854E-04	2.570E-03	2.907E-03	1.111E-03	-1.795E-03
1.871E-04	2.587E-03	2.926E-03	1.120E-03	-1.805E-03
1.888E-04	2.605E-03	2.945E-03	1.130E-03	-1.816E-03
1.905E-04	2.623E-03	2.965E-03	1.139E-03	-1.826E-03
1.923E-04	2.641E-03	2.984E-03	1.148E-03	-1.836E-03
1.941E-04	2.660E-03	3.004E-03	1.158E-03	-1.846E-03
1.959E-04	2.678E-03	3.024E-03	1.167E-03	-1.857E-03
1.977E-04	2.697E-03	3.044E-03	1.177E-03	-1.867E-03
1.995E-04	2.715E-03	3.064E-03	1.186E-03	-1.877E-03
2.014E-04	2.734E-03	3.084E-03	1.196E-03	-1.888E-03
2.032E-04	2.753E-03	3.105E-03	1.206E-03	-1.899E-03
2.051E-04	2.772E-03	3.125E-03	1.216E-03	-1.909E-03
2.070E-04	2.791E-03	3.146E-03	1.226E-03	-1.920E-03
2.089E-04	2.811E-03	3.166E-03	1.236E-03	-1.931E-03
2.109E-04	2.830E-03	3.187E-03	1.246E-03	-1.942E-03
2.128E-04	2.850E-03	3.208E-03	1.256E-03	-1.953E-03
2.148E-04	2.870E-03	3.230E-03	1.266E-03	-1.964E-03
2.168E-04	2.890E-03	3.251E-03	1.276E-03	-1.975E-03
2.188E-04	2.910E-03	3.273E-03	1.287E-03	-1.986E-03
2.208E-04	2.930E-03	3.294E-03	1.297E-03	-1.997E-03
2.228E-04	2.950E-03	3.316E-03	1.308E-03	-2.008E-03
2.249E-04	2.970E-03	3.338E-03	1.318E-03	-2.020E-03
2.270E-04	2.991E-03	3.360E-03	1.329E-03	-2.031E-03
2.291E-04	3.012E-03	3.382E-03	1.340E-03	-2.042E-03
2.312E-04	3.033E-03	3.405E-03	1.351E-03	-2.054E-03
2.333E-04	3.054E-03	3.427E-03	1.362E-03	-2.066E-03
2.355E-04	3.075E-03	3.450E-03	1.373E-03	-2.077E-03
2.377E-04	3.096E-03	3.473E-03	1.384E-03	-2.089E-03
2.399E-04	3.118E-03	3.495E-03	1.395E-03	-2.101E-03
2.421E-04	3.139E-03	3.519E-03	1.406E-03	-2.113E-03
2.443E-04	3.161E-03	3.542E-03	1.417E-03	-2.125E-03
2.466E-04	3.183E-03	3.565E-03	1.429E-03	-2.137E-03
2.489E-04	3.205E-03	3.589E-03	1.440E-03	-2.149E-03
2.512E-04	3.227E-03	3.613E-03	1.452E-03	-2.161E-03
2.535E-04	3.250E-03	3.637E-03	1.463E-03	-2.173E-03
2.559E-04	3.272E-03	3.661E-03	1.475E-03	-2.185E-03
2.582E-04	3.295E-03	3.685E-03	1.487E-03	-2.198E-03
2.606E-04	3.318E-03	3.709E-03	1.499E-03	-2.210E-03
2.630E-04	3.341E-03	3.734E-03	1.511E-03	-2.223E-03
2.655E-04	3.364E-03	3.758E-03	1.523E-03	-2.236E-03
2.679E-04	3.387E-03	3.783E-03	1.535E-03	-2.248E-03
2.704E-04	3.410E-03	3.808E-03	1.547E-03	-2.261E-03
2.729E-04	3.434E-03	3.833E-03	1.560E-03	-2.274E-03
2.754E-04	3.458E-03	3.859E-03	1.572E-03	-2.287E-03
2.780E-04	3.482E-03	3.884E-03	1.585E-03	-2.300E-03
2.805E-04	3.506E-03	3.910E-03	1.597E-03	-2.313E-03
2.831E-04	3.530E-03	3.936E-03	1.610E-03	-2.326E-03
2.858E-04	3.555E-03	3.962E-03	1.623E-03	-2.339E-03
2.884E-04	3.579E-03	3.988E-03	1.635E-03	-2.353E-03
2.911E-04	3.604E-03	4.015E-03	1.648E-03	-2.366E-03
2.938E-04	3.629E-03	4.041E-03	1.662E-03	-2.380E-03
2.965E-04	3.654E-03	4.068E-03	1.675E-03	-2.393E-03
2.992E-04	3.680E-03	4.095E-03	1.688E-03	-2.407E-03
3.020E-04	3.705E-03	4.122E-03	1.701E-03	-2.421E-03
3.048E-04	3.731E-03	4.149E-03	1.715E-03	-2.435E-03
3.076E-04	3.757E-03	4.177E-03	1.728E-03	-2.448E-03
3.105E-04	3.783E-03	4.204E-03	1.742E-03	-2.463E-03
3.133E-04	3.809E-03	4.232E-03	1.756E-03	-2.477E-03
3.162E-04	3.836E-03	4.260E-03	1.769E-03	-2.491E-03
3.192E-04	3.862E-03	4.288E-03	1.783E-03	-2.505E-03
3.221E-04	3.889E-03	4.317E-03	1.797E-03	-2.519E-03
3.251E-04	3.916E-03	4.345E-03	1.812E-03	-2.534E-03
3.281E-04	3.943E-03	4.374E-03	1.826E-03	-2.548E-03
3.311E-04	3.970E-03	4.403E-03	1.840E-03	-2.563E-03
3.342E-04	3.998E-03	4.432E-03	1.855E-03	-2.578E-03
3.373E-04	4.026E-03	4.462E-03	1.869E-03	-2.593E-03
3.404E-04	4.054E-03	4.491E-03	1.884E-03	-2.607E-03
3.436E-04	4.082E-03	4.521E-03	1.899E-03	-2.622E-03
3.467E-04	4.110E-03	4.551E-03	1.913E-03	-2.638E-03
3.499E-04	4.139E-03	4.581E-03	1.928E-03	-2.653E-03
3.532E-04	4.167E-03	4.612E-03	1.944E-03	-2.668E-03
3.565E-04	4.196E-03	4.642E-03	1.959E-03	-2.683E-03
3.597E-04	4.225E-03	4.673E-03	1.974E-03	-2.699E-03
3.631E-04	4.255E-03	4.704E-03	1.989E-03	-2.714E-03
3.664E-04	4.284E-03	4.735E-03	2.005E-03	-2.730E-03
3.698E-04	4.314E-03	4.766E-03	2.021E-03	-2.746E-03
3.733E-04	4.344E-03	4.798E-03	2.036E-03	-2.762E-03
3.767E-04	4.374E-03	4.830E-03	2.052E-03	-2.778E-03
3.802E-04	4.404E-03	4.862E-03	2.068E-03	-2.794E-03
3.837E-04	4.435E-03	4.894E-03	2.084E-03	-2.810E-03
3.873E-04	4.465E-03	4.926E-03	2.100E-03	-2.826E-03
3.908E-04	4.496E-03	4.959E-03	2.117E-03	-2.842E-03
3.945E-04	4.528E-03	4.992E-03	2.133E-03	-2.859E-03
3.981E-04	4.559E-03	5.025E-03	2.150E-03	-2.875E-03
4.018E-04	4.591E-03	5.058E-03	2.166E-03	-2.892E-03
4.055E-04	4.623E-03	5.092E-03	2.183E-03	-2.909E-03
4.093E-04	4.655E-03	5.126E-03	2.200E-03	-2.926E-03
4.130E-04	4.687E-03	5.160E-03	2.217E-03	-2.943E-03
4.169E-04	4.719E-03	5.194E-03	2.234E-03	-2.960E-03
4.207E-04	4.752E-03	5.228E-03	2.252E-03	-2.977E-03
4.246E-04	4.785E-03	5.263E-03	2.269E-03	-2.994E-03
4.285E-04	4.818E-03	5.298E-03	2.286E-03	-3.011E-03
4.325E-04	4.852E-03	5.333E-03	2.304E-03	-3.029E-03
4.365E-04	4.885E-03	5.368E-03	2.322E-03	-3.047E-03
4.406E-04	4.919E-03	5.404E-03	2.340E-03	-3.064E-03
4.446E-04	4.954E-03	5.440E-03	2.358E-03	-3.082E-03
4.487E-04	4.988E-03	5.476E-03	2.376E-03	-3.100E-03
4.529E-04	5.023E-03	5.512E-03	2.394E-03	-3.118E-03
4.571E-04	5.057E-03	5.549E-03	2.413E-03	-3.136E-03
4.613E-04	5.092E-03	5.586E-03	2.431E-03	-3.154E-03
4.656E-04	5.128E-03	5.623E-03	2.450E-03	-3.173E-03
4.699E-04	5.163E-03	5.660E-03	2.469E-03	-3.191E-03
4.742E-04	5.199E-03	5.698E-03	2.488E-03	-3.210E-03
4.786E-04	5.235E-03	5.735E-03	2.507E-03	-3.229E-03
4.831E-04	5.272E-03	5.773E-03	2.526E-03	-3.248E-03
4.875E-04	5.308E-03	5.812E-03	2.545E-03	-3.266E-03
4.920E-04	5.345E-03	5.850E-03	2.565E-03	-3.286E-03
4.966E-04	5.382E-03	5.889E-03	2.584E-03	-3.305E-03
5.012E-04	5.420E-03	5.928E-03	2.604E-03	-3.324E-03
5.058E-04	5.457E-03	5.968E-03	2.624E-03	-3.344E-03
5.105E-04	5.495E-03	6.007E-03	2.644E-03	-3.363E-03
5.152E-04	5.533E-03	6.047E-03	2.664E-03	-3.383E-03
5.200E-04	5.572E-03	6.087E-03	2.685E-03	-3.403E-03
5.248E-04	5.610E-03	6.128E-03	2.705E-03	-3.423E-03
5.297E-04	5.649E-03	6.168E-03	2.726E-03	-3.443E-03
5.346E-04	5.689E-03	6.209E-03	2.747E-03	-3.463E-03
5.395E-04	5.728E-03	6.251E-03	2.768E-03	-3.483E-03
5.445E-04	5.768E-03	6.292E-03	2.789E-03	-3.504E-03
5.495E-04	5.808E-03	6.334E-03	2.810E-03	-3.524E-03
5.546E-04	5.848E-03	6.376E-03	2.831E-03	-3.545E-03
5.598E-04	5.889E-03	6.418E-03	2.853E-03	-3.566E-03
5.649E-04	5.930E-03	6.461E-03	2.875E-03	-3.587E-03
5.702E-04	5.971E-03	6.504E-03	2.896E-03	-3.608E-03
5.754E-04	6.012E-03	6.547E-03	2.918E-03	-3.629E-03
5.808E-04	6.054E-03	6.591E-03	2.941E-03	-3.650E-03
5.861E-04	6.096E-03	6.635E-03	2.963E-03	-3.672E-03
5.916E-04	6.138E-03	6.679E-03	2.985E-03	-3.693E-03
5.970E-04	6.181E-03	6.723E-03	3.008E-03	-3.715E-03
6.026E-04	6.224E-03	6.768E-03	3.031E-03	-3.737E-03
6.081E-04	6.267E-03	6.813E-03	3.054E-03	-3.759E-03
6.138E-04	6.311E-03	6.858E-03	3.077E-03	-3.781E-03
6.194E-04	6.355E-03	6.904E-03	3.100E-03	-3.804E-03
6.252E-04	6.399E-03	6.950E-03	3.124E-03	-3.826E-03
6.310E-04	6.443E-03	6.996E-03	3.147E-03	-3.849E-03
6.368E-04	6.488E-03	7.042E-03	3.171E-03	-3.871E-03
6.427E-04	6.533E-03	7.089E-03	3.195E-03	-3.894E-03
6.486E-04	6.578E-03	7.136E-03	3.219E-03	-3.917E-03
6.546E-04	6.624E-03	7.184E-03	3.243E-03	-3.940E-03
6.607E-04	6.670E-03	7.232E-03	3.268E-03	-3.964E-03
6.668E-04	6.717E-03	7.280E-03	3.293E-03	-3.987E-03
6.730E-04	6.763E-03	7.328E-03	3.317E-03	-4.011E-03
6.792E-04	6.810E-03	7.377E-03	3.342E-03	-4.035E-03
6.855E-04	6.857E-03	7.426E-03	3.368E-03	-4.058E-03
6.918E-04	6.905E-03	7.475E-03	3.393E-03	-4.083E-03
6.982E-04	6.953E-03	7.525E-03	3.418E-03	-4.107E-03
7.047E-04	7.001E-03	7.575E-03	3.444E-03	-4.131E-03
7.112E-04	7.050E-03	7.626E-03	3.470E-03	-4.156E-03
7.178E-04	7.099E-03	7.676E-03	3.496E-03	-4.180E-03
7.244E-04	7.148E-03	7.728E-03	3.522E-03	-4.205E-03
7.311E-04	7.198E-03	7.779E-03	3.549E-03	-4.230E-03
7.379E-04	7.248E-03	7.831E-03	3.575E-03	-4.255E-03
7.447E-04	7.298E-03	7.883E-03	3.602E-03	-4.281E-03
7.516E-04	7.349E-03	7.935E-03	3.629E-03	-4.306E-03
7.586E-04	7.400E-03	7.988E-03	3.657E-03	-4.332E-03
7.656E-04	7.452E-03	8.041E-03	3.684E-03	-4.358E-03
7.727E-04	7.503E-03	8.095E-03	3.712E-03	-4.384E-03
7.798E-04	7.556E-03	8.149E-03	3.739E-03	-4.410E-03
7.870E-04	7.608E-03	8.203E-03	3.767E-03	-4.436E-03
7.943E-04	7.661E-03	8.258E-03	3.796E-03	-4.462E-03
8.017E-04	7.714E-03	8.313E-03	3.824E-03	-4.489E-03
8.091E-04	7.768E-03	8.368E-03	3.853E-03	-4.516E-03
8.166E-04	7.822E-03	8.424E-03	3.881E-03	-4.543E-03
8.241E-04	7.876E-03	8.480E-03	3.910E-03	-4.570E-03
8.318E-04	7.931E-03	8.537E-03	3.940E-03	-4.597E-03
8.395E-04	7.986E-03	8.594E-03	3.969E-03	-4.625E-03
8.472E-04	8.042E-03	8.651E-03	3.999E-03	-4.652E-03
8.551E-04	8.098E-03	8.709E-03	4.028E-03	-4.680E-03
8.630E-04	8.154E-03	8.767E-03	4.058E-03	-4.708E-03
8.710E-04	8.211E-03	8.825E-03	4.089E-03	-4.736E-03
8.790E-04	8.268E-03	8.884E-03	4.119E-03	-4.765E-03
8.872E-04	8.325E-03	8.943E-03	4.150E-03	-4.793E-03
8.954E-04	8.383E-03	9.003E-03	4.181E-03	-4.822E-03
9.036E-04	8.441E-03	9.063E-03	4.212E-03	-4.851E-03
9.120E-04	8.500E-03	9.123E-03	4.243E-03	-4.880E-03
9.204E-04	8.559E-03	9.184E-03	4.275E-03	-4.909E-03
9.290E-04	8.619E-03	9.246E-03	4.307E-03	-4.939E-03
9.376E-04	8.679E-03	9.307E-03	4.339E-03	-4.969E-03
9.462E-04	8.739E-03	9.369E-03	4.371E-03	-4.998E-03
9.550E-04	8.800E-03	9.432E-03	4.403E-03	-5.028E-03
9.638E-04	8.861E-03	9.495E-03	4.436E-03	-5.059E-03
9.727E-04	8.923E-03	9.558E-03	4.469E-03	-5.089E-03
9.817E-04	8.985E-03	9.622E-03	4.502E-03	-5.120E-03
9.908E-04	9.047E-03	9.686E-03	4.536E-03	-5.151E-03
1.000E-03	9.110E-03	9.751E-03	4.569E-03	-5.182E-03
1.009E-03	9.173E-03	9.816E-03	4.603E-03	-5.213E-03
1.019E-03	9.237E-03	9.882E-03	4.637E-03	-5.244E-03
1.028E-03	9.302E-03	9.948E-03	4.672E-03	-5.276E-03
1.038E-03	9.366E-03	1.001E-02	4.706E-03	-5.308E-03
1.047E-03	9.431E-03	1.008E-02	4.741E-03	-5.340E-03
1.057E-03	9.497E-03	1.015E-02	4.776E-03	-5.372E-03
1.067E-03	9.563E-03	1.022E-02	4.812E-03	-5.404E-03
1.076E-03	9.630E-03	1.028E-02	4.847E-03	-5.437E-03
1.086E-03	9.697E-03	1.035E-02	4.883E-03	-5.470E-03
1.096E-03	9.764E-03	1.042E-02	4.919E-03	-5.503E-03
1.107E-03	9.832E-03	1.049E-02	4.955E-03	-5.536E-03
1.117E-03	9.900E-03	1.056E-02	4.992E-03	-5.570E-03
1.127E-03	9.969E-03	1.063E-02	5.029E-03	-5.604E-03
1.138E-03	1.004E-02	1.070E-02	5.066E-03	-5.638E-03
1.148E-03	1.011E-02	1.078E-02	5.103E-03	-5.672E-03
1.159E-03	1.018E-02	1.085E-02	5.141E-03	-5.706E-03
1.169E-03	1.025E-02	1.092E-02	5.179E-03	-5.741E-03
1.180E-03	1.032E-02	1.099E-02	5.217E-03	-5.775E-03
1.191E-03	1.039E-02	1.107E-02	5.256E-03	-5.810E-03
1.202E-03	1.047E-02	1.114E-02	5.295E-03	-5.846E-03
1.213E-03	1.054E-02	1.121E-02	5.334E-03	-5.881E-03
1.225E-03	1.061E-02	1.129E-02	5.373E-03	-5.917E-03
1.236E-03	1.069E-02	1.137E-02	5.412E-03	-5.953E-03
1.247E-03	1.076E-02	1.144E-02	5.452E-03	-5.989E-03
1.259E-03	1.083E-02	1.152E-02	5.492E-03	-6.026E-03
1.271E-03	1.091E-02	1.160E-02	5.533E-03	-6.062E-03
1.282E-03	1.099E-02	1.167E-02	5.574E-03	-6.099E-03
1.294E-03	1.106E-02	1.175E-02	5.615E-03	-6.136E-03
1.306E-03	1.114E-02	1.183E-02	5.656E-03	-6.174E-03
1.318E-03	1.122E-02	1.191E-02	5.697E-03	-6.211E-03
1.330E-03	1.130E-02	1.199E-02	5.739E-03	-6.249E-03
1.343E-03	1.137E-02	1.207E-02	5.781E-03	-6.287E-03
1.355E-03	1.145E-02	1.215E-02	5.824E-03	-6.326E-03
1.368E-03	1.153E-02	1.223E-02	5.867E-03	-6.364E-03
1.380E-03	1.161E-02	1.231E-02	5.910E-03	-6.403E-03
1.393E-03	1.169E-02	1.240E-02	5.953E-03	-6.442E-03
1.406E-03	1.178E-02	1.248E-02	5.997E-03	-6.481E-03
1.419E-03	1.186E-02	1.256E-02	6.041E-03	-6.521E-03
1.432E-03	1.194E-02	1.265E-02	6.085E-03	-6.561E-03
1.445E-03	1.202E-02	1.273E-02	6.130E-03	-6.601E-03
1.459E-03	1.211E-02	1.282E-02	6.175E-03	-6.641E-03
1.472E-03	1.219E-02	1.290E-02	6.220E-03	-6.682E-03
1.486E-03	1.228E-02	1.299E-02	6.266E-03	-6.723E-03
1.500E-03	1.236E-02	1.308E-02	6.311E-03	-6.764E-03
1.514E-03	1.245E-02	1.316E-02	6.358E-03	-6.806E-03
1.528E-03	1.253E-02	1.325E-02	6.404E-03	-6.847E-03
1.542E-03	1.262E-02	1.334E-02	6.451E-03	-6.889E-03
1.556E-03	1.271E-02	1.343E-02	6.498E-03	-6.932E-03
1.570E-03	1.280E-02	1.352E-02	6.546E-03	-6.974E-03
1.585E-03	1.289E-02	1.361E-02	6.594E-03	-7.017E-03
1.600E-03	1.298E-02	1.370E-02	6.642E-03	-7.060E-03
1.614E-03	1.307E-02	1.379E-02	6.690E-03	-7.103E-03
1.629E-03	1.316E-02	1.389E-02	6.739E-03	-7.147E-03
1.644E-03	1.325E-02	1.398E-02	6.789E-03	-7.191E-03
1.660E-03	1.334E-02	1.407E-02	6.838E-03	-7.235E-03
1.675E-03	1.344E-02	1.417E-02	6.888E-03	-7.280E-03
1.690E-03	1.353E-02	1.426E-02	6.938E-03	-7.325E-03
1.706E-03	1.362E-02	1.436E-02	6.989E-03	-7.370E-03
1.722E-03	1.372E-02	1.446E-02	7.040E-03	-7.415E-03
1.738E-03	1.381E-02	1.455E-02	7.092E-03	-7.461E-03
1.754E-03	1.391E-02	1.465E-02	7.143E-03	-7.507E-03
1.770E-03	1.401E-02	1.475E-02	7.195E-03	-7.553E-03
1.786E-03	1.410E-02	1.485E-02	7.248E-03	-7.600E-03
1.803E-03	1.420E-02	1.495E-02	7.301E-03	-7.647E-03
1.820E-03	1.430E-02	1.505E-02	7.354E-03	-7.694E-03
1.837E-03	1.440E-02	1.515E-02	7.408E-03	-7.741E-03
1.854E-03	1.450E-02	1.525E-02	7.462E-03	-7.789E-03
1.871E-03	1.460E-02	1.535E-02	7.516E-03	-7.837E-03
1.888E-03	1.471E-02	1.546E-02	7.571E-03	-7.886E-03
1.905E-03	1.481E-02	1.556E-02	7.626E-03	-7.935E-03
1.923E-03	1.491E-02	1.566E-02	7.681E-03	-7.984E-03
1.941E-03	1.501E-02	1.577E-02	7.737E-03	-8.033E-03
1.959E-03	1.512E-02	1.588E-02	7.794E-03	-8.083E-03
1.977E-03	1.522E-02	1.598E-02	7.850E-03	-8.133E-03
1.995E-03	1.533E-02	1.609E-02	7.907E-03	-8.183E-03
2.014E-03	1.544E-02	1.620E-02	7.965E-03	-8.234E-03
2.032E-03	1.555E-02	1.631E-02	8.023E-03	-8.285E-03
2.051E-03	1.565E-02	1.642E-02	8.081E-03	-8.336E-03
2.070E-03	1.576E-02	1.653E-02	8.140E-03	-8.388E-03
2.089E-03	1.587E-02	1.664E-02	8.199E-03	-8.440E-03
2.109E-03	1.598E-02	1.675E-02	8.259E-03	-8.493E-03
2.128E-03	1.610E-02	1.686E-02	8.319E-03	-8.545E-03
2.148E-03	1.621E-02	1.698E-02	8.379E-03	-8.598E-03
2.168E-03	1.632E-02	1.709E-02	8.440E-03	-8.652E-03
2.188E-03	1.643E-02	1.721E-02	8.501E-03	-8.706E-03
2.208E-03	1.655E-02	1.732E-02	8.563E-03	-8.760E-03
2.228E-03	1.666E-02	1.744E-02	8.625E-03	-8.814E-03
2.249E-03	1.678E-02	1.756E-02	8.688E-03	-8.869E-03
2.270E-03	1.690E-02	1.768E-02	8.751E-03	-8.925E-03
2.291E-03	1.702E-02	1.779E-02	8.814E-03	-8.980E-03
2.312E-03	1.713E-02	1.791E-02	8.878E-03	-9.036E-03
2.333E-03	1.725E-02	1.804E-02	8.943E-03	-9.092E-03
2.355E-03	1.737E-02	1.816E-02	9.007E-03	-9.149E-03
2.377E-03	1.750E-02	1.828E-02	9.073E-03	-9.206E-03
2.399E-03	1.762E-02	1.840E-02	9.139E-03	-9.264E-03
2.421E-03	1.774E-02	1.853E-02	9.205E-03	-9.322E-03
2.443E-03	1.786E-02	1.865E-02	9.272E-03	-9.380E-03
2.466E-03	1.799E-02	1.878E-02	9.339E-03	-9.438E-03
2.489E-03	1.811E-02	1.890E-02	9.406E-03	-9.497E-03
2.512E-03	1.824E-02	1.903E-02	9.475E-03	-9.557E-03
2.535E-03	1.837E-02	1.916E-02	9.543E-03	-9.617E-03
2.559E-03	1.850E-02	1.929E-02	9.612E-03	-9.677E-03
2.582E-03	1.863E-02	1.942E-02	9.682E-03	-9.737E-03
2.606E-03	1.876E-02	1.955E-02	9.752E-03	-9.798E-03
2.630E-03	1.889E-02	1.968E-02	9.823E-03	-9.860E-03
2.655E-03	1.902E-02	1.982E-02	9.894E-03	-9.921E-03
2.679E-03	1.915E-02	1.995E-02	9.965E-03	-9.984E-03
2.704E-03	1.928E-02	2.008E-02	1.004E-02	-1.005E-02
2.729E-03	1.942E-02	2.022E-02	1.011E-02	-1.011E-02
2.754E-03	1.955E-02	2.036E-02	1.018E-02	-1.017E-02
2.780E-03	1.969E-02	2.049E-02	1.026E-02	-1.024E-02
2.805E-03	1.983E-02	2.063E-02	1.033E-02	-1.030E-02
2.831E-03	1.997E-02	2.077E-02	1.041E-02	-1.037E-02
2.858E-03	2.011E-02	2.091E-02	1.048E-02	-1.043E-02
2.884E-03	2.025E-02	2.105E-02	1.056E-02	-1.050E-02
2.911E-03	2.039E-02	2.120E-02	1.063E-02	-1.056E-02
2.938E-03	2.053E-02	2.134E-02	1.071E-02	-1.063E-02
2.965E-03	2.067E-02	2.148E-02	1.079E-02	-1.070E-02
2.992E-03	2.082E-02	2.163E-02	1.086E-02	-1.076E-02
3.020E-03	2.096E-02	2.177E-02	1.094E-02	-1.083E-02
3.048E-03	2.111E-02	2.192E-02	1.102E-02	-1.090E-02
3.076E-03	2.126E-02	2.207E-02	1.110E-02	-1.097E-02
3.105E-03	2.141E-02	2.222E-02	1.118E-02	-1.104E-02
3.133E-03	2.156E-02	2.237E-02	1.126E-02	-1.111E-02
3.162E-03	2.171E-02	2.252E-02	1.134E-02	-1.118E-02
3.192E-03	2.186E-02	2.267E-02	1.143E-02	-1.125E-02
3.221E-03	2.201E-02	2.283E-02	1.151E-02	-1.132E-02
3.251E-03	2.216E-02	2.298E-02	1.159E-02	-1.139E-02
3.281E-03	2.232E-02	2.314E-02	1.168E-02	-1.146E-02
3.311E-03	2.248E-02	2.329E-02	1.176E-02	-1.153E-02
3.342E-03	2.263E-02	2.345E-02	1.184E-02	-1.161E-02
3.373E-03	2.279E-02	2.361E-02	1.193E-02	-1.168E-02
3.404E-03	2.295E-02	2.377E-02	1.202E-02	-1.175E-02
3.436E-03	2.311E-02	2.393E-02	1.210E-02	-1.183E-02
3.467E-03	2.327E-02	2.409E-02	1.219E-02	-1.190E-02
3.499E-03	2.343E-02	2.426E-02	1.228E-02	-1.198E-02
3.532E-03	2.360E-02	2.442E-02	1.237E-02	-1.205E-02
3.565E-03	2.376E-02	2.459E-02	1.246E-02	-1.213E-02
3.597E-03	2.393E-02	2.475E-02	1.255E-02	-1.221E-02
3.631E-03	2.410E-02	2.492E-02	1.264E-02	-1.229E-02
3.664E-03	2.426E-02	2.509E-02	1.273E-02	-1.236E-02
3.698E-03	2.443E-02	2.526E-02	1.282E-02	-1.244E-02
3.733E-03	2.461E-02	2.543E-02	1.291E-02	-1.252E-02
3.767E-03	2.478E-02	2.560E-02	1.300E-02	-1.260E-02
3.802E-03	2.495E-02	2.578E-02	1.310E-02	-1.268E-02
3.837E-03	2.513E-02	2.595E-02	1.319E-02	-1.276E-02
3.873E-03	2.530E-02	2.613E-02	1.329E-02	-1.284E-02
3.908E-03	2.548E-02	2.631E-02	1.338E-02	-1.292E-02
3.945E-03	2.566E-02	2.649E-02	1.348E-02	-1.301E-02
3.981E-03	2.584E-02	2.666E-02	1.358E-02	-1.309E-02
4.018E-03	2.602E-02	2.685E-02	1.367E-02	-1.317E-02
4.055E-03	2.620E-02	2.703E-02	1.377E-02	-1.326E-02
4.093E-03	2.638E-02	2.721E-02	1.387E-02	-1.334E-02
4.130E-03	2.657E-02	2.740E-02	1.397E-02	-1.343E-02
4.169E-03	2.675E-02	2.758E-02	1.407E-02	-1.351E-02
4.207E-03	2.694E-02	2.777E-02	1.417E-02	-1.360E-02
4.246E-03	2.713E-02	2.796E-02	1.427E-02	-1.368E-02
4.285E-03	2.732E-02	2.815E-02	1.438E-02	-1.377E-02
4.325E-03	2.751E-02	2.834E-02	1.448E-02	-1.386E-02
4.365E-03	2.770E-02	2.853E-02	1.458E-02	-1.395E-02
4.406E-03	2.789E-02	2.873E-02	1.469E-02	-1.404E-02
4.446E-03	2.809E-02	2.892E-02	1.480E-02	-1.413E-02
4.487E-03	2.829E-02	2.912E-02	1.490E-02	-1.422E-02
4.529E-03	2.848E-02	2.932E-02	1.501E-02	-1.431E-02
4.571E-03	2.868E-02	2.952E-02	1.512E-02	-1.440E-02
4.613E-03	2.888E-02	2.972E-02	1.523E-02	-1.449E-02
4.656E-03	2.909E-02	2.992E-02	1.534E-02	-1.459E-02
4.699E-03	2.929E-02	3.012E-02	1.545E-02	-1.468E-02
4.742E-03	2.949E-02	3.033E-02	1.556E-02	-1.477E-02
4.786E-03	2.970E-02	3.054E-02	1.567E-02	-1.487E-02
4.831E-03	2.991E-02	3.074E-02	1.578E-02	-1.496E-02
4.875E-03	3.012E-02	3.095E-02	1.589E-02	-1.506E-02
4.920E-03	3.033E-02	3.116E-02	1.601E-02	-1.516E-02
4.966E-03	3.054E-02	3.138E-02	1.612E-02	-1.525E-02
5.012E-03	3.075E-02	3.159E-02	1.624E-02	-1.535E-02
5.058E-03	3.097E-02	3.181E-02	1.636E-02	-1.545E-02
5.105E-03	3.119E-02	3.202E-02	1.647E-02	-1.555E-02
5.152E-03	3.141E-02	3.224E-02	1.659E-02	-1.565E-02
5.200E-03	3.162E-02	3.246E-02	1.671E-02	-1.575E-02
5.248E-03	3.185E-02	3.268E-02	1.683E-02	-1.585E-02
5.297E-03	3.207E-02	3.290E-02	1.695E-02	-1.595E-02
5.346E-03	3.229E-02	3.313E-02	1.707E-02	-1.605E-02
5.395E-03	3.252E-02	3.335E-02	1.720E-02	-1.616E-02
5.445E-03	3.275E-02	3.358E-02	1.732E-02	-1.626E-02
5.495E-03	3.298E-02	3.381E-02	1.744E-02	-1.637E-02
5.546E-03	3.321E-02	3.404E-02	1.757E-02	-1.647E-02
5.598E-03	3.344E-02	3.427E-02	1.770E-02	-1.658E-02
5.649E-03	3.367E-02	3.451E-02	1.782E-02	-1.669E-02
5.702E-03	3.391E-02	3.474E-02	1.795E-02	-1.679E-02
5.754E-03	3.415E-02	3.498E-02	1.808E-02	-1.690E-02
5.808E-03	3.439E-02	3.522E-02	1.821E-02	-1.701E-02
5.861E-03	3.463E-02	3.546E-02	1.834E-02	-1.712E-02
5.916E-03	3.487E-02	3.570E-02	1.847E-02	-1.723E-02
5.970E-03	3.512E-02	3.595E-02	1.860E-02	-1.734E-02
6.026E-03	3.536E-02	3.619E-02	1.874E-02	-1.745E-02
6.081E-03	3.561E-02	3.644E-02	1.887E-02	-1.757E-02
6.138E-03	3.586E-02	3.669E-02	1.901E-02	-1.768E-02
6.194E-03	3.611E-02	3.694E-02	1.914E-02	-1.780E-02
6.252E-03	3.636E-02	3.719E-02	1.928E-02	-1.791E-02
6.310E-03	3.662E-02	3.745E-02	1.942E-02	-1.803E-02
6.368E-03	3.687E-02	3.770E-02	1.956E-02	-1.814E-02
6.427E-03	3.713E-02	3.796E-02	1.970E-02	-1.826E-02
6.486E-03	3.739E-02	3.822E-02	1.984E-02	-1.838E-02
6.546E-03	3.766E-02	3.848E-02	1.998E-02	-1.850E-02
6.607E-03	3.792E-02	3.875E-02	2.013E-02	-1.862E-02
6.668E-03	3.819E-02	3.901E-02	2.027E-02	-1.874E-02
6.730E-03	3.845E-02	3.928E-02	2.042E-02	-1.886E-02
6.792E-03	3.872E-02	3.955E-02	2.056E-02	-1.898E-02
6.855E-03	3.899E-02	3.982E-02	2.071E-02	-1.911E-02
6.918E-03	3.927E-02	4.009E-02	2.086E-02	-1.923E-02
6.982E-03	3.954E-02	4.037E-02	2.101E-02	-1.936E-02
7.047E-03	3.982E-02	4.064E-02	2.116E-02	-1.948E-02
7.112E-03	4.010E-02	4.092E-02	2.131E-02	-1.961E-02
7.178E-03	4.038E-02	4.120E-02	2.147E-02	-1.974E-02
7.244E-03	4.066E-02	4.148E-02	2.162E-02	-1.986E-02
7.311E-03	4.095E-02	4.177E-02	2.177E-02	-1.999E-02
7.379E-03	4.124E-02	4.205E-02	2.193E-02	-2.012E-02
7.447E-03	4.153E-02	4.234E-02	2.209E-02	-2.025E-02
7.516E-03	4.182E-02	4.263E-02	2.225E-02	-2.039E-02
7.586E-03	4.211E-02	4.293E-02	2.241E-02	-2.052E-02
7.656E-03	4.241E-02	4.322E-02	2.257E-02	-2.065E-02
7.727E-03	4.270E-02	4.352E-02	2.273E-02	-2.079E-02
7.798E-03	4.300E-02	4.382E-02	2.289E-02	-2.092E-02
7.870E-03	4.330E-02	4.412E-02	2.306E-02	-2.106E-02
7.943E-03	4.361E-02	4.442E-02	2.322E-02	-2.120E-02
8.017E-03	4.391E-02	4.472E-02	2.339E-02	-2.134E-02
8.091E-03	4.422E-02	4.503E-02	2.356E-02	-2.148E-02
8.166E-03	4.453E-02	4.534E-02	2.373E-02	-2.162E-02
8.241E-03	4.485E-02	4.565E-02	2.390E-02	-2.176E-02
8.318E-03	4.516E-02	4.597E-02	2.407E-02	-2.190E-02
8.395E-03	4.548E-02	4.628E-02	2.424E-02	-2.204E-02
8.472E-03	4.580E-02	4.660E-02	2.441E-02	-2.219E-02
8.551E-03	4.612E-02	4.692E-02	2.459E-02	-2.233E-02
8.630E-03	4.644E-02	4.724E-02	2.476E-02	-2.248E-02
8.710E-03	4.677E-02	4.757E-02	2.494E-02	-2.263E-02
8.790E-03	4.710E-02	4.790E-02	2.512E-02	-2.277E-02
8.872E-03	4.743E-02	4.822E-02	2.530E-02	-2.292E-02
8.954E-03	4.776E-02	4.856E-02	2.548E-02	-2.307E-02
9.036E-03	4.810E-02	4.889E-02	2.567E-02	-2.322E-02
9.120E-03	4.843E-02	4.923E-02	2.585E-02	-2.338E-02
9.204E-03	4.877E-02	4.957E-02	2.604E-02	-2.353E-02
9.290E-03	4.912E-02	4.991E-02	2.622E-02	-2.368E-02
9.376E-03	4.946E-02	5.025E-02	2.641E-02	-2.384E-02
9.462E-03	4.981E-02	5.060E-02	2.660E-02	-2.400E-02
9.550E-03	5.016E-02	5.095E-02	2.679E-02	-2.415E-02
9.638E-03	5.051E-02	5.130E-02	2.698E-02	-2.431E-02
9.727E-03	5.087E-02	5.165E-02	2.718E-02	-2.447E-02
9.817E-03	5.122E-02	5.201E-02	2.737E-02	-2.463E-02
9.908E-03	5.158E-02	5.236E-02	2.757E-02	-2.480E-02
1.000E-02	5.195E-02	5.272E-02	2.777E-02	-2.496E-02
1.198E-02	5.961E-02	6.036E-02	3.195E-02	-2.840E-02
1.397E-02	6.699E-02	6.770E-02	3.599E-02	-3.171E-02
1.595E-02	7.412E-02	7.479E-02	3.990E-02	-3.489E-02
1.794E-02	8.105E-02	8.169E-02	4.371E-02	-3.798E-02
1.992E-02	8.780E-02	8.840E-02	4.742E-02	-4.098E-02
2.190E-02	9.439E-02	9.496E-02	5.106E-02	-4.390E-02
2.389E-02	1.008E-01	1.014E-01	5.462E-02	-4.676E-02
2.587E-02	1.072E-01	1.077E-01	5.812E-02	-4.955E-02
2.786E-02	1.134E-01	1.138E-01	6.156E-02	-5.229E-02
2.984E-02	1.194E-01	1.199E-01	6.494E-02	-5.497E-02
3.182E-02	1.254E-01	1.259E-01	6.827E-02	-5.761E-02
3.381E-02	1.313E-01	1.318E-01	7.156E-02	-6.019E-02
3.579E-02	1.371E-01	1.375E-01	7.480E-02	-6.273E-02
3.778E-02	1.428E-01	1.432E-01	7.800E-02	-6.523E-02
3.976E-02	1.485E-01	1.488E-01	8.115E-02	-6.769E-02
4.174E-02	1.540E-01	1.544E-01	8.427E-02	-7.011E-02
4.373E-02	1.595E-01	1.598E-01	8.735E-02	-7.248E-02
4.571E-02	1.649E-01	1.652E-01	9.040E-02	-7.482E-02
4.770E-02	1.702E-01	1.705E-01	9.341E-02	-7.713E-02
4.968E-02	1.755E-01	1.758E-01	9.639E-02	-7.940E-02
5.166E-02	1.807E-01	1.810E-01	9.933E-02	-8.163E-02
5.365E-02	1.858E-01	1.861E-01	1.022E-01	-8.383E-02
5.563E-02	1.909E-01	1.911E-01	1.051E-01	-8.599E-02
5.762E-02	1.959E-01	1.961E-01	1.080E-01	-8.812E-02
5.960E-02	2.008E-01	2.010E-01	1.108E-01	-9.022E-02
6.158E-02	2.057E-01	2.059E-01	1.136E-01	-9.228E-02
6.357E-02	2.105E-01	2.107E-01	1.164E-01	-9.432E-02
6.555E-02	2.152E-01	2.154E-01	1.191E-01	-9.632E-02
6.754E-02	2.199E-01	2.201E-01	1.218E-01	-9.828E-02
6.952E-02	2.245E-01	2.247E-01	1.245E-01	-1.002E-01
7.150E-02	2.291E-01	2.292E-01	1.271E-01	-1.021E-01
7.349E-02	2.336E-01	2.337E-01	1.297E-01	-1.040E-01
7.547E-02	2.380E-01	2.382E-01	1.323E-01	-1.058E-01
7.745E-02	2.424E-01	2.425E-01	1.349E-01	-1.076E-01
7.944E-02	2.467E-01	2.469E-01	1.374E-01	-1.094E-01
8.142E-02	2.510E-01	2.511E-01	1.400E-01	-1.112E-01
8.341E-02	2.552E-01	2.553E-01	1.424E-01	-1.129E-01
8.539E-02	2.594E-01	2.595E-01	1.449E-01	-1.146E-01
8.737E-02	2.634E-01	2.636E-01	1.473E-01	-1.162E-01
8.936E-02	2.675E-01	2.676E-01	1.497E-01	-1.179E-01
9.134E-02	2.715E-01	2.716E-01	1.521E-01	-1.195E-01
9.333E-02	2.754E-01	2.755E-01	1.545E-01	-1.210E-01
9.531E-02	2.792E-01	2.793E-01	1.568E-01	-1.226E-01
9.729E-02	2.830E-01	2.831E-01	1.591E-01	-1.241E-01
9.928E-02	2.868E-01	2.869E-01	1.614E-01	-1.255E-01
1.013E-01	2.905E-01	2.906E-01	1.636E-01	-1.270E-01
1.032E-01	2.941E-01	2.942E-01	1.658E-01	-1.284E-01
1.052E-01	2.977E-01	2.978E-01	1.680E-01	-1.298E-01
1.072E-01	3.012E-01	3.013E-01	1.702E-01	-1.311E-01
1.092E-01	3.047E-01	3.048E-01	1.723E-01	-1.324E-01
1.112E-01	3.081E-01	3.082E-01	1.744E-01	-1.337E-01
1.132E-01	3.114E-01	3.115E-01	1.765E-01	-1.350E-01
1.152E-01	3.147E-01	3.148E-01	1.786E-01	-1.362E-01
1.171E-01	3.180E-01	3.180E-01	1.806E-01	-1.374E-01
1.191E-01	3.211E-01	3.212E-01	1.826E-01	-1.386E-01
1.211E-01	3.243E-01	3.243E-01	1.846E-01	-1.397E-01
1.231E-01	3.273E-01	3.274E-01	1.865E-01	-1.409E-01
1.251E-01	3.303E-01	3.304E-01	1.884E-01	-1.419E-01
1.271E-01	3.333E-01	3.333E-01	1.903E-01	-1.430E-01
1.290E-01	3.362E-01	3.362E-01	1.922E-01	-1.440E-01
1.310E-01	3.390E-01	3.391E-01	1.941E-01	-1.450E-01
1.330E-01	3.418E-01	3.419E-01	1.959E-01	-1.460E-01
1.350E-01	3.445E-01	3.446E-01	1.977E-01	-1.469E-01
1.370E-01	3.472E-01	3.473E-01	1.994E-01	-1.478E-01
1.390E-01	3.498E-01	3.499E-01	2.012E-01	-1.487E-01
1.409E-01	3.524E-01	3.524E-01	2.029E-01	-1.496E-01
1.429E-01	3.549E-01	3.549E-01	2.045E-01	-1.504E-01
1.449E-01	3.573E-01	3.574E-01	2.062E-01	-1.512E-01
1.469E-01	3.597E-01	3.598E-01	2.078E-01	-1.519E-01
1.489E-01	3.621E-01	3.621E-01	2.094E-01	-1.527E-01
1.509E-01	3.643E-01	3.644E-01	2.110E-01	-1.534E-01
1.528E-01	3.666E-01	3.666E-01	2.125E-01	-1.541E-01
1.548E-01	3.687E-01	3.688E-01	2.140E-01	-1.547E-01
1.568E-01	3.708E-01	3.709E-01	2.155E-01	-1.554E-01
1.588E-01	3.729E-01	3.729E-01	2.170E-01	-1.559E-01
1.608E-01	3.749E-01	3.749E-01	2.184E-01	-1.565E-01
1.628E-01	3.768E-01	3.769E-01	2.198E-01	-1.571E-01
1.647E-01	3.787E-01	3.788E-01	2.212E-01	-1.576E-01
1.667E-01	3.806E-01	3.806E-01	2.225E-01	-1.581E-01
1.687E-01	3.824E-01	3.824E-01	2.239E-01	-1.585E-01
1.707E-01	3.841E-01	3.841E-01	2.251E-01	-1.590E-01
1.727E-01	3.858E-01	3.858E-01	2.264E-01	-1.594E-01
1.747E-01	3.874E-01	3.874E-01	2.277E-01	-1.597E-01
1.767E-01	3.889E-01	3.890E-01	2.289E-01	-1.601E-01
1.786E-01	3.905E-01	3.905E-01	2.300E-01	-1.604E-01
1.806E-01	3.919E-01	3.919E-01	2.312E-01	-1.607E-01
1.826E-01	3.933E-01	3.933E-01	2.323E-01	-1.610E-01
1.846E-01	3.947E-01	3.947E-01	2.334E-01	-1.613E-01
1.866E-01	3.960E-01	3.960E-01	2.345E-01	-1.615E-01
1.886E-01	3.972E-01	3.972E-01	2.356E-01	-1.617E-01
1.905E-01	3.984E-01	3.984E-01	2.366E-01	-1.619E-01
1.925E-01	3.995E-01	3.996E-01	2.376E-01	-1.620E-01
1.945E-01	4.006E-01	4.007E-01	2.385E-01	-1.621E-01
1.965E-01	4.017E-01	4.017E-01	2.395E-01	-1.622E-01
1.985E-01	4.027E-01	4.027E-01	2.404E-01	-1.623E-01
2.005E-01	4.036E-01	4.036E-01	2.413E-01	-1.624E-01
2.024E-01	4.045E-01	4.045E-01	2.421E-01	-1.624E-01
2.044E-01	4.053E-01	4.053E-01	2.429E-01	-1.624E-01
2.064E-01	4.061E-01	4.061E-01	2.437E-01	-1.624E-01
2.084E-01	4.068E-01	4.068E-01	2.445E-01	-1.623E-01
2.104E-01	4.075E-01	4.075E-01	2.453E-01	-1.623E-01
2.124E-01	4.082E-01	4.082E-01	2.460E-01	-1.622E-01
2.143E-01	4.087E-01	4.087E-01	2.467E-01	-1.621E-01
2.163E-01	4.093E-01	4.093E-01	2.473E-01	-1.619E-01
2.183E-01	4.098E-01	4.098E-01	2.480E-01	-1.618E-01
2.203E-01	4.102E-01	4.102E-01	2.486E-01	-1.616E-01
2.223E-01	4.106E-01	4.106E-01	2.492E-01	-1.614E-01
2.243E-01	4.109E-01	4.109E-01	2.497E-01	-1.612E-01
2.263E-01	4.112E-01	4.112E-01	2.503E-01	-1.610E-01
2.282E-01	4.115E-01	4.115E-01	2.508E-01	-1.607E-01
2.302E-01	4.117E-01	4.117E-01	2.513E-01	-1.604E-01
2.322E-01	4.118E-01	4.118E-01	2.517E-01	-1.601E-01
2.342E-01	4.120E-01	4.120E-01	2.521E-01	-1.598E-01
2.362E-01	4.120E-01	4.120E-01	2.525E-01	-1.595E-01
2.382E-01	4.120E-01	4.120E-01	2.529E-01	-1.591E-01
2.401E-01	4.120E-01	4.120E-01	2.533E-01	-1.587E-01
2.421E-01	4.120E-01	4.120E-01	2.536E-01	-1.584E-01
2.441E-01	4.118E-01	4.118E-01	2.539E-01	-1.579E-01
2.461E-01	4.117E-01	4.117E-01	2.542E-01	-1.575E-01
2.481E-01	4.115E-01	4.115E-01	2.544E-01	-1.571E-01
2.501E-01	4.112E-01	4.112E-01	2.547E-01	-1.566E-01
2.520E-01	4.110E-01	4.110E-01	2.549E-01	-1.561E-01
2.540E-01	4.106E-01	4.106E-01	2.550E-01	-1.556E-01
2.560E-01	4.103E-01	4.103E-01	2.552E-01	-1.551E-01
2.580E-01	4.099E-01	4.099E-01	2.553E-01	-1.546E-01
2.600E-01	4.094E-01	4.094E-01	2.554E-01	-1.540E-01
2.620E-01	4.089E-01	4.089E-01	2.555E-01	-1.534E-01
2.639E-01	4.084E-01	4.084E-01	2.555E-01	-1.529E-01
2.659E-01	4.078E-01	4.078E-01	2.556E-01	-1.523E-01
2.679E-01	4.072E-01	4.072E-01	2.556E-01	-1.516E-01
2.699E-01	4.066E-01	4.066E-01	2.556E-01	-1.510E-01
2.719E-01	4.059E-01	4.059E-01	2.555E-01	-1.504E-01
2.739E-01	4.052E-01	4.052E-01	2.554E-01	-1.497E-01
2.759E-01	4.044E-01	4.044E-01	2.554E-01	-1.490E-01
2.778E-01	4.036E-01	4.036E-01	2.552E-01	-1.484E-01
2.798E-01	4.028E-01	4.028E-01	2.551E-01	-1.477E-01
2.818E-01	4.019E-01	4.019E-01	2.550E-01	-1.469E-01
2.838E-01	4.010E-01	4.010E-01	2.548E-01	-1.462E-01
2.858E-01	4.000E-01	4.001E-01	2.546E-01	-1.455E-01
2.878E-01	3.991E-01	3.991E-01	2.543E-01	-1.447E-01
2.897E-01	3.981E-01	3.981E-01	2.541E-01	-1.440E-01
2.917E-01	3.970E-01	3.970E-01	2.538E-01	-1.432E-01
2.937E-01	3.959E-01	3.959E-01	2.535E-01	-1.424E-01
2.957E-01	3.948E-01	3.948E-01	2.532E-01	-1.416E-01
2.977E-01	3.937E-01	3.937E-01	2.529E-01	-1.408E-01
2.997E-01	3.925E-01	3.925E-01	2.525E-01	-1.400E-01
3.016E-01	3.913E-01	3.913E-01	2.522E-01	-1.392E-01
3.036E-01	3.901E-01	3.901E-01	2.518E-01	-1.383E-01
3.056E-01	3.888E-01	3.888E-01	2.514E-01	-1.375E-01
3.076E-01	3.875E-01	3.875E-01	2.509E-01	-1.366E-01
3.096E-01	3.862E-01	3.862E-01	2.505E-01	-1.357E-01
3.116E-01	3.848E-01	3.848E-01	2.500E-01	-1.349E-01
3.135E-01	3.835E-01	3.835E-01	2.495E-01	-1.340E-01
3.155E-01	3.821E-01	3.821E-01	2.490E-01	-1.331E-01
3.175E-01	3.806E-01	3.806E-01	2.484E-01	-1.322E-01
3.195E-01	3.792E-01	3.792E-01	2.479E-01	-1.313E-01
3.215E-01	3.777E-01	3.777E-01	2.473E-01	-1.304E-01
3.235E-01	3.761E-01	3.761E-01	2.467E-01	-1.294E-01
3.255E-01	3.746E-01	3.746E-01	2.461E-01	-1.285E-01
3.274E-01	3.730E-01	3.730E-01	2.455E-01	-1.276E-01
3.294E-01	3.714E-01	3.714E-01	2.448E-01	-1.266E-01
3.314E-01	3.698E-01	3.698E-01	2.441E-01	-1.257E-01
3.334E-01	3.682E-01	3.682E-01	2.435E-01	-1.247E-01
3.354E-01	3.665E-01	3.665E-01	2.428E-01	-1.238E-01
3.374E-01	3.648E-01	3.648E-01	2.420E-01	-1.228E-01
3.393E-01	3.631E-01	3.631E-01	2.413E-01	-1.218E-01
3.413E-01	3.614E-01	3.614E-01	2.405E-01	-1.208E-01
3.433E-01	3.596E-01	3.596E-01	2.398E-01	-1.199E-01
3.453E-01	3.578E-01	3.578E-01	2.390E-01	-1.189E-01
3.473E-01	3.560E-01	3.560E-01	2.382E-01	-1.179E-01
3.493E-01	3.542E-01	3.542E-01	2.374E-01	-1.169E-01
3.512E-01	3.524E-01	3.524E-01	2.365E-01	-1.159E-01
3.532E-01	3.505E-01	3.505E-01	2.357E-01	-1.149E-01
3.552E-01	3.487E-01	3.487E-01	2.348E-01	-1.139E-01
3.572E-01	3.468E-01	3.468E-01	2.339E-01	-1.129E-01
3.592E-01	3.449E-01	3.449E-01	2.330E-01	-1.119E-01
3.612E-01	3.429E-01	3.429E-01	2.321E-01	-1.108E-01
3.631E-01	3.410E-01	3.410E-01	2.312E-01	-1.098E-01
3.651E-01	3.390E-01	3.390E-01	2.302E-01	-1.088E-01
3.671E-01	3.371E-01	3.371E-01	2.293E-01	-1.078E-01
3.691E-01	3.351E-01	3.351E-01	2.283E-01	-1.068E-01
3.711E-01	3.331E-01	3.331E-01	2.273E-01	-1.057E-01
3.731E-01	3.310E-01	3.310E-01	2.263E-01	-1.047E-01
3.751E-01	3.290E-01	3.290E-01	2.253E-01	-1.037E-01
3.770E-01	3.270E-01	3.270E-01	2.243E-01	-1.027E-01
3.790E-01	3.249E-01	3.249E-01	2.233E-01	-1.016E-01
3.810E-01	3.228E-01	3.228E-01	2.222E-01	-1.006E-01
3.830E-01	3.207E-01	3.207E-01	2.212E-01	-9.958E-02
3.850E-01	3.186E-01	3.186E-01	2.201E-01	-9.856E-02
3.870E-01	3.165E-01	3.165E-01	2.190E-01	-9.753E-02
3.889E-01	3.144E-01	3.144E-01	2.179E-01	-9.650E-02
3.909E-01	3.123E-01	3.123E-01	2.168E-01	-9.548E-02
3.929E-01	3.101E-01	3.101E-01	2.157E-01	-9.445E-02
3.949E-01	3.080E-01	3.080E-01	2.146E-01	-9.343E-02
3.969E-01	3.058E-01	3.058E-01	2.134E-01	-9.241E-02
3.989E-01	3.037E-01	3.037E-01	2.123E-01	-9.139E-02
4.008E-01	3.015E-01	3.015E-01	2.111E-01	-9.037E-02
4.028E-01	2.993E-01	2.993E-01	2.099E-01	-8.935E-02
4.048E-01	2.971E-01	2.971E-01	2.088E-01	-8.834E-02
4.068E-01	2.949E-01	2.949E-01	2.076E-01	-8.733E-02
4.088E-01	2.927E-01	2.927E-01	2.064E-01	-8.632E-02
4.108E-01	2.905E-01	2.905E-01	2.052E-01	-8.531E-02
4.127E-01	2.883E-01	2.883E-01	2.039E-01	-8.431E-02
4.147E-01	2.860E-01	2.860E-01	2.027E-01	-8.330E-02
4.167E-01	2.838E-01	2.838E-01	2.015E-01	-8.231E-02
4.187E-01	2.816E-01	2.816E-01	2.002E-01	-8.131E-02
4.207E-01	2.793E-01	2.793E-01	1.990E-01	-8.032E-02
4.227E-01	2.771E-01	2.771E-01	1.977E-01	-7.933E-02
4.246E-01	2.748E-01	2.748E-01	1.965E-01	-7.835E-02
4.266E-01	2.726E-01	2.726E-01	1.952E-01	-7.737E-02
4.286E-01	2.703E-01	2.703E-01	1.939E-01	-7.639E-02
4.306E-01	2.681E-01	2.681E-01	1.926E-01	-7.542E-02
4.326E-01	2.658E-01	2.658E-01	1.914E-01	-7.445E-02
4.346E-01	2.635E-01	2.635E-01	1.901E-01	-7.348E-02
4.366E-01	2.613E-01	2.613E-01	1.888E-01	-7.252E-02
4.385E-01	2.590E-01	2.590E-01	1.874E-01	-7.157E-02
4.405E-01	2.567E-01	2.567E-01	1.861E-01	-7.062E-02
4.425E-01	2.545E-01	2.545E-01	1.848E-01	-6.967E-02
4.445E-01	2.522E-01	2.522E-01	1.835E-01	-6.873E-02
4.465E-01	2.499E-01	2.499E-01	1.822E-01	-6.780E-02
4.485E-01	2.477E-01	2.477E-01	1.808E-01	-6.687E-02
4.504E-01	2.454E-01	2.454E-01	1.795E-01	-6.594E-02
4.524E-01	2.432E-01	2.432E-01	1.781E-01	-6.503E-02
4.544E-01	2.409E-01	2.409E-01	1.768E-01	-6.411E-02
4.564E-01	2.386E-01	2.386E-01	1.754E-01	-6.320E-02
4.584E-01	2.364E-01	2.364E-01	1.741E-01	-6.230E-02
4.604E-01	2.341E-01	2.341E-01	1.727E-01	-6.141E-02
4.623E-01	2.319E-01	2.319E-01	1.714E-01	-6.052E-02
4.643E-01	2.296E-01	2.296E-01	1.700E-01	-5.963E-02
4.663E-01	2.274E-01	2.274E-01	1.686E-01	-5.876E-02
4.683E-01	2.251E-01	2.251E-01	1.673E-01	-5.788E-02
4.703E-01	2.229E-01	2.229E-01	1.659E-01	-5.702E-02
4.723E-01	2.207E-01	2.207E-01	1.645E-01	-5.616E-02
4.742E-01	2.184E-01	2.184E-01	1.631E-01	-5.531E-02
4.762E-01	2.162E-01	2.162E-01	1.617E-01	-5.446E-02
4.782E-01	2.140E-01	2.140E-01	1.604E-01	-5.362E-02
4.802E-01	2.118E-01	2.118E-01	1.590E-01	-5.279E-02
4.822E-01	2.096E-01	2.096E-01	1.576E-01	-5.197E-02
4.842E-01	2.074E-01	2.074E-01	1.562E-01	-5.115E-02
4.862E-01	2.052E-01	2.052E-01	1.548E-01	-5.034E-02
4.881E-01	2.030E-01	2.030E-01	1.535E-01	-4.953E-02
4.901E-01	2.008E-01	2.008E-01	1.521E-01	-4.873E-02
4.921E-01	1.986E-01	1.986E-01	1.507E-01	-4.794E-02
4.941E-01	1.965E-01	1.965E-01	1.493E-01	-4.716E-02
4.961E-01	1.943E-01	1.943E-01	1.479E-01	-4.638E-02
4.981E-01	1.921E-01	1.921E-01	1.465E-01	-4.561E-02
5.000E-01	1.900E-01	1.900E-01	1.451E-01	-4.485E-02
5.020E-01	1.879E-01	1.879E-01	1.438E-01	-4.410E-02
5.040E-01	1.857E-01	1.857E-01	1.424E-01	-4.335E-02
5.060E-01	1.836E-01	1.836E-01	1.410E-01	-4.261E-02
5.080E-01	1.815E-01	1.815E-01	1.396E-01	-4.188E-02
5.100E-01	1.794E-01	1.794E-01	1.382E-01	-4.115E-02
5.119E-01	1.773E-01	1.773E-01	1.369E-01	-4.044E-02
5.139E-01	1.752E-01	1.752E-01	1.355E-01	-3.973E-02
5.159E-01	1.731E-01	1.731E-01	1.341E-01	-3.902E-02
5.179E-01	1.711E-01	1.711E-01	1.327E-01	-3.833E-02
5.199E-01	1.690E-01	1.690E-01	1.314E-01	-3.764E-02
5.219E-01	1.670E-01	1.670E-01	1.300E-01	-3.696E-02
5.238E-01	1.649E-01	1.649E-01	1.286E-01	-3.629E-02
5.258E-01	1.629E-01	1.629E-01	1.273E-01	-3.562E-02
5.278E-01	1.609E-01	1.609E-01	1.259E-01	-3.497E-02
5.298E-01	1.589E-01	1.589E-01	1.246E-01	-3.432E-02
5.318E-01	1.569E-01	1.569E-01	1.232E-01	-3.367E-02
5.338E-01	1.549E-01	1.549E-01	1.219E-01	-3.304E-02
5.358E-01	1.529E-01	1.529E-01	1.205E-01	-3.241E-02
5.377E-01	1.510E-01	1.510E-01	1.192E-01	-3.179E-02
5.397E-01	1.490E-01	1.490E-01	1.178E-01	-3.118E-02
5.417E-01	1.471E-01	1.471E-01	1.165E-01	-3.058E-02
5.437E-01	1.452E-01	1.452E-01	1.152E-01	-2.998E-02
5.457E-01	1.433E-01	1.433E-01	1.139E-01	-2.939E-02
5.477E-01	1.414E-01	1.414E-01	1.125E-01	-2.881E-02
5.496E-01	1.395E-01	1.395E-01	1.112E-01	-2.824E-02
5.516E-01	1.376E-01	1.376E-01	1.099E-01	-2.767E-02
5.536E-01	1.357E-01	1.357E-01	1.086E-01	-2.711E-02
5.556E-01	1.339E-01	1.339E-01	1.073E-01	-2.656E-02
5.576E-01	1.320E-01	1.320E-01	1.060E-01	-2.602E-02
5.596E-01	1.302E-01	1.302E-01	1.047E-01	-2.548E-02
5.615E-01	1.284E-01	1.284E-01	1.035E-01	-2.495E-02
5.635E-01	1.266E-01	1.266E-01	1.022E-01	-2.443E-02
5.655E-01	1.248E-01	1.248E-01	1.009E-01	-2.392E-02
5.675E-01	1.231E-01	1.231E-01	9.964E-02	-2.341E-02
5.695E-01	1.213E-01	1.213E-01	9.838E-02	-2.291E-02
5.715E-01	1.195E-01	1.195E-01	9.713E-02	-2.242E-02
5.734E-01	1.178E-01	1.178E-01	9.588E-02	-2.193E-02
5.754E-01	1.161E-01	1.161E-01	9.464E-02	-2.146E-02
5.774E-01	1.144E-01	1.144E-01	9.340E-02	-2.099E-02
5.794E-01	1.127E-01	1.127E-01	9.218E-02	-2.052E-02
5.814E-01	1.110E-01	1.110E-01	9.095E-02	-2.007E-02
5.834E-01	1.094E-01	1.094E-01	8.974E-02	-1.962E-02
5.854E-01	1.077E-01	1.077E-01	8.853E-02	-1.918E-02
5.873E-01	1.061E-01	1.061E-01	8.733E-02	-1.874E-02
5.893E-01	1.044E-01	1.044E-01	8.614E-02	-1.831E-02
5.913E-01	1.028E-01	1.028E-01	8.495E-02	-1.789E-02
5.933E-01	1.012E-01	1.012E-01	8.377E-02	-1.748E-02
5.953E-01	9.967E-02	9.967E-02	8.260E-02	-1.707E-02
5.973E-01	9.810E-02	9.810E-02	8.143E-02	-1.667E-02
5.992E-01	9.655E-02	9.655E-02	8.027E-02	-1.627E-02
6.012E-01	9.501E-02	9.501E-02	7.913E-02	-1.589E-02
6.032E-01	9.349E-02	9.349E-02	7.798E-02	-1.551E-02
6.052E-01	9.198E-02	9.198E-02	7.685E-02	-1.513E-02
6.072E-01	9.049E-02	9.049E-02	7.572E-02	-1.477E-02
6.092E-01	8.901E-02	8.901E-02	7.460E-02	-1.440E-02
6.111E-01	8.754E-02	8.754E-02	7.349E-02	-1.405E-02
6.131E-01	8.609E-02	8.609E-02	7.239E-02	-1.370E-02
6.151E-01	8.466E-02	8.466E-02	7.130E-02	-1.336E-02
6.171E-01	8.323E-02	8.323E-02	7.021E-02	-1.302E-02
6.191E-01	8.183E-02	8.183E-02	6.913E-02	-1.269E-02
6.211E-01	8.043E-02	8.043E-02	6.807E-02	-1.237E-02
6.230E-01	7.906E-02	7.906E-02	6.700E-02	-1.205E-02
6.250E-01	7.769E-02	7.769E-02	6.595E-02	-1.174E-02
6.270E-01	7.634E-02	7.634E-02	6.491E-02	-1.144E-02
6.290E-01	7.501E-02	7.501E-02	6.387E-02	-1.114E-02
6.310E-01	7.369E-02	7.369E-02	6.285E-02	-1.084E-02
6.330E-01	7.238E-02	7.238E-02	6.183E-02	-1.055E-02
6.349E-01	7.109E-02	7.109E-02	6.082E-02	-1.027E-02
6.369E-01	6.981E-02	6.981E-02	5.982E-02	-9.994E-03
6.389E-01	6.855E-02	6.855E-02	5.883E-02	-9.723E-03
6.409E-01	6.730E-02	6.730E-02	5.784E-02	-9.457E-03
6.429E-01	6.607E-02	6.607E-02	5.687E-02	-9.197E-03
6.449E-01	6.485E-02	6.485E-02	5.591E-02	-8.942E-03
6.469E-01	6.364E-02	6.364E-02	5.495E-02	-8.692E-03
6.488E-01	6.245E-02	6.245E-02	5.400E-02	-8.448E-03
6.508E-01	6.128E-02	6.128E-02	5.307E-02	-8.209E-03
6.528E-01	6.011E-02	6.011E-02	5.214E-02	-7.975E-03
6.548E-01	5.896E-02	5.896E-02	5.122E-02	-7.746E-03
6.568E-01	5.783E-02	5.783E-02	5.031E-02	-7.522E-03
6.588E-01	5.671E-02	5.671E-02	4.941E-02	-7.302E-03
6.607E-01	5.560E-02	5.560E-02	4.852E-02	-7.088E-03
6.627E-01	5.451E-02	5.451E-02	4.763E-02	-6.879E-03
6.647E-01	5.343E-02	5.343E-02	4.676E-02	-6.674E-03
6.667E-01	5.237E-02	5.237E-02	4.590E-02	-6.474E-03
6.687E-01	5.132E-02	5.132E-02	4.504E-02	-6.278E-03
6.707E-01	5.028E-02	5.028E-02	4.420E-02	-6.087E-03
6.726E-01	4.926E-02	4.926E-02	4.336E-02	-5.901E-03
6.746E-01	4.825E-02	4.825E-02	4.253E-02	-5.719E-03
6.766E-01	4.726E-02	4.726E-02	4.172E-02	-5.541E-03
6.786E-01	4.627E-02	4.627E-02	4.091E-02	-5.367E-03
6.806E-01	4.531E-02	4.531E-02	4.011E-02	-5.198E-03
6.826E-01	4.435E-02	4.435E-02	3.932E-02	-5.033E-03
6.845E-01	4.341E-02	4.341E-02	3.854E-02	-4.871E-03
6.865E-01	4.248E-02	4.248E-02	3.777E-02	-4.714E-03
6.885E-01	4.157E-02	4.157E-02	3.701E-02	-4.561E-03
6.905E-01	4.067E-02	4.067E-02	3.625E-02	-4.412E-03
6.925E-01	3.978E-02	3.978E-02	3.551E-02	-4.266E-03
6.945E-01	3.890E-02	3.890E-02	3.478E-02	-4.124E-03
6.965E-01	3.804E-02	3.804E-02	3.405E-02	-3.986E-03
6.984E-01	3.719E-02	3.719E-02	3.334E-02	-3.852E-03
7.004E-01	3.635E-02	3.635E-02	3.263E-02	-3.720E-03
7.024E-01	3.553E-02	3.553E-02	3.194E-02	-3.593E-03
7.044E-01	3.472E-02	3.472E-02	3.125E-02	-3.469E-03
7.064E-01	3.392E-02	3.392E-02	3.057E-02	-3.348E-03
7.084E-01	3.313E-02	3.313E-02	2.990E-02	-3.231E-03
7.103E-01	3.236E-02	3.236E-02	2.924E-02	-3.116E-03
7.123E-01	3.160E-02	3.160E-02	2.859E-02	-3.005E-03
7.143E-01	3.085E-02	3.085E-02	2.795E-02	-2.897E-03
7.163E-01	3.011E-02	3.011E-02	2.732E-02	-2.793E-03
7.183E-01	2.939E-02	2.939E-02	2.670E-02	-2.691E-03
7.203E-01	2.868E-02	2.868E-02	2.608E-02	-2.592E-03
7.222E-01	2.798E-02	2.798E-02	2.548E-02	-2.496E-03
7.242E-01	2.729E-02	2.729E-02	2.488E-02	-2.402E-03
7.262E-01	2.661E-02	2.661E-02	2.430E-02	-2.312E-03
7.282E-01	2.594E-02	2.594E-02	2.372E-02	-2.224E-03
7.302E-01	2.529E-02	2.529E-02	2.315E-02	-2.139E-03
7.322E-01	2.465E-02	2.465E-02	2.259E-02	-2.056E-03
7.341E-01	2.401E-02	2.401E-02	2.204E-02	-1.976E-03
7.361E-01	2.339E-02	2.339E-02	2.149E-02	-1.899E-03
7.381E-01	2.278E-02	2.278E-02	2.096E-02	-1.824E-03
7.401E-01	2.219E-02	2.219E-02	2.044E-02	-1.751E-03
7.421E-01	2.160E-02	2.160E-02	1.992E-02	-1.680E-03
7.441E-01	2.102E-02	2.102E-02	1.941E-02	-1.612E-03
7.461E-01	2.046E-02	2.046E-02	1.891E-02	-1.546E-03
7.480E-01	1.990E-02	1.990E-02	1.842E-02	-1.482E-03
7.500E-01	1.936E-02	1.936E-02	1.794E-02	-1.421E-03
7.520E-01	1.882E-02	1.882E-02	1.746E-02	-1.361E-03
7.540E-01	1.830E-02	1.830E-02	1.700E-02	-1.303E-03
7.560E-01	1.779E-02	1.779E-02	1.654E-02	-1.248E-03
7.580E-01	1.728E-02	1.728E-02	1.609E-02	-1.194E-03
7.599E-01	1.679E-02	1.679E-02	1.565E-02	-1.142E-03
7.619E-01	1.631E-02	1.631E-02	1.521E-02	-1.092E-03
7.639E-01	1.583E-02	1.583E-02	1.479E-02	-1.044E-03
7.659E-01	1.537E-02	1.537E-02	1.437E-02	-9.970E-04
7.679E-01	1.491E-02	1.491E-02	1.396E-02	-9.520E-04
7.699E-01	1.447E-02	1.447E-02	1.356E-02	-9.087E-04
7.718E-01	1.403E-02	1.403E-02	1.317E-02	-8.670E-04
7.738E-01	1.361E-02	1.361E-02	1.278E-02	-8.268E-04
7.758E-01	1.319E-02	1.319E-02	1.240E-02	-7.882E-04
7.778E-01	1.278E-02	1.278E-02	1.203E-02	-7.510E-04
7.798E-01	1.238E-02	1.238E-02	1.167E-02	-7.152E-04
7.818E-01	1.199E-02	1.199E-02	1.131E-02	-6.808E-04
7.837E-01	1.161E-02	1.161E-02	1.096E-02	-6.477E-04
7.857E-01	1.124E-02	1.124E-02	1.062E-02	-6.160E-04
7.877E-01	1.088E-02	1.088E-02	1.029E-02	-5.855E-04
7.897E-01	1.052E-02	1.052E-02	9.963E-03	-5.562E-04
7.917E-01	1.017E-02	1.017E-02	9.644E-03	-5.281E-04
7.937E-01	9.832E-03	9.832E-03	9.331E-03	-5.012E-04
7.957E-01	9.501E-03	9.501E-03	9.026E-03	-4.754E-04
7.976E-01	9.178E-03	9.178E-03	8.727E-03	-4.506E-04
7.996E-01	8.862E-03	8.862E-03	8.435E-03	-4.269E-04
8.016E-01	8.554E-03	8.554E-03	8.150E-03	-4.043E-04
8.036E-01	8.254E-03	8.254E-03	7.872E-03	-3.826E-04
8.056E-01	7.962E-03	7.962E-03	7.600E-03	-3.618E-04
8.076E-01	7.677E-03	7.677E-03	7.335E-03	-3.420E-04
8.095E-01	7.399E-03	7.399E-03	7.076E-03	-3.231E-04
8.115E-01	7.128E-03	7.128E-03	6.823E-03	-3.050E-04
8.135E-01	6.865E-03	6.865E-03	6.577E-03	-2.877E-04
8.155E-01	6.609E-03	6.609E-03	6.337E-03	-2.713E-04
8.175E-01	6.359E-03	6.359E-03	6.103E-03	-2.556E-04
8.195E-01	6.116E-03	6.116E-03	5.876E-03	-2.407E-04
8.214E-01	5.880E-03	5.880E-03	5.654E-03	-2.264E-04
8.234E-01	5.651E-03	5.651E-03	5.438E-03	-2.129E-04
8.254E-01	5.427E-03	5.427E-03	5.227E-03	-2.000E-04
8.274E-01	5.211E-03	5.211E-03	5.023E-03	-1.878E-04
8.294E-01	5.000E-03	5.000E-03	4.824E-03	-1.762E-04
8.314E-01	4.796E-03	4.796E-03	4.631E-03	-1.651E-04
8.333E-01	4.597E-03	4.597E-03	4.443E-03	-1.547E-04
8.353E-01	4.405E-03	4.405E-03	4.260E-03	-1.448E-04
8.373E-01	4.218E-03	4.218E-03	4.083E-03	-1.354E-04
8.393E-01	4.038E-03	4.038E-03	3.911E-03	-1.265E-04
8.413E-01	3.862E-03	3.862E-03	3.744E-03	-1.181E-04
8.433E-01	3.693E-03	3.693E-03	3.582E-03	-1.101E-04
8.453E-01	3.528E-03	3.528E-03	3.426E-03	-1.026E-04
8.472E-01	3.369E-03	3.369E-03	3.274E-03	-9.550E-05
8.492E-01	3.215E-03	3.215E-03	3.126E-03	-8.882E-05
8.512E-01	3.067E-03	3.067E-03	2.984E-03	-8.252E-05
8.532E-01	2.923E-03	2.923E-03	2.846E-03	-7.659E-05
8.552E-01	2.784E-03	2.784E-03	2.713E-03	-7.101E-05
8.572E-01	2.650E-03	2.650E-03	2.584E-03	-6.577E-05
8.591E-01	2.520E-03	2.520E-03	2.460E-03	-6.085E-05
8.611E-01	2.396E-03	2.396E-03	2.339E-03	-5.623E-05
8.631E-01	2.275E-03	2.275E-03	2.223E-03	-5.191E-05
8.651E-01	2.159E-03	2.159E-03	2.112E-03	-4.786E-05
8.671E-01	2.048E-03	2.048E-03	2.004E-03	-4.407E-05
8.691E-01	1.940E-03	1.940E-03	1.900E-03	-4.053E-05
8.710E-01	1.837E-03	1.837E-03	1.800E-03	-3.722E-05
8.730E-01	1.738E-03	1.738E-03	1.704E-03	-3.414E-05
8.750E-01	1.642E-03	1.642E-03	1.611E-03	-3.127E-05
8.770E-01	1.551E-03	1.551E-03	1.522E-03	-2.860E-05
8.790E-01	1.463E-03	1.463E-03	1.437E-03	-2.612E-05
8.810E-01	1.379E-03	1.379E-03	1.355E-03	-2.382E-05
8.829E-01	1.298E-03	1.298E-03	1.276E-03	-2.169E-05
8.849E-01	1.221E-03	1.221E-03	1.201E-03	-1.971E-05
8.869E-01	1.147E-03	1.147E-03	1.129E-03	-1.789E-05
8.889E-01	1.077E-03	1.077E-03	1.060E-03	-1.620E-05
8.909E-01	1.009E-03	1.009E-03	9.945E-04	-1.465E-05
8.929E-01	9.448E-04	9.448E-04	9.316E-04	-1.322E-05
8.948E-01	8.835E-04	8.835E-04	8.716E-04	-1.191E-05
8.968E-01	8.251E-04	8.251E-04	8.144E-04	-1.071E-05
8.988E-01	7.695E-04	7.695E-04	7.599E-04	-9.607E-06
9.008E-01	7.167E-04	7.167E-04	7.081E-04	-8.600E-06
9.028E-01	6.666E-04	6.666E-04	6.589E-04	-7.681E-06
9.048E-01	6.190E-04	6.190E-04	6.122E-04	-6.844E-06
9.068E-01	5.739E-04	5.739E-04	5.678E-04	-6.084E-06
9.087E-01	5.313E-04	5.313E-04	5.259E-04	-5.394E-06
9.107E-01	4.909E-04	4.909E-04	4.862E-04	-4.769E-06
9.127E-01	4.528E-04	4.528E-04	4.486E-04	-4.206E-06
9.147E-01	4.169E-04	4.169E-04	4.132E-04	-3.698E-06
9.167E-01	3.831E-04	3.831E-04	3.799E-04	-3.241E-06
9.187E-01	3.514E-04	3.514E-04	3.485E-04	-2.832E-06
9.206E-01	3.215E-04	3.215E-04	3.191E-04	-2.466E-06
9.226E-01	2.936E-04	2.936E-04	2.914E-04	-2.140E-06
9.246E-01	2.674E-04	2.674E-04	2.655E-04	-1.850E-06
9.266E-01	2.429E-04	2.429E-04	2.414E-04	-1.593E-06
9.286E-01	2.202E-04	2.202E-04	2.188E-04	-1.367E-06
9.306E-01	1.990E-04	1.990E-04	1.978E-04	-1.167E-06
9.325E-01	1.793E-04	1.793E-04	1.783E-04	-9.921E-07
9.345E-01	1.610E-04	1.610E-04	1.602E-04	-8.392E-07
9.365E-01	1.442E-04	1.442E-04	1.434E-04	-7.063E-07
9.385E-01	1.286E-04	1.286E-04	1.280E-04	-5.911E-07
9.405E-01	1.143E-04	1.143E-04	1.138E-04	-4.919E-07
9.425E-01	1.012E-04	1.012E-04	1.008E-04	-4.067E-07
9.444E-01	8.918E-05	8.918E-05	8.885E-05	-3.341E-07
9.464E-01	7.825E-05	7.825E-05	7.798E-05	-2.725E-07
9.484E-01	6.832E-05	6.832E-05	6.810E-05	-2.205E-07
9.504E-01	5.933E-05	5.933E-05	5.915E-05	-1.770E-07
9.524E-01	5.123E-05	5.123E-05	5.109E-05	-1.408E-07
9.544E-01	4.396E-05	4.396E-05	4.384E-05	-1.109E-07
9.564E-01	3.746E-05	3.746E-05	3.737E-05	-8.644E-08
9.583E-01	3.169E-05	3.169E-05	3.162E-05	-6.660E-08
9.603E-01	2.659E-05	2.659E-05	2.654E-05	-5.066E-08
9.623E-01	2.211E-05	2.211E-05	2.207E-05	-3.800E-08
9.643E-01	1.820E-05	1.820E-05	1.817E-05	-2.806E-08
9.663E-01	1.482E-05	1.482E-05	1.480E-05	-2.037E-08
9.683E-01	1.191E-05	1.191E-05	1.190E-05	-1.450E-08
9.702E-01	9.445E-06	9.445E-06	9.435E-06	-1.010E-08
9.722E-01	7.369E-06	7.369E-06	7.362E-06	-6.861E-09
9.742E-01	5.644E-06	5.644E-06	5.640E-06	-4.530E-09
9.762E-01	4.232E-06	4.232E-06	4.229E-06	-2.892E-09
9.782E-01	3.094E-06	3.094E-06	3.093E-06	-1.776E-09
9.802E-01	2.196E-06	2.196E-06	2.195E-06	-1.041E-09
9.821E-01	1.503E-06	1.503E-06	1.503E-06	-5.772E-10
9.841E-01	9.840E-07	9.840E-07	9.837E-07	-2.984E-10
9.861E-01	6.087E-07	6.087E-07	6.085E-07	-1.413E-10
9.881E-01	3.495E-07	3.495E-07	3.494E-07	-5.959E-11
9.901E-01	1.813E-07	1.813E-07	1.813E-07	-2.147E-11
9.921E-01	8.139E-08	8.139E-08	8.138E-08	-6.153E-12
9.940E-01	2.882E-08	2.882E-08	2.882E-08	-1.235E-12
9.960E-01	6.614E-09	6.614E-09	6.614E-09	-1.353E-13
9.980E-01	6.309E-10	6.309E-10	6.309E-10	-3.513E-15
1.000E+00	0.000E+00	0.000E+00	0.000E+00	0.000E+00
