Q0 = 1.087 GeV	 Q = 1.732 GeV
x	 x*(uv-dv)
1.000E-04	3.329E-04	3.719E-04	1.441E-04	-2.278E-04
1.009E-04	3.356E-04	3.748E-04	1.459E-04	-2.289E-04
1.019E-04	3.382E-04	3.777E-04	1.477E-04	-2.300E-04
1.028E-04	3.409E-04	3.806E-04	1.496E-04	-2.310E-04
1.038E-04	3.437E-04	3.835E-04	1.515E-04	-2.321E-04
1.047E-04	3.464E-04	3.865E-04	1.534E-04	-2.332E-04
1.057E-04	3.492E-04	3.895E-04	1.553E-04	-2.342E-04
1.067E-04	3.520E-04	3.925E-04	1.572E-04	-2.353E-04
1.076E-04	3.548E-04	3.956E-04	1.592E-04	-2.364E-04
1.086E-04	3.577E-04	3.986E-04	1.611E-04	-2.375E-04
1.096E-04	3.605E-04	4.017E-04	1.631E-04	-2.386E-04
1.107E-04	3.634E-04	4.048E-04	1.651E-04	-2.397E-04
1.117E-04	3.663E-04	4.079E-04	1.672E-04	-2.408E-04
1.127E-04	3.693E-04	4.111E-04	1.692E-04	-2.419E-04
1.138E-04	3.722E-04	4.143E-04	1.713E-04	-2.430E-04
1.148E-04	3.752E-04	4.175E-04	1.734E-04	-2.441E-04
1.159E-04	3.782E-04	4.207E-04	1.755E-04	-2.452E-04
1.169E-04	3.812E-04	4.240E-04	1.777E-04	-2.463E-04
1.180E-04	3.843E-04	4.273E-04	1.798E-04	-2.475E-04
1.191E-04	3.874E-04	4.306E-04	1.820E-04	-2.486E-04
1.202E-04	3.905E-04	4.339E-04	1.842E-04	-2.497E-04
1.213E-04	3.936E-04	4.373E-04	1.864E-04	-2.509E-04
1.225E-04	3.968E-04	4.407E-04	1.887E-04	-2.520E-04
1.236E-04	4.000E-04	4.441E-04	1.909E-04	-2.532E-04
1.247E-04	4.032E-04	4.475E-04	1.932E-04	-2.543E-04
1.259E-04	4.064E-04	4.510E-04	1.955E-04	-2.555E-04
1.271E-04	4.097E-04	4.545E-04	1.979E-04	-2.566E-04
1.282E-04	4.129E-04	4.580E-04	2.002E-04	-2.578E-04
1.294E-04	4.163E-04	4.616E-04	2.026E-04	-2.590E-04
1.306E-04	4.196E-04	4.652E-04	2.050E-04	-2.602E-04
1.318E-04	4.230E-04	4.688E-04	2.074E-04	-2.613E-04
1.330E-04	4.264E-04	4.724E-04	2.099E-04	-2.625E-04
1.343E-04	4.298E-04	4.761E-04	2.123E-04	-2.637E-04
1.355E-04	4.332E-04	4.798E-04	2.148E-04	-2.649E-04
1.368E-04	4.367E-04	4.835E-04	2.174E-04	-2.661E-04
1.380E-04	4.402E-04	4.872E-04	2.199E-04	-2.673E-04
1.393E-04	4.438E-04	4.910E-04	2.225E-04	-2.685E-04
1.406E-04	4.473E-04	4.948E-04	2.251E-04	-2.697E-04
1.419E-04	4.509E-04	4.987E-04	2.277E-04	-2.710E-04
1.432E-04	4.545E-04	5.026E-04	2.304E-04	-2.722E-04
1.445E-04	4.582E-04	5.065E-04	2.330E-04	-2.734E-04
1.459E-04	4.619E-04	5.104E-04	2.357E-04	-2.746E-04
1.472E-04	4.656E-04	5.144E-04	2.385E-04	-2.759E-04
1.486E-04	4.693E-04	5.183E-04	2.412E-04	-2.771E-04
1.500E-04	4.731E-04	5.224E-04	2.440E-04	-2.784E-04
1.514E-04	4.769E-04	5.264E-04	2.468E-04	-2.796E-04
1.528E-04	4.807E-04	5.305E-04	2.497E-04	-2.809E-04
1.542E-04	4.846E-04	5.346E-04	2.525E-04	-2.821E-04
1.556E-04	4.885E-04	5.388E-04	2.554E-04	-2.834E-04
1.570E-04	4.924E-04	5.430E-04	2.583E-04	-2.847E-04
1.585E-04	4.964E-04	5.472E-04	2.613E-04	-2.859E-04
1.600E-04	5.004E-04	5.515E-04	2.643E-04	-2.872E-04
1.614E-04	5.044E-04	5.558E-04	2.673E-04	-2.885E-04
1.629E-04	5.084E-04	5.601E-04	2.703E-04	-2.898E-04
1.644E-04	5.125E-04	5.644E-04	2.734E-04	-2.911E-04
1.660E-04	5.166E-04	5.688E-04	2.764E-04	-2.924E-04
1.675E-04	5.208E-04	5.732E-04	2.796E-04	-2.937E-04
1.690E-04	5.250E-04	5.777E-04	2.827E-04	-2.950E-04
1.706E-04	5.292E-04	5.822E-04	2.859E-04	-2.963E-04
1.722E-04	5.335E-04	5.867E-04	2.891E-04	-2.976E-04
1.738E-04	5.378E-04	5.913E-04	2.924E-04	-2.989E-04
1.754E-04	5.421E-04	5.959E-04	2.956E-04	-3.003E-04
1.770E-04	5.465E-04	6.005E-04	2.989E-04	-3.016E-04
1.786E-04	5.509E-04	6.052E-04	3.023E-04	-3.029E-04
1.803E-04	5.553E-04	6.099E-04	3.057E-04	-3.043E-04
1.820E-04	5.598E-04	6.147E-04	3.091E-04	-3.056E-04
1.837E-04	5.643E-04	6.195E-04	3.125E-04	-3.070E-04
1.854E-04	5.688E-04	6.243E-04	3.160E-04	-3.083E-04
1.871E-04	5.734E-04	6.292E-04	3.195E-04	-3.097E-04
1.888E-04	5.780E-04	6.341E-04	3.230E-04	-3.111E-04
1.905E-04	5.827E-04	6.390E-04	3.266E-04	-3.124E-04
1.923E-04	5.874E-04	6.440E-04	3.302E-04	-3.138E-04
1.941E-04	5.921E-04	6.490E-04	3.338E-04	-3.152E-04
1.959E-04	5.969E-04	6.541E-04	3.375E-04	-3.166E-04
1.977E-04	6.017E-04	6.592E-04	3.412E-04	-3.180E-04
1.995E-04	6.065E-04	6.643E-04	3.449E-04	-3.194E-04
2.014E-04	6.114E-04	6.695E-04	3.487E-04	-3.208E-04
2.032E-04	6.163E-04	6.747E-04	3.525E-04	-3.222E-04
2.051E-04	6.213E-04	6.800E-04	3.564E-04	-3.236E-04
2.070E-04	6.263E-04	6.853E-04	3.603E-04	-3.250E-04
2.089E-04	6.314E-04	6.906E-04	3.642E-04	-3.264E-04
2.109E-04	6.364E-04	6.960E-04	3.682E-04	-3.278E-04
2.128E-04	6.416E-04	7.014E-04	3.722E-04	-3.293E-04
2.148E-04	6.468E-04	7.069E-04	3.762E-04	-3.307E-04
2.168E-04	6.520E-04	7.124E-04	3.803E-04	-3.321E-04
2.188E-04	6.572E-04	7.180E-04	3.844E-04	-3.336E-04
2.208E-04	6.625E-04	7.236E-04	3.886E-04	-3.350E-04
2.228E-04	6.679E-04	7.292E-04	3.928E-04	-3.365E-04
2.249E-04	6.733E-04	7.349E-04	3.970E-04	-3.380E-04
2.270E-04	6.787E-04	7.407E-04	4.013E-04	-3.394E-04
2.291E-04	6.842E-04	7.465E-04	4.056E-04	-3.409E-04
2.312E-04	6.897E-04	7.523E-04	4.099E-04	-3.424E-04
2.333E-04	6.953E-04	7.582E-04	4.143E-04	-3.439E-04
2.355E-04	7.009E-04	7.641E-04	4.188E-04	-3.453E-04
2.377E-04	7.065E-04	7.701E-04	4.232E-04	-3.468E-04
2.399E-04	7.122E-04	7.761E-04	4.278E-04	-3.483E-04
2.421E-04	7.180E-04	7.822E-04	4.323E-04	-3.498E-04
2.443E-04	7.238E-04	7.883E-04	4.369E-04	-3.513E-04
2.466E-04	7.296E-04	7.944E-04	4.416E-04	-3.528E-04
2.489E-04	7.355E-04	8.007E-04	4.463E-04	-3.544E-04
2.512E-04	7.415E-04	8.069E-04	4.510E-04	-3.559E-04
2.535E-04	7.475E-04	8.132E-04	4.558E-04	-3.574E-04
2.559E-04	7.535E-04	8.196E-04	4.607E-04	-3.589E-04
2.582E-04	7.596E-04	8.260E-04	4.655E-04	-3.605E-04
2.606E-04	7.657E-04	8.325E-04	4.704E-04	-3.620E-04
2.630E-04	7.719E-04	8.390E-04	4.754E-04	-3.636E-04
2.655E-04	7.782E-04	8.456E-04	4.804E-04	-3.651E-04
2.679E-04	7.845E-04	8.522E-04	4.855E-04	-3.667E-04
2.704E-04	7.908E-04	8.588E-04	4.906E-04	-3.682E-04
2.729E-04	7.972E-04	8.656E-04	4.958E-04	-3.698E-04
2.754E-04	8.036E-04	8.724E-04	5.010E-04	-3.714E-04
2.780E-04	8.101E-04	8.792E-04	5.062E-04	-3.730E-04
2.805E-04	8.167E-04	8.861E-04	5.115E-04	-3.746E-04
2.831E-04	8.233E-04	8.930E-04	5.169E-04	-3.761E-04
2.858E-04	8.300E-04	9.000E-04	5.223E-04	-3.777E-04
2.884E-04	8.367E-04	9.071E-04	5.277E-04	-3.793E-04
2.911E-04	8.434E-04	9.142E-04	5.332E-04	-3.809E-04
2.938E-04	8.503E-04	9.213E-04	5.388E-04	-3.826E-04
2.965E-04	8.572E-04	9.286E-04	5.444E-04	-3.842E-04
2.992E-04	8.641E-04	9.359E-04	5.501E-04	-3.858E-04
3.020E-04	8.711E-04	9.432E-04	5.558E-04	-3.874E-04
3.048E-04	8.781E-04	9.506E-04	5.615E-04	-3.890E-04
3.076E-04	8.852E-04	9.581E-04	5.674E-04	-3.907E-04
3.105E-04	8.924E-04	9.656E-04	5.732E-04	-3.923E-04
3.133E-04	8.996E-04	9.731E-04	5.792E-04	-3.940E-04
3.162E-04	9.069E-04	9.808E-04	5.852E-04	-3.956E-04
3.192E-04	9.143E-04	9.885E-04	5.912E-04	-3.973E-04
3.221E-04	9.217E-04	9.962E-04	5.973E-04	-3.989E-04
3.251E-04	9.292E-04	1.004E-03	6.035E-04	-4.006E-04
3.281E-04	9.367E-04	1.012E-03	6.097E-04	-4.023E-04
3.311E-04	9.443E-04	1.020E-03	6.159E-04	-4.040E-04
3.342E-04	9.519E-04	1.028E-03	6.223E-04	-4.056E-04
3.373E-04	9.596E-04	1.036E-03	6.287E-04	-4.073E-04
3.404E-04	9.674E-04	1.044E-03	6.351E-04	-4.090E-04
3.436E-04	9.753E-04	1.052E-03	6.416E-04	-4.107E-04
3.467E-04	9.832E-04	1.061E-03	6.482E-04	-4.124E-04
3.499E-04	9.911E-04	1.069E-03	6.548E-04	-4.141E-04
3.532E-04	9.992E-04	1.077E-03	6.615E-04	-4.159E-04
3.565E-04	1.007E-03	1.086E-03	6.682E-04	-4.176E-04
3.597E-04	1.015E-03	1.094E-03	6.751E-04	-4.193E-04
3.631E-04	1.024E-03	1.103E-03	6.819E-04	-4.210E-04
3.664E-04	1.032E-03	1.112E-03	6.889E-04	-4.228E-04
3.698E-04	1.040E-03	1.120E-03	6.959E-04	-4.245E-04
3.733E-04	1.049E-03	1.129E-03	7.029E-04	-4.263E-04
3.767E-04	1.057E-03	1.138E-03	7.101E-04	-4.280E-04
3.802E-04	1.066E-03	1.147E-03	7.173E-04	-4.298E-04
3.837E-04	1.075E-03	1.156E-03	7.245E-04	-4.315E-04
3.873E-04	1.083E-03	1.165E-03	7.319E-04	-4.333E-04
3.908E-04	1.092E-03	1.174E-03	7.393E-04	-4.351E-04
3.945E-04	1.101E-03	1.184E-03	7.468E-04	-4.368E-04
3.981E-04	1.110E-03	1.193E-03	7.543E-04	-4.386E-04
4.018E-04	1.119E-03	1.202E-03	7.619E-04	-4.404E-04
4.055E-04	1.128E-03	1.212E-03	7.696E-04	-4.422E-04
4.093E-04	1.137E-03	1.221E-03	7.773E-04	-4.440E-04
4.130E-04	1.146E-03	1.231E-03	7.852E-04	-4.458E-04
4.169E-04	1.156E-03	1.241E-03	7.931E-04	-4.476E-04
4.207E-04	1.165E-03	1.250E-03	8.010E-04	-4.494E-04
4.246E-04	1.175E-03	1.260E-03	8.091E-04	-4.513E-04
4.285E-04	1.184E-03	1.270E-03	8.172E-04	-4.531E-04
4.325E-04	1.194E-03	1.280E-03	8.254E-04	-4.549E-04
4.365E-04	1.203E-03	1.290E-03	8.336E-04	-4.567E-04
4.406E-04	1.213E-03	1.301E-03	8.420E-04	-4.586E-04
4.446E-04	1.223E-03	1.311E-03	8.504E-04	-4.604E-04
4.487E-04	1.233E-03	1.321E-03	8.589E-04	-4.623E-04
4.529E-04	1.243E-03	1.332E-03	8.675E-04	-4.641E-04
4.571E-04	1.253E-03	1.342E-03	8.761E-04	-4.660E-04
4.613E-04	1.263E-03	1.353E-03	8.848E-04	-4.679E-04
4.656E-04	1.274E-03	1.363E-03	8.937E-04	-4.697E-04
4.699E-04	1.284E-03	1.374E-03	9.025E-04	-4.716E-04
4.742E-04	1.295E-03	1.385E-03	9.115E-04	-4.735E-04
4.786E-04	1.305E-03	1.396E-03	9.206E-04	-4.754E-04
4.831E-04	1.316E-03	1.407E-03	9.297E-04	-4.773E-04
4.875E-04	1.326E-03	1.418E-03	9.389E-04	-4.792E-04
4.920E-04	1.337E-03	1.429E-03	9.482E-04	-4.811E-04
4.966E-04	1.348E-03	1.441E-03	9.576E-04	-4.830E-04
5.012E-04	1.359E-03	1.452E-03	9.671E-04	-4.849E-04
5.058E-04	1.370E-03	1.463E-03	9.767E-04	-4.868E-04
5.105E-04	1.381E-03	1.475E-03	9.863E-04	-4.887E-04
5.152E-04	1.393E-03	1.487E-03	9.961E-04	-4.907E-04
5.200E-04	1.404E-03	1.499E-03	1.006E-03	-4.926E-04
5.248E-04	1.415E-03	1.510E-03	1.016E-03	-4.945E-04
5.297E-04	1.427E-03	1.522E-03	1.026E-03	-4.965E-04
5.346E-04	1.439E-03	1.534E-03	1.036E-03	-4.984E-04
5.395E-04	1.450E-03	1.547E-03	1.046E-03	-5.004E-04
5.445E-04	1.462E-03	1.559E-03	1.056E-03	-5.023E-04
5.495E-04	1.474E-03	1.571E-03	1.067E-03	-5.043E-04
5.546E-04	1.486E-03	1.584E-03	1.077E-03	-5.063E-04
5.598E-04	1.498E-03	1.596E-03	1.088E-03	-5.082E-04
5.649E-04	1.510E-03	1.609E-03	1.099E-03	-5.102E-04
5.702E-04	1.523E-03	1.622E-03	1.109E-03	-5.122E-04
5.754E-04	1.535E-03	1.634E-03	1.120E-03	-5.142E-04
5.808E-04	1.548E-03	1.647E-03	1.131E-03	-5.162E-04
5.861E-04	1.560E-03	1.660E-03	1.142E-03	-5.182E-04
5.916E-04	1.573E-03	1.674E-03	1.153E-03	-5.202E-04
5.970E-04	1.586E-03	1.687E-03	1.165E-03	-5.222E-04
6.026E-04	1.599E-03	1.700E-03	1.176E-03	-5.242E-04
6.081E-04	1.612E-03	1.714E-03	1.187E-03	-5.262E-04
6.138E-04	1.625E-03	1.727E-03	1.199E-03	-5.282E-04
6.194E-04	1.638E-03	1.741E-03	1.211E-03	-5.303E-04
6.252E-04	1.652E-03	1.755E-03	1.223E-03	-5.323E-04
6.310E-04	1.665E-03	1.769E-03	1.234E-03	-5.343E-04
6.368E-04	1.679E-03	1.783E-03	1.246E-03	-5.364E-04
6.427E-04	1.693E-03	1.797E-03	1.259E-03	-5.384E-04
6.486E-04	1.706E-03	1.811E-03	1.271E-03	-5.405E-04
6.546E-04	1.720E-03	1.826E-03	1.283E-03	-5.425E-04
6.607E-04	1.734E-03	1.840E-03	1.296E-03	-5.446E-04
6.668E-04	1.749E-03	1.855E-03	1.308E-03	-5.467E-04
6.730E-04	1.763E-03	1.870E-03	1.321E-03	-5.487E-04
6.792E-04	1.777E-03	1.884E-03	1.334E-03	-5.508E-04
6.855E-04	1.792E-03	1.899E-03	1.347E-03	-5.529E-04
6.918E-04	1.807E-03	1.914E-03	1.360E-03	-5.550E-04
6.982E-04	1.821E-03	1.930E-03	1.373E-03	-5.570E-04
7.047E-04	1.836E-03	1.945E-03	1.386E-03	-5.591E-04
7.112E-04	1.851E-03	1.961E-03	1.399E-03	-5.612E-04
7.178E-04	1.866E-03	1.976E-03	1.413E-03	-5.633E-04
7.244E-04	1.882E-03	1.992E-03	1.426E-03	-5.654E-04
7.311E-04	1.897E-03	2.008E-03	1.440E-03	-5.676E-04
7.379E-04	1.913E-03	2.024E-03	1.454E-03	-5.697E-04
7.447E-04	1.928E-03	2.040E-03	1.468E-03	-5.718E-04
7.516E-04	1.944E-03	2.056E-03	1.482E-03	-5.739E-04
7.586E-04	1.960E-03	2.073E-03	1.496E-03	-5.761E-04
7.656E-04	1.976E-03	2.089E-03	1.511E-03	-5.782E-04
7.727E-04	1.992E-03	2.106E-03	1.525E-03	-5.803E-04
7.798E-04	2.009E-03	2.122E-03	1.540E-03	-5.825E-04
7.870E-04	2.025E-03	2.139E-03	1.555E-03	-5.846E-04
7.943E-04	2.042E-03	2.156E-03	1.570E-03	-5.868E-04
8.017E-04	2.058E-03	2.174E-03	1.585E-03	-5.889E-04
8.091E-04	2.075E-03	2.191E-03	1.600E-03	-5.911E-04
8.166E-04	2.092E-03	2.209E-03	1.615E-03	-5.932E-04
8.241E-04	2.110E-03	2.226E-03	1.631E-03	-5.954E-04
8.318E-04	2.127E-03	2.244E-03	1.646E-03	-5.976E-04
8.395E-04	2.144E-03	2.262E-03	1.662E-03	-5.998E-04
8.472E-04	2.162E-03	2.280E-03	1.678E-03	-6.019E-04
8.551E-04	2.180E-03	2.298E-03	1.694E-03	-6.041E-04
8.630E-04	2.198E-03	2.316E-03	1.710E-03	-6.063E-04
8.710E-04	2.216E-03	2.335E-03	1.726E-03	-6.085E-04
8.790E-04	2.234E-03	2.354E-03	1.743E-03	-6.107E-04
8.872E-04	2.252E-03	2.372E-03	1.760E-03	-6.129E-04
8.954E-04	2.271E-03	2.391E-03	1.776E-03	-6.151E-04
9.036E-04	2.289E-03	2.411E-03	1.793E-03	-6.173E-04
9.120E-04	2.308E-03	2.430E-03	1.810E-03	-6.195E-04
9.204E-04	2.327E-03	2.449E-03	1.828E-03	-6.218E-04
9.290E-04	2.346E-03	2.469E-03	1.845E-03	-6.240E-04
9.376E-04	2.365E-03	2.489E-03	1.862E-03	-6.262E-04
9.462E-04	2.385E-03	2.509E-03	1.880E-03	-6.284E-04
9.550E-04	2.405E-03	2.529E-03	1.898E-03	-6.307E-04
9.638E-04	2.424E-03	2.549E-03	1.916E-03	-6.329E-04
9.727E-04	2.444E-03	2.569E-03	1.934E-03	-6.351E-04
9.817E-04	2.464E-03	2.590E-03	1.953E-03	-6.374E-04
9.908E-04	2.485E-03	2.611E-03	1.971E-03	-6.396E-04
1.000E-03	2.505E-03	2.632E-03	1.990E-03	-6.419E-04
1.009E-03	2.526E-03	2.653E-03	2.009E-03	-6.441E-04
1.019E-03	2.547E-03	2.674E-03	2.028E-03	-6.464E-04
1.028E-03	2.567E-03	2.695E-03	2.047E-03	-6.487E-04
1.038E-03	2.589E-03	2.717E-03	2.066E-03	-6.509E-04
1.047E-03	2.610E-03	2.739E-03	2.086E-03	-6.532E-04
1.057E-03	2.631E-03	2.761E-03	2.105E-03	-6.555E-04
1.067E-03	2.653E-03	2.783E-03	2.125E-03	-6.578E-04
1.076E-03	2.675E-03	2.805E-03	2.145E-03	-6.600E-04
1.086E-03	2.697E-03	2.828E-03	2.166E-03	-6.623E-04
1.096E-03	2.719E-03	2.851E-03	2.186E-03	-6.646E-04
1.107E-03	2.742E-03	2.873E-03	2.207E-03	-6.669E-04
1.117E-03	2.764E-03	2.897E-03	2.227E-03	-6.692E-04
1.127E-03	2.787E-03	2.920E-03	2.248E-03	-6.715E-04
1.138E-03	2.810E-03	2.943E-03	2.269E-03	-6.738E-04
1.148E-03	2.833E-03	2.967E-03	2.291E-03	-6.761E-04
1.159E-03	2.857E-03	2.991E-03	2.312E-03	-6.784E-04
1.169E-03	2.880E-03	3.015E-03	2.334E-03	-6.807E-04
1.180E-03	2.904E-03	3.039E-03	2.356E-03	-6.830E-04
1.191E-03	2.928E-03	3.064E-03	2.378E-03	-6.853E-04
1.202E-03	2.952E-03	3.088E-03	2.401E-03	-6.876E-04
1.213E-03	2.976E-03	3.113E-03	2.423E-03	-6.900E-04
1.225E-03	3.001E-03	3.138E-03	2.446E-03	-6.923E-04
1.236E-03	3.026E-03	3.163E-03	2.469E-03	-6.946E-04
1.247E-03	3.051E-03	3.189E-03	2.492E-03	-6.969E-04
1.259E-03	3.076E-03	3.215E-03	2.515E-03	-6.993E-04
1.271E-03	3.101E-03	3.240E-03	2.539E-03	-7.016E-04
1.282E-03	3.127E-03	3.267E-03	2.563E-03	-7.039E-04
1.294E-03	3.153E-03	3.293E-03	2.587E-03	-7.063E-04
1.306E-03	3.179E-03	3.319E-03	2.611E-03	-7.086E-04
1.318E-03	3.205E-03	3.346E-03	2.635E-03	-7.110E-04
1.330E-03	3.232E-03	3.373E-03	2.660E-03	-7.133E-04
1.343E-03	3.258E-03	3.400E-03	2.685E-03	-7.157E-04
1.355E-03	3.285E-03	3.428E-03	2.710E-03	-7.180E-04
1.368E-03	3.313E-03	3.456E-03	2.735E-03	-7.204E-04
1.380E-03	3.340E-03	3.484E-03	2.761E-03	-7.227E-04
1.393E-03	3.368E-03	3.512E-03	2.787E-03	-7.251E-04
1.406E-03	3.396E-03	3.540E-03	2.813E-03	-7.274E-04
1.419E-03	3.424E-03	3.569E-03	2.839E-03	-7.298E-04
1.432E-03	3.452E-03	3.597E-03	2.865E-03	-7.321E-04
1.445E-03	3.481E-03	3.627E-03	2.892E-03	-7.345E-04
1.459E-03	3.509E-03	3.656E-03	2.919E-03	-7.369E-04
1.472E-03	3.538E-03	3.685E-03	2.946E-03	-7.393E-04
1.486E-03	3.568E-03	3.715E-03	2.974E-03	-7.416E-04
1.500E-03	3.597E-03	3.745E-03	3.001E-03	-7.440E-04
1.514E-03	3.627E-03	3.776E-03	3.029E-03	-7.464E-04
1.528E-03	3.657E-03	3.806E-03	3.057E-03	-7.487E-04
1.542E-03	3.688E-03	3.837E-03	3.086E-03	-7.511E-04
1.556E-03	3.718E-03	3.868E-03	3.115E-03	-7.535E-04
1.570E-03	3.749E-03	3.899E-03	3.144E-03	-7.559E-04
1.585E-03	3.780E-03	3.931E-03	3.173E-03	-7.583E-04
1.600E-03	3.811E-03	3.963E-03	3.202E-03	-7.606E-04
1.614E-03	3.843E-03	3.995E-03	3.232E-03	-7.630E-04
1.629E-03	3.875E-03	4.027E-03	3.262E-03	-7.654E-04
1.644E-03	3.907E-03	4.060E-03	3.292E-03	-7.678E-04
1.660E-03	3.940E-03	4.093E-03	3.323E-03	-7.702E-04
1.675E-03	3.972E-03	4.126E-03	3.354E-03	-7.726E-04
1.690E-03	4.005E-03	4.160E-03	3.385E-03	-7.750E-04
1.706E-03	4.039E-03	4.193E-03	3.416E-03	-7.774E-04
1.722E-03	4.072E-03	4.227E-03	3.448E-03	-7.798E-04
1.738E-03	4.106E-03	4.262E-03	3.480E-03	-7.821E-04
1.754E-03	4.140E-03	4.296E-03	3.512E-03	-7.845E-04
1.770E-03	4.175E-03	4.331E-03	3.544E-03	-7.869E-04
1.786E-03	4.209E-03	4.367E-03	3.577E-03	-7.893E-04
1.803E-03	4.244E-03	4.402E-03	3.610E-03	-7.917E-04
1.820E-03	4.280E-03	4.438E-03	3.644E-03	-7.941E-04
1.837E-03	4.315E-03	4.474E-03	3.677E-03	-7.965E-04
1.854E-03	4.351E-03	4.510E-03	3.711E-03	-7.989E-04
1.871E-03	4.387E-03	4.547E-03	3.746E-03	-8.013E-04
1.888E-03	4.424E-03	4.584E-03	3.780E-03	-8.037E-04
1.905E-03	4.461E-03	4.621E-03	3.815E-03	-8.061E-04
1.923E-03	4.498E-03	4.659E-03	3.850E-03	-8.085E-04
1.941E-03	4.535E-03	4.697E-03	3.886E-03	-8.109E-04
1.959E-03	4.573E-03	4.735E-03	3.922E-03	-8.133E-04
1.977E-03	4.611E-03	4.774E-03	3.958E-03	-8.157E-04
1.995E-03	4.650E-03	4.813E-03	3.995E-03	-8.181E-04
2.014E-03	4.688E-03	4.852E-03	4.031E-03	-8.205E-04
2.032E-03	4.727E-03	4.892E-03	4.069E-03	-8.229E-04
2.051E-03	4.767E-03	4.931E-03	4.106E-03	-8.253E-04
2.070E-03	4.807E-03	4.972E-03	4.144E-03	-8.277E-04
2.089E-03	4.847E-03	5.012E-03	4.182E-03	-8.301E-04
2.109E-03	4.887E-03	5.053E-03	4.221E-03	-8.324E-04
2.128E-03	4.928E-03	5.094E-03	4.260E-03	-8.348E-04
2.148E-03	4.969E-03	5.136E-03	4.299E-03	-8.372E-04
2.168E-03	5.011E-03	5.178E-03	4.338E-03	-8.396E-04
2.188E-03	5.052E-03	5.220E-03	4.378E-03	-8.420E-04
2.208E-03	5.095E-03	5.263E-03	4.419E-03	-8.444E-04
2.228E-03	5.137E-03	5.306E-03	4.459E-03	-8.468E-04
2.249E-03	5.180E-03	5.349E-03	4.500E-03	-8.492E-04
2.270E-03	5.223E-03	5.393E-03	4.542E-03	-8.516E-04
2.291E-03	5.267E-03	5.437E-03	4.583E-03	-8.539E-04
2.312E-03	5.311E-03	5.482E-03	4.626E-03	-8.563E-04
2.333E-03	5.356E-03	5.527E-03	4.668E-03	-8.587E-04
2.355E-03	5.400E-03	5.572E-03	4.711E-03	-8.611E-04
2.377E-03	5.446E-03	5.618E-03	4.754E-03	-8.635E-04
2.399E-03	5.491E-03	5.664E-03	4.798E-03	-8.658E-04
2.421E-03	5.537E-03	5.710E-03	4.842E-03	-8.682E-04
2.443E-03	5.583E-03	5.757E-03	4.886E-03	-8.706E-04
2.466E-03	5.630E-03	5.804E-03	4.931E-03	-8.730E-04
2.489E-03	5.677E-03	5.852E-03	4.976E-03	-8.753E-04
2.512E-03	5.725E-03	5.900E-03	5.022E-03	-8.777E-04
2.535E-03	5.773E-03	5.948E-03	5.068E-03	-8.801E-04
2.559E-03	5.821E-03	5.997E-03	5.115E-03	-8.824E-04
2.582E-03	5.870E-03	6.046E-03	5.162E-03	-8.848E-04
2.606E-03	5.919E-03	6.096E-03	5.209E-03	-8.871E-04
2.630E-03	5.969E-03	6.146E-03	5.257E-03	-8.895E-04
2.655E-03	6.019E-03	6.197E-03	5.305E-03	-8.918E-04
2.679E-03	6.070E-03	6.248E-03	5.353E-03	-8.942E-04
2.704E-03	6.120E-03	6.299E-03	5.402E-03	-8.965E-04
2.729E-03	6.172E-03	6.351E-03	5.452E-03	-8.989E-04
2.754E-03	6.224E-03	6.403E-03	5.502E-03	-9.012E-04
2.780E-03	6.276E-03	6.456E-03	5.552E-03	-9.035E-04
2.805E-03	6.329E-03	6.509E-03	5.603E-03	-9.059E-04
2.831E-03	6.382E-03	6.563E-03	5.654E-03	-9.082E-04
2.858E-03	6.435E-03	6.617E-03	5.706E-03	-9.105E-04
2.884E-03	6.490E-03	6.671E-03	5.758E-03	-9.129E-04
2.911E-03	6.544E-03	6.726E-03	5.811E-03	-9.152E-04
2.938E-03	6.599E-03	6.782E-03	5.864E-03	-9.175E-04
2.965E-03	6.655E-03	6.838E-03	5.918E-03	-9.198E-04
2.992E-03	6.711E-03	6.894E-03	5.972E-03	-9.221E-04
3.020E-03	6.767E-03	6.951E-03	6.026E-03	-9.244E-04
3.048E-03	6.824E-03	7.008E-03	6.081E-03	-9.267E-04
3.076E-03	6.882E-03	7.066E-03	6.137E-03	-9.290E-04
3.105E-03	6.939E-03	7.124E-03	6.193E-03	-9.313E-04
3.133E-03	6.998E-03	7.183E-03	6.250E-03	-9.336E-04
3.162E-03	7.057E-03	7.243E-03	6.307E-03	-9.359E-04
3.192E-03	7.116E-03	7.303E-03	6.364E-03	-9.381E-04
3.221E-03	7.176E-03	7.363E-03	6.423E-03	-9.404E-04
3.251E-03	7.237E-03	7.424E-03	6.481E-03	-9.427E-04
3.281E-03	7.298E-03	7.485E-03	6.540E-03	-9.449E-04
3.311E-03	7.359E-03	7.547E-03	6.600E-03	-9.472E-04
3.342E-03	7.422E-03	7.610E-03	6.660E-03	-9.494E-04
3.373E-03	7.484E-03	7.673E-03	6.721E-03	-9.517E-04
3.404E-03	7.547E-03	7.736E-03	6.783E-03	-9.539E-04
3.436E-03	7.611E-03	7.801E-03	6.844E-03	-9.562E-04
3.467E-03	7.675E-03	7.865E-03	6.907E-03	-9.584E-04
3.499E-03	7.740E-03	7.930E-03	6.970E-03	-9.606E-04
3.532E-03	7.806E-03	7.996E-03	7.033E-03	-9.628E-04
3.565E-03	7.872E-03	8.063E-03	7.098E-03	-9.650E-04
3.597E-03	7.938E-03	8.130E-03	7.162E-03	-9.673E-04
3.631E-03	8.005E-03	8.197E-03	7.228E-03	-9.695E-04
3.664E-03	8.073E-03	8.265E-03	7.294E-03	-9.716E-04
3.698E-03	8.141E-03	8.334E-03	7.360E-03	-9.738E-04
3.733E-03	8.210E-03	8.403E-03	7.427E-03	-9.760E-04
3.767E-03	8.280E-03	8.473E-03	7.495E-03	-9.782E-04
3.802E-03	8.350E-03	8.543E-03	7.563E-03	-9.804E-04
3.837E-03	8.421E-03	8.615E-03	7.632E-03	-9.825E-04
3.873E-03	8.492E-03	8.686E-03	7.702E-03	-9.847E-04
3.908E-03	8.564E-03	8.759E-03	7.772E-03	-9.868E-04
3.945E-03	8.636E-03	8.832E-03	7.843E-03	-9.890E-04
3.981E-03	8.710E-03	8.905E-03	7.914E-03	-9.911E-04
4.018E-03	8.784E-03	8.979E-03	7.986E-03	-9.932E-04
4.055E-03	8.858E-03	9.054E-03	8.059E-03	-9.953E-04
4.093E-03	8.933E-03	9.130E-03	8.132E-03	-9.974E-04
4.130E-03	9.009E-03	9.206E-03	8.206E-03	-9.995E-04
4.169E-03	9.086E-03	9.283E-03	8.281E-03	-1.002E-03
4.207E-03	9.163E-03	9.360E-03	8.357E-03	-1.004E-03
4.246E-03	9.241E-03	9.438E-03	8.433E-03	-1.006E-03
4.285E-03	9.319E-03	9.517E-03	8.509E-03	-1.008E-03
4.325E-03	9.398E-03	9.597E-03	8.587E-03	-1.010E-03
4.365E-03	9.478E-03	9.677E-03	8.665E-03	-1.012E-03
4.406E-03	9.559E-03	9.758E-03	8.744E-03	-1.014E-03
4.446E-03	9.640E-03	9.840E-03	8.824E-03	-1.016E-03
4.487E-03	9.722E-03	9.922E-03	8.904E-03	-1.018E-03
4.529E-03	9.805E-03	1.001E-02	8.985E-03	-1.020E-03
4.571E-03	9.888E-03	1.009E-02	9.067E-03	-1.022E-03
4.613E-03	9.973E-03	1.017E-02	9.149E-03	-1.024E-03
4.656E-03	1.006E-02	1.026E-02	9.233E-03	-1.026E-03
4.699E-03	1.014E-02	1.034E-02	9.317E-03	-1.028E-03
4.742E-03	1.023E-02	1.043E-02	9.401E-03	-1.030E-03
4.786E-03	1.032E-02	1.052E-02	9.487E-03	-1.032E-03
4.831E-03	1.040E-02	1.061E-02	9.573E-03	-1.034E-03
4.875E-03	1.049E-02	1.070E-02	9.660E-03	-1.036E-03
4.920E-03	1.058E-02	1.079E-02	9.748E-03	-1.038E-03
4.966E-03	1.067E-02	1.088E-02	9.837E-03	-1.040E-03
5.012E-03	1.076E-02	1.097E-02	9.926E-03	-1.042E-03
5.058E-03	1.086E-02	1.106E-02	1.002E-02	-1.044E-03
5.105E-03	1.095E-02	1.115E-02	1.011E-02	-1.045E-03
5.152E-03	1.104E-02	1.125E-02	1.020E-02	-1.047E-03
5.200E-03	1.114E-02	1.134E-02	1.029E-02	-1.049E-03
5.248E-03	1.123E-02	1.144E-02	1.039E-02	-1.051E-03
5.297E-03	1.133E-02	1.153E-02	1.048E-02	-1.053E-03
5.346E-03	1.143E-02	1.163E-02	1.058E-02	-1.055E-03
5.395E-03	1.152E-02	1.173E-02	1.067E-02	-1.057E-03
5.445E-03	1.162E-02	1.183E-02	1.077E-02	-1.058E-03
5.495E-03	1.172E-02	1.193E-02	1.087E-02	-1.060E-03
5.546E-03	1.182E-02	1.203E-02	1.097E-02	-1.062E-03
5.598E-03	1.192E-02	1.213E-02	1.107E-02	-1.064E-03
5.649E-03	1.203E-02	1.223E-02	1.117E-02	-1.065E-03
5.702E-03	1.213E-02	1.234E-02	1.127E-02	-1.067E-03
5.754E-03	1.223E-02	1.244E-02	1.137E-02	-1.069E-03
5.808E-03	1.234E-02	1.255E-02	1.147E-02	-1.071E-03
5.861E-03	1.244E-02	1.265E-02	1.158E-02	-1.072E-03
5.916E-03	1.255E-02	1.276E-02	1.168E-02	-1.074E-03
5.970E-03	1.266E-02	1.287E-02	1.179E-02	-1.076E-03
6.026E-03	1.277E-02	1.298E-02	1.190E-02	-1.077E-03
6.081E-03	1.288E-02	1.309E-02	1.201E-02	-1.079E-03
6.138E-03	1.299E-02	1.320E-02	1.212E-02	-1.081E-03
6.194E-03	1.310E-02	1.331E-02	1.223E-02	-1.082E-03
6.252E-03	1.321E-02	1.342E-02	1.234E-02	-1.084E-03
6.310E-03	1.333E-02	1.353E-02	1.245E-02	-1.086E-03
6.368E-03	1.344E-02	1.365E-02	1.256E-02	-1.087E-03
6.427E-03	1.356E-02	1.377E-02	1.268E-02	-1.089E-03
6.486E-03	1.367E-02	1.388E-02	1.279E-02	-1.090E-03
6.546E-03	1.379E-02	1.400E-02	1.291E-02	-1.092E-03
6.607E-03	1.391E-02	1.412E-02	1.303E-02	-1.093E-03
6.668E-03	1.403E-02	1.424E-02	1.314E-02	-1.095E-03
6.730E-03	1.415E-02	1.436E-02	1.326E-02	-1.097E-03
6.792E-03	1.427E-02	1.448E-02	1.339E-02	-1.098E-03
6.855E-03	1.440E-02	1.461E-02	1.351E-02	-1.099E-03
6.918E-03	1.452E-02	1.473E-02	1.363E-02	-1.101E-03
6.982E-03	1.465E-02	1.486E-02	1.375E-02	-1.102E-03
7.047E-03	1.477E-02	1.498E-02	1.388E-02	-1.104E-03
7.112E-03	1.490E-02	1.511E-02	1.401E-02	-1.105E-03
7.178E-03	1.503E-02	1.524E-02	1.413E-02	-1.107E-03
7.244E-03	1.516E-02	1.537E-02	1.426E-02	-1.108E-03
7.311E-03	1.529E-02	1.550E-02	1.439E-02	-1.109E-03
7.379E-03	1.542E-02	1.563E-02	1.452E-02	-1.111E-03
7.447E-03	1.556E-02	1.577E-02	1.466E-02	-1.112E-03
7.516E-03	1.569E-02	1.590E-02	1.479E-02	-1.113E-03
7.586E-03	1.583E-02	1.604E-02	1.492E-02	-1.115E-03
7.656E-03	1.596E-02	1.618E-02	1.506E-02	-1.116E-03
7.727E-03	1.610E-02	1.631E-02	1.520E-02	-1.117E-03
7.798E-03	1.624E-02	1.645E-02	1.534E-02	-1.119E-03
7.870E-03	1.638E-02	1.660E-02	1.548E-02	-1.120E-03
7.943E-03	1.653E-02	1.674E-02	1.562E-02	-1.121E-03
8.017E-03	1.667E-02	1.688E-02	1.576E-02	-1.122E-03
8.091E-03	1.681E-02	1.703E-02	1.590E-02	-1.123E-03
8.166E-03	1.696E-02	1.717E-02	1.605E-02	-1.125E-03
8.241E-03	1.711E-02	1.732E-02	1.619E-02	-1.126E-03
8.318E-03	1.726E-02	1.747E-02	1.634E-02	-1.127E-03
8.395E-03	1.741E-02	1.762E-02	1.649E-02	-1.128E-03
8.472E-03	1.756E-02	1.777E-02	1.664E-02	-1.129E-03
8.551E-03	1.771E-02	1.792E-02	1.679E-02	-1.130E-03
8.630E-03	1.787E-02	1.808E-02	1.695E-02	-1.131E-03
8.710E-03	1.802E-02	1.823E-02	1.710E-02	-1.132E-03
8.790E-03	1.818E-02	1.839E-02	1.726E-02	-1.133E-03
8.872E-03	1.834E-02	1.855E-02	1.742E-02	-1.134E-03
8.954E-03	1.850E-02	1.871E-02	1.757E-02	-1.135E-03
9.036E-03	1.866E-02	1.887E-02	1.774E-02	-1.136E-03
9.120E-03	1.882E-02	1.903E-02	1.790E-02	-1.137E-03
9.204E-03	1.899E-02	1.920E-02	1.806E-02	-1.138E-03
9.290E-03	1.915E-02	1.936E-02	1.823E-02	-1.139E-03
9.376E-03	1.932E-02	1.953E-02	1.839E-02	-1.140E-03
9.462E-03	1.949E-02	1.970E-02	1.856E-02	-1.141E-03
9.550E-03	1.966E-02	1.987E-02	1.873E-02	-1.142E-03
9.638E-03	1.983E-02	2.004E-02	1.890E-02	-1.142E-03
9.727E-03	2.001E-02	2.022E-02	1.907E-02	-1.143E-03
9.817E-03	2.018E-02	2.039E-02	1.925E-02	-1.144E-03
9.908E-03	2.036E-02	2.057E-02	1.943E-02	-1.145E-03
1.000E-02	2.054E-02	2.075E-02	1.960E-02	-1.146E-03
1.198E-02	2.440E-02	2.461E-02	2.345E-02	-1.156E-03
1.397E-02	2.827E-02	2.847E-02	2.732E-02	-1.158E-03
1.595E-02	3.215E-02	3.235E-02	3.119E-02	-1.153E-03
1.794E-02	3.604E-02	3.623E-02	3.509E-02	-1.145E-03
1.992E-02	3.995E-02	4.013E-02	3.900E-02	-1.134E-03
2.190E-02	4.387E-02	4.405E-02	4.293E-02	-1.121E-03
2.389E-02	4.782E-02	4.799E-02	4.688E-02	-1.106E-03
2.587E-02	5.178E-02	5.195E-02	5.086E-02	-1.091E-03
2.786E-02	5.576E-02	5.593E-02	5.485E-02	-1.074E-03
2.984E-02	5.977E-02	5.992E-02	5.887E-02	-1.057E-03
3.182E-02	6.379E-02	6.394E-02	6.290E-02	-1.040E-03
3.381E-02	6.784E-02	6.798E-02	6.696E-02	-1.023E-03
3.579E-02	7.190E-02	7.204E-02	7.104E-02	-1.005E-03
3.778E-02	7.599E-02	7.612E-02	7.513E-02	-9.877E-04
3.976E-02	8.009E-02	8.022E-02	7.925E-02	-9.704E-04
4.174E-02	8.422E-02	8.434E-02	8.339E-02	-9.532E-04
4.373E-02	8.836E-02	8.848E-02	8.754E-02	-9.363E-04
4.571E-02	9.252E-02	9.263E-02	9.171E-02	-9.195E-04
4.770E-02	9.670E-02	9.681E-02	9.590E-02	-9.031E-04
4.968E-02	1.009E-01	1.010E-01	1.001E-01	-8.869E-04
5.166E-02	1.051E-01	1.052E-01	1.043E-01	-8.710E-04
5.365E-02	1.093E-01	1.094E-01	1.086E-01	-8.554E-04
5.563E-02	1.136E-01	1.137E-01	1.128E-01	-8.401E-04
5.762E-02	1.178E-01	1.179E-01	1.171E-01	-8.251E-04
5.960E-02	1.221E-01	1.222E-01	1.214E-01	-8.104E-04
6.158E-02	1.264E-01	1.265E-01	1.257E-01	-7.960E-04
6.357E-02	1.307E-01	1.308E-01	1.300E-01	-7.819E-04
6.555E-02	1.350E-01	1.351E-01	1.343E-01	-7.681E-04
6.754E-02	1.393E-01	1.394E-01	1.386E-01	-7.546E-04
6.952E-02	1.436E-01	1.437E-01	1.430E-01	-7.414E-04
7.150E-02	1.480E-01	1.481E-01	1.473E-01	-7.285E-04
7.349E-02	1.523E-01	1.524E-01	1.517E-01	-7.159E-04
7.547E-02	1.567E-01	1.568E-01	1.561E-01	-7.036E-04
7.745E-02	1.611E-01	1.611E-01	1.604E-01	-6.916E-04
7.944E-02	1.654E-01	1.655E-01	1.648E-01	-6.798E-04
8.142E-02	1.698E-01	1.699E-01	1.692E-01	-6.683E-04
8.341E-02	1.742E-01	1.743E-01	1.736E-01	-6.570E-04
8.539E-02	1.786E-01	1.786E-01	1.780E-01	-6.460E-04
8.737E-02	1.830E-01	1.830E-01	1.824E-01	-6.352E-04
8.936E-02	1.874E-01	1.874E-01	1.868E-01	-6.247E-04
9.134E-02	1.918E-01	1.918E-01	1.912E-01	-6.144E-04
9.333E-02	1.962E-01	1.962E-01	1.956E-01	-6.044E-04
9.531E-02	2.006E-01	2.006E-01	2.000E-01	-5.945E-04
9.729E-02	2.050E-01	2.050E-01	2.044E-01	-5.849E-04
9.928E-02	2.094E-01	2.094E-01	2.088E-01	-5.755E-04
1.013E-01	2.138E-01	2.138E-01	2.133E-01	-5.663E-04
1.032E-01	2.182E-01	2.182E-01	2.177E-01	-5.573E-04
1.052E-01	2.226E-01	2.226E-01	2.221E-01	-5.485E-04
1.072E-01	2.270E-01	2.270E-01	2.265E-01	-5.399E-04
1.092E-01	2.314E-01	2.314E-01	2.309E-01	-5.314E-04
1.112E-01	2.357E-01	2.358E-01	2.352E-01	-5.232E-04
1.132E-01	2.401E-01	2.401E-01	2.396E-01	-5.151E-04
1.152E-01	2.445E-01	2.445E-01	2.440E-01	-5.072E-04
1.171E-01	2.489E-01	2.489E-01	2.484E-01	-4.994E-04
1.191E-01	2.532E-01	2.532E-01	2.527E-01	-4.919E-04
1.211E-01	2.576E-01	2.576E-01	2.571E-01	-4.844E-04
1.231E-01	2.619E-01	2.619E-01	2.614E-01	-4.772E-04
1.251E-01	2.662E-01	2.662E-01	2.658E-01	-4.700E-04
1.271E-01	2.705E-01	2.706E-01	2.701E-01	-4.630E-04
1.290E-01	2.748E-01	2.749E-01	2.744E-01	-4.562E-04
1.310E-01	2.791E-01	2.792E-01	2.787E-01	-4.495E-04
1.330E-01	2.834E-01	2.834E-01	2.830E-01	-4.429E-04
1.350E-01	2.877E-01	2.877E-01	2.873E-01	-4.365E-04
1.370E-01	2.920E-01	2.920E-01	2.915E-01	-4.302E-04
1.390E-01	2.962E-01	2.962E-01	2.958E-01	-4.240E-04
1.409E-01	3.004E-01	3.004E-01	3.000E-01	-4.179E-04
1.429E-01	3.046E-01	3.046E-01	3.042E-01	-4.119E-04
1.449E-01	3.088E-01	3.088E-01	3.084E-01	-4.061E-04
1.469E-01	3.130E-01	3.130E-01	3.126E-01	-4.003E-04
1.489E-01	3.171E-01	3.172E-01	3.168E-01	-3.947E-04
1.509E-01	3.213E-01	3.213E-01	3.209E-01	-3.892E-04
1.528E-01	3.254E-01	3.254E-01	3.250E-01	-3.838E-04
1.548E-01	3.295E-01	3.295E-01	3.291E-01	-3.785E-04
1.568E-01	3.336E-01	3.336E-01	3.332E-01	-3.732E-04
1.588E-01	3.376E-01	3.376E-01	3.373E-01	-3.681E-04
1.608E-01	3.417E-01	3.417E-01	3.413E-01	-3.631E-04
1.628E-01	3.457E-01	3.457E-01	3.453E-01	-3.581E-04
1.647E-01	3.497E-01	3.497E-01	3.493E-01	-3.532E-04
1.667E-01	3.536E-01	3.536E-01	3.533E-01	-3.485E-04
1.687E-01	3.576E-01	3.576E-01	3.572E-01	-3.438E-04
1.707E-01	3.615E-01	3.615E-01	3.612E-01	-3.391E-04
1.727E-01	3.654E-01	3.654E-01	3.651E-01	-3.346E-04
1.747E-01	3.692E-01	3.692E-01	3.689E-01	-3.302E-04
1.767E-01	3.731E-01	3.731E-01	3.728E-01	-3.258E-04
1.786E-01	3.769E-01	3.769E-01	3.766E-01	-3.215E-04
1.806E-01	3.807E-01	3.807E-01	3.804E-01	-3.172E-04
1.826E-01	3.844E-01	3.844E-01	3.841E-01	-3.130E-04
1.846E-01	3.881E-01	3.881E-01	3.878E-01	-3.089E-04
1.866E-01	3.918E-01	3.918E-01	3.915E-01	-3.049E-04
1.886E-01	3.955E-01	3.955E-01	3.952E-01	-3.009E-04
1.905E-01	3.991E-01	3.991E-01	3.988E-01	-2.970E-04
1.925E-01	4.027E-01	4.027E-01	4.024E-01	-2.932E-04
1.945E-01	4.063E-01	4.063E-01	4.060E-01	-2.894E-04
1.965E-01	4.098E-01	4.098E-01	4.095E-01	-2.857E-04
1.985E-01	4.133E-01	4.133E-01	4.131E-01	-2.820E-04
2.005E-01	4.168E-01	4.168E-01	4.165E-01	-2.784E-04
2.024E-01	4.202E-01	4.202E-01	4.200E-01	-2.748E-04
2.044E-01	4.236E-01	4.236E-01	4.234E-01	-2.713E-04
2.064E-01	4.270E-01	4.270E-01	4.267E-01	-2.678E-04
2.084E-01	4.303E-01	4.303E-01	4.301E-01	-2.644E-04
2.104E-01	4.336E-01	4.336E-01	4.334E-01	-2.611E-04
2.124E-01	4.369E-01	4.369E-01	4.366E-01	-2.578E-04
2.143E-01	4.401E-01	4.401E-01	4.399E-01	-2.545E-04
2.163E-01	4.433E-01	4.433E-01	4.430E-01	-2.513E-04
2.183E-01	4.464E-01	4.464E-01	4.462E-01	-2.481E-04
2.203E-01	4.496E-01	4.496E-01	4.493E-01	-2.450E-04
2.223E-01	4.526E-01	4.526E-01	4.524E-01	-2.419E-04
2.243E-01	4.557E-01	4.557E-01	4.554E-01	-2.389E-04
2.263E-01	4.586E-01	4.586E-01	4.584E-01	-2.359E-04
2.282E-01	4.616E-01	4.616E-01	4.614E-01	-2.330E-04
2.302E-01	4.645E-01	4.645E-01	4.643E-01	-2.300E-04
2.322E-01	4.674E-01	4.674E-01	4.672E-01	-2.272E-04
2.342E-01	4.702E-01	4.702E-01	4.700E-01	-2.243E-04
2.362E-01	4.730E-01	4.730E-01	4.728E-01	-2.215E-04
2.382E-01	4.758E-01	4.758E-01	4.755E-01	-2.188E-04
2.401E-01	4.785E-01	4.785E-01	4.782E-01	-2.161E-04
2.421E-01	4.811E-01	4.811E-01	4.809E-01	-2.134E-04
2.441E-01	4.837E-01	4.837E-01	4.835E-01	-2.107E-04
2.461E-01	4.863E-01	4.863E-01	4.861E-01	-2.081E-04
2.481E-01	4.889E-01	4.889E-01	4.887E-01	-2.055E-04
2.501E-01	4.913E-01	4.913E-01	4.911E-01	-2.030E-04
2.520E-01	4.938E-01	4.938E-01	4.936E-01	-2.004E-04
2.540E-01	4.962E-01	4.962E-01	4.960E-01	-1.980E-04
2.560E-01	4.986E-01	4.986E-01	4.984E-01	-1.955E-04
2.580E-01	5.009E-01	5.009E-01	5.007E-01	-1.931E-04
2.600E-01	5.031E-01	5.031E-01	5.029E-01	-1.907E-04
2.620E-01	5.054E-01	5.054E-01	5.052E-01	-1.883E-04
2.639E-01	5.075E-01	5.075E-01	5.074E-01	-1.860E-04
2.659E-01	5.097E-01	5.097E-01	5.095E-01	-1.837E-04
2.679E-01	5.118E-01	5.118E-01	5.116E-01	-1.814E-04
2.699E-01	5.138E-01	5.138E-01	5.136E-01	-1.791E-04
2.719E-01	5.158E-01	5.158E-01	5.156E-01	-1.769E-04
2.739E-01	5.177E-01	5.177E-01	5.176E-01	-1.747E-04
2.759E-01	5.196E-01	5.196E-01	5.195E-01	-1.725E-04
2.778E-01	5.215E-01	5.215E-01	5.213E-01	-1.704E-04
2.798E-01	5.233E-01	5.233E-01	5.231E-01	-1.682E-04
2.818E-01	5.250E-01	5.250E-01	5.249E-01	-1.661E-04
2.838E-01	5.268E-01	5.268E-01	5.266E-01	-1.641E-04
2.858E-01	5.284E-01	5.284E-01	5.283E-01	-1.620E-04
2.878E-01	5.300E-01	5.300E-01	5.299E-01	-1.600E-04
2.897E-01	5.316E-01	5.316E-01	5.314E-01	-1.580E-04
2.917E-01	5.331E-01	5.331E-01	5.330E-01	-1.560E-04
2.937E-01	5.346E-01	5.346E-01	5.344E-01	-1.540E-04
2.957E-01	5.360E-01	5.360E-01	5.359E-01	-1.521E-04
2.977E-01	5.374E-01	5.374E-01	5.372E-01	-1.502E-04
2.997E-01	5.387E-01	5.387E-01	5.386E-01	-1.483E-04
3.016E-01	5.400E-01	5.400E-01	5.398E-01	-1.464E-04
3.036E-01	5.412E-01	5.412E-01	5.411E-01	-1.445E-04
3.056E-01	5.424E-01	5.424E-01	5.422E-01	-1.427E-04
3.076E-01	5.435E-01	5.435E-01	5.434E-01	-1.409E-04
3.096E-01	5.446E-01	5.446E-01	5.444E-01	-1.391E-04
3.116E-01	5.456E-01	5.456E-01	5.455E-01	-1.373E-04
3.135E-01	5.466E-01	5.466E-01	5.465E-01	-1.356E-04
3.155E-01	5.475E-01	5.475E-01	5.474E-01	-1.338E-04
3.175E-01	5.484E-01	5.484E-01	5.483E-01	-1.321E-04
3.195E-01	5.492E-01	5.492E-01	5.491E-01	-1.304E-04
3.215E-01	5.500E-01	5.500E-01	5.499E-01	-1.288E-04
3.235E-01	5.508E-01	5.508E-01	5.506E-01	-1.271E-04
3.255E-01	5.515E-01	5.515E-01	5.513E-01	-1.255E-04
3.274E-01	5.521E-01	5.521E-01	5.520E-01	-1.238E-04
3.294E-01	5.527E-01	5.527E-01	5.526E-01	-1.222E-04
3.314E-01	5.532E-01	5.532E-01	5.531E-01	-1.206E-04
3.334E-01	5.537E-01	5.537E-01	5.536E-01	-1.191E-04
3.354E-01	5.542E-01	5.542E-01	5.540E-01	-1.175E-04
3.374E-01	5.545E-01	5.545E-01	5.544E-01	-1.160E-04
3.393E-01	5.549E-01	5.549E-01	5.548E-01	-1.144E-04
3.413E-01	5.552E-01	5.552E-01	5.551E-01	-1.129E-04
3.433E-01	5.554E-01	5.554E-01	5.553E-01	-1.114E-04
3.453E-01	5.556E-01	5.556E-01	5.555E-01	-1.100E-04
3.473E-01	5.558E-01	5.558E-01	5.557E-01	-1.085E-04
3.493E-01	5.559E-01	5.559E-01	5.558E-01	-1.071E-04
3.512E-01	5.559E-01	5.559E-01	5.558E-01	-1.056E-04
3.532E-01	5.559E-01	5.559E-01	5.558E-01	-1.042E-04
3.552E-01	5.559E-01	5.559E-01	5.558E-01	-1.028E-04
3.572E-01	5.558E-01	5.558E-01	5.557E-01	-1.014E-04
3.592E-01	5.557E-01	5.557E-01	5.556E-01	-1.001E-04
3.612E-01	5.555E-01	5.555E-01	5.554E-01	-9.873E-05
3.631E-01	5.552E-01	5.552E-01	5.551E-01	-9.739E-05
3.651E-01	5.550E-01	5.550E-01	5.549E-01	-9.607E-05
3.671E-01	5.546E-01	5.546E-01	5.545E-01	-9.476E-05
3.691E-01	5.543E-01	5.543E-01	5.542E-01	-9.346E-05
3.711E-01	5.538E-01	5.538E-01	5.538E-01	-9.218E-05
3.731E-01	5.534E-01	5.534E-01	5.533E-01	-9.091E-05
3.751E-01	5.529E-01	5.529E-01	5.528E-01	-8.966E-05
3.770E-01	5.523E-01	5.523E-01	5.522E-01	-8.841E-05
3.790E-01	5.517E-01	5.517E-01	5.516E-01	-8.719E-05
3.810E-01	5.511E-01	5.511E-01	5.510E-01	-8.597E-05
3.830E-01	5.504E-01	5.504E-01	5.503E-01	-8.477E-05
3.850E-01	5.496E-01	5.496E-01	5.495E-01	-8.358E-05
3.870E-01	5.488E-01	5.488E-01	5.488E-01	-8.241E-05
3.889E-01	5.480E-01	5.480E-01	5.479E-01	-8.124E-05
3.909E-01	5.471E-01	5.471E-01	5.471E-01	-8.009E-05
3.929E-01	5.462E-01	5.462E-01	5.461E-01	-7.896E-05
3.949E-01	5.453E-01	5.453E-01	5.452E-01	-7.783E-05
3.969E-01	5.443E-01	5.443E-01	5.442E-01	-7.672E-05
3.989E-01	5.432E-01	5.432E-01	5.431E-01	-7.562E-05
4.008E-01	5.421E-01	5.421E-01	5.420E-01	-7.453E-05
4.028E-01	5.410E-01	5.410E-01	5.409E-01	-7.345E-05
4.048E-01	5.398E-01	5.398E-01	5.397E-01	-7.239E-05
4.068E-01	5.386E-01	5.386E-01	5.385E-01	-7.133E-05
4.088E-01	5.373E-01	5.373E-01	5.373E-01	-7.029E-05
4.108E-01	5.360E-01	5.360E-01	5.360E-01	-6.926E-05
4.127E-01	5.347E-01	5.347E-01	5.346E-01	-6.824E-05
4.147E-01	5.333E-01	5.333E-01	5.333E-01	-6.723E-05
4.167E-01	5.319E-01	5.319E-01	5.318E-01	-6.624E-05
4.187E-01	5.305E-01	5.305E-01	5.304E-01	-6.525E-05
4.207E-01	5.290E-01	5.290E-01	5.289E-01	-6.428E-05
4.227E-01	5.274E-01	5.274E-01	5.274E-01	-6.332E-05
4.246E-01	5.258E-01	5.258E-01	5.258E-01	-6.237E-05
4.266E-01	5.242E-01	5.242E-01	5.242E-01	-6.142E-05
4.286E-01	5.226E-01	5.226E-01	5.225E-01	-6.049E-05
4.306E-01	5.209E-01	5.209E-01	5.208E-01	-5.957E-05
4.326E-01	5.192E-01	5.192E-01	5.191E-01	-5.867E-05
4.346E-01	5.174E-01	5.174E-01	5.173E-01	-5.777E-05
4.366E-01	5.156E-01	5.156E-01	5.155E-01	-5.688E-05
4.385E-01	5.138E-01	5.138E-01	5.137E-01	-5.600E-05
4.405E-01	5.119E-01	5.119E-01	5.118E-01	-5.513E-05
4.425E-01	5.100E-01	5.100E-01	5.099E-01	-5.427E-05
4.445E-01	5.080E-01	5.080E-01	5.080E-01	-5.343E-05
4.465E-01	5.061E-01	5.061E-01	5.060E-01	-5.259E-05
4.485E-01	5.041E-01	5.041E-01	5.040E-01	-5.176E-05
4.504E-01	5.020E-01	5.020E-01	5.020E-01	-5.094E-05
4.524E-01	4.999E-01	4.999E-01	4.999E-01	-5.013E-05
4.544E-01	4.978E-01	4.978E-01	4.978E-01	-4.934E-05
4.564E-01	4.957E-01	4.957E-01	4.957E-01	-4.855E-05
4.584E-01	4.935E-01	4.935E-01	4.935E-01	-4.777E-05
4.604E-01	4.913E-01	4.913E-01	4.913E-01	-4.700E-05
4.623E-01	4.891E-01	4.891E-01	4.890E-01	-4.623E-05
4.643E-01	4.868E-01	4.868E-01	4.868E-01	-4.548E-05
4.663E-01	4.845E-01	4.845E-01	4.845E-01	-4.474E-05
4.683E-01	4.822E-01	4.822E-01	4.822E-01	-4.401E-05
4.703E-01	4.799E-01	4.799E-01	4.798E-01	-4.328E-05
4.723E-01	4.775E-01	4.775E-01	4.774E-01	-4.257E-05
4.742E-01	4.751E-01	4.751E-01	4.750E-01	-4.186E-05
4.762E-01	4.726E-01	4.726E-01	4.726E-01	-4.116E-05
4.782E-01	4.702E-01	4.702E-01	4.701E-01	-4.047E-05
4.802E-01	4.677E-01	4.677E-01	4.677E-01	-3.979E-05
4.822E-01	4.652E-01	4.652E-01	4.651E-01	-3.912E-05
4.842E-01	4.626E-01	4.626E-01	4.626E-01	-3.846E-05
4.862E-01	4.601E-01	4.601E-01	4.600E-01	-3.780E-05
4.881E-01	4.575E-01	4.575E-01	4.574E-01	-3.716E-05
4.901E-01	4.549E-01	4.549E-01	4.548E-01	-3.652E-05
4.921E-01	4.522E-01	4.522E-01	4.522E-01	-3.589E-05
4.941E-01	4.496E-01	4.496E-01	4.495E-01	-3.527E-05
4.961E-01	4.469E-01	4.469E-01	4.469E-01	-3.465E-05
4.981E-01	4.442E-01	4.442E-01	4.442E-01	-3.405E-05
5.000E-01	4.415E-01	4.415E-01	4.414E-01	-3.345E-05
5.020E-01	4.387E-01	4.387E-01	4.387E-01	-3.286E-05
5.040E-01	4.359E-01	4.359E-01	4.359E-01	-3.228E-05
5.060E-01	4.332E-01	4.332E-01	4.331E-01	-3.170E-05
5.080E-01	4.303E-01	4.303E-01	4.303E-01	-3.114E-05
5.100E-01	4.275E-01	4.275E-01	4.275E-01	-3.058E-05
5.119E-01	4.247E-01	4.247E-01	4.246E-01	-3.002E-05
5.139E-01	4.218E-01	4.218E-01	4.218E-01	-2.948E-05
5.159E-01	4.189E-01	4.189E-01	4.189E-01	-2.894E-05
5.179E-01	4.160E-01	4.160E-01	4.160E-01	-2.842E-05
5.199E-01	4.131E-01	4.131E-01	4.131E-01	-2.789E-05
5.219E-01	4.102E-01	4.102E-01	4.102E-01	-2.738E-05
5.238E-01	4.072E-01	4.072E-01	4.072E-01	-2.687E-05
5.258E-01	4.043E-01	4.043E-01	4.043E-01	-2.637E-05
5.278E-01	4.013E-01	4.013E-01	4.013E-01	-2.588E-05
5.298E-01	3.983E-01	3.983E-01	3.983E-01	-2.539E-05
5.318E-01	3.953E-01	3.953E-01	3.953E-01	-2.491E-05
5.338E-01	3.923E-01	3.923E-01	3.923E-01	-2.444E-05
5.358E-01	3.893E-01	3.893E-01	3.892E-01	-2.397E-05
5.377E-01	3.862E-01	3.862E-01	3.862E-01	-2.351E-05
5.397E-01	3.832E-01	3.832E-01	3.832E-01	-2.306E-05
5.417E-01	3.801E-01	3.801E-01	3.801E-01	-2.262E-05
5.437E-01	3.770E-01	3.770E-01	3.770E-01	-2.218E-05
5.457E-01	3.740E-01	3.740E-01	3.739E-01	-2.174E-05
5.477E-01	3.709E-01	3.709E-01	3.708E-01	-2.132E-05
5.496E-01	3.678E-01	3.678E-01	3.677E-01	-2.090E-05
5.516E-01	3.647E-01	3.647E-01	3.646E-01	-2.048E-05
5.536E-01	3.615E-01	3.615E-01	3.615E-01	-2.008E-05
5.556E-01	3.584E-01	3.584E-01	3.584E-01	-1.967E-05
5.576E-01	3.553E-01	3.553E-01	3.553E-01	-1.928E-05
5.596E-01	3.521E-01	3.521E-01	3.521E-01	-1.889E-05
5.615E-01	3.490E-01	3.490E-01	3.490E-01	-1.851E-05
5.635E-01	3.459E-01	3.459E-01	3.458E-01	-1.813E-05
5.655E-01	3.427E-01	3.427E-01	3.427E-01	-1.776E-05
5.675E-01	3.395E-01	3.395E-01	3.395E-01	-1.739E-05
5.695E-01	3.364E-01	3.364E-01	3.364E-01	-1.703E-05
5.715E-01	3.332E-01	3.332E-01	3.332E-01	-1.668E-05
5.734E-01	3.300E-01	3.300E-01	3.300E-01	-1.633E-05
5.754E-01	3.269E-01	3.269E-01	3.269E-01	-1.599E-05
5.774E-01	3.237E-01	3.237E-01	3.237E-01	-1.565E-05
5.794E-01	3.205E-01	3.205E-01	3.205E-01	-1.532E-05
5.814E-01	3.174E-01	3.174E-01	3.173E-01	-1.499E-05
5.834E-01	3.142E-01	3.142E-01	3.142E-01	-1.467E-05
5.854E-01	3.110E-01	3.110E-01	3.110E-01	-1.435E-05
5.873E-01	3.078E-01	3.078E-01	3.078E-01	-1.404E-05
5.893E-01	3.047E-01	3.047E-01	3.046E-01	-1.374E-05
5.913E-01	3.015E-01	3.015E-01	3.015E-01	-1.343E-05
5.933E-01	2.983E-01	2.983E-01	2.983E-01	-1.314E-05
5.953E-01	2.951E-01	2.951E-01	2.951E-01	-1.285E-05
5.973E-01	2.920E-01	2.920E-01	2.920E-01	-1.256E-05
5.992E-01	2.888E-01	2.888E-01	2.888E-01	-1.228E-05
6.012E-01	2.856E-01	2.856E-01	2.856E-01	-1.201E-05
6.032E-01	2.825E-01	2.825E-01	2.825E-01	-1.173E-05
6.052E-01	2.793E-01	2.793E-01	2.793E-01	-1.147E-05
6.072E-01	2.762E-01	2.762E-01	2.762E-01	-1.121E-05
6.092E-01	2.731E-01	2.731E-01	2.730E-01	-1.095E-05
6.111E-01	2.699E-01	2.699E-01	2.699E-01	-1.070E-05
6.131E-01	2.668E-01	2.668E-01	2.668E-01	-1.045E-05
6.151E-01	2.637E-01	2.637E-01	2.637E-01	-1.020E-05
6.171E-01	2.606E-01	2.606E-01	2.605E-01	-9.964E-06
6.191E-01	2.574E-01	2.574E-01	2.574E-01	-9.729E-06
6.211E-01	2.543E-01	2.543E-01	2.543E-01	-9.498E-06
6.230E-01	2.513E-01	2.513E-01	2.512E-01	-9.272E-06
6.250E-01	2.482E-01	2.482E-01	2.482E-01	-9.049E-06
6.270E-01	2.451E-01	2.451E-01	2.451E-01	-8.831E-06
6.290E-01	2.420E-01	2.420E-01	2.420E-01	-8.617E-06
6.310E-01	2.390E-01	2.390E-01	2.390E-01	-8.407E-06
6.330E-01	2.359E-01	2.359E-01	2.359E-01	-8.200E-06
6.349E-01	2.329E-01	2.329E-01	2.329E-01	-7.998E-06
6.369E-01	2.299E-01	2.299E-01	2.299E-01	-7.800E-06
6.389E-01	2.269E-01	2.269E-01	2.269E-01	-7.605E-06
6.409E-01	2.239E-01	2.239E-01	2.239E-01	-7.414E-06
6.429E-01	2.209E-01	2.209E-01	2.209E-01	-7.227E-06
6.449E-01	2.179E-01	2.179E-01	2.179E-01	-7.043E-06
6.469E-01	2.150E-01	2.150E-01	2.149E-01	-6.863E-06
6.488E-01	2.120E-01	2.120E-01	2.120E-01	-6.687E-06
6.508E-01	2.091E-01	2.091E-01	2.091E-01	-6.514E-06
6.528E-01	2.062E-01	2.062E-01	2.061E-01	-6.345E-06
6.548E-01	2.032E-01	2.032E-01	2.032E-01	-6.179E-06
6.568E-01	2.004E-01	2.004E-01	2.003E-01	-6.016E-06
6.588E-01	1.975E-01	1.975E-01	1.975E-01	-5.857E-06
6.607E-01	1.946E-01	1.946E-01	1.946E-01	-5.701E-06
6.627E-01	1.918E-01	1.918E-01	1.918E-01	-5.548E-06
6.647E-01	1.889E-01	1.889E-01	1.889E-01	-5.399E-06
6.667E-01	1.861E-01	1.861E-01	1.861E-01	-5.252E-06
6.687E-01	1.833E-01	1.833E-01	1.833E-01	-5.109E-06
6.707E-01	1.805E-01	1.805E-01	1.805E-01	-4.969E-06
6.726E-01	1.778E-01	1.778E-01	1.778E-01	-4.831E-06
6.746E-01	1.750E-01	1.750E-01	1.750E-01	-4.697E-06
6.766E-01	1.723E-01	1.723E-01	1.723E-01	-4.566E-06
6.786E-01	1.696E-01	1.696E-01	1.696E-01	-4.437E-06
6.806E-01	1.669E-01	1.669E-01	1.669E-01	-4.311E-06
6.826E-01	1.642E-01	1.642E-01	1.642E-01	-4.188E-06
6.845E-01	1.616E-01	1.616E-01	1.616E-01	-4.068E-06
6.865E-01	1.589E-01	1.589E-01	1.589E-01	-3.951E-06
6.885E-01	1.563E-01	1.563E-01	1.563E-01	-3.836E-06
6.905E-01	1.537E-01	1.537E-01	1.537E-01	-3.724E-06
6.925E-01	1.511E-01	1.511E-01	1.511E-01	-3.614E-06
6.945E-01	1.486E-01	1.486E-01	1.486E-01	-3.507E-06
6.965E-01	1.460E-01	1.460E-01	1.460E-01	-3.402E-06
6.984E-01	1.435E-01	1.435E-01	1.435E-01	-3.300E-06
7.004E-01	1.410E-01	1.410E-01	1.410E-01	-3.200E-06
7.024E-01	1.386E-01	1.386E-01	1.386E-01	-3.103E-06
7.044E-01	1.361E-01	1.361E-01	1.361E-01	-3.008E-06
7.064E-01	1.337E-01	1.337E-01	1.337E-01	-2.915E-06
7.084E-01	1.313E-01	1.313E-01	1.312E-01	-2.824E-06
7.103E-01	1.289E-01	1.289E-01	1.289E-01	-2.736E-06
7.123E-01	1.265E-01	1.265E-01	1.265E-01	-2.650E-06
7.143E-01	1.241E-01	1.241E-01	1.241E-01	-2.565E-06
7.163E-01	1.218E-01	1.218E-01	1.218E-01	-2.484E-06
7.183E-01	1.195E-01	1.195E-01	1.195E-01	-2.404E-06
7.203E-01	1.172E-01	1.172E-01	1.172E-01	-2.326E-06
7.222E-01	1.150E-01	1.150E-01	1.150E-01	-2.250E-06
7.242E-01	1.127E-01	1.127E-01	1.127E-01	-2.176E-06
7.262E-01	1.105E-01	1.105E-01	1.105E-01	-2.104E-06
7.282E-01	1.083E-01	1.083E-01	1.083E-01	-2.034E-06
7.302E-01	1.062E-01	1.062E-01	1.061E-01	-1.965E-06
7.322E-01	1.040E-01	1.040E-01	1.040E-01	-1.899E-06
7.341E-01	1.019E-01	1.019E-01	1.019E-01	-1.834E-06
7.361E-01	9.978E-02	9.978E-02	9.978E-02	-1.771E-06
7.381E-01	9.771E-02	9.771E-02	9.771E-02	-1.710E-06
7.401E-01	9.565E-02	9.565E-02	9.565E-02	-1.650E-06
7.421E-01	9.363E-02	9.363E-02	9.362E-02	-1.592E-06
7.441E-01	9.162E-02	9.162E-02	9.162E-02	-1.536E-06
7.461E-01	8.964E-02	8.964E-02	8.964E-02	-1.481E-06
7.480E-01	8.768E-02	8.768E-02	8.768E-02	-1.427E-06
7.500E-01	8.575E-02	8.575E-02	8.575E-02	-1.376E-06
7.520E-01	8.384E-02	8.384E-02	8.384E-02	-1.325E-06
7.540E-01	8.195E-02	8.195E-02	8.195E-02	-1.277E-06
7.560E-01	8.009E-02	8.009E-02	8.009E-02	-1.229E-06
7.580E-01	7.825E-02	7.825E-02	7.825E-02	-1.183E-06
7.599E-01	7.644E-02	7.644E-02	7.644E-02	-1.139E-06
7.619E-01	7.465E-02	7.465E-02	7.465E-02	-1.095E-06
7.639E-01	7.288E-02	7.288E-02	7.288E-02	-1.053E-06
7.659E-01	7.114E-02	7.114E-02	7.114E-02	-1.012E-06
7.679E-01	6.942E-02	6.942E-02	6.942E-02	-9.729E-07
7.699E-01	6.773E-02	6.773E-02	6.773E-02	-9.347E-07
7.718E-01	6.606E-02	6.606E-02	6.606E-02	-8.976E-07
7.738E-01	6.442E-02	6.442E-02	6.442E-02	-8.616E-07
7.758E-01	6.280E-02	6.280E-02	6.280E-02	-8.268E-07
7.778E-01	6.120E-02	6.120E-02	6.120E-02	-7.932E-07
7.798E-01	5.963E-02	5.963E-02	5.963E-02	-7.606E-07
7.818E-01	5.808E-02	5.808E-02	5.808E-02	-7.291E-07
7.837E-01	5.656E-02	5.656E-02	5.656E-02	-6.986E-07
7.857E-01	5.506E-02	5.506E-02	5.506E-02	-6.691E-07
7.877E-01	5.358E-02	5.358E-02	5.358E-02	-6.406E-07
7.897E-01	5.213E-02	5.213E-02	5.213E-02	-6.130E-07
7.917E-01	5.070E-02	5.070E-02	5.070E-02	-5.864E-07
7.937E-01	4.930E-02	4.930E-02	4.930E-02	-5.608E-07
7.957E-01	4.792E-02	4.792E-02	4.791E-02	-5.360E-07
7.976E-01	4.656E-02	4.656E-02	4.656E-02	-5.120E-07
7.996E-01	4.522E-02	4.522E-02	4.522E-02	-4.890E-07
8.016E-01	4.392E-02	4.392E-02	4.391E-02	-4.667E-07
8.036E-01	4.263E-02	4.263E-02	4.263E-02	-4.453E-07
8.056E-01	4.137E-02	4.137E-02	4.137E-02	-4.246E-07
8.076E-01	4.013E-02	4.013E-02	4.013E-02	-4.047E-07
8.095E-01	3.891E-02	3.891E-02	3.891E-02	-3.856E-07
8.115E-01	3.772E-02	3.772E-02	3.772E-02	-3.671E-07
8.135E-01	3.655E-02	3.655E-02	3.655E-02	-3.494E-07
8.155E-01	3.540E-02	3.540E-02	3.540E-02	-3.323E-07
8.175E-01	3.427E-02	3.427E-02	3.427E-02	-3.159E-07
8.195E-01	3.317E-02	3.317E-02	3.317E-02	-3.002E-07
8.214E-01	3.209E-02	3.209E-02	3.209E-02	-2.850E-07
8.234E-01	3.103E-02	3.103E-02	3.103E-02	-2.705E-07
8.254E-01	3.000E-02	3.000E-02	3.000E-02	-2.566E-07
8.274E-01	2.899E-02	2.899E-02	2.899E-02	-2.432E-07
8.294E-01	2.799E-02	2.799E-02	2.799E-02	-2.304E-07
8.314E-01	2.702E-02	2.702E-02	2.702E-02	-2.181E-07
8.333E-01	2.608E-02	2.608E-02	2.608E-02	-2.064E-07
8.353E-01	2.515E-02	2.515E-02	2.515E-02	-1.951E-07
8.373E-01	2.424E-02	2.424E-02	2.424E-02	-1.844E-07
8.393E-01	2.336E-02	2.336E-02	2.336E-02	-1.741E-07
8.413E-01	2.250E-02	2.250E-02	2.250E-02	-1.643E-07
8.433E-01	2.165E-02	2.165E-02	2.165E-02	-1.549E-07
8.453E-01	2.083E-02	2.083E-02	2.083E-02	-1.459E-07
8.472E-01	2.003E-02	2.003E-02	2.003E-02	-1.374E-07
8.492E-01	1.925E-02	1.925E-02	1.925E-02	-1.292E-07
8.512E-01	1.849E-02	1.849E-02	1.848E-02	-1.215E-07
8.532E-01	1.774E-02	1.774E-02	1.774E-02	-1.141E-07
8.552E-01	1.702E-02	1.702E-02	1.702E-02	-1.070E-07
8.572E-01	1.632E-02	1.632E-02	1.632E-02	-1.004E-07
8.591E-01	1.563E-02	1.563E-02	1.563E-02	-9.400E-08
8.611E-01	1.497E-02	1.497E-02	1.497E-02	-8.797E-08
8.631E-01	1.432E-02	1.432E-02	1.432E-02	-8.224E-08
8.651E-01	1.369E-02	1.369E-02	1.369E-02	-7.682E-08
8.671E-01	1.308E-02	1.308E-02	1.308E-02	-7.168E-08
8.691E-01	1.249E-02	1.249E-02	1.249E-02	-6.681E-08
8.710E-01	1.192E-02	1.192E-02	1.192E-02	-6.221E-08
8.730E-01	1.136E-02	1.136E-02	1.136E-02	-5.786E-08
8.750E-01	1.082E-02	1.082E-02	1.082E-02	-5.376E-08
8.770E-01	1.030E-02	1.030E-02	1.030E-02	-4.988E-08
8.790E-01	9.797E-03	9.797E-03	9.797E-03	-4.623E-08
8.810E-01	9.309E-03	9.309E-03	9.309E-03	-4.280E-08
8.829E-01	8.837E-03	8.837E-03	8.837E-03	-3.957E-08
8.849E-01	8.381E-03	8.381E-03	8.381E-03	-3.653E-08
8.869E-01	7.941E-03	7.941E-03	7.941E-03	-3.368E-08
8.889E-01	7.517E-03	7.517E-03	7.517E-03	-3.101E-08
8.909E-01	7.108E-03	7.108E-03	7.108E-03	-2.851E-08
8.929E-01	6.714E-03	6.714E-03	6.714E-03	-2.617E-08
8.948E-01	6.335E-03	6.335E-03	6.335E-03	-2.398E-08
8.968E-01	5.970E-03	5.970E-03	5.970E-03	-2.194E-08
8.988E-01	5.620E-03	5.620E-03	5.620E-03	-2.004E-08
9.008E-01	5.283E-03	5.283E-03	5.283E-03	-1.827E-08
9.028E-01	4.961E-03	4.961E-03	4.961E-03	-1.662E-08
9.048E-01	4.651E-03	4.651E-03	4.651E-03	-1.510E-08
9.068E-01	4.355E-03	4.355E-03	4.355E-03	-1.369E-08
9.087E-01	4.072E-03	4.072E-03	4.072E-03	-1.238E-08
9.107E-01	3.802E-03	3.802E-03	3.802E-03	-1.117E-08
9.127E-01	3.544E-03	3.544E-03	3.544E-03	-1.006E-08
9.147E-01	3.297E-03	3.297E-03	3.297E-03	-9.038E-09
9.167E-01	3.063E-03	3.063E-03	3.063E-03	-8.099E-09
9.187E-01	2.840E-03	2.840E-03	2.840E-03	-7.238E-09
9.206E-01	2.629E-03	2.629E-03	2.629E-03	-6.451E-09
9.226E-01	2.428E-03	2.428E-03	2.428E-03	-5.732E-09
9.246E-01	2.238E-03	2.238E-03	2.238E-03	-5.079E-09
9.266E-01	2.058E-03	2.058E-03	2.058E-03	-4.485E-09
9.286E-01	1.888E-03	1.888E-03	1.888E-03	-3.947E-09
9.306E-01	1.728E-03	1.728E-03	1.728E-03	-3.461E-09
9.325E-01	1.577E-03	1.577E-03	1.577E-03	-3.024E-09
9.345E-01	1.436E-03	1.436E-03	1.436E-03	-2.631E-09
9.365E-01	1.303E-03	1.303E-03	1.303E-03	-2.279E-09
9.385E-01	1.179E-03	1.179E-03	1.179E-03	-1.966E-09
9.405E-01	1.063E-03	1.063E-03	1.063E-03	-1.687E-09
9.425E-01	9.554E-04	9.554E-04	9.554E-04	-1.441E-09
9.444E-01	8.553E-04	8.553E-04	8.553E-04	-1.223E-09
9.464E-01	7.625E-04	7.625E-04	7.625E-04	-1.033E-09
9.484E-01	6.768E-04	6.768E-04	6.768E-04	-8.661E-10
9.504E-01	5.980E-04	5.980E-04	5.980E-04	-7.214E-10
9.524E-01	5.256E-04	5.256E-04	5.256E-04	-5.964E-10
9.544E-01	4.594E-04	4.594E-04	4.594E-04	-4.891E-10
9.564E-01	3.992E-04	3.992E-04	3.992E-04	-3.976E-10
9.583E-01	3.445E-04	3.445E-04	3.445E-04	-3.201E-10
9.603E-01	2.952E-04	2.952E-04	2.952E-04	-2.549E-10
9.623E-01	2.510E-04	2.510E-04	2.510E-04	-2.007E-10
9.643E-01	2.115E-04	2.115E-04	2.115E-04	-1.560E-10
9.663E-01	1.765E-04	1.765E-04	1.765E-04	-1.195E-10
9.683E-01	1.456E-04	1.456E-04	1.456E-04	-9.004E-11
9.702E-01	1.187E-04	1.187E-04	1.187E-04	-6.663E-11
9.722E-01	9.536E-05	9.536E-05	9.536E-05	-4.828E-11
9.742E-01	7.539E-05	7.539E-05	7.539E-05	-3.416E-11
9.762E-01	5.849E-05	5.849E-05	5.849E-05	-2.350E-11
9.782E-01	4.438E-05	4.438E-05	4.438E-05	-1.565E-11
9.802E-01	3.280E-05	3.280E-05	3.280E-05	-1.002E-11
9.821E-01	2.347E-05	2.347E-05	2.347E-05	-6.119E-12
9.841E-01	1.615E-05	1.615E-05	1.615E-05	-3.524E-12
9.861E-01	1.057E-05	1.057E-05	1.057E-05	-1.885E-12
9.881E-01	6.479E-06	6.479E-06	6.479E-06	-9.141E-13
9.901E-01	3.630E-06	3.630E-06	3.630E-06	-3.881E-13
9.921E-01	1.787E-06	1.787E-06	1.787E-06	-1.358E-13
9.940E-01	7.172E-07	7.172E-07	7.172E-07	-3.469E-14
9.960E-01	1.962E-07	1.962E-07	1.962E-07	-5.189E-15
9.980E-01	2.232E-08	2.232E-08	2.232E-08	-3.333E-16
1.000E+00	0.000E+00	0.000E+00	0.000E+00	0.000E+00
