Q0 = 1.087 GeV	 Q = 1.087 GeV
x	 x*(uv-dv)
1.000E-04	1.484E-04	1.484E-04	1.484E-04	-1.350E-12
1.009E-04	1.498E-04	1.498E-04	1.498E-04	-1.366E-12
1.019E-04	1.512E-04	1.512E-04	1.512E-04	-1.381E-12
1.028E-04	1.526E-04	1.526E-04	1.526E-04	-1.397E-12
1.038E-04	1.540E-04	1.540E-04	1.540E-04	-1.413E-12
1.047E-04	1.554E-04	1.554E-04	1.554E-04	-1.429E-12
1.057E-04	1.569E-04	1.569E-04	1.569E-04	-1.445E-12
1.067E-04	1.583E-04	1.583E-04	1.583E-04	-1.462E-12
1.076E-04	1.598E-04	1.598E-04	1.598E-04	-1.478E-12
1.086E-04	1.613E-04	1.613E-04	1.613E-04	-1.494E-12
1.096E-04	1.628E-04	1.628E-04	1.628E-04	-1.511E-12
1.107E-04	1.643E-04	1.643E-04	1.643E-04	-1.528E-12
1.117E-04	1.658E-04	1.658E-04	1.658E-04	-1.544E-12
1.127E-04	1.673E-04	1.673E-04	1.673E-04	-1.561E-12
1.138E-04	1.689E-04	1.689E-04	1.689E-04	-1.578E-12
1.148E-04	1.705E-04	1.705E-04	1.705E-04	-1.595E-12
1.159E-04	1.720E-04	1.720E-04	1.720E-04	-1.612E-12
1.169E-04	1.736E-04	1.736E-04	1.736E-04	-1.629E-12
1.180E-04	1.752E-04	1.752E-04	1.752E-04	-1.646E-12
1.191E-04	1.769E-04	1.769E-04	1.769E-04	-1.663E-12
1.202E-04	1.785E-04	1.785E-04	1.785E-04	-1.681E-12
1.213E-04	1.802E-04	1.802E-04	1.802E-04	-1.698E-12
1.225E-04	1.818E-04	1.818E-04	1.818E-04	-1.716E-12
1.236E-04	1.835E-04	1.835E-04	1.835E-04	-1.733E-12
1.247E-04	1.852E-04	1.852E-04	1.852E-04	-1.751E-12
1.259E-04	1.869E-04	1.869E-04	1.869E-04	-1.769E-12
1.271E-04	1.887E-04	1.887E-04	1.887E-04	-1.787E-12
1.282E-04	1.904E-04	1.904E-04	1.904E-04	-1.805E-12
1.294E-04	1.922E-04	1.922E-04	1.922E-04	-1.823E-12
1.306E-04	1.940E-04	1.940E-04	1.940E-04	-1.841E-12
1.318E-04	1.958E-04	1.958E-04	1.958E-04	-1.859E-12
1.330E-04	1.976E-04	1.976E-04	1.976E-04	-1.877E-12
1.343E-04	1.994E-04	1.994E-04	1.994E-04	-1.896E-12
1.355E-04	2.013E-04	2.013E-04	2.013E-04	-1.914E-12
1.368E-04	2.031E-04	2.031E-04	2.031E-04	-1.933E-12
1.380E-04	2.050E-04	2.050E-04	2.050E-04	-1.952E-12
1.393E-04	2.069E-04	2.069E-04	2.069E-04	-1.970E-12
1.406E-04	2.088E-04	2.088E-04	2.088E-04	-1.989E-12
1.419E-04	2.108E-04	2.108E-04	2.108E-04	-2.008E-12
1.432E-04	2.127E-04	2.127E-04	2.127E-04	-2.027E-12
1.445E-04	2.147E-04	2.147E-04	2.147E-04	-2.046E-12
1.459E-04	2.167E-04	2.167E-04	2.167E-04	-2.066E-12
1.472E-04	2.187E-04	2.187E-04	2.187E-04	-2.085E-12
1.486E-04	2.207E-04	2.207E-04	2.207E-04	-2.104E-12
1.500E-04	2.228E-04	2.228E-04	2.228E-04	-2.124E-12
1.514E-04	2.248E-04	2.248E-04	2.248E-04	-2.143E-12
1.528E-04	2.269E-04	2.269E-04	2.269E-04	-2.163E-12
1.542E-04	2.290E-04	2.290E-04	2.290E-04	-2.183E-12
1.556E-04	2.311E-04	2.311E-04	2.311E-04	-2.202E-12
1.570E-04	2.333E-04	2.333E-04	2.333E-04	-2.222E-12
1.585E-04	2.355E-04	2.355E-04	2.355E-04	-2.242E-12
1.600E-04	2.376E-04	2.376E-04	2.376E-04	-2.262E-12
1.614E-04	2.398E-04	2.398E-04	2.398E-04	-2.283E-12
1.629E-04	2.421E-04	2.421E-04	2.421E-04	-2.303E-12
1.644E-04	2.443E-04	2.443E-04	2.443E-04	-2.323E-12
1.660E-04	2.466E-04	2.466E-04	2.466E-04	-2.344E-12
1.675E-04	2.489E-04	2.489E-04	2.489E-04	-2.364E-12
1.690E-04	2.512E-04	2.512E-04	2.512E-04	-2.385E-12
1.706E-04	2.535E-04	2.535E-04	2.535E-04	-2.405E-12
1.722E-04	2.559E-04	2.559E-04	2.559E-04	-2.426E-12
1.738E-04	2.582E-04	2.582E-04	2.582E-04	-2.447E-12
1.754E-04	2.606E-04	2.606E-04	2.606E-04	-2.468E-12
1.770E-04	2.630E-04	2.630E-04	2.630E-04	-2.489E-12
1.786E-04	2.655E-04	2.655E-04	2.655E-04	-2.510E-12
1.803E-04	2.679E-04	2.679E-04	2.679E-04	-2.531E-12
1.820E-04	2.704E-04	2.704E-04	2.704E-04	-2.553E-12
1.837E-04	2.729E-04	2.729E-04	2.729E-04	-2.574E-12
1.854E-04	2.755E-04	2.755E-04	2.755E-04	-2.595E-12
1.871E-04	2.780E-04	2.780E-04	2.780E-04	-2.617E-12
1.888E-04	2.806E-04	2.806E-04	2.806E-04	-2.639E-12
1.905E-04	2.832E-04	2.832E-04	2.832E-04	-2.660E-12
1.923E-04	2.858E-04	2.858E-04	2.858E-04	-2.682E-12
1.941E-04	2.885E-04	2.885E-04	2.885E-04	-2.704E-12
1.959E-04	2.912E-04	2.912E-04	2.912E-04	-2.726E-12
1.977E-04	2.939E-04	2.939E-04	2.939E-04	-2.748E-12
1.995E-04	2.966E-04	2.966E-04	2.966E-04	-2.770E-12
2.014E-04	2.994E-04	2.994E-04	2.994E-04	-2.793E-12
2.032E-04	3.021E-04	3.021E-04	3.021E-04	-2.815E-12
2.051E-04	3.049E-04	3.049E-04	3.049E-04	-2.837E-12
2.070E-04	3.078E-04	3.078E-04	3.078E-04	-2.860E-12
2.089E-04	3.106E-04	3.106E-04	3.106E-04	-2.882E-12
2.109E-04	3.135E-04	3.135E-04	3.135E-04	-2.905E-12
2.128E-04	3.164E-04	3.164E-04	3.164E-04	-2.928E-12
2.148E-04	3.193E-04	3.193E-04	3.193E-04	-2.951E-12
2.168E-04	3.223E-04	3.223E-04	3.223E-04	-2.973E-12
2.188E-04	3.253E-04	3.253E-04	3.253E-04	-2.996E-12
2.208E-04	3.283E-04	3.283E-04	3.283E-04	-3.020E-12
2.228E-04	3.314E-04	3.314E-04	3.314E-04	-3.043E-12
2.249E-04	3.344E-04	3.344E-04	3.344E-04	-3.066E-12
2.270E-04	3.376E-04	3.376E-04	3.376E-04	-3.089E-12
2.291E-04	3.407E-04	3.407E-04	3.407E-04	-3.113E-12
2.312E-04	3.438E-04	3.438E-04	3.438E-04	-3.136E-12
2.333E-04	3.470E-04	3.470E-04	3.470E-04	-3.160E-12
2.355E-04	3.503E-04	3.503E-04	3.503E-04	-3.183E-12
2.377E-04	3.535E-04	3.535E-04	3.535E-04	-3.207E-12
2.399E-04	3.568E-04	3.568E-04	3.568E-04	-3.231E-12
2.421E-04	3.601E-04	3.601E-04	3.601E-04	-3.255E-12
2.443E-04	3.635E-04	3.635E-04	3.635E-04	-3.279E-12
2.466E-04	3.668E-04	3.668E-04	3.668E-04	-3.303E-12
2.489E-04	3.702E-04	3.702E-04	3.702E-04	-3.327E-12
2.512E-04	3.737E-04	3.737E-04	3.737E-04	-3.351E-12
2.535E-04	3.771E-04	3.771E-04	3.771E-04	-3.375E-12
2.559E-04	3.806E-04	3.806E-04	3.806E-04	-3.400E-12
2.582E-04	3.842E-04	3.842E-04	3.842E-04	-3.424E-12
2.606E-04	3.877E-04	3.877E-04	3.877E-04	-3.449E-12
2.630E-04	3.913E-04	3.913E-04	3.913E-04	-3.473E-12
2.655E-04	3.950E-04	3.950E-04	3.950E-04	-3.498E-12
2.679E-04	3.986E-04	3.986E-04	3.986E-04	-3.523E-12
2.704E-04	4.024E-04	4.024E-04	4.024E-04	-3.548E-12
2.729E-04	4.061E-04	4.061E-04	4.061E-04	-3.573E-12
2.754E-04	4.099E-04	4.099E-04	4.099E-04	-3.598E-12
2.780E-04	4.137E-04	4.137E-04	4.137E-04	-3.623E-12
2.805E-04	4.175E-04	4.175E-04	4.175E-04	-3.648E-12
2.831E-04	4.214E-04	4.214E-04	4.214E-04	-3.673E-12
2.858E-04	4.253E-04	4.253E-04	4.253E-04	-3.698E-12
2.884E-04	4.293E-04	4.293E-04	4.293E-04	-3.724E-12
2.911E-04	4.332E-04	4.332E-04	4.332E-04	-3.749E-12
2.938E-04	4.373E-04	4.373E-04	4.373E-04	-3.775E-12
2.965E-04	4.413E-04	4.413E-04	4.413E-04	-3.800E-12
2.992E-04	4.454E-04	4.454E-04	4.454E-04	-3.826E-12
3.020E-04	4.496E-04	4.496E-04	4.496E-04	-3.852E-12
3.048E-04	4.537E-04	4.537E-04	4.537E-04	-3.878E-12
3.076E-04	4.580E-04	4.580E-04	4.580E-04	-3.903E-12
3.105E-04	4.622E-04	4.622E-04	4.622E-04	-3.929E-12
3.133E-04	4.665E-04	4.665E-04	4.665E-04	-3.955E-12
3.162E-04	4.708E-04	4.708E-04	4.708E-04	-3.981E-12
3.192E-04	4.752E-04	4.752E-04	4.752E-04	-4.008E-12
3.221E-04	4.796E-04	4.796E-04	4.796E-04	-4.034E-12
3.251E-04	4.841E-04	4.841E-04	4.841E-04	-4.060E-12
3.281E-04	4.886E-04	4.886E-04	4.886E-04	-4.086E-12
3.311E-04	4.931E-04	4.931E-04	4.931E-04	-4.113E-12
3.342E-04	4.977E-04	4.977E-04	4.977E-04	-4.139E-12
3.373E-04	5.023E-04	5.023E-04	5.023E-04	-4.166E-12
3.404E-04	5.070E-04	5.070E-04	5.070E-04	-4.193E-12
3.436E-04	5.117E-04	5.117E-04	5.117E-04	-4.219E-12
3.467E-04	5.165E-04	5.165E-04	5.165E-04	-4.246E-12
3.499E-04	5.213E-04	5.213E-04	5.213E-04	-4.273E-12
3.532E-04	5.261E-04	5.261E-04	5.261E-04	-4.300E-12
3.565E-04	5.310E-04	5.310E-04	5.310E-04	-4.327E-12
3.597E-04	5.360E-04	5.360E-04	5.360E-04	-4.354E-12
3.631E-04	5.409E-04	5.409E-04	5.409E-04	-4.381E-12
3.664E-04	5.460E-04	5.460E-04	5.460E-04	-4.408E-12
3.698E-04	5.511E-04	5.511E-04	5.511E-04	-4.435E-12
3.733E-04	5.562E-04	5.562E-04	5.562E-04	-4.463E-12
3.767E-04	5.613E-04	5.613E-04	5.613E-04	-4.490E-12
3.802E-04	5.666E-04	5.666E-04	5.666E-04	-4.517E-12
3.837E-04	5.718E-04	5.718E-04	5.718E-04	-4.545E-12
3.873E-04	5.772E-04	5.772E-04	5.772E-04	-4.572E-12
3.908E-04	5.825E-04	5.825E-04	5.825E-04	-4.600E-12
3.945E-04	5.879E-04	5.879E-04	5.879E-04	-4.627E-12
3.981E-04	5.934E-04	5.934E-04	5.934E-04	-4.655E-12
4.018E-04	5.989E-04	5.989E-04	5.989E-04	-4.683E-12
4.055E-04	6.045E-04	6.045E-04	6.045E-04	-4.711E-12
4.093E-04	6.101E-04	6.101E-04	6.101E-04	-4.738E-12
4.130E-04	6.158E-04	6.158E-04	6.158E-04	-4.766E-12
4.169E-04	6.215E-04	6.215E-04	6.215E-04	-4.794E-12
4.207E-04	6.273E-04	6.273E-04	6.273E-04	-4.822E-12
4.246E-04	6.331E-04	6.331E-04	6.331E-04	-4.850E-12
4.285E-04	6.390E-04	6.390E-04	6.390E-04	-4.878E-12
4.325E-04	6.450E-04	6.450E-04	6.450E-04	-4.906E-12
4.365E-04	6.510E-04	6.510E-04	6.510E-04	-4.935E-12
4.406E-04	6.570E-04	6.570E-04	6.570E-04	-4.963E-12
4.446E-04	6.632E-04	6.632E-04	6.632E-04	-4.991E-12
4.487E-04	6.693E-04	6.693E-04	6.693E-04	-5.020E-12
4.529E-04	6.756E-04	6.756E-04	6.756E-04	-5.048E-12
4.571E-04	6.818E-04	6.818E-04	6.818E-04	-5.076E-12
4.613E-04	6.882E-04	6.882E-04	6.882E-04	-5.105E-12
4.656E-04	6.946E-04	6.946E-04	6.946E-04	-5.133E-12
4.699E-04	7.011E-04	7.011E-04	7.011E-04	-5.162E-12
4.742E-04	7.076E-04	7.076E-04	7.076E-04	-5.191E-12
4.786E-04	7.142E-04	7.142E-04	7.142E-04	-5.219E-12
4.831E-04	7.208E-04	7.208E-04	7.208E-04	-5.248E-12
4.875E-04	7.275E-04	7.275E-04	7.275E-04	-5.277E-12
4.920E-04	7.343E-04	7.343E-04	7.343E-04	-5.305E-12
4.966E-04	7.411E-04	7.411E-04	7.411E-04	-5.334E-12
5.012E-04	7.480E-04	7.480E-04	7.480E-04	-5.363E-12
5.058E-04	7.550E-04	7.550E-04	7.550E-04	-5.392E-12
5.105E-04	7.620E-04	7.620E-04	7.620E-04	-5.421E-12
5.152E-04	7.691E-04	7.691E-04	7.691E-04	-5.450E-12
5.200E-04	7.763E-04	7.763E-04	7.763E-04	-5.479E-12
5.248E-04	7.835E-04	7.835E-04	7.835E-04	-5.508E-12
5.297E-04	7.908E-04	7.908E-04	7.908E-04	-5.537E-12
5.346E-04	7.982E-04	7.982E-04	7.982E-04	-5.566E-12
5.395E-04	8.056E-04	8.056E-04	8.056E-04	-5.595E-12
5.445E-04	8.131E-04	8.131E-04	8.131E-04	-5.624E-12
5.495E-04	8.207E-04	8.207E-04	8.207E-04	-5.653E-12
5.546E-04	8.284E-04	8.284E-04	8.284E-04	-5.682E-12
5.598E-04	8.361E-04	8.361E-04	8.361E-04	-5.712E-12
5.649E-04	8.439E-04	8.439E-04	8.439E-04	-5.741E-12
5.702E-04	8.517E-04	8.517E-04	8.517E-04	-5.770E-12
5.754E-04	8.597E-04	8.597E-04	8.597E-04	-5.799E-12
5.808E-04	8.677E-04	8.677E-04	8.677E-04	-5.829E-12
5.861E-04	8.758E-04	8.758E-04	8.758E-04	-5.858E-12
5.916E-04	8.839E-04	8.839E-04	8.839E-04	-5.887E-12
5.970E-04	8.922E-04	8.922E-04	8.922E-04	-5.917E-12
6.026E-04	9.005E-04	9.005E-04	9.005E-04	-5.946E-12
6.081E-04	9.089E-04	9.089E-04	9.089E-04	-5.976E-12
6.138E-04	9.174E-04	9.174E-04	9.174E-04	-6.005E-12
6.194E-04	9.259E-04	9.259E-04	9.259E-04	-6.034E-12
6.252E-04	9.345E-04	9.345E-04	9.345E-04	-6.064E-12
6.310E-04	9.432E-04	9.432E-04	9.432E-04	-6.093E-12
6.368E-04	9.520E-04	9.520E-04	9.520E-04	-6.123E-12
6.427E-04	9.609E-04	9.609E-04	9.609E-04	-6.152E-12
6.486E-04	9.699E-04	9.699E-04	9.699E-04	-6.182E-12
6.546E-04	9.789E-04	9.789E-04	9.789E-04	-6.211E-12
6.607E-04	9.881E-04	9.881E-04	9.881E-04	-6.241E-12
6.668E-04	9.973E-04	9.973E-04	9.973E-04	-6.270E-12
6.730E-04	1.007E-03	1.007E-03	1.007E-03	-6.300E-12
6.792E-04	1.016E-03	1.016E-03	1.016E-03	-6.329E-12
6.855E-04	1.025E-03	1.025E-03	1.025E-03	-6.359E-12
6.918E-04	1.035E-03	1.035E-03	1.035E-03	-6.388E-12
6.982E-04	1.045E-03	1.045E-03	1.045E-03	-6.418E-12
7.047E-04	1.054E-03	1.054E-03	1.054E-03	-6.447E-12
7.112E-04	1.064E-03	1.064E-03	1.064E-03	-6.477E-12
7.178E-04	1.074E-03	1.074E-03	1.074E-03	-6.506E-12
7.244E-04	1.084E-03	1.084E-03	1.084E-03	-6.536E-12
7.311E-04	1.094E-03	1.094E-03	1.094E-03	-6.565E-12
7.379E-04	1.105E-03	1.105E-03	1.105E-03	-6.595E-12
7.447E-04	1.115E-03	1.115E-03	1.115E-03	-6.624E-12
7.516E-04	1.125E-03	1.125E-03	1.125E-03	-6.654E-12
7.586E-04	1.136E-03	1.136E-03	1.136E-03	-6.683E-12
7.656E-04	1.146E-03	1.146E-03	1.146E-03	-6.713E-12
7.727E-04	1.157E-03	1.157E-03	1.157E-03	-6.742E-12
7.798E-04	1.168E-03	1.168E-03	1.168E-03	-6.771E-12
7.870E-04	1.179E-03	1.179E-03	1.179E-03	-6.801E-12
7.943E-04	1.190E-03	1.190E-03	1.190E-03	-6.830E-12
8.017E-04	1.201E-03	1.201E-03	1.201E-03	-6.859E-12
8.091E-04	1.212E-03	1.212E-03	1.212E-03	-6.889E-12
8.166E-04	1.223E-03	1.223E-03	1.223E-03	-6.918E-12
8.241E-04	1.235E-03	1.235E-03	1.235E-03	-6.947E-12
8.318E-04	1.246E-03	1.246E-03	1.246E-03	-6.977E-12
8.395E-04	1.258E-03	1.258E-03	1.258E-03	-7.006E-12
8.472E-04	1.270E-03	1.270E-03	1.270E-03	-7.035E-12
8.551E-04	1.282E-03	1.282E-03	1.282E-03	-7.064E-12
8.630E-04	1.294E-03	1.294E-03	1.294E-03	-7.093E-12
8.710E-04	1.306E-03	1.306E-03	1.306E-03	-7.122E-12
8.790E-04	1.318E-03	1.318E-03	1.318E-03	-7.151E-12
8.872E-04	1.330E-03	1.330E-03	1.330E-03	-7.180E-12
8.954E-04	1.343E-03	1.343E-03	1.343E-03	-7.209E-12
9.036E-04	1.355E-03	1.355E-03	1.355E-03	-7.238E-12
9.120E-04	1.368E-03	1.368E-03	1.368E-03	-7.267E-12
9.204E-04	1.381E-03	1.381E-03	1.381E-03	-7.296E-12
9.290E-04	1.394E-03	1.394E-03	1.394E-03	-7.325E-12
9.376E-04	1.407E-03	1.407E-03	1.407E-03	-7.354E-12
9.462E-04	1.420E-03	1.420E-03	1.420E-03	-7.382E-12
9.550E-04	1.433E-03	1.433E-03	1.433E-03	-7.411E-12
9.638E-04	1.446E-03	1.446E-03	1.446E-03	-7.440E-12
9.727E-04	1.460E-03	1.460E-03	1.460E-03	-7.468E-12
9.817E-04	1.474E-03	1.474E-03	1.474E-03	-7.497E-12
9.908E-04	1.487E-03	1.487E-03	1.487E-03	-7.525E-12
1.000E-03	1.501E-03	1.501E-03	1.501E-03	-7.554E-12
1.009E-03	1.515E-03	1.515E-03	1.515E-03	-7.582E-12
1.019E-03	1.530E-03	1.530E-03	1.530E-03	-7.610E-12
1.028E-03	1.544E-03	1.544E-03	1.544E-03	-7.638E-12
1.038E-03	1.558E-03	1.558E-03	1.558E-03	-7.667E-12
1.047E-03	1.573E-03	1.573E-03	1.573E-03	-7.695E-12
1.057E-03	1.588E-03	1.588E-03	1.588E-03	-7.723E-12
1.067E-03	1.603E-03	1.603E-03	1.603E-03	-7.751E-12
1.076E-03	1.618E-03	1.618E-03	1.618E-03	-7.778E-12
1.086E-03	1.633E-03	1.633E-03	1.633E-03	-7.806E-12
1.096E-03	1.648E-03	1.648E-03	1.648E-03	-7.834E-12
1.107E-03	1.663E-03	1.663E-03	1.663E-03	-7.862E-12
1.117E-03	1.679E-03	1.679E-03	1.679E-03	-7.889E-12
1.127E-03	1.695E-03	1.695E-03	1.695E-03	-7.917E-12
1.138E-03	1.711E-03	1.711E-03	1.711E-03	-7.944E-12
1.148E-03	1.727E-03	1.727E-03	1.727E-03	-7.971E-12
1.159E-03	1.743E-03	1.743E-03	1.743E-03	-7.999E-12
1.169E-03	1.759E-03	1.759E-03	1.759E-03	-8.026E-12
1.180E-03	1.776E-03	1.776E-03	1.776E-03	-8.053E-12
1.191E-03	1.792E-03	1.792E-03	1.792E-03	-8.080E-12
1.202E-03	1.809E-03	1.809E-03	1.809E-03	-8.107E-12
1.213E-03	1.826E-03	1.826E-03	1.826E-03	-8.134E-12
1.225E-03	1.843E-03	1.843E-03	1.843E-03	-8.160E-12
1.236E-03	1.860E-03	1.860E-03	1.860E-03	-8.187E-12
1.247E-03	1.878E-03	1.878E-03	1.878E-03	-8.213E-12
1.259E-03	1.896E-03	1.896E-03	1.896E-03	-8.240E-12
1.271E-03	1.913E-03	1.913E-03	1.913E-03	-8.266E-12
1.282E-03	1.931E-03	1.931E-03	1.931E-03	-8.292E-12
1.294E-03	1.949E-03	1.949E-03	1.949E-03	-8.318E-12
1.306E-03	1.968E-03	1.968E-03	1.968E-03	-8.344E-12
1.318E-03	1.986E-03	1.986E-03	1.986E-03	-8.370E-12
1.330E-03	2.005E-03	2.005E-03	2.005E-03	-8.396E-12
1.343E-03	2.024E-03	2.024E-03	2.024E-03	-8.421E-12
1.355E-03	2.043E-03	2.043E-03	2.043E-03	-8.447E-12
1.368E-03	2.062E-03	2.062E-03	2.062E-03	-8.472E-12
1.380E-03	2.081E-03	2.081E-03	2.081E-03	-8.497E-12
1.393E-03	2.101E-03	2.101E-03	2.101E-03	-8.522E-12
1.406E-03	2.120E-03	2.120E-03	2.120E-03	-8.547E-12
1.419E-03	2.140E-03	2.140E-03	2.140E-03	-8.572E-12
1.432E-03	2.160E-03	2.160E-03	2.160E-03	-8.597E-12
1.445E-03	2.181E-03	2.181E-03	2.181E-03	-8.622E-12
1.459E-03	2.201E-03	2.201E-03	2.201E-03	-8.646E-12
1.472E-03	2.222E-03	2.222E-03	2.222E-03	-8.670E-12
1.486E-03	2.243E-03	2.243E-03	2.243E-03	-8.695E-12
1.500E-03	2.264E-03	2.264E-03	2.264E-03	-8.719E-12
1.514E-03	2.285E-03	2.285E-03	2.285E-03	-8.742E-12
1.528E-03	2.307E-03	2.307E-03	2.307E-03	-8.766E-12
1.542E-03	2.328E-03	2.328E-03	2.328E-03	-8.790E-12
1.556E-03	2.350E-03	2.350E-03	2.350E-03	-8.813E-12
1.570E-03	2.372E-03	2.372E-03	2.372E-03	-8.837E-12
1.585E-03	2.395E-03	2.395E-03	2.395E-03	-8.860E-12
1.600E-03	2.417E-03	2.417E-03	2.417E-03	-8.883E-12
1.614E-03	2.440E-03	2.440E-03	2.440E-03	-8.905E-12
1.629E-03	2.463E-03	2.463E-03	2.463E-03	-8.928E-12
1.644E-03	2.486E-03	2.486E-03	2.486E-03	-8.951E-12
1.660E-03	2.509E-03	2.509E-03	2.509E-03	-8.973E-12
1.675E-03	2.533E-03	2.533E-03	2.533E-03	-8.995E-12
1.690E-03	2.557E-03	2.557E-03	2.557E-03	-9.017E-12
1.706E-03	2.581E-03	2.581E-03	2.581E-03	-9.039E-12
1.722E-03	2.605E-03	2.605E-03	2.605E-03	-9.060E-12
1.738E-03	2.630E-03	2.630E-03	2.630E-03	-9.082E-12
1.754E-03	2.654E-03	2.654E-03	2.654E-03	-9.103E-12
1.770E-03	2.679E-03	2.679E-03	2.679E-03	-9.124E-12
1.786E-03	2.705E-03	2.705E-03	2.705E-03	-9.145E-12
1.803E-03	2.730E-03	2.730E-03	2.730E-03	-9.166E-12
1.820E-03	2.756E-03	2.756E-03	2.756E-03	-9.186E-12
1.837E-03	2.782E-03	2.782E-03	2.782E-03	-9.207E-12
1.854E-03	2.808E-03	2.808E-03	2.808E-03	-9.227E-12
1.871E-03	2.834E-03	2.834E-03	2.834E-03	-9.247E-12
1.888E-03	2.861E-03	2.861E-03	2.861E-03	-9.267E-12
1.905E-03	2.888E-03	2.888E-03	2.888E-03	-9.286E-12
1.923E-03	2.915E-03	2.915E-03	2.915E-03	-9.305E-12
1.941E-03	2.943E-03	2.943E-03	2.943E-03	-9.325E-12
1.959E-03	2.971E-03	2.971E-03	2.971E-03	-9.343E-12
1.977E-03	2.999E-03	2.999E-03	2.999E-03	-9.362E-12
1.995E-03	3.027E-03	3.027E-03	3.027E-03	-9.381E-12
2.014E-03	3.056E-03	3.056E-03	3.056E-03	-9.399E-12
2.032E-03	3.084E-03	3.084E-03	3.084E-03	-9.417E-12
2.051E-03	3.113E-03	3.113E-03	3.113E-03	-9.435E-12
2.070E-03	3.143E-03	3.143E-03	3.143E-03	-9.452E-12
2.089E-03	3.173E-03	3.173E-03	3.173E-03	-9.470E-12
2.109E-03	3.202E-03	3.202E-03	3.202E-03	-9.487E-12
2.128E-03	3.233E-03	3.233E-03	3.233E-03	-9.504E-12
2.148E-03	3.263E-03	3.263E-03	3.263E-03	-9.520E-12
2.168E-03	3.294E-03	3.294E-03	3.294E-03	-9.537E-12
2.188E-03	3.325E-03	3.325E-03	3.325E-03	-9.553E-12
2.208E-03	3.357E-03	3.357E-03	3.357E-03	-9.569E-12
2.228E-03	3.388E-03	3.388E-03	3.388E-03	-9.585E-12
2.249E-03	3.420E-03	3.420E-03	3.420E-03	-9.600E-12
2.270E-03	3.453E-03	3.453E-03	3.453E-03	-9.615E-12
2.291E-03	3.485E-03	3.485E-03	3.485E-03	-9.630E-12
2.312E-03	3.518E-03	3.518E-03	3.518E-03	-9.645E-12
2.333E-03	3.552E-03	3.552E-03	3.552E-03	-9.659E-12
2.355E-03	3.585E-03	3.585E-03	3.585E-03	-9.674E-12
2.377E-03	3.619E-03	3.619E-03	3.619E-03	-9.687E-12
2.399E-03	3.653E-03	3.653E-03	3.653E-03	-9.701E-12
2.421E-03	3.688E-03	3.688E-03	3.688E-03	-9.714E-12
2.443E-03	3.723E-03	3.723E-03	3.723E-03	-9.728E-12
2.466E-03	3.758E-03	3.758E-03	3.758E-03	-9.740E-12
2.489E-03	3.794E-03	3.794E-03	3.794E-03	-9.753E-12
2.512E-03	3.830E-03	3.830E-03	3.830E-03	-9.765E-12
2.535E-03	3.866E-03	3.866E-03	3.866E-03	-9.777E-12
2.559E-03	3.903E-03	3.903E-03	3.903E-03	-9.789E-12
2.582E-03	3.939E-03	3.939E-03	3.939E-03	-9.800E-12
2.606E-03	3.977E-03	3.977E-03	3.977E-03	-9.811E-12
2.630E-03	4.015E-03	4.015E-03	4.015E-03	-9.822E-12
2.655E-03	4.053E-03	4.053E-03	4.053E-03	-9.833E-12
2.679E-03	4.091E-03	4.091E-03	4.091E-03	-9.843E-12
2.704E-03	4.130E-03	4.130E-03	4.130E-03	-9.853E-12
2.729E-03	4.169E-03	4.169E-03	4.169E-03	-9.862E-12
2.754E-03	4.208E-03	4.208E-03	4.208E-03	-9.871E-12
2.780E-03	4.248E-03	4.248E-03	4.248E-03	-9.880E-12
2.805E-03	4.289E-03	4.289E-03	4.289E-03	-9.889E-12
2.831E-03	4.329E-03	4.329E-03	4.329E-03	-9.897E-12
2.858E-03	4.371E-03	4.371E-03	4.371E-03	-9.905E-12
2.884E-03	4.412E-03	4.412E-03	4.412E-03	-9.913E-12
2.911E-03	4.454E-03	4.454E-03	4.454E-03	-9.920E-12
2.938E-03	4.496E-03	4.496E-03	4.496E-03	-9.927E-12
2.965E-03	4.539E-03	4.539E-03	4.539E-03	-9.934E-12
2.992E-03	4.582E-03	4.582E-03	4.582E-03	-9.940E-12
3.020E-03	4.626E-03	4.626E-03	4.626E-03	-9.947E-12
3.048E-03	4.670E-03	4.670E-03	4.670E-03	-9.952E-12
3.076E-03	4.714E-03	4.714E-03	4.714E-03	-9.958E-12
3.105E-03	4.759E-03	4.759E-03	4.759E-03	-9.962E-12
3.133E-03	4.804E-03	4.804E-03	4.804E-03	-9.967E-12
3.162E-03	4.850E-03	4.850E-03	4.850E-03	-9.971E-12
3.192E-03	4.896E-03	4.896E-03	4.896E-03	-9.975E-12
3.221E-03	4.943E-03	4.943E-03	4.943E-03	-9.979E-12
3.251E-03	4.990E-03	4.990E-03	4.990E-03	-9.982E-12
3.281E-03	5.037E-03	5.037E-03	5.037E-03	-9.985E-12
3.311E-03	5.085E-03	5.085E-03	5.085E-03	-9.987E-12
3.342E-03	5.133E-03	5.133E-03	5.133E-03	-9.989E-12
3.373E-03	5.182E-03	5.182E-03	5.182E-03	-9.991E-12
3.404E-03	5.232E-03	5.232E-03	5.232E-03	-9.992E-12
3.436E-03	5.282E-03	5.282E-03	5.282E-03	-9.993E-12
3.467E-03	5.332E-03	5.332E-03	5.332E-03	-9.994E-12
3.499E-03	5.383E-03	5.383E-03	5.383E-03	-9.994E-12
3.532E-03	5.434E-03	5.434E-03	5.434E-03	-9.994E-12
3.565E-03	5.486E-03	5.486E-03	5.486E-03	-9.993E-12
3.597E-03	5.538E-03	5.538E-03	5.538E-03	-9.992E-12
3.631E-03	5.591E-03	5.591E-03	5.591E-03	-9.991E-12
3.664E-03	5.644E-03	5.644E-03	5.644E-03	-9.989E-12
3.698E-03	5.698E-03	5.698E-03	5.698E-03	-9.987E-12
3.733E-03	5.753E-03	5.753E-03	5.753E-03	-9.984E-12
3.767E-03	5.808E-03	5.808E-03	5.808E-03	-9.981E-12
3.802E-03	5.863E-03	5.863E-03	5.863E-03	-9.978E-12
3.837E-03	5.919E-03	5.919E-03	5.919E-03	-9.974E-12
3.873E-03	5.976E-03	5.976E-03	5.976E-03	-9.969E-12
3.908E-03	6.033E-03	6.033E-03	6.033E-03	-9.965E-12
3.945E-03	6.091E-03	6.091E-03	6.091E-03	-9.959E-12
3.981E-03	6.149E-03	6.149E-03	6.149E-03	-9.954E-12
4.018E-03	6.208E-03	6.208E-03	6.208E-03	-9.948E-12
4.055E-03	6.267E-03	6.267E-03	6.267E-03	-9.941E-12
4.093E-03	6.327E-03	6.327E-03	6.327E-03	-9.934E-12
4.130E-03	6.387E-03	6.387E-03	6.387E-03	-9.927E-12
4.169E-03	6.449E-03	6.449E-03	6.449E-03	-9.919E-12
4.207E-03	6.510E-03	6.510E-03	6.510E-03	-9.911E-12
4.246E-03	6.573E-03	6.573E-03	6.573E-03	-9.902E-12
4.285E-03	6.636E-03	6.636E-03	6.636E-03	-9.893E-12
4.325E-03	6.699E-03	6.699E-03	6.699E-03	-9.883E-12
4.365E-03	6.763E-03	6.763E-03	6.763E-03	-9.873E-12
4.406E-03	6.828E-03	6.828E-03	6.828E-03	-9.863E-12
4.446E-03	6.894E-03	6.894E-03	6.894E-03	-9.852E-12
4.487E-03	6.960E-03	6.960E-03	6.960E-03	-9.840E-12
4.529E-03	7.027E-03	7.027E-03	7.027E-03	-9.828E-12
4.571E-03	7.094E-03	7.094E-03	7.094E-03	-9.815E-12
4.613E-03	7.162E-03	7.162E-03	7.162E-03	-9.802E-12
4.656E-03	7.231E-03	7.231E-03	7.231E-03	-9.789E-12
4.699E-03	7.300E-03	7.300E-03	7.300E-03	-9.775E-12
4.742E-03	7.371E-03	7.371E-03	7.371E-03	-9.761E-12
4.786E-03	7.441E-03	7.441E-03	7.441E-03	-9.746E-12
4.831E-03	7.513E-03	7.513E-03	7.513E-03	-9.730E-12
4.875E-03	7.585E-03	7.585E-03	7.585E-03	-9.714E-12
4.920E-03	7.658E-03	7.658E-03	7.658E-03	-9.698E-12
4.966E-03	7.732E-03	7.732E-03	7.732E-03	-9.681E-12
5.012E-03	7.806E-03	7.806E-03	7.806E-03	-9.663E-12
5.058E-03	7.881E-03	7.881E-03	7.881E-03	-9.645E-12
5.105E-03	7.957E-03	7.957E-03	7.957E-03	-9.626E-12
5.152E-03	8.034E-03	8.034E-03	8.034E-03	-9.607E-12
5.200E-03	8.111E-03	8.111E-03	8.111E-03	-9.588E-12
5.248E-03	8.189E-03	8.189E-03	8.189E-03	-9.568E-12
5.297E-03	8.268E-03	8.268E-03	8.268E-03	-9.547E-12
5.346E-03	8.348E-03	8.348E-03	8.348E-03	-9.526E-12
5.395E-03	8.428E-03	8.428E-03	8.428E-03	-9.504E-12
5.445E-03	8.509E-03	8.509E-03	8.509E-03	-9.481E-12
5.495E-03	8.591E-03	8.591E-03	8.591E-03	-9.459E-12
5.546E-03	8.674E-03	8.674E-03	8.674E-03	-9.435E-12
5.598E-03	8.758E-03	8.758E-03	8.758E-03	-9.411E-12
5.649E-03	8.843E-03	8.843E-03	8.843E-03	-9.387E-12
5.702E-03	8.928E-03	8.928E-03	8.928E-03	-9.361E-12
5.754E-03	9.014E-03	9.014E-03	9.014E-03	-9.336E-12
5.808E-03	9.101E-03	9.101E-03	9.101E-03	-9.309E-12
5.861E-03	9.189E-03	9.189E-03	9.189E-03	-9.283E-12
5.916E-03	9.278E-03	9.278E-03	9.278E-03	-9.255E-12
5.970E-03	9.368E-03	9.368E-03	9.368E-03	-9.227E-12
6.026E-03	9.458E-03	9.458E-03	9.458E-03	-9.198E-12
6.081E-03	9.550E-03	9.550E-03	9.550E-03	-9.169E-12
6.138E-03	9.642E-03	9.642E-03	9.642E-03	-9.139E-12
6.194E-03	9.736E-03	9.736E-03	9.736E-03	-9.109E-12
6.252E-03	9.830E-03	9.830E-03	9.830E-03	-9.078E-12
6.310E-03	9.925E-03	9.925E-03	9.925E-03	-9.046E-12
6.368E-03	1.002E-02	1.002E-02	1.002E-02	-9.014E-12
6.427E-03	1.012E-02	1.012E-02	1.012E-02	-8.981E-12
6.486E-03	1.022E-02	1.022E-02	1.022E-02	-8.948E-12
6.546E-03	1.032E-02	1.032E-02	1.032E-02	-8.914E-12
6.607E-03	1.042E-02	1.042E-02	1.042E-02	-8.879E-12
6.668E-03	1.052E-02	1.052E-02	1.052E-02	-8.843E-12
6.730E-03	1.062E-02	1.062E-02	1.062E-02	-8.807E-12
6.792E-03	1.072E-02	1.072E-02	1.072E-02	-8.771E-12
6.855E-03	1.083E-02	1.083E-02	1.083E-02	-8.734E-12
6.918E-03	1.093E-02	1.093E-02	1.093E-02	-8.696E-12
6.982E-03	1.104E-02	1.104E-02	1.104E-02	-8.657E-12
7.047E-03	1.115E-02	1.115E-02	1.115E-02	-8.618E-12
7.112E-03	1.125E-02	1.125E-02	1.125E-02	-8.578E-12
7.178E-03	1.136E-02	1.136E-02	1.136E-02	-8.537E-12
7.244E-03	1.147E-02	1.147E-02	1.147E-02	-8.496E-12
7.311E-03	1.159E-02	1.159E-02	1.159E-02	-8.454E-12
7.379E-03	1.170E-02	1.170E-02	1.170E-02	-8.412E-12
7.447E-03	1.181E-02	1.181E-02	1.181E-02	-8.368E-12
7.516E-03	1.193E-02	1.193E-02	1.193E-02	-8.324E-12
7.586E-03	1.204E-02	1.204E-02	1.204E-02	-8.280E-12
7.656E-03	1.216E-02	1.216E-02	1.216E-02	-8.234E-12
7.727E-03	1.228E-02	1.228E-02	1.228E-02	-8.188E-12
7.798E-03	1.240E-02	1.240E-02	1.240E-02	-8.142E-12
7.870E-03	1.252E-02	1.252E-02	1.252E-02	-8.094E-12
7.943E-03	1.264E-02	1.264E-02	1.264E-02	-8.046E-12
8.017E-03	1.277E-02	1.277E-02	1.277E-02	-7.997E-12
8.091E-03	1.289E-02	1.289E-02	1.289E-02	-7.948E-12
8.166E-03	1.302E-02	1.302E-02	1.302E-02	-7.898E-12
8.241E-03	1.314E-02	1.314E-02	1.314E-02	-7.847E-12
8.318E-03	1.327E-02	1.327E-02	1.327E-02	-7.795E-12
8.395E-03	1.340E-02	1.340E-02	1.340E-02	-7.743E-12
8.472E-03	1.353E-02	1.353E-02	1.353E-02	-7.689E-12
8.551E-03	1.367E-02	1.367E-02	1.367E-02	-7.635E-12
8.630E-03	1.380E-02	1.380E-02	1.380E-02	-7.581E-12
8.710E-03	1.393E-02	1.393E-02	1.393E-02	-7.525E-12
8.790E-03	1.407E-02	1.407E-02	1.407E-02	-7.469E-12
8.872E-03	1.421E-02	1.421E-02	1.421E-02	-7.412E-12
8.954E-03	1.435E-02	1.435E-02	1.435E-02	-7.355E-12
9.036E-03	1.449E-02	1.449E-02	1.449E-02	-7.296E-12
9.120E-03	1.463E-02	1.463E-02	1.463E-02	-7.237E-12
9.204E-03	1.478E-02	1.478E-02	1.478E-02	-7.177E-12
9.290E-03	1.492E-02	1.492E-02	1.492E-02	-7.116E-12
9.376E-03	1.507E-02	1.507E-02	1.507E-02	-7.055E-12
9.462E-03	1.522E-02	1.522E-02	1.522E-02	-6.992E-12
9.550E-03	1.536E-02	1.536E-02	1.536E-02	-6.929E-12
9.638E-03	1.552E-02	1.552E-02	1.552E-02	-6.865E-12
9.727E-03	1.567E-02	1.567E-02	1.567E-02	-6.800E-12
9.817E-03	1.582E-02	1.582E-02	1.582E-02	-6.735E-12
9.908E-03	1.598E-02	1.598E-02	1.598E-02	-6.669E-12
1.000E-02	1.614E-02	1.614E-02	1.614E-02	-6.601E-12
1.198E-02	1.958E-02	1.958E-02	1.958E-02	-5.109E-12
1.397E-02	2.309E-02	2.309E-02	2.309E-02	-3.572E-12
1.595E-02	2.666E-02	2.666E-02	2.666E-02	-2.015E-12
1.794E-02	3.029E-02	3.029E-02	3.029E-02	-4.546E-13
1.992E-02	3.398E-02	3.398E-02	3.398E-02	1.101E-12
2.190E-02	3.773E-02	3.773E-02	3.773E-02	2.647E-12
2.389E-02	4.153E-02	4.153E-02	4.153E-02	4.179E-12
2.587E-02	4.538E-02	4.538E-02	4.538E-02	5.695E-12
2.786E-02	4.928E-02	4.928E-02	4.928E-02	7.194E-12
2.984E-02	5.322E-02	5.322E-02	5.322E-02	8.674E-12
3.182E-02	5.721E-02	5.721E-02	5.721E-02	1.013E-11
3.381E-02	6.124E-02	6.124E-02	6.124E-02	1.158E-11
3.579E-02	6.531E-02	6.531E-02	6.531E-02	1.300E-11
3.778E-02	6.943E-02	6.943E-02	6.943E-02	1.440E-11
3.976E-02	7.358E-02	7.358E-02	7.358E-02	1.578E-11
4.174E-02	7.776E-02	7.776E-02	7.776E-02	1.714E-11
4.373E-02	8.198E-02	8.198E-02	8.198E-02	1.847E-11
4.571E-02	8.624E-02	8.624E-02	8.624E-02	1.979E-11
4.770E-02	9.053E-02	9.053E-02	9.053E-02	2.108E-11
4.968E-02	9.484E-02	9.484E-02	9.484E-02	2.236E-11
5.166E-02	9.919E-02	9.919E-02	9.919E-02	2.361E-11
5.365E-02	1.036E-01	1.036E-01	1.036E-01	2.484E-11
5.563E-02	1.080E-01	1.080E-01	1.080E-01	2.604E-11
5.762E-02	1.124E-01	1.124E-01	1.124E-01	2.723E-11
5.960E-02	1.168E-01	1.168E-01	1.168E-01	2.839E-11
6.158E-02	1.213E-01	1.213E-01	1.213E-01	2.953E-11
6.357E-02	1.258E-01	1.258E-01	1.258E-01	3.065E-11
6.555E-02	1.303E-01	1.303E-01	1.303E-01	3.175E-11
6.754E-02	1.349E-01	1.349E-01	1.349E-01	3.283E-11
6.952E-02	1.394E-01	1.394E-01	1.394E-01	3.388E-11
7.150E-02	1.440E-01	1.440E-01	1.440E-01	3.491E-11
7.349E-02	1.486E-01	1.486E-01	1.486E-01	3.592E-11
7.547E-02	1.532E-01	1.532E-01	1.532E-01	3.690E-11
7.745E-02	1.578E-01	1.578E-01	1.578E-01	3.787E-11
7.944E-02	1.624E-01	1.624E-01	1.624E-01	3.881E-11
8.142E-02	1.670E-01	1.670E-01	1.670E-01	3.973E-11
8.341E-02	1.717E-01	1.717E-01	1.717E-01	4.062E-11
8.539E-02	1.763E-01	1.763E-01	1.763E-01	4.150E-11
8.737E-02	1.810E-01	1.810E-01	1.810E-01	4.235E-11
8.936E-02	1.857E-01	1.857E-01	1.857E-01	4.319E-11
9.134E-02	1.903E-01	1.903E-01	1.903E-01	4.400E-11
9.333E-02	1.950E-01	1.950E-01	1.950E-01	4.479E-11
9.531E-02	1.997E-01	1.997E-01	1.997E-01	4.555E-11
9.729E-02	2.044E-01	2.044E-01	2.044E-01	4.630E-11
9.928E-02	2.091E-01	2.091E-01	2.091E-01	4.702E-11
1.013E-01	2.137E-01	2.137E-01	2.137E-01	4.773E-11
1.032E-01	2.184E-01	2.184E-01	2.184E-01	4.841E-11
1.052E-01	2.231E-01	2.231E-01	2.231E-01	4.907E-11
1.072E-01	2.278E-01	2.278E-01	2.278E-01	4.971E-11
1.092E-01	2.325E-01	2.325E-01	2.325E-01	5.034E-11
1.112E-01	2.371E-01	2.371E-01	2.371E-01	5.094E-11
1.132E-01	2.418E-01	2.418E-01	2.418E-01	5.152E-11
1.152E-01	2.465E-01	2.465E-01	2.465E-01	5.208E-11
1.171E-01	2.511E-01	2.511E-01	2.511E-01	5.262E-11
1.191E-01	2.558E-01	2.558E-01	2.558E-01	5.314E-11
1.211E-01	2.604E-01	2.604E-01	2.604E-01	5.364E-11
1.231E-01	2.650E-01	2.650E-01	2.650E-01	5.413E-11
1.251E-01	2.697E-01	2.697E-01	2.697E-01	5.459E-11
1.271E-01	2.743E-01	2.743E-01	2.743E-01	5.503E-11
1.290E-01	2.789E-01	2.789E-01	2.789E-01	5.546E-11
1.310E-01	2.834E-01	2.834E-01	2.834E-01	5.587E-11
1.330E-01	2.880E-01	2.880E-01	2.880E-01	5.626E-11
1.350E-01	2.926E-01	2.926E-01	2.926E-01	5.663E-11
1.370E-01	2.971E-01	2.971E-01	2.971E-01	5.698E-11
1.390E-01	3.016E-01	3.016E-01	3.016E-01	5.732E-11
1.409E-01	3.061E-01	3.061E-01	3.061E-01	5.764E-11
1.429E-01	3.106E-01	3.106E-01	3.106E-01	5.794E-11
1.449E-01	3.150E-01	3.150E-01	3.150E-01	5.822E-11
1.469E-01	3.195E-01	3.195E-01	3.195E-01	5.849E-11
1.489E-01	3.239E-01	3.239E-01	3.239E-01	5.874E-11
1.509E-01	3.283E-01	3.283E-01	3.283E-01	5.898E-11
1.528E-01	3.327E-01	3.327E-01	3.327E-01	5.920E-11
1.548E-01	3.370E-01	3.370E-01	3.370E-01	5.940E-11
1.568E-01	3.414E-01	3.414E-01	3.414E-01	5.959E-11
1.588E-01	3.457E-01	3.457E-01	3.457E-01	5.976E-11
1.608E-01	3.500E-01	3.500E-01	3.500E-01	5.992E-11
1.628E-01	3.542E-01	3.542E-01	3.542E-01	6.006E-11
1.647E-01	3.584E-01	3.584E-01	3.584E-01	6.018E-11
1.667E-01	3.626E-01	3.626E-01	3.626E-01	6.030E-11
1.687E-01	3.668E-01	3.668E-01	3.668E-01	6.039E-11
1.707E-01	3.710E-01	3.710E-01	3.710E-01	6.048E-11
1.727E-01	3.751E-01	3.751E-01	3.751E-01	6.055E-11
1.747E-01	3.792E-01	3.792E-01	3.792E-01	6.060E-11
1.767E-01	3.832E-01	3.832E-01	3.832E-01	6.065E-11
1.786E-01	3.872E-01	3.872E-01	3.872E-01	6.068E-11
1.806E-01	3.912E-01	3.912E-01	3.912E-01	6.069E-11
1.826E-01	3.952E-01	3.952E-01	3.952E-01	6.070E-11
1.846E-01	3.991E-01	3.991E-01	3.991E-01	6.069E-11
1.866E-01	4.030E-01	4.030E-01	4.030E-01	6.067E-11
1.886E-01	4.068E-01	4.068E-01	4.068E-01	6.063E-11
1.905E-01	4.107E-01	4.107E-01	4.107E-01	6.059E-11
1.925E-01	4.145E-01	4.145E-01	4.145E-01	6.053E-11
1.945E-01	4.182E-01	4.182E-01	4.182E-01	6.046E-11
1.965E-01	4.219E-01	4.219E-01	4.219E-01	6.039E-11
1.985E-01	4.256E-01	4.256E-01	4.256E-01	6.030E-11
2.005E-01	4.292E-01	4.292E-01	4.292E-01	6.019E-11
2.024E-01	4.328E-01	4.328E-01	4.328E-01	6.008E-11
2.044E-01	4.364E-01	4.364E-01	4.364E-01	5.996E-11
2.064E-01	4.399E-01	4.399E-01	4.399E-01	5.983E-11
2.084E-01	4.434E-01	4.434E-01	4.434E-01	5.969E-11
2.104E-01	4.468E-01	4.468E-01	4.468E-01	5.954E-11
2.124E-01	4.502E-01	4.502E-01	4.502E-01	5.937E-11
2.143E-01	4.536E-01	4.536E-01	4.536E-01	5.920E-11
2.163E-01	4.569E-01	4.569E-01	4.569E-01	5.902E-11
2.183E-01	4.602E-01	4.602E-01	4.602E-01	5.884E-11
2.203E-01	4.634E-01	4.634E-01	4.634E-01	5.864E-11
2.223E-01	4.666E-01	4.666E-01	4.666E-01	5.843E-11
2.243E-01	4.698E-01	4.698E-01	4.698E-01	5.822E-11
2.263E-01	4.729E-01	4.729E-01	4.729E-01	5.800E-11
2.282E-01	4.759E-01	4.759E-01	4.759E-01	5.777E-11
2.302E-01	4.789E-01	4.789E-01	4.789E-01	5.753E-11
2.322E-01	4.819E-01	4.819E-01	4.819E-01	5.728E-11
2.342E-01	4.848E-01	4.848E-01	4.848E-01	5.703E-11
2.362E-01	4.877E-01	4.877E-01	4.877E-01	5.677E-11
2.382E-01	4.906E-01	4.906E-01	4.906E-01	5.650E-11
2.401E-01	4.933E-01	4.933E-01	4.933E-01	5.623E-11
2.421E-01	4.961E-01	4.961E-01	4.961E-01	5.595E-11
2.441E-01	4.988E-01	4.988E-01	4.988E-01	5.567E-11
2.461E-01	5.014E-01	5.014E-01	5.014E-01	5.537E-11
2.481E-01	5.040E-01	5.040E-01	5.040E-01	5.507E-11
2.501E-01	5.066E-01	5.066E-01	5.066E-01	5.477E-11
2.520E-01	5.091E-01	5.091E-01	5.091E-01	5.446E-11
2.540E-01	5.115E-01	5.115E-01	5.115E-01	5.414E-11
2.560E-01	5.139E-01	5.139E-01	5.139E-01	5.382E-11
2.580E-01	5.163E-01	5.163E-01	5.163E-01	5.350E-11
2.600E-01	5.186E-01	5.186E-01	5.186E-01	5.317E-11
2.620E-01	5.209E-01	5.209E-01	5.209E-01	5.283E-11
2.639E-01	5.231E-01	5.231E-01	5.231E-01	5.249E-11
2.659E-01	5.253E-01	5.253E-01	5.253E-01	5.215E-11
2.679E-01	5.274E-01	5.274E-01	5.274E-01	5.180E-11
2.699E-01	5.294E-01	5.294E-01	5.294E-01	5.144E-11
2.719E-01	5.314E-01	5.314E-01	5.314E-01	5.109E-11
2.739E-01	5.334E-01	5.334E-01	5.334E-01	5.072E-11
2.759E-01	5.353E-01	5.353E-01	5.353E-01	5.036E-11
2.778E-01	5.372E-01	5.372E-01	5.372E-01	4.999E-11
2.798E-01	5.390E-01	5.390E-01	5.390E-01	4.962E-11
2.818E-01	5.407E-01	5.407E-01	5.407E-01	4.924E-11
2.838E-01	5.424E-01	5.424E-01	5.424E-01	4.887E-11
2.858E-01	5.441E-01	5.441E-01	5.441E-01	4.848E-11
2.878E-01	5.457E-01	5.457E-01	5.457E-01	4.810E-11
2.897E-01	5.473E-01	5.473E-01	5.473E-01	4.771E-11
2.917E-01	5.488E-01	5.488E-01	5.488E-01	4.732E-11
2.937E-01	5.502E-01	5.502E-01	5.502E-01	4.693E-11
2.957E-01	5.516E-01	5.516E-01	5.516E-01	4.654E-11
2.977E-01	5.530E-01	5.530E-01	5.530E-01	4.614E-11
2.997E-01	5.543E-01	5.543E-01	5.543E-01	4.574E-11
3.016E-01	5.555E-01	5.555E-01	5.555E-01	4.534E-11
3.036E-01	5.567E-01	5.567E-01	5.567E-01	4.494E-11
3.056E-01	5.579E-01	5.579E-01	5.579E-01	4.454E-11
3.076E-01	5.589E-01	5.589E-01	5.589E-01	4.413E-11
3.096E-01	5.600E-01	5.600E-01	5.600E-01	4.373E-11
3.116E-01	5.610E-01	5.610E-01	5.610E-01	4.332E-11
3.135E-01	5.619E-01	5.619E-01	5.619E-01	4.291E-11
3.155E-01	5.628E-01	5.628E-01	5.628E-01	4.250E-11
3.175E-01	5.636E-01	5.636E-01	5.636E-01	4.209E-11
3.195E-01	5.644E-01	5.644E-01	5.644E-01	4.168E-11
3.215E-01	5.651E-01	5.651E-01	5.651E-01	4.126E-11
3.235E-01	5.658E-01	5.658E-01	5.658E-01	4.085E-11
3.255E-01	5.665E-01	5.665E-01	5.665E-01	4.044E-11
3.274E-01	5.670E-01	5.670E-01	5.670E-01	4.002E-11
3.294E-01	5.676E-01	5.676E-01	5.676E-01	3.961E-11
3.314E-01	5.680E-01	5.680E-01	5.680E-01	3.919E-11
3.334E-01	5.685E-01	5.685E-01	5.685E-01	3.878E-11
3.354E-01	5.688E-01	5.688E-01	5.688E-01	3.837E-11
3.374E-01	5.692E-01	5.692E-01	5.692E-01	3.795E-11
3.393E-01	5.694E-01	5.694E-01	5.694E-01	3.754E-11
3.413E-01	5.697E-01	5.697E-01	5.697E-01	3.712E-11
3.433E-01	5.698E-01	5.698E-01	5.698E-01	3.671E-11
3.453E-01	5.700E-01	5.700E-01	5.700E-01	3.630E-11
3.473E-01	5.700E-01	5.700E-01	5.700E-01	3.588E-11
3.493E-01	5.701E-01	5.701E-01	5.701E-01	3.547E-11
3.512E-01	5.700E-01	5.700E-01	5.700E-01	3.506E-11
3.532E-01	5.700E-01	5.700E-01	5.700E-01	3.465E-11
3.552E-01	5.698E-01	5.698E-01	5.698E-01	3.424E-11
3.572E-01	5.697E-01	5.697E-01	5.697E-01	3.383E-11
3.592E-01	5.694E-01	5.694E-01	5.694E-01	3.342E-11
3.612E-01	5.692E-01	5.692E-01	5.692E-01	3.302E-11
3.631E-01	5.689E-01	5.689E-01	5.689E-01	3.261E-11
3.651E-01	5.685E-01	5.685E-01	5.685E-01	3.221E-11
3.671E-01	5.681E-01	5.681E-01	5.681E-01	3.181E-11
3.691E-01	5.676E-01	5.676E-01	5.676E-01	3.140E-11
3.711E-01	5.671E-01	5.671E-01	5.671E-01	3.100E-11
3.731E-01	5.666E-01	5.666E-01	5.666E-01	3.061E-11
3.751E-01	5.660E-01	5.660E-01	5.660E-01	3.021E-11
3.770E-01	5.653E-01	5.653E-01	5.653E-01	2.981E-11
3.790E-01	5.646E-01	5.646E-01	5.646E-01	2.942E-11
3.810E-01	5.639E-01	5.639E-01	5.639E-01	2.903E-11
3.830E-01	5.631E-01	5.631E-01	5.631E-01	2.864E-11
3.850E-01	5.623E-01	5.623E-01	5.623E-01	2.825E-11
3.870E-01	5.614E-01	5.614E-01	5.614E-01	2.786E-11
3.889E-01	5.605E-01	5.605E-01	5.605E-01	2.748E-11
3.909E-01	5.595E-01	5.595E-01	5.595E-01	2.710E-11
3.929E-01	5.585E-01	5.585E-01	5.585E-01	2.672E-11
3.949E-01	5.574E-01	5.574E-01	5.574E-01	2.634E-11
3.969E-01	5.563E-01	5.563E-01	5.563E-01	2.596E-11
3.989E-01	5.552E-01	5.552E-01	5.552E-01	2.559E-11
4.008E-01	5.540E-01	5.540E-01	5.540E-01	2.522E-11
4.028E-01	5.528E-01	5.528E-01	5.528E-01	2.485E-11
4.048E-01	5.515E-01	5.515E-01	5.515E-01	2.448E-11
4.068E-01	5.502E-01	5.502E-01	5.502E-01	2.412E-11
4.088E-01	5.489E-01	5.489E-01	5.489E-01	2.376E-11
4.108E-01	5.475E-01	5.475E-01	5.475E-01	2.340E-11
4.127E-01	5.461E-01	5.461E-01	5.461E-01	2.304E-11
4.147E-01	5.446E-01	5.446E-01	5.446E-01	2.269E-11
4.167E-01	5.431E-01	5.431E-01	5.431E-01	2.233E-11
4.187E-01	5.416E-01	5.416E-01	5.416E-01	2.199E-11
4.207E-01	5.400E-01	5.400E-01	5.400E-01	2.164E-11
4.227E-01	5.383E-01	5.383E-01	5.383E-01	2.130E-11
4.246E-01	5.367E-01	5.367E-01	5.367E-01	2.095E-11
4.266E-01	5.350E-01	5.350E-01	5.350E-01	2.062E-11
4.286E-01	5.333E-01	5.333E-01	5.333E-01	2.028E-11
4.306E-01	5.315E-01	5.315E-01	5.315E-01	1.995E-11
4.326E-01	5.297E-01	5.297E-01	5.297E-01	1.962E-11
4.346E-01	5.278E-01	5.278E-01	5.278E-01	1.929E-11
4.366E-01	5.259E-01	5.259E-01	5.259E-01	1.897E-11
4.385E-01	5.240E-01	5.240E-01	5.240E-01	1.864E-11
4.405E-01	5.221E-01	5.221E-01	5.221E-01	1.833E-11
4.425E-01	5.201E-01	5.201E-01	5.201E-01	1.801E-11
4.445E-01	5.181E-01	5.181E-01	5.181E-01	1.770E-11
4.465E-01	5.160E-01	5.160E-01	5.160E-01	1.739E-11
4.485E-01	5.139E-01	5.139E-01	5.139E-01	1.708E-11
4.504E-01	5.118E-01	5.118E-01	5.118E-01	1.678E-11
4.524E-01	5.097E-01	5.097E-01	5.097E-01	1.648E-11
4.544E-01	5.075E-01	5.075E-01	5.075E-01	1.618E-11
4.564E-01	5.053E-01	5.053E-01	5.053E-01	1.588E-11
4.584E-01	5.030E-01	5.030E-01	5.030E-01	1.559E-11
4.604E-01	5.008E-01	5.008E-01	5.008E-01	1.530E-11
4.623E-01	4.985E-01	4.985E-01	4.985E-01	1.502E-11
4.643E-01	4.961E-01	4.961E-01	4.961E-01	1.473E-11
4.663E-01	4.938E-01	4.938E-01	4.938E-01	1.445E-11
4.683E-01	4.914E-01	4.914E-01	4.914E-01	1.418E-11
4.703E-01	4.890E-01	4.890E-01	4.890E-01	1.390E-11
4.723E-01	4.865E-01	4.865E-01	4.865E-01	1.363E-11
4.742E-01	4.840E-01	4.840E-01	4.840E-01	1.336E-11
4.762E-01	4.815E-01	4.815E-01	4.815E-01	1.310E-11
4.782E-01	4.790E-01	4.790E-01	4.790E-01	1.284E-11
4.802E-01	4.765E-01	4.765E-01	4.765E-01	1.258E-11
4.822E-01	4.739E-01	4.739E-01	4.739E-01	1.232E-11
4.842E-01	4.713E-01	4.713E-01	4.713E-01	1.207E-11
4.862E-01	4.687E-01	4.687E-01	4.687E-01	1.182E-11
4.881E-01	4.660E-01	4.660E-01	4.660E-01	1.158E-11
4.901E-01	4.634E-01	4.634E-01	4.634E-01	1.133E-11
4.921E-01	4.607E-01	4.607E-01	4.607E-01	1.109E-11
4.941E-01	4.580E-01	4.580E-01	4.580E-01	1.086E-11
4.961E-01	4.552E-01	4.552E-01	4.552E-01	1.062E-11
4.981E-01	4.525E-01	4.525E-01	4.525E-01	1.039E-11
5.000E-01	4.497E-01	4.497E-01	4.497E-01	1.017E-11
5.020E-01	4.469E-01	4.469E-01	4.469E-01	9.942E-12
5.040E-01	4.441E-01	4.441E-01	4.441E-01	9.720E-12
5.060E-01	4.413E-01	4.413E-01	4.413E-01	9.501E-12
5.080E-01	4.384E-01	4.384E-01	4.384E-01	9.286E-12
5.100E-01	4.356E-01	4.356E-01	4.356E-01	9.073E-12
5.119E-01	4.327E-01	4.327E-01	4.327E-01	8.864E-12
5.139E-01	4.298E-01	4.298E-01	4.298E-01	8.657E-12
5.159E-01	4.269E-01	4.269E-01	4.269E-01	8.454E-12
5.179E-01	4.239E-01	4.239E-01	4.239E-01	8.253E-12
5.199E-01	4.210E-01	4.210E-01	4.210E-01	8.056E-12
5.219E-01	4.180E-01	4.180E-01	4.180E-01	7.861E-12
5.238E-01	4.150E-01	4.150E-01	4.150E-01	7.669E-12
5.258E-01	4.120E-01	4.120E-01	4.120E-01	7.480E-12
5.278E-01	4.090E-01	4.090E-01	4.090E-01	7.295E-12
5.298E-01	4.060E-01	4.060E-01	4.060E-01	7.112E-12
5.318E-01	4.030E-01	4.030E-01	4.030E-01	6.931E-12
5.338E-01	3.999E-01	3.999E-01	3.999E-01	6.754E-12
5.358E-01	3.969E-01	3.969E-01	3.969E-01	6.580E-12
5.377E-01	3.938E-01	3.938E-01	3.938E-01	6.408E-12
5.397E-01	3.907E-01	3.907E-01	3.907E-01	6.239E-12
5.417E-01	3.876E-01	3.876E-01	3.876E-01	6.073E-12
5.437E-01	3.845E-01	3.845E-01	3.845E-01	5.910E-12
5.457E-01	3.814E-01	3.814E-01	3.814E-01	5.749E-12
5.477E-01	3.783E-01	3.783E-01	3.783E-01	5.591E-12
5.496E-01	3.752E-01	3.752E-01	3.752E-01	5.436E-12
5.516E-01	3.721E-01	3.721E-01	3.721E-01	5.284E-12
5.536E-01	3.689E-01	3.689E-01	3.689E-01	5.134E-12
5.556E-01	3.658E-01	3.658E-01	3.658E-01	4.987E-12
5.576E-01	3.626E-01	3.626E-01	3.626E-01	4.842E-12
5.596E-01	3.595E-01	3.595E-01	3.595E-01	4.701E-12
5.615E-01	3.563E-01	3.563E-01	3.563E-01	4.561E-12
5.635E-01	3.532E-01	3.532E-01	3.532E-01	4.425E-12
5.655E-01	3.500E-01	3.500E-01	3.500E-01	4.291E-12
5.675E-01	3.468E-01	3.468E-01	3.468E-01	4.159E-12
5.695E-01	3.437E-01	3.437E-01	3.437E-01	4.030E-12
5.715E-01	3.405E-01	3.405E-01	3.405E-01	3.903E-12
5.734E-01	3.373E-01	3.373E-01	3.373E-01	3.779E-12
5.754E-01	3.341E-01	3.341E-01	3.341E-01	3.658E-12
5.774E-01	3.309E-01	3.309E-01	3.309E-01	3.538E-12
5.794E-01	3.278E-01	3.278E-01	3.278E-01	3.422E-12
5.814E-01	3.246E-01	3.246E-01	3.246E-01	3.307E-12
5.834E-01	3.214E-01	3.214E-01	3.214E-01	3.195E-12
5.854E-01	3.182E-01	3.182E-01	3.182E-01	3.085E-12
5.873E-01	3.150E-01	3.150E-01	3.150E-01	2.978E-12
5.893E-01	3.118E-01	3.118E-01	3.118E-01	2.872E-12
5.913E-01	3.087E-01	3.087E-01	3.087E-01	2.769E-12
5.933E-01	3.055E-01	3.055E-01	3.055E-01	2.669E-12
5.953E-01	3.023E-01	3.023E-01	3.023E-01	2.570E-12
5.973E-01	2.991E-01	2.991E-01	2.991E-01	2.474E-12
5.992E-01	2.960E-01	2.960E-01	2.960E-01	2.380E-12
6.012E-01	2.928E-01	2.928E-01	2.928E-01	2.287E-12
6.032E-01	2.896E-01	2.896E-01	2.896E-01	2.198E-12
6.052E-01	2.865E-01	2.865E-01	2.865E-01	2.110E-12
6.072E-01	2.833E-01	2.833E-01	2.833E-01	2.024E-12
6.092E-01	2.802E-01	2.802E-01	2.802E-01	1.940E-12
6.111E-01	2.770E-01	2.770E-01	2.770E-01	1.858E-12
6.131E-01	2.739E-01	2.739E-01	2.739E-01	1.778E-12
6.151E-01	2.708E-01	2.708E-01	2.708E-01	1.701E-12
6.171E-01	2.677E-01	2.677E-01	2.677E-01	1.625E-12
6.191E-01	2.646E-01	2.646E-01	2.646E-01	1.551E-12
6.211E-01	2.614E-01	2.614E-01	2.614E-01	1.478E-12
6.230E-01	2.584E-01	2.584E-01	2.584E-01	1.408E-12
6.250E-01	2.553E-01	2.553E-01	2.553E-01	1.340E-12
6.270E-01	2.522E-01	2.522E-01	2.522E-01	1.273E-12
6.290E-01	2.491E-01	2.491E-01	2.491E-01	1.208E-12
6.310E-01	2.461E-01	2.461E-01	2.461E-01	1.145E-12
6.330E-01	2.430E-01	2.430E-01	2.430E-01	1.084E-12
6.349E-01	2.400E-01	2.400E-01	2.400E-01	1.024E-12
6.369E-01	2.369E-01	2.369E-01	2.369E-01	9.659E-13
6.389E-01	2.339E-01	2.339E-01	2.339E-01	9.096E-13
6.409E-01	2.309E-01	2.309E-01	2.309E-01	8.548E-13
6.429E-01	2.279E-01	2.279E-01	2.279E-01	8.017E-13
6.449E-01	2.250E-01	2.250E-01	2.250E-01	7.501E-13
6.469E-01	2.220E-01	2.220E-01	2.220E-01	7.001E-13
6.488E-01	2.190E-01	2.190E-01	2.190E-01	6.516E-13
6.508E-01	2.161E-01	2.161E-01	2.161E-01	6.046E-13
6.528E-01	2.132E-01	2.132E-01	2.132E-01	5.590E-13
6.548E-01	2.103E-01	2.103E-01	2.103E-01	5.150E-13
6.568E-01	2.074E-01	2.074E-01	2.074E-01	4.723E-13
6.588E-01	2.045E-01	2.045E-01	2.045E-01	4.311E-13
6.607E-01	2.016E-01	2.016E-01	2.016E-01	3.912E-13
6.627E-01	1.987E-01	1.987E-01	1.987E-01	3.527E-13
6.647E-01	1.959E-01	1.959E-01	1.959E-01	3.155E-13
6.667E-01	1.931E-01	1.931E-01	1.931E-01	2.796E-13
6.687E-01	1.903E-01	1.903E-01	1.903E-01	2.450E-13
6.707E-01	1.875E-01	1.875E-01	1.875E-01	2.116E-13
6.726E-01	1.847E-01	1.847E-01	1.847E-01	1.794E-13
6.746E-01	1.819E-01	1.819E-01	1.819E-01	1.485E-13
6.766E-01	1.792E-01	1.792E-01	1.792E-01	1.188E-13
6.786E-01	1.765E-01	1.765E-01	1.765E-01	9.017E-14
6.806E-01	1.738E-01	1.738E-01	1.738E-01	6.272E-14
6.826E-01	1.711E-01	1.711E-01	1.711E-01	3.637E-14
6.845E-01	1.684E-01	1.684E-01	1.684E-01	1.111E-14
6.865E-01	1.657E-01	1.657E-01	1.657E-01	-1.308E-14
6.885E-01	1.631E-01	1.631E-01	1.631E-01	-3.623E-14
6.905E-01	1.605E-01	1.605E-01	1.605E-01	-5.836E-14
6.925E-01	1.579E-01	1.579E-01	1.579E-01	-7.949E-14
6.945E-01	1.553E-01	1.553E-01	1.553E-01	-9.965E-14
6.965E-01	1.527E-01	1.527E-01	1.527E-01	-1.189E-13
6.984E-01	1.502E-01	1.502E-01	1.502E-01	-1.371E-13
7.004E-01	1.477E-01	1.477E-01	1.477E-01	-1.545E-13
7.024E-01	1.452E-01	1.452E-01	1.452E-01	-1.710E-13
7.044E-01	1.427E-01	1.427E-01	1.427E-01	-1.866E-13
7.064E-01	1.402E-01	1.402E-01	1.402E-01	-2.013E-13
7.084E-01	1.378E-01	1.378E-01	1.378E-01	-2.153E-13
7.103E-01	1.354E-01	1.354E-01	1.354E-01	-2.284E-13
7.123E-01	1.330E-01	1.330E-01	1.330E-01	-2.408E-13
7.143E-01	1.306E-01	1.306E-01	1.306E-01	-2.524E-13
7.163E-01	1.283E-01	1.283E-01	1.283E-01	-2.632E-13
7.183E-01	1.259E-01	1.259E-01	1.259E-01	-2.733E-13
7.203E-01	1.236E-01	1.236E-01	1.236E-01	-2.828E-13
7.222E-01	1.213E-01	1.213E-01	1.213E-01	-2.915E-13
7.242E-01	1.190E-01	1.190E-01	1.190E-01	-2.996E-13
7.262E-01	1.168E-01	1.168E-01	1.168E-01	-3.070E-13
7.282E-01	1.146E-01	1.146E-01	1.146E-01	-3.138E-13
7.302E-01	1.124E-01	1.124E-01	1.124E-01	-3.200E-13
7.322E-01	1.102E-01	1.102E-01	1.102E-01	-3.256E-13
7.341E-01	1.080E-01	1.080E-01	1.080E-01	-3.307E-13
7.361E-01	1.059E-01	1.059E-01	1.059E-01	-3.352E-13
7.381E-01	1.038E-01	1.038E-01	1.038E-01	-3.391E-13
7.401E-01	1.017E-01	1.017E-01	1.017E-01	-3.426E-13
7.421E-01	9.959E-02	9.959E-02	9.959E-02	-3.455E-13
7.441E-01	9.755E-02	9.755E-02	9.755E-02	-3.480E-13
7.461E-01	9.552E-02	9.552E-02	9.552E-02	-3.500E-13
7.480E-01	9.352E-02	9.352E-02	9.352E-02	-3.515E-13
7.500E-01	9.154E-02	9.154E-02	9.154E-02	-3.526E-13
7.520E-01	8.958E-02	8.958E-02	8.958E-02	-3.533E-13
7.540E-01	8.765E-02	8.765E-02	8.765E-02	-3.536E-13
7.560E-01	8.574E-02	8.574E-02	8.574E-02	-3.535E-13
7.580E-01	8.385E-02	8.385E-02	8.385E-02	-3.530E-13
7.599E-01	8.199E-02	8.199E-02	8.199E-02	-3.522E-13
7.619E-01	8.015E-02	8.015E-02	8.015E-02	-3.510E-13
7.639E-01	7.833E-02	7.833E-02	7.833E-02	-3.496E-13
7.659E-01	7.654E-02	7.654E-02	7.654E-02	-3.478E-13
7.679E-01	7.477E-02	7.477E-02	7.477E-02	-3.457E-13
7.699E-01	7.303E-02	7.303E-02	7.303E-02	-3.433E-13
7.718E-01	7.130E-02	7.130E-02	7.130E-02	-3.406E-13
7.738E-01	6.960E-02	6.960E-02	6.960E-02	-3.377E-13
7.758E-01	6.793E-02	6.793E-02	6.793E-02	-3.346E-13
7.778E-01	6.627E-02	6.627E-02	6.627E-02	-3.312E-13
7.798E-01	6.465E-02	6.465E-02	6.465E-02	-3.276E-13
7.818E-01	6.304E-02	6.304E-02	6.304E-02	-3.238E-13
7.837E-01	6.146E-02	6.146E-02	6.146E-02	-3.198E-13
7.857E-01	5.990E-02	5.990E-02	5.990E-02	-3.156E-13
7.877E-01	5.836E-02	5.836E-02	5.836E-02	-3.113E-13
7.897E-01	5.685E-02	5.685E-02	5.685E-02	-3.068E-13
7.917E-01	5.536E-02	5.536E-02	5.536E-02	-3.021E-13
7.937E-01	5.390E-02	5.390E-02	5.390E-02	-2.973E-13
7.957E-01	5.245E-02	5.245E-02	5.245E-02	-2.924E-13
7.976E-01	5.103E-02	5.103E-02	5.103E-02	-2.874E-13
7.996E-01	4.964E-02	4.964E-02	4.964E-02	-2.822E-13
8.016E-01	4.826E-02	4.826E-02	4.826E-02	-2.770E-13
8.036E-01	4.691E-02	4.691E-02	4.691E-02	-2.717E-13
8.056E-01	4.559E-02	4.559E-02	4.559E-02	-2.663E-13
8.076E-01	4.428E-02	4.428E-02	4.428E-02	-2.608E-13
8.095E-01	4.300E-02	4.300E-02	4.300E-02	-2.553E-13
8.115E-01	4.174E-02	4.174E-02	4.174E-02	-2.497E-13
8.135E-01	4.051E-02	4.051E-02	4.051E-02	-2.441E-13
8.155E-01	3.929E-02	3.929E-02	3.929E-02	-2.384E-13
8.175E-01	3.810E-02	3.810E-02	3.810E-02	-2.328E-13
8.195E-01	3.693E-02	3.693E-02	3.693E-02	-2.271E-13
8.214E-01	3.579E-02	3.579E-02	3.579E-02	-2.214E-13
8.234E-01	3.466E-02	3.466E-02	3.466E-02	-2.156E-13
8.254E-01	3.356E-02	3.356E-02	3.356E-02	-2.099E-13
8.274E-01	3.248E-02	3.248E-02	3.248E-02	-2.042E-13
8.294E-01	3.142E-02	3.142E-02	3.142E-02	-1.985E-13
8.314E-01	3.038E-02	3.038E-02	3.038E-02	-1.929E-13
8.333E-01	2.936E-02	2.936E-02	2.936E-02	-1.872E-13
8.353E-01	2.837E-02	2.837E-02	2.837E-02	-1.816E-13
8.373E-01	2.740E-02	2.740E-02	2.740E-02	-1.761E-13
8.393E-01	2.644E-02	2.644E-02	2.644E-02	-1.705E-13
8.413E-01	2.551E-02	2.551E-02	2.551E-02	-1.651E-13
8.433E-01	2.460E-02	2.460E-02	2.460E-02	-1.597E-13
8.453E-01	2.371E-02	2.371E-02	2.371E-02	-1.543E-13
8.472E-01	2.284E-02	2.284E-02	2.284E-02	-1.490E-13
8.492E-01	2.200E-02	2.200E-02	2.200E-02	-1.438E-13
8.512E-01	2.117E-02	2.117E-02	2.117E-02	-1.386E-13
8.532E-01	2.036E-02	2.036E-02	2.036E-02	-1.335E-13
8.552E-01	1.957E-02	1.957E-02	1.957E-02	-1.285E-13
8.572E-01	1.880E-02	1.880E-02	1.880E-02	-1.236E-13
8.591E-01	1.805E-02	1.805E-02	1.805E-02	-1.188E-13
8.611E-01	1.732E-02	1.732E-02	1.732E-02	-1.140E-13
8.631E-01	1.661E-02	1.661E-02	1.661E-02	-1.094E-13
8.651E-01	1.591E-02	1.591E-02	1.591E-02	-1.048E-13
8.671E-01	1.524E-02	1.524E-02	1.524E-02	-1.003E-13
8.691E-01	1.459E-02	1.459E-02	1.459E-02	-9.595E-14
8.710E-01	1.395E-02	1.395E-02	1.395E-02	-9.168E-14
8.730E-01	1.333E-02	1.333E-02	1.333E-02	-8.750E-14
8.750E-01	1.273E-02	1.273E-02	1.273E-02	-8.343E-14
8.770E-01	1.215E-02	1.215E-02	1.215E-02	-7.947E-14
8.790E-01	1.158E-02	1.158E-02	1.158E-02	-7.560E-14
8.810E-01	1.103E-02	1.103E-02	1.103E-02	-7.185E-14
8.829E-01	1.050E-02	1.050E-02	1.050E-02	-6.820E-14
8.849E-01	9.985E-03	9.985E-03	9.985E-03	-6.466E-14
8.869E-01	9.487E-03	9.487E-03	9.487E-03	-6.122E-14
8.889E-01	9.005E-03	9.005E-03	9.005E-03	-5.789E-14
8.909E-01	8.540E-03	8.540E-03	8.540E-03	-5.468E-14
8.929E-01	8.090E-03	8.090E-03	8.090E-03	-5.157E-14
8.948E-01	7.656E-03	7.656E-03	7.656E-03	-4.857E-14
8.968E-01	7.238E-03	7.238E-03	7.238E-03	-4.567E-14
8.988E-01	6.834E-03	6.834E-03	6.834E-03	-4.289E-14
9.008E-01	6.446E-03	6.446E-03	6.446E-03	-4.021E-14
9.028E-01	6.072E-03	6.072E-03	6.072E-03	-3.763E-14
9.048E-01	5.713E-03	5.713E-03	5.713E-03	-3.517E-14
9.068E-01	5.367E-03	5.367E-03	5.367E-03	-3.280E-14
9.087E-01	5.036E-03	5.036E-03	5.036E-03	-3.054E-14
9.107E-01	4.719E-03	4.719E-03	4.719E-03	-2.838E-14
9.127E-01	4.414E-03	4.414E-03	4.414E-03	-2.632E-14
9.147E-01	4.123E-03	4.123E-03	4.123E-03	-2.436E-14
9.167E-01	3.845E-03	3.845E-03	3.845E-03	-2.250E-14
9.187E-01	3.580E-03	3.580E-03	3.580E-03	-2.073E-14
9.206E-01	3.326E-03	3.326E-03	3.326E-03	-1.906E-14
9.226E-01	3.085E-03	3.085E-03	3.085E-03	-1.747E-14
9.246E-01	2.856E-03	2.856E-03	2.856E-03	-1.598E-14
9.266E-01	2.638E-03	2.638E-03	2.638E-03	-1.457E-14
9.286E-01	2.432E-03	2.432E-03	2.432E-03	-1.325E-14
9.306E-01	2.236E-03	2.236E-03	2.236E-03	-1.201E-14
9.325E-01	2.051E-03	2.051E-03	2.051E-03	-1.086E-14
9.345E-01	1.876E-03	1.876E-03	1.876E-03	-9.777E-15
9.365E-01	1.712E-03	1.712E-03	1.712E-03	-8.772E-15
9.385E-01	1.557E-03	1.557E-03	1.557E-03	-7.840E-15
9.405E-01	1.412E-03	1.412E-03	1.412E-03	-6.978E-15
9.425E-01	1.276E-03	1.276E-03	1.276E-03	-6.184E-15
9.444E-01	1.149E-03	1.149E-03	1.149E-03	-5.454E-15
9.464E-01	1.031E-03	1.031E-03	1.031E-03	-4.786E-15
9.484E-01	9.212E-04	9.212E-04	9.212E-04	-4.177E-15
9.504E-01	8.193E-04	8.193E-04	8.193E-04	-3.624E-15
9.524E-01	7.252E-04	7.252E-04	7.252E-04	-3.124E-15
9.544E-01	6.386E-04	6.386E-04	6.386E-04	-2.675E-15
9.564E-01	5.591E-04	5.591E-04	5.591E-04	-2.273E-15
9.583E-01	4.865E-04	4.865E-04	4.865E-04	-1.915E-15
9.603E-01	4.204E-04	4.204E-04	4.204E-04	-1.600E-15
9.623E-01	3.606E-04	3.606E-04	3.606E-04	-1.323E-15
9.643E-01	3.067E-04	3.067E-04	3.067E-04	-1.082E-15
9.663E-01	2.584E-04	2.584E-04	2.584E-04	-8.736E-16
9.683E-01	2.155E-04	2.155E-04	2.155E-04	-6.959E-16
9.702E-01	1.777E-04	1.777E-04	1.777E-04	-5.457E-16
9.722E-01	1.445E-04	1.445E-04	1.445E-04	-4.203E-16
9.742E-01	1.157E-04	1.157E-04	1.157E-04	-3.172E-16
9.762E-01	9.104E-05	9.104E-05	9.104E-05	-2.337E-16
9.782E-01	7.014E-05	7.014E-05	7.014E-05	-1.674E-16
9.802E-01	5.271E-05	5.271E-05	5.271E-05	-1.159E-16
9.821E-01	3.843E-05	3.843E-05	3.843E-05	-7.709E-17
9.841E-01	2.700E-05	2.700E-05	2.700E-05	-4.872E-17
9.861E-01	1.809E-05	1.809E-05	1.809E-05	-2.889E-17
9.881E-01	1.139E-05	1.139E-05	1.139E-05	-1.574E-17
9.901E-01	6.595E-06	6.595E-06	6.595E-06	-7.636E-18
9.921E-01	3.377E-06	3.377E-06	3.377E-06	-3.133E-18
9.940E-01	1.425E-06	1.425E-06	1.425E-06	-9.854E-19
9.960E-01	4.222E-07	4.222E-07	4.222E-07	-1.836E-19
9.980E-01	5.279E-08	5.279E-08	5.279E-08	-1.306E-20
1.000E+00	0.000E+00	0.000E+00	0.000E+00	0.000E+00
