Q0 = 1.087 GeV	 Q = 1.414 GeV
x	 x*(uv-dv)
1.000E-04	3.071E-04	3.332E-04
1.009E-04	3.097E-04	3.359E-04
1.019E-04	3.123E-04	3.386E-04
1.028E-04	3.149E-04	3.414E-04
1.038E-04	3.175E-04	3.442E-04
1.047E-04	3.202E-04	3.470E-04
1.057E-04	3.229E-04	3.498E-04
1.067E-04	3.256E-04	3.526E-04
1.076E-04	3.283E-04	3.555E-04
1.086E-04	3.310E-04	3.584E-04
1.096E-04	3.338E-04	3.613E-04
1.107E-04	3.366E-04	3.642E-04
1.117E-04	3.394E-04	3.672E-04
1.127E-04	3.422E-04	3.702E-04
1.138E-04	3.451E-04	3.732E-04
1.148E-04	3.480E-04	3.762E-04
1.159E-04	3.509E-04	3.793E-04
1.169E-04	3.538E-04	3.824E-04
1.180E-04	3.568E-04	3.855E-04
1.191E-04	3.597E-04	3.886E-04
1.202E-04	3.628E-04	3.918E-04
1.213E-04	3.658E-04	3.950E-04
1.225E-04	3.688E-04	3.982E-04
1.236E-04	3.719E-04	4.014E-04
1.247E-04	3.750E-04	4.047E-04
1.259E-04	3.782E-04	4.080E-04
1.271E-04	3.813E-04	4.113E-04
1.282E-04	3.845E-04	4.146E-04
1.294E-04	3.878E-04	4.180E-04
1.306E-04	3.910E-04	4.214E-04
1.318E-04	3.943E-04	4.249E-04
1.330E-04	3.976E-04	4.283E-04
1.343E-04	4.009E-04	4.318E-04
1.355E-04	4.043E-04	4.353E-04
1.368E-04	4.076E-04	4.389E-04
1.380E-04	4.111E-04	4.425E-04
1.393E-04	4.145E-04	4.461E-04
1.406E-04	4.180E-04	4.497E-04
1.419E-04	4.215E-04	4.534E-04
1.432E-04	4.250E-04	4.571E-04
1.445E-04	4.286E-04	4.608E-04
1.459E-04	4.322E-04	4.645E-04
1.472E-04	4.358E-04	4.683E-04
1.486E-04	4.394E-04	4.722E-04
1.500E-04	4.431E-04	4.760E-04
1.514E-04	4.468E-04	4.799E-04
1.528E-04	4.506E-04	4.838E-04
1.542E-04	4.543E-04	4.878E-04
1.556E-04	4.582E-04	4.917E-04
1.570E-04	4.620E-04	4.958E-04
1.585E-04	4.659E-04	4.998E-04
1.600E-04	4.698E-04	5.039E-04
1.614E-04	4.737E-04	5.080E-04
1.629E-04	4.777E-04	5.122E-04
1.644E-04	4.817E-04	5.163E-04
1.660E-04	4.857E-04	5.206E-04
1.675E-04	4.898E-04	5.248E-04
1.690E-04	4.939E-04	5.291E-04
1.706E-04	4.981E-04	5.334E-04
1.722E-04	5.023E-04	5.378E-04
1.738E-04	5.065E-04	5.422E-04
1.754E-04	5.107E-04	5.466E-04
1.770E-04	5.150E-04	5.511E-04
1.786E-04	5.193E-04	5.556E-04
1.803E-04	5.237E-04	5.601E-04
1.820E-04	5.281E-04	5.647E-04
1.837E-04	5.325E-04	5.693E-04
1.854E-04	5.370E-04	5.740E-04
1.871E-04	5.415E-04	5.787E-04
1.888E-04	5.461E-04	5.834E-04
1.905E-04	5.507E-04	5.882E-04
1.923E-04	5.553E-04	5.930E-04
1.941E-04	5.599E-04	5.979E-04
1.959E-04	5.647E-04	6.028E-04
1.977E-04	5.694E-04	6.077E-04
1.995E-04	5.742E-04	6.127E-04
2.014E-04	5.790E-04	6.177E-04
2.032E-04	5.839E-04	6.228E-04
2.051E-04	5.888E-04	6.279E-04
2.070E-04	5.937E-04	6.330E-04
2.089E-04	5.987E-04	6.382E-04
2.109E-04	6.038E-04	6.435E-04
2.128E-04	6.089E-04	6.487E-04
2.148E-04	6.140E-04	6.541E-04
2.168E-04	6.191E-04	6.594E-04
2.188E-04	6.244E-04	6.648E-04
2.208E-04	6.296E-04	6.703E-04
2.228E-04	6.349E-04	6.758E-04
2.249E-04	6.403E-04	6.813E-04
2.270E-04	6.456E-04	6.869E-04
2.291E-04	6.511E-04	6.926E-04
2.312E-04	6.566E-04	6.983E-04
2.333E-04	6.621E-04	7.040E-04
2.355E-04	6.677E-04	7.098E-04
2.377E-04	6.733E-04	7.156E-04
2.399E-04	6.790E-04	7.215E-04
2.421E-04	6.847E-04	7.274E-04
2.443E-04	6.904E-04	7.334E-04
2.466E-04	6.963E-04	7.394E-04
2.489E-04	7.021E-04	7.455E-04
2.512E-04	7.080E-04	7.516E-04
2.535E-04	7.140E-04	7.578E-04
2.559E-04	7.200E-04	7.640E-04
2.582E-04	7.261E-04	7.703E-04
2.606E-04	7.322E-04	7.767E-04
2.630E-04	7.384E-04	7.830E-04
2.655E-04	7.446E-04	7.895E-04
2.679E-04	7.509E-04	7.960E-04
2.704E-04	7.572E-04	8.025E-04
2.729E-04	7.636E-04	8.091E-04
2.754E-04	7.701E-04	8.158E-04
2.780E-04	7.766E-04	8.225E-04
2.805E-04	7.831E-04	8.293E-04
2.831E-04	7.897E-04	8.361E-04
2.858E-04	7.964E-04	8.430E-04
2.884E-04	8.031E-04	8.499E-04
2.911E-04	8.099E-04	8.570E-04
2.938E-04	8.167E-04	8.640E-04
2.965E-04	8.236E-04	8.711E-04
2.992E-04	8.306E-04	8.783E-04
3.020E-04	8.376E-04	8.856E-04
3.048E-04	8.447E-04	8.929E-04
3.076E-04	8.518E-04	9.002E-04
3.105E-04	8.590E-04	9.076E-04
3.133E-04	8.663E-04	9.151E-04
3.162E-04	8.736E-04	9.227E-04
3.192E-04	8.810E-04	9.303E-04
3.221E-04	8.884E-04	9.380E-04
3.251E-04	8.959E-04	9.457E-04
3.281E-04	9.035E-04	9.535E-04
3.311E-04	9.111E-04	9.614E-04
3.342E-04	9.188E-04	9.693E-04
3.373E-04	9.266E-04	9.773E-04
3.404E-04	9.344E-04	9.854E-04
3.436E-04	9.423E-04	9.936E-04
3.467E-04	9.503E-04	1.002E-03
3.499E-04	9.584E-04	1.010E-03
3.532E-04	9.665E-04	1.018E-03
3.565E-04	9.746E-04	1.027E-03
3.597E-04	9.829E-04	1.035E-03
3.631E-04	9.912E-04	1.044E-03
3.664E-04	9.996E-04	1.052E-03
3.698E-04	1.008E-03	1.061E-03
3.733E-04	1.017E-03	1.070E-03
3.767E-04	1.025E-03	1.079E-03
3.802E-04	1.034E-03	1.088E-03
3.837E-04	1.043E-03	1.097E-03
3.873E-04	1.051E-03	1.106E-03
3.908E-04	1.060E-03	1.115E-03
3.945E-04	1.069E-03	1.124E-03
3.981E-04	1.078E-03	1.134E-03
4.018E-04	1.088E-03	1.143E-03
4.055E-04	1.097E-03	1.152E-03
4.093E-04	1.106E-03	1.162E-03
4.130E-04	1.115E-03	1.172E-03
4.169E-04	1.125E-03	1.181E-03
4.207E-04	1.134E-03	1.191E-03
4.246E-04	1.144E-03	1.201E-03
4.285E-04	1.154E-03	1.211E-03
4.325E-04	1.164E-03	1.221E-03
4.365E-04	1.173E-03	1.231E-03
4.406E-04	1.183E-03	1.241E-03
4.446E-04	1.193E-03	1.252E-03
4.487E-04	1.204E-03	1.262E-03
4.529E-04	1.214E-03	1.272E-03
4.571E-04	1.224E-03	1.283E-03
4.613E-04	1.234E-03	1.294E-03
4.656E-04	1.245E-03	1.304E-03
4.699E-04	1.256E-03	1.315E-03
4.742E-04	1.266E-03	1.326E-03
4.786E-04	1.277E-03	1.337E-03
4.831E-04	1.288E-03	1.348E-03
4.875E-04	1.299E-03	1.359E-03
4.920E-04	1.310E-03	1.371E-03
4.966E-04	1.321E-03	1.382E-03
5.012E-04	1.332E-03	1.394E-03
5.058E-04	1.343E-03	1.405E-03
5.105E-04	1.355E-03	1.417E-03
5.152E-04	1.366E-03	1.429E-03
5.200E-04	1.378E-03	1.441E-03
5.248E-04	1.390E-03	1.453E-03
5.297E-04	1.402E-03	1.465E-03
5.346E-04	1.413E-03	1.477E-03
5.395E-04	1.425E-03	1.489E-03
5.445E-04	1.438E-03	1.502E-03
5.495E-04	1.450E-03	1.514E-03
5.546E-04	1.462E-03	1.527E-03
5.598E-04	1.475E-03	1.539E-03
5.649E-04	1.487E-03	1.552E-03
5.702E-04	1.500E-03	1.565E-03
5.754E-04	1.513E-03	1.578E-03
5.808E-04	1.525E-03	1.591E-03
5.861E-04	1.538E-03	1.605E-03
5.916E-04	1.552E-03	1.618E-03
5.970E-04	1.565E-03	1.631E-03
6.026E-04	1.578E-03	1.645E-03
6.081E-04	1.592E-03	1.659E-03
6.138E-04	1.605E-03	1.673E-03
6.194E-04	1.619E-03	1.687E-03
6.252E-04	1.633E-03	1.701E-03
6.310E-04	1.646E-03	1.715E-03
6.368E-04	1.660E-03	1.729E-03
6.427E-04	1.675E-03	1.744E-03
6.486E-04	1.689E-03	1.758E-03
6.546E-04	1.703E-03	1.773E-03
6.607E-04	1.718E-03	1.788E-03
6.668E-04	1.733E-03	1.803E-03
6.730E-04	1.747E-03	1.818E-03
6.792E-04	1.762E-03	1.833E-03
6.855E-04	1.777E-03	1.848E-03
6.918E-04	1.792E-03	1.864E-03
6.982E-04	1.808E-03	1.879E-03
7.047E-04	1.823E-03	1.895E-03
7.112E-04	1.839E-03	1.911E-03
7.178E-04	1.854E-03	1.927E-03
7.244E-04	1.870E-03	1.943E-03
7.311E-04	1.886E-03	1.959E-03
7.379E-04	1.902E-03	1.976E-03
7.447E-04	1.919E-03	1.992E-03
7.516E-04	1.935E-03	2.009E-03
7.586E-04	1.951E-03	2.026E-03
7.656E-04	1.968E-03	2.043E-03
7.727E-04	1.985E-03	2.060E-03
7.798E-04	2.002E-03	2.077E-03
7.870E-04	2.019E-03	2.094E-03
7.943E-04	2.036E-03	2.112E-03
8.017E-04	2.054E-03	2.130E-03
8.091E-04	2.071E-03	2.148E-03
8.166E-04	2.089E-03	2.166E-03
8.241E-04	2.107E-03	2.184E-03
8.318E-04	2.125E-03	2.202E-03
8.395E-04	2.143E-03	2.221E-03
8.472E-04	2.161E-03	2.239E-03
8.551E-04	2.180E-03	2.258E-03
8.630E-04	2.199E-03	2.277E-03
8.710E-04	2.217E-03	2.296E-03
8.790E-04	2.236E-03	2.315E-03
8.872E-04	2.256E-03	2.335E-03
8.954E-04	2.275E-03	2.354E-03
9.036E-04	2.294E-03	2.374E-03
9.120E-04	2.314E-03	2.394E-03
9.204E-04	2.334E-03	2.414E-03
9.290E-04	2.354E-03	2.435E-03
9.376E-04	2.374E-03	2.455E-03
9.462E-04	2.394E-03	2.476E-03
9.550E-04	2.415E-03	2.497E-03
9.638E-04	2.436E-03	2.518E-03
9.727E-04	2.457E-03	2.539E-03
9.817E-04	2.478E-03	2.560E-03
9.908E-04	2.499E-03	2.582E-03
1.000E-03	2.520E-03	2.604E-03
1.009E-03	2.542E-03	2.625E-03
1.019E-03	2.564E-03	2.648E-03
1.028E-03	2.586E-03	2.670E-03
1.038E-03	2.608E-03	2.692E-03
1.047E-03	2.630E-03	2.715E-03
1.057E-03	2.653E-03	2.738E-03
1.067E-03	2.676E-03	2.761E-03
1.076E-03	2.699E-03	2.784E-03
1.086E-03	2.722E-03	2.808E-03
1.096E-03	2.745E-03	2.832E-03
1.107E-03	2.769E-03	2.855E-03
1.117E-03	2.793E-03	2.880E-03
1.127E-03	2.817E-03	2.904E-03
1.138E-03	2.841E-03	2.928E-03
1.148E-03	2.865E-03	2.953E-03
1.159E-03	2.890E-03	2.978E-03
1.169E-03	2.915E-03	3.003E-03
1.180E-03	2.940E-03	3.029E-03
1.191E-03	2.965E-03	3.054E-03
1.202E-03	2.991E-03	3.080E-03
1.213E-03	3.017E-03	3.106E-03
1.225E-03	3.043E-03	3.132E-03
1.236E-03	3.069E-03	3.159E-03
1.247E-03	3.095E-03	3.186E-03
1.259E-03	3.122E-03	3.213E-03
1.271E-03	3.149E-03	3.240E-03
1.282E-03	3.176E-03	3.267E-03
1.294E-03	3.203E-03	3.295E-03
1.306E-03	3.231E-03	3.323E-03
1.318E-03	3.259E-03	3.351E-03
1.330E-03	3.287E-03	3.379E-03
1.343E-03	3.315E-03	3.408E-03
1.355E-03	3.344E-03	3.437E-03
1.368E-03	3.372E-03	3.466E-03
1.380E-03	3.402E-03	3.495E-03
1.393E-03	3.431E-03	3.525E-03
1.406E-03	3.461E-03	3.555E-03
1.419E-03	3.490E-03	3.585E-03
1.432E-03	3.521E-03	3.616E-03
1.445E-03	3.551E-03	3.646E-03
1.459E-03	3.582E-03	3.677E-03
1.472E-03	3.613E-03	3.709E-03
1.486E-03	3.644E-03	3.740E-03
1.500E-03	3.675E-03	3.772E-03
1.514E-03	3.707E-03	3.804E-03
1.528E-03	3.739E-03	3.836E-03
1.542E-03	3.771E-03	3.869E-03
1.556E-03	3.804E-03	3.902E-03
1.570E-03	3.837E-03	3.935E-03
1.585E-03	3.870E-03	3.969E-03
1.600E-03	3.903E-03	4.002E-03
1.614E-03	3.937E-03	4.036E-03
1.629E-03	3.971E-03	4.071E-03
1.644E-03	4.006E-03	4.105E-03
1.660E-03	4.040E-03	4.140E-03
1.675E-03	4.075E-03	4.176E-03
1.690E-03	4.111E-03	4.211E-03
1.706E-03	4.146E-03	4.247E-03
1.722E-03	4.182E-03	4.283E-03
1.738E-03	4.218E-03	4.320E-03
1.754E-03	4.255E-03	4.357E-03
1.770E-03	4.292E-03	4.394E-03
1.786E-03	4.329E-03	4.431E-03
1.803E-03	4.366E-03	4.469E-03
1.820E-03	4.404E-03	4.507E-03
1.837E-03	4.443E-03	4.546E-03
1.854E-03	4.481E-03	4.585E-03
1.871E-03	4.520E-03	4.624E-03
1.888E-03	4.559E-03	4.663E-03
1.905E-03	4.599E-03	4.703E-03
1.923E-03	4.639E-03	4.744E-03
1.941E-03	4.679E-03	4.784E-03
1.959E-03	4.720E-03	4.825E-03
1.977E-03	4.761E-03	4.866E-03
1.995E-03	4.802E-03	4.908E-03
2.014E-03	4.844E-03	4.950E-03
2.032E-03	4.886E-03	4.992E-03
2.051E-03	4.928E-03	5.035E-03
2.070E-03	4.971E-03	5.078E-03
2.089E-03	5.014E-03	5.122E-03
2.109E-03	5.058E-03	5.166E-03
2.128E-03	5.102E-03	5.210E-03
2.148E-03	5.146E-03	5.255E-03
2.168E-03	5.191E-03	5.300E-03
2.188E-03	5.236E-03	5.345E-03
2.208E-03	5.282E-03	5.391E-03
2.228E-03	5.328E-03	5.437E-03
2.249E-03	5.374E-03	5.484E-03
2.270E-03	5.421E-03	5.531E-03
2.291E-03	5.468E-03	5.579E-03
2.312E-03	5.516E-03	5.626E-03
2.333E-03	5.564E-03	5.675E-03
2.355E-03	5.612E-03	5.724E-03
2.377E-03	5.661E-03	5.773E-03
2.399E-03	5.711E-03	5.822E-03
2.421E-03	5.760E-03	5.873E-03
2.443E-03	5.811E-03	5.923E-03
2.466E-03	5.861E-03	5.974E-03
2.489E-03	5.913E-03	6.025E-03
2.512E-03	5.964E-03	6.077E-03
2.535E-03	6.016E-03	6.130E-03
2.559E-03	6.069E-03	6.183E-03
2.582E-03	6.122E-03	6.236E-03
2.606E-03	6.175E-03	6.290E-03
2.630E-03	6.229E-03	6.344E-03
2.655E-03	6.284E-03	6.399E-03
2.679E-03	6.339E-03	6.454E-03
2.704E-03	6.394E-03	6.509E-03
2.729E-03	6.450E-03	6.566E-03
2.754E-03	6.506E-03	6.622E-03
2.780E-03	6.563E-03	6.679E-03
2.805E-03	6.621E-03	6.737E-03
2.831E-03	6.679E-03	6.795E-03
2.858E-03	6.737E-03	6.854E-03
2.884E-03	6.796E-03	6.913E-03
2.911E-03	6.856E-03	6.973E-03
2.938E-03	6.916E-03	7.033E-03
2.965E-03	6.976E-03	7.094E-03
2.992E-03	7.038E-03	7.156E-03
3.020E-03	7.099E-03	7.218E-03
3.048E-03	7.161E-03	7.280E-03
3.076E-03	7.224E-03	7.343E-03
3.105E-03	7.288E-03	7.407E-03
3.133E-03	7.352E-03	7.471E-03
3.162E-03	7.416E-03	7.536E-03
3.192E-03	7.481E-03	7.601E-03
3.221E-03	7.547E-03	7.667E-03
3.251E-03	7.613E-03	7.734E-03
3.281E-03	7.680E-03	7.801E-03
3.311E-03	7.748E-03	7.868E-03
3.342E-03	7.816E-03	7.937E-03
3.373E-03	7.884E-03	8.006E-03
3.404E-03	7.954E-03	8.075E-03
3.436E-03	8.024E-03	8.145E-03
3.467E-03	8.094E-03	8.216E-03
3.499E-03	8.165E-03	8.288E-03
3.532E-03	8.237E-03	8.360E-03
3.565E-03	8.310E-03	8.433E-03
3.597E-03	8.383E-03	8.506E-03
3.631E-03	8.457E-03	8.580E-03
3.664E-03	8.531E-03	8.655E-03
3.698E-03	8.607E-03	8.730E-03
3.733E-03	8.682E-03	8.806E-03
3.767E-03	8.759E-03	8.883E-03
3.802E-03	8.836E-03	8.960E-03
3.837E-03	8.914E-03	9.039E-03
3.873E-03	8.993E-03	9.117E-03
3.908E-03	9.072E-03	9.197E-03
3.945E-03	9.152E-03	9.277E-03
3.981E-03	9.233E-03	9.358E-03
4.018E-03	9.315E-03	9.440E-03
4.055E-03	9.397E-03	9.522E-03
4.093E-03	9.480E-03	9.606E-03
4.130E-03	9.564E-03	9.690E-03
4.169E-03	9.648E-03	9.774E-03
4.207E-03	9.734E-03	9.860E-03
4.246E-03	9.820E-03	9.946E-03
4.285E-03	9.907E-03	1.003E-02
4.325E-03	9.994E-03	1.012E-02
4.365E-03	1.008E-02	1.021E-02
4.406E-03	1.017E-02	1.030E-02
4.446E-03	1.026E-02	1.039E-02
4.487E-03	1.035E-02	1.048E-02
4.529E-03	1.044E-02	1.057E-02
4.571E-03	1.054E-02	1.067E-02
4.613E-03	1.063E-02	1.076E-02
4.656E-03	1.073E-02	1.085E-02
4.699E-03	1.082E-02	1.095E-02
4.742E-03	1.092E-02	1.104E-02
4.786E-03	1.101E-02	1.114E-02
4.831E-03	1.111E-02	1.124E-02
4.875E-03	1.121E-02	1.134E-02
4.920E-03	1.131E-02	1.144E-02
4.966E-03	1.141E-02	1.154E-02
5.012E-03	1.151E-02	1.164E-02
5.058E-03	1.161E-02	1.174E-02
5.105E-03	1.172E-02	1.185E-02
5.152E-03	1.182E-02	1.195E-02
5.200E-03	1.193E-02	1.206E-02
5.248E-03	1.203E-02	1.216E-02
5.297E-03	1.214E-02	1.227E-02
5.346E-03	1.225E-02	1.238E-02
5.395E-03	1.236E-02	1.249E-02
5.445E-03	1.247E-02	1.260E-02
5.495E-03	1.258E-02	1.271E-02
5.546E-03	1.269E-02	1.282E-02
5.598E-03	1.280E-02	1.293E-02
5.649E-03	1.292E-02	1.305E-02
5.702E-03	1.303E-02	1.316E-02
5.754E-03	1.315E-02	1.328E-02
5.808E-03	1.327E-02	1.340E-02
5.861E-03	1.339E-02	1.352E-02
5.916E-03	1.351E-02	1.364E-02
5.970E-03	1.363E-02	1.376E-02
6.026E-03	1.375E-02	1.388E-02
6.081E-03	1.387E-02	1.400E-02
6.138E-03	1.399E-02	1.413E-02
6.194E-03	1.412E-02	1.425E-02
6.252E-03	1.425E-02	1.438E-02
6.310E-03	1.437E-02	1.451E-02
6.368E-03	1.450E-02	1.464E-02
6.427E-03	1.463E-02	1.477E-02
6.486E-03	1.476E-02	1.490E-02
6.546E-03	1.490E-02	1.503E-02
6.607E-03	1.503E-02	1.516E-02
6.668E-03	1.517E-02	1.530E-02
6.730E-03	1.530E-02	1.543E-02
6.792E-03	1.544E-02	1.557E-02
6.855E-03	1.558E-02	1.571E-02
6.918E-03	1.572E-02	1.585E-02
6.982E-03	1.586E-02	1.599E-02
7.047E-03	1.600E-02	1.613E-02
7.112E-03	1.615E-02	1.628E-02
7.178E-03	1.629E-02	1.642E-02
7.244E-03	1.644E-02	1.657E-02
7.311E-03	1.658E-02	1.672E-02
7.379E-03	1.673E-02	1.687E-02
7.447E-03	1.689E-02	1.702E-02
7.516E-03	1.704E-02	1.717E-02
7.586E-03	1.719E-02	1.732E-02
7.656E-03	1.735E-02	1.748E-02
7.727E-03	1.750E-02	1.764E-02
7.798E-03	1.766E-02	1.779E-02
7.870E-03	1.782E-02	1.795E-02
7.943E-03	1.798E-02	1.811E-02
8.017E-03	1.814E-02	1.828E-02
8.091E-03	1.831E-02	1.844E-02
8.166E-03	1.847E-02	1.861E-02
8.241E-03	1.864E-02	1.877E-02
8.318E-03	1.881E-02	1.894E-02
8.395E-03	1.898E-02	1.911E-02
8.472E-03	1.915E-02	1.928E-02
8.551E-03	1.932E-02	1.946E-02
8.630E-03	1.950E-02	1.963E-02
8.710E-03	1.968E-02	1.981E-02
8.790E-03	1.985E-02	1.999E-02
8.872E-03	2.003E-02	2.017E-02
8.954E-03	2.022E-02	2.035E-02
9.036E-03	2.040E-02	2.053E-02
9.120E-03	2.058E-02	2.072E-02
9.204E-03	2.077E-02	2.090E-02
9.290E-03	2.096E-02	2.109E-02
9.376E-03	2.115E-02	2.128E-02
9.462E-03	2.134E-02	2.148E-02
9.550E-03	2.154E-02	2.167E-02
9.638E-03	2.173E-02	2.187E-02
9.727E-03	2.193E-02	2.206E-02
9.817E-03	2.213E-02	2.226E-02
9.908E-03	2.233E-02	2.246E-02
1.000E-02	2.254E-02	2.267E-02
1.198E-02	2.696E-02	2.708E-02
1.397E-02	3.140E-02	3.153E-02
1.595E-02	3.588E-02	3.600E-02
1.794E-02	4.038E-02	4.050E-02
1.992E-02	4.492E-02	4.503E-02
2.190E-02	4.949E-02	4.960E-02
2.389E-02	5.409E-02	5.419E-02
2.587E-02	5.872E-02	5.882E-02
2.786E-02	6.337E-02	6.347E-02
2.984E-02	6.805E-02	6.815E-02
3.182E-02	7.276E-02	7.285E-02
3.381E-02	7.750E-02	7.758E-02
3.579E-02	8.225E-02	8.233E-02
3.778E-02	8.703E-02	8.711E-02
3.976E-02	9.183E-02	9.191E-02
4.174E-02	9.665E-02	9.672E-02
4.373E-02	1.015E-01	1.016E-01
4.571E-02	1.063E-01	1.064E-01
4.770E-02	1.112E-01	1.113E-01
4.968E-02	1.161E-01	1.162E-01
5.166E-02	1.210E-01	1.211E-01
5.365E-02	1.259E-01	1.260E-01
5.563E-02	1.308E-01	1.309E-01
5.762E-02	1.358E-01	1.358E-01
5.960E-02	1.407E-01	1.408E-01
6.158E-02	1.457E-01	1.457E-01
6.357E-02	1.506E-01	1.506E-01
6.555E-02	1.556E-01	1.556E-01
6.754E-02	1.605E-01	1.606E-01
6.952E-02	1.655E-01	1.655E-01
7.150E-02	1.704E-01	1.705E-01
7.349E-02	1.754E-01	1.754E-01
7.547E-02	1.803E-01	1.804E-01
7.745E-02	1.853E-01	1.853E-01
7.944E-02	1.902E-01	1.903E-01
8.142E-02	1.952E-01	1.952E-01
8.341E-02	2.001E-01	2.002E-01
8.539E-02	2.051E-01	2.051E-01
8.737E-02	2.100E-01	2.100E-01
8.936E-02	2.149E-01	2.149E-01
9.134E-02	2.198E-01	2.198E-01
9.333E-02	2.247E-01	2.247E-01
9.531E-02	2.295E-01	2.295E-01
9.729E-02	2.344E-01	2.344E-01
9.928E-02	2.392E-01	2.392E-01
1.013E-01	2.440E-01	2.441E-01
1.032E-01	2.488E-01	2.489E-01
1.052E-01	2.536E-01	2.536E-01
1.072E-01	2.584E-01	2.584E-01
1.092E-01	2.631E-01	2.631E-01
1.112E-01	2.678E-01	2.679E-01
1.132E-01	2.725E-01	2.726E-01
1.152E-01	2.772E-01	2.772E-01
1.171E-01	2.819E-01	2.819E-01
1.191E-01	2.865E-01	2.865E-01
1.211E-01	2.911E-01	2.911E-01
1.231E-01	2.956E-01	2.957E-01
1.251E-01	3.002E-01	3.002E-01
1.271E-01	3.047E-01	3.047E-01
1.290E-01	3.092E-01	3.092E-01
1.310E-01	3.136E-01	3.136E-01
1.330E-01	3.180E-01	3.180E-01
1.350E-01	3.224E-01	3.224E-01
1.370E-01	3.268E-01	3.268E-01
1.390E-01	3.311E-01	3.311E-01
1.409E-01	3.353E-01	3.353E-01
1.429E-01	3.396E-01	3.396E-01
1.449E-01	3.438E-01	3.438E-01
1.469E-01	3.479E-01	3.480E-01
1.489E-01	3.521E-01	3.521E-01
1.509E-01	3.562E-01	3.562E-01
1.528E-01	3.602E-01	3.602E-01
1.548E-01	3.642E-01	3.642E-01
1.568E-01	3.682E-01	3.682E-01
1.588E-01	3.721E-01	3.721E-01
1.608E-01	3.760E-01	3.760E-01
1.628E-01	3.798E-01	3.798E-01
1.647E-01	3.836E-01	3.836E-01
1.667E-01	3.874E-01	3.874E-01
1.687E-01	3.911E-01	3.911E-01
1.707E-01	3.947E-01	3.947E-01
1.727E-01	3.983E-01	3.984E-01
1.747E-01	4.019E-01	4.019E-01
1.767E-01	4.054E-01	4.054E-01
1.786E-01	4.089E-01	4.089E-01
1.806E-01	4.123E-01	4.123E-01
1.826E-01	4.157E-01	4.157E-01
1.846E-01	4.190E-01	4.190E-01
1.866E-01	4.223E-01	4.223E-01
1.886E-01	4.256E-01	4.256E-01
1.905E-01	4.287E-01	4.287E-01
1.925E-01	4.319E-01	4.319E-01
1.945E-01	4.349E-01	4.350E-01
1.965E-01	4.380E-01	4.380E-01
1.985E-01	4.410E-01	4.410E-01
2.005E-01	4.439E-01	4.439E-01
2.024E-01	4.468E-01	4.468E-01
2.044E-01	4.496E-01	4.496E-01
2.064E-01	4.523E-01	4.524E-01
2.084E-01	4.551E-01	4.551E-01
2.104E-01	4.577E-01	4.577E-01
2.124E-01	4.603E-01	4.603E-01
2.143E-01	4.629E-01	4.629E-01
2.163E-01	4.654E-01	4.654E-01
2.183E-01	4.679E-01	4.679E-01
2.203E-01	4.703E-01	4.703E-01
2.223E-01	4.726E-01	4.726E-01
2.243E-01	4.749E-01	4.749E-01
2.263E-01	4.771E-01	4.771E-01
2.282E-01	4.793E-01	4.793E-01
2.302E-01	4.814E-01	4.814E-01
2.322E-01	4.835E-01	4.835E-01
2.342E-01	4.855E-01	4.855E-01
2.362E-01	4.875E-01	4.875E-01
2.382E-01	4.894E-01	4.894E-01
2.401E-01	4.912E-01	4.912E-01
2.421E-01	4.930E-01	4.930E-01
2.441E-01	4.948E-01	4.948E-01
2.461E-01	4.965E-01	4.965E-01
2.481E-01	4.981E-01	4.981E-01
2.501E-01	4.997E-01	4.997E-01
2.520E-01	5.012E-01	5.012E-01
2.540E-01	5.027E-01	5.027E-01
2.560E-01	5.041E-01	5.041E-01
2.580E-01	5.055E-01	5.055E-01
2.600E-01	5.068E-01	5.068E-01
2.620E-01	5.080E-01	5.080E-01
2.639E-01	5.092E-01	5.092E-01
2.659E-01	5.104E-01	5.104E-01
2.679E-01	5.115E-01	5.115E-01
2.699E-01	5.125E-01	5.125E-01
2.719E-01	5.135E-01	5.135E-01
2.739E-01	5.144E-01	5.144E-01
2.759E-01	5.153E-01	5.153E-01
2.778E-01	5.161E-01	5.161E-01
2.798E-01	5.169E-01	5.169E-01
2.818E-01	5.176E-01	5.176E-01
2.838E-01	5.183E-01	5.183E-01
2.858E-01	5.189E-01	5.189E-01
2.878E-01	5.194E-01	5.194E-01
2.897E-01	5.200E-01	5.200E-01
2.917E-01	5.204E-01	5.204E-01
2.937E-01	5.208E-01	5.208E-01
2.957E-01	5.212E-01	5.212E-01
2.977E-01	5.215E-01	5.215E-01
2.997E-01	5.217E-01	5.217E-01
3.016E-01	5.220E-01	5.220E-01
3.036E-01	5.221E-01	5.221E-01
3.056E-01	5.222E-01	5.222E-01
3.076E-01	5.223E-01	5.223E-01
3.096E-01	5.223E-01	5.223E-01
3.116E-01	5.223E-01	5.223E-01
3.135E-01	5.222E-01	5.222E-01
3.155E-01	5.220E-01	5.220E-01
3.175E-01	5.219E-01	5.219E-01
3.195E-01	5.216E-01	5.216E-01
3.215E-01	5.213E-01	5.213E-01
3.235E-01	5.210E-01	5.210E-01
3.255E-01	5.207E-01	5.207E-01
3.274E-01	5.202E-01	5.202E-01
3.294E-01	5.198E-01	5.198E-01
3.314E-01	5.193E-01	5.193E-01
3.334E-01	5.187E-01	5.187E-01
3.354E-01	5.181E-01	5.181E-01
3.374E-01	5.175E-01	5.175E-01
3.393E-01	5.168E-01	5.168E-01
3.413E-01	5.161E-01	5.161E-01
3.433E-01	5.153E-01	5.153E-01
3.453E-01	5.145E-01	5.145E-01
3.473E-01	5.137E-01	5.137E-01
3.493E-01	5.128E-01	5.128E-01
3.512E-01	5.119E-01	5.119E-01
3.532E-01	5.109E-01	5.109E-01
3.552E-01	5.099E-01	5.099E-01
3.572E-01	5.089E-01	5.089E-01
3.592E-01	5.078E-01	5.078E-01
3.612E-01	5.066E-01	5.066E-01
3.631E-01	5.055E-01	5.055E-01
3.651E-01	5.043E-01	5.043E-01
3.671E-01	5.030E-01	5.030E-01
3.691E-01	5.018E-01	5.018E-01
3.711E-01	5.005E-01	5.005E-01
3.731E-01	4.991E-01	4.991E-01
3.751E-01	4.977E-01	4.977E-01
3.770E-01	4.963E-01	4.963E-01
3.790E-01	4.949E-01	4.949E-01
3.810E-01	4.934E-01	4.934E-01
3.830E-01	4.919E-01	4.919E-01
3.850E-01	4.903E-01	4.903E-01
3.870E-01	4.887E-01	4.887E-01
3.889E-01	4.871E-01	4.871E-01
3.909E-01	4.855E-01	4.855E-01
3.929E-01	4.838E-01	4.838E-01
3.949E-01	4.821E-01	4.821E-01
3.969E-01	4.803E-01	4.803E-01
3.989E-01	4.786E-01	4.786E-01
4.008E-01	4.768E-01	4.768E-01
4.028E-01	4.749E-01	4.749E-01
4.048E-01	4.731E-01	4.731E-01
4.068E-01	4.712E-01	4.712E-01
4.088E-01	4.693E-01	4.693E-01
4.108E-01	4.674E-01	4.674E-01
4.127E-01	4.654E-01	4.654E-01
4.147E-01	4.634E-01	4.634E-01
4.167E-01	4.614E-01	4.614E-01
4.187E-01	4.593E-01	4.593E-01
4.207E-01	4.573E-01	4.573E-01
4.227E-01	4.552E-01	4.552E-01
4.246E-01	4.531E-01	4.531E-01
4.266E-01	4.510E-01	4.510E-01
4.286E-01	4.488E-01	4.488E-01
4.306E-01	4.466E-01	4.466E-01
4.326E-01	4.444E-01	4.444E-01
4.346E-01	4.422E-01	4.422E-01
4.366E-01	4.400E-01	4.400E-01
4.385E-01	4.377E-01	4.377E-01
4.405E-01	4.354E-01	4.354E-01
4.425E-01	4.331E-01	4.331E-01
4.445E-01	4.308E-01	4.308E-01
4.465E-01	4.284E-01	4.284E-01
4.485E-01	4.261E-01	4.261E-01
4.504E-01	4.237E-01	4.237E-01
4.524E-01	4.213E-01	4.213E-01
4.544E-01	4.189E-01	4.189E-01
4.564E-01	4.165E-01	4.165E-01
4.584E-01	4.140E-01	4.140E-01
4.604E-01	4.116E-01	4.116E-01
4.623E-01	4.091E-01	4.091E-01
4.643E-01	4.066E-01	4.066E-01
4.663E-01	4.041E-01	4.041E-01
4.683E-01	4.016E-01	4.016E-01
4.703E-01	3.991E-01	3.991E-01
4.723E-01	3.966E-01	3.966E-01
4.742E-01	3.940E-01	3.940E-01
4.762E-01	3.914E-01	3.914E-01
4.782E-01	3.889E-01	3.889E-01
4.802E-01	3.863E-01	3.863E-01
4.822E-01	3.837E-01	3.837E-01
4.842E-01	3.811E-01	3.811E-01
4.862E-01	3.785E-01	3.785E-01
4.881E-01	3.758E-01	3.758E-01
4.901E-01	3.732E-01	3.732E-01
4.921E-01	3.706E-01	3.706E-01
4.941E-01	3.679E-01	3.679E-01
4.961E-01	3.652E-01	3.652E-01
4.981E-01	3.626E-01	3.626E-01
5.000E-01	3.599E-01	3.599E-01
5.020E-01	3.572E-01	3.572E-01
5.040E-01	3.545E-01	3.545E-01
5.060E-01	3.518E-01	3.518E-01
5.080E-01	3.491E-01	3.491E-01
5.100E-01	3.464E-01	3.464E-01
5.119E-01	3.437E-01	3.437E-01
5.139E-01	3.410E-01	3.410E-01
5.159E-01	3.383E-01	3.383E-01
5.179E-01	3.356E-01	3.356E-01
5.199E-01	3.329E-01	3.329E-01
5.219E-01	3.301E-01	3.301E-01
5.238E-01	3.274E-01	3.274E-01
5.258E-01	3.247E-01	3.247E-01
5.278E-01	3.219E-01	3.219E-01
5.298E-01	3.192E-01	3.192E-01
5.318E-01	3.165E-01	3.165E-01
5.338E-01	3.137E-01	3.137E-01
5.358E-01	3.110E-01	3.110E-01
5.377E-01	3.082E-01	3.082E-01
5.397E-01	3.055E-01	3.055E-01
5.417E-01	3.028E-01	3.028E-01
5.437E-01	3.000E-01	3.000E-01
5.457E-01	2.973E-01	2.973E-01
5.477E-01	2.945E-01	2.945E-01
5.496E-01	2.918E-01	2.918E-01
5.516E-01	2.891E-01	2.891E-01
5.536E-01	2.863E-01	2.863E-01
5.556E-01	2.836E-01	2.836E-01
5.576E-01	2.809E-01	2.809E-01
5.596E-01	2.782E-01	2.782E-01
5.615E-01	2.754E-01	2.754E-01
5.635E-01	2.727E-01	2.727E-01
5.655E-01	2.700E-01	2.700E-01
5.675E-01	2.673E-01	2.673E-01
5.695E-01	2.646E-01	2.646E-01
5.715E-01	2.619E-01	2.619E-01
5.734E-01	2.592E-01	2.592E-01
5.754E-01	2.565E-01	2.565E-01
5.774E-01	2.539E-01	2.539E-01
5.794E-01	2.512E-01	2.512E-01
5.814E-01	2.485E-01	2.485E-01
5.834E-01	2.459E-01	2.459E-01
5.854E-01	2.432E-01	2.432E-01
5.873E-01	2.405E-01	2.405E-01
5.893E-01	2.379E-01	2.379E-01
5.913E-01	2.353E-01	2.353E-01
5.933E-01	2.326E-01	2.326E-01
5.953E-01	2.300E-01	2.300E-01
5.973E-01	2.274E-01	2.274E-01
5.992E-01	2.248E-01	2.248E-01
6.012E-01	2.222E-01	2.222E-01
6.032E-01	2.196E-01	2.196E-01
6.052E-01	2.171E-01	2.171E-01
6.072E-01	2.145E-01	2.145E-01
6.092E-01	2.120E-01	2.120E-01
6.111E-01	2.094E-01	2.094E-01
6.131E-01	2.069E-01	2.069E-01
6.151E-01	2.043E-01	2.043E-01
6.171E-01	2.018E-01	2.018E-01
6.191E-01	1.993E-01	1.993E-01
6.211E-01	1.968E-01	1.968E-01
6.230E-01	1.944E-01	1.944E-01
6.250E-01	1.919E-01	1.919E-01
6.270E-01	1.894E-01	1.894E-01
6.290E-01	1.870E-01	1.870E-01
6.310E-01	1.845E-01	1.845E-01
6.330E-01	1.821E-01	1.821E-01
6.349E-01	1.797E-01	1.797E-01
6.369E-01	1.773E-01	1.773E-01
6.389E-01	1.749E-01	1.749E-01
6.409E-01	1.726E-01	1.726E-01
6.429E-01	1.702E-01	1.702E-01
6.449E-01	1.679E-01	1.679E-01
6.469E-01	1.655E-01	1.655E-01
6.488E-01	1.632E-01	1.632E-01
6.508E-01	1.609E-01	1.609E-01
6.528E-01	1.586E-01	1.586E-01
6.548E-01	1.563E-01	1.563E-01
6.568E-01	1.541E-01	1.541E-01
6.588E-01	1.518E-01	1.518E-01
6.607E-01	1.496E-01	1.496E-01
6.627E-01	1.474E-01	1.474E-01
6.647E-01	1.452E-01	1.452E-01
6.667E-01	1.430E-01	1.430E-01
6.687E-01	1.408E-01	1.408E-01
6.707E-01	1.386E-01	1.386E-01
6.726E-01	1.365E-01	1.365E-01
6.746E-01	1.344E-01	1.344E-01
6.766E-01	1.323E-01	1.323E-01
6.786E-01	1.302E-01	1.302E-01
6.806E-01	1.281E-01	1.281E-01
6.826E-01	1.260E-01	1.260E-01
6.845E-01	1.240E-01	1.240E-01
6.865E-01	1.219E-01	1.219E-01
6.885E-01	1.199E-01	1.199E-01
6.905E-01	1.179E-01	1.179E-01
6.925E-01	1.159E-01	1.159E-01
6.945E-01	1.140E-01	1.140E-01
6.965E-01	1.120E-01	1.120E-01
6.984E-01	1.101E-01	1.101E-01
7.004E-01	1.082E-01	1.082E-01
7.024E-01	1.063E-01	1.063E-01
7.044E-01	1.044E-01	1.044E-01
7.064E-01	1.025E-01	1.025E-01
7.084E-01	1.007E-01	1.007E-01
7.103E-01	9.886E-02	9.886E-02
7.123E-01	9.704E-02	9.704E-02
7.143E-01	9.525E-02	9.525E-02
7.163E-01	9.347E-02	9.347E-02
7.183E-01	9.171E-02	9.171E-02
7.203E-01	8.997E-02	8.997E-02
7.222E-01	8.825E-02	8.825E-02
7.242E-01	8.654E-02	8.654E-02
7.262E-01	8.485E-02	8.485E-02
7.282E-01	8.318E-02	8.318E-02
7.302E-01	8.153E-02	8.153E-02
7.322E-01	7.990E-02	7.990E-02
7.341E-01	7.828E-02	7.828E-02
7.361E-01	7.668E-02	7.668E-02
7.381E-01	7.510E-02	7.510E-02
7.401E-01	7.354E-02	7.354E-02
7.421E-01	7.200E-02	7.200E-02
7.441E-01	7.047E-02	7.047E-02
7.461E-01	6.896E-02	6.896E-02
7.480E-01	6.748E-02	6.748E-02
7.500E-01	6.601E-02	6.601E-02
7.520E-01	6.455E-02	6.455E-02
7.540E-01	6.312E-02	6.312E-02
7.560E-01	6.170E-02	6.170E-02
7.580E-01	6.031E-02	6.031E-02
7.599E-01	5.893E-02	5.893E-02
7.619E-01	5.757E-02	5.757E-02
7.639E-01	5.622E-02	5.622E-02
7.659E-01	5.490E-02	5.490E-02
7.679E-01	5.359E-02	5.359E-02
7.699E-01	5.231E-02	5.231E-02
7.718E-01	5.104E-02	5.104E-02
7.738E-01	4.979E-02	4.979E-02
7.758E-01	4.855E-02	4.855E-02
7.778E-01	4.734E-02	4.734E-02
7.798E-01	4.614E-02	4.614E-02
7.818E-01	4.496E-02	4.496E-02
7.837E-01	4.380E-02	4.380E-02
7.857E-01	4.266E-02	4.266E-02
7.877E-01	4.154E-02	4.154E-02
7.897E-01	4.043E-02	4.043E-02
7.917E-01	3.934E-02	3.934E-02
7.937E-01	3.827E-02	3.827E-02
7.957E-01	3.722E-02	3.722E-02
7.976E-01	3.618E-02	3.618E-02
7.996E-01	3.516E-02	3.516E-02
8.016E-01	3.416E-02	3.416E-02
8.036E-01	3.318E-02	3.318E-02
8.056E-01	3.222E-02	3.222E-02
8.076E-01	3.127E-02	3.127E-02
8.095E-01	3.034E-02	3.034E-02
8.115E-01	2.943E-02	2.943E-02
8.135E-01	2.853E-02	2.853E-02
8.155E-01	2.765E-02	2.765E-02
8.175E-01	2.679E-02	2.679E-02
8.195E-01	2.595E-02	2.595E-02
8.214E-01	2.512E-02	2.512E-02
8.234E-01	2.431E-02	2.431E-02
8.254E-01	2.351E-02	2.351E-02
8.274E-01	2.273E-02	2.273E-02
8.294E-01	2.197E-02	2.197E-02
8.314E-01	2.122E-02	2.122E-02
8.333E-01	2.049E-02	2.049E-02
8.353E-01	1.978E-02	1.978E-02
8.373E-01	1.908E-02	1.908E-02
8.393E-01	1.840E-02	1.840E-02
8.413E-01	1.773E-02	1.773E-02
8.433E-01	1.708E-02	1.708E-02
8.453E-01	1.645E-02	1.645E-02
8.472E-01	1.583E-02	1.583E-02
8.492E-01	1.522E-02	1.522E-02
8.512E-01	1.463E-02	1.463E-02
8.532E-01	1.406E-02	1.406E-02
8.552E-01	1.350E-02	1.350E-02
8.572E-01	1.295E-02	1.295E-02
8.591E-01	1.242E-02	1.242E-02
8.611E-01	1.190E-02	1.190E-02
8.631E-01	1.140E-02	1.140E-02
8.651E-01	1.091E-02	1.091E-02
8.671E-01	1.043E-02	1.043E-02
8.691E-01	9.972E-03	9.972E-03
8.710E-01	9.523E-03	9.523E-03
8.730E-01	9.088E-03	9.088E-03
8.750E-01	8.666E-03	8.666E-03
8.770E-01	8.257E-03	8.257E-03
8.790E-01	7.861E-03	7.861E-03
8.810E-01	7.478E-03	7.478E-03
8.829E-01	7.107E-03	7.107E-03
8.849E-01	6.748E-03	6.748E-03
8.869E-01	6.401E-03	6.401E-03
8.889E-01	6.066E-03	6.066E-03
8.909E-01	5.743E-03	5.743E-03
8.929E-01	5.431E-03	5.431E-03
8.948E-01	5.131E-03	5.131E-03
8.968E-01	4.842E-03	4.842E-03
8.988E-01	4.564E-03	4.564E-03
9.008E-01	4.297E-03	4.297E-03
9.028E-01	4.040E-03	4.040E-03
9.048E-01	3.793E-03	3.793E-03
9.068E-01	3.557E-03	3.557E-03
9.087E-01	3.331E-03	3.331E-03
9.107E-01	3.114E-03	3.114E-03
9.127E-01	2.907E-03	2.907E-03
9.147E-01	2.709E-03	2.709E-03
9.167E-01	2.521E-03	2.521E-03
9.187E-01	2.341E-03	2.341E-03
9.206E-01	2.171E-03	2.171E-03
9.226E-01	2.008E-03	2.008E-03
9.246E-01	1.854E-03	1.854E-03
9.266E-01	1.708E-03	1.708E-03
9.286E-01	1.570E-03	1.570E-03
9.306E-01	1.440E-03	1.440E-03
9.325E-01	1.317E-03	1.317E-03
9.345E-01	1.201E-03	1.201E-03
9.365E-01	1.093E-03	1.093E-03
9.385E-01	9.909E-04	9.909E-04
9.405E-01	8.956E-04	8.956E-04
9.425E-01	8.067E-04	8.067E-04
9.444E-01	7.239E-04	7.239E-04
9.464E-01	6.470E-04	6.470E-04
9.484E-01	5.758E-04	5.758E-04
9.504E-01	5.101E-04	5.101E-04
9.524E-01	4.496E-04	4.496E-04
9.544E-01	3.942E-04	3.942E-04
9.564E-01	3.436E-04	3.436E-04
9.583E-01	2.975E-04	2.975E-04
9.603E-01	2.558E-04	2.558E-04
9.623E-01	2.182E-04	2.182E-04
9.643E-01	1.846E-04	1.846E-04
9.663E-01	1.546E-04	1.546E-04
9.683E-01	1.281E-04	1.281E-04
9.702E-01	1.049E-04	1.049E-04
9.722E-01	8.471E-05	8.471E-05
9.742E-01	6.732E-05	6.732E-05
9.762E-01	5.251E-05	5.251E-05
9.782E-01	4.009E-05	4.009E-05
9.802E-01	2.982E-05	2.982E-05
9.821E-01	2.150E-05	2.150E-05
9.841E-01	1.492E-05	1.492E-05
9.861E-01	9.855E-06	9.855E-06
9.881E-01	6.106E-06	6.106E-06
9.901E-01	3.465E-06	3.465E-06
9.921E-01	1.733E-06	1.733E-06
9.940E-01	7.093E-07	7.093E-07
9.960E-01	2.002E-07	2.002E-07
9.980E-01	2.360E-08	2.360E-08
1.000E+00	0.000E+00	0.000E+00
