Q0 = 1.087 GeV	 Q = 1.732 GeV
x	 x*(uv-dv)
1.000E-04	3.756E-04	4.169E-04	1.796E-04	-2.373E-04
1.009E-04	3.786E-04	4.201E-04	1.813E-04	-2.388E-04
1.019E-04	3.816E-04	4.234E-04	1.832E-04	-2.402E-04
1.028E-04	3.847E-04	4.267E-04	1.850E-04	-2.417E-04
1.038E-04	3.878E-04	4.300E-04	1.868E-04	-2.431E-04
1.047E-04	3.909E-04	4.333E-04	1.887E-04	-2.446E-04
1.057E-04	3.940E-04	4.367E-04	1.906E-04	-2.461E-04
1.067E-04	3.972E-04	4.401E-04	1.925E-04	-2.476E-04
1.076E-04	4.004E-04	4.435E-04	1.944E-04	-2.491E-04
1.086E-04	4.036E-04	4.469E-04	1.963E-04	-2.506E-04
1.096E-04	4.068E-04	4.504E-04	1.983E-04	-2.521E-04
1.107E-04	4.101E-04	4.539E-04	2.003E-04	-2.536E-04
1.117E-04	4.134E-04	4.574E-04	2.022E-04	-2.552E-04
1.127E-04	4.167E-04	4.610E-04	2.042E-04	-2.567E-04
1.138E-04	4.200E-04	4.646E-04	2.063E-04	-2.583E-04
1.148E-04	4.234E-04	4.682E-04	2.083E-04	-2.599E-04
1.159E-04	4.268E-04	4.718E-04	2.104E-04	-2.614E-04
1.169E-04	4.303E-04	4.755E-04	2.125E-04	-2.630E-04
1.180E-04	4.337E-04	4.792E-04	2.145E-04	-2.646E-04
1.191E-04	4.372E-04	4.829E-04	2.167E-04	-2.662E-04
1.202E-04	4.407E-04	4.866E-04	2.188E-04	-2.678E-04
1.213E-04	4.442E-04	4.904E-04	2.210E-04	-2.695E-04
1.225E-04	4.478E-04	4.942E-04	2.231E-04	-2.711E-04
1.236E-04	4.514E-04	4.981E-04	2.253E-04	-2.728E-04
1.247E-04	4.550E-04	5.020E-04	2.275E-04	-2.744E-04
1.259E-04	4.587E-04	5.059E-04	2.298E-04	-2.761E-04
1.271E-04	4.624E-04	5.098E-04	2.320E-04	-2.778E-04
1.282E-04	4.661E-04	5.138E-04	2.343E-04	-2.795E-04
1.294E-04	4.699E-04	5.178E-04	2.366E-04	-2.812E-04
1.306E-04	4.736E-04	5.218E-04	2.389E-04	-2.829E-04
1.318E-04	4.774E-04	5.258E-04	2.413E-04	-2.846E-04
1.330E-04	4.813E-04	5.299E-04	2.436E-04	-2.863E-04
1.343E-04	4.852E-04	5.341E-04	2.460E-04	-2.881E-04
1.355E-04	4.891E-04	5.382E-04	2.484E-04	-2.898E-04
1.368E-04	4.930E-04	5.424E-04	2.508E-04	-2.916E-04
1.380E-04	4.970E-04	5.466E-04	2.533E-04	-2.934E-04
1.393E-04	5.010E-04	5.509E-04	2.557E-04	-2.952E-04
1.406E-04	5.050E-04	5.552E-04	2.582E-04	-2.970E-04
1.419E-04	5.091E-04	5.595E-04	2.607E-04	-2.988E-04
1.432E-04	5.131E-04	5.639E-04	2.633E-04	-3.006E-04
1.445E-04	5.173E-04	5.682E-04	2.658E-04	-3.024E-04
1.459E-04	5.214E-04	5.727E-04	2.684E-04	-3.043E-04
1.472E-04	5.256E-04	5.771E-04	2.710E-04	-3.061E-04
1.486E-04	5.299E-04	5.816E-04	2.736E-04	-3.080E-04
1.500E-04	5.341E-04	5.862E-04	2.763E-04	-3.099E-04
1.514E-04	5.384E-04	5.907E-04	2.790E-04	-3.118E-04
1.528E-04	5.428E-04	5.953E-04	2.817E-04	-3.137E-04
1.542E-04	5.471E-04	6.000E-04	2.844E-04	-3.156E-04
1.556E-04	5.516E-04	6.047E-04	2.871E-04	-3.175E-04
1.570E-04	5.560E-04	6.094E-04	2.899E-04	-3.195E-04
1.585E-04	5.605E-04	6.141E-04	2.927E-04	-3.214E-04
1.600E-04	5.650E-04	6.189E-04	2.955E-04	-3.234E-04
1.614E-04	5.695E-04	6.237E-04	2.984E-04	-3.254E-04
1.629E-04	5.741E-04	6.286E-04	3.012E-04	-3.274E-04
1.644E-04	5.788E-04	6.335E-04	3.041E-04	-3.294E-04
1.660E-04	5.834E-04	6.385E-04	3.071E-04	-3.314E-04
1.675E-04	5.881E-04	6.434E-04	3.100E-04	-3.334E-04
1.690E-04	5.929E-04	6.485E-04	3.130E-04	-3.355E-04
1.706E-04	5.977E-04	6.535E-04	3.160E-04	-3.375E-04
1.722E-04	6.025E-04	6.586E-04	3.190E-04	-3.396E-04
1.738E-04	6.073E-04	6.638E-04	3.221E-04	-3.417E-04
1.754E-04	6.122E-04	6.690E-04	3.252E-04	-3.438E-04
1.770E-04	6.172E-04	6.742E-04	3.283E-04	-3.459E-04
1.786E-04	6.221E-04	6.794E-04	3.314E-04	-3.480E-04
1.803E-04	6.272E-04	6.847E-04	3.346E-04	-3.501E-04
1.820E-04	6.322E-04	6.901E-04	3.378E-04	-3.523E-04
1.837E-04	6.373E-04	6.955E-04	3.410E-04	-3.545E-04
1.854E-04	6.425E-04	7.009E-04	3.443E-04	-3.566E-04
1.871E-04	6.477E-04	7.064E-04	3.476E-04	-3.588E-04
1.888E-04	6.529E-04	7.119E-04	3.509E-04	-3.610E-04
1.905E-04	6.581E-04	7.175E-04	3.542E-04	-3.633E-04
1.923E-04	6.635E-04	7.231E-04	3.576E-04	-3.655E-04
1.941E-04	6.688E-04	7.288E-04	3.610E-04	-3.677E-04
1.959E-04	6.742E-04	7.345E-04	3.645E-04	-3.700E-04
1.977E-04	6.797E-04	7.402E-04	3.679E-04	-3.723E-04
1.995E-04	6.851E-04	7.460E-04	3.714E-04	-3.746E-04
2.014E-04	6.907E-04	7.518E-04	3.749E-04	-3.769E-04
2.032E-04	6.963E-04	7.577E-04	3.785E-04	-3.792E-04
2.051E-04	7.019E-04	7.636E-04	3.821E-04	-3.815E-04
2.070E-04	7.076E-04	7.696E-04	3.857E-04	-3.839E-04
2.089E-04	7.133E-04	7.756E-04	3.894E-04	-3.863E-04
2.109E-04	7.190E-04	7.817E-04	3.931E-04	-3.886E-04
2.128E-04	7.248E-04	7.878E-04	3.968E-04	-3.910E-04
2.148E-04	7.307E-04	7.940E-04	4.005E-04	-3.935E-04
2.168E-04	7.366E-04	8.002E-04	4.043E-04	-3.959E-04
2.188E-04	7.426E-04	8.065E-04	4.081E-04	-3.983E-04
2.208E-04	7.486E-04	8.128E-04	4.120E-04	-4.008E-04
2.228E-04	7.546E-04	8.192E-04	4.159E-04	-4.033E-04
2.249E-04	7.607E-04	8.256E-04	4.198E-04	-4.058E-04
2.270E-04	7.669E-04	8.320E-04	4.238E-04	-4.083E-04
2.291E-04	7.731E-04	8.386E-04	4.278E-04	-4.108E-04
2.312E-04	7.793E-04	8.451E-04	4.318E-04	-4.133E-04
2.333E-04	7.856E-04	8.518E-04	4.359E-04	-4.159E-04
2.355E-04	7.920E-04	8.584E-04	4.400E-04	-4.185E-04
2.377E-04	7.984E-04	8.652E-04	4.441E-04	-4.211E-04
2.399E-04	8.049E-04	8.720E-04	4.483E-04	-4.237E-04
2.421E-04	8.114E-04	8.788E-04	4.525E-04	-4.263E-04
2.443E-04	8.179E-04	8.857E-04	4.568E-04	-4.289E-04
2.466E-04	8.246E-04	8.926E-04	4.610E-04	-4.316E-04
2.489E-04	8.312E-04	8.996E-04	4.654E-04	-4.343E-04
2.512E-04	8.380E-04	9.067E-04	4.697E-04	-4.370E-04
2.535E-04	8.447E-04	9.138E-04	4.741E-04	-4.397E-04
2.559E-04	8.516E-04	9.210E-04	4.786E-04	-4.424E-04
2.582E-04	8.585E-04	9.282E-04	4.831E-04	-4.452E-04
2.606E-04	8.654E-04	9.355E-04	4.876E-04	-4.479E-04
2.630E-04	8.724E-04	9.429E-04	4.921E-04	-4.507E-04
2.655E-04	8.795E-04	9.503E-04	4.968E-04	-4.535E-04
2.679E-04	8.866E-04	9.577E-04	5.014E-04	-4.563E-04
2.704E-04	8.938E-04	9.652E-04	5.061E-04	-4.592E-04
2.729E-04	9.011E-04	9.728E-04	5.108E-04	-4.620E-04
2.754E-04	9.084E-04	9.805E-04	5.156E-04	-4.649E-04
2.780E-04	9.157E-04	9.882E-04	5.204E-04	-4.678E-04
2.805E-04	9.231E-04	9.959E-04	5.252E-04	-4.707E-04
2.831E-04	9.306E-04	1.004E-03	5.301E-04	-4.736E-04
2.858E-04	9.382E-04	1.012E-03	5.351E-04	-4.766E-04
2.884E-04	9.458E-04	1.020E-03	5.401E-04	-4.796E-04
2.911E-04	9.534E-04	1.028E-03	5.451E-04	-4.825E-04
2.938E-04	9.612E-04	1.036E-03	5.502E-04	-4.856E-04
2.965E-04	9.690E-04	1.044E-03	5.553E-04	-4.886E-04
2.992E-04	9.768E-04	1.052E-03	5.604E-04	-4.916E-04
3.020E-04	9.847E-04	1.060E-03	5.657E-04	-4.947E-04
3.048E-04	9.927E-04	1.069E-03	5.709E-04	-4.978E-04
3.076E-04	1.001E-03	1.077E-03	5.762E-04	-5.009E-04
3.105E-04	1.009E-03	1.086E-03	5.816E-04	-5.040E-04
3.133E-04	1.017E-03	1.094E-03	5.870E-04	-5.072E-04
3.162E-04	1.025E-03	1.103E-03	5.924E-04	-5.104E-04
3.192E-04	1.034E-03	1.111E-03	5.979E-04	-5.135E-04
3.221E-04	1.042E-03	1.120E-03	6.034E-04	-5.168E-04
3.251E-04	1.051E-03	1.129E-03	6.090E-04	-5.200E-04
3.281E-04	1.059E-03	1.138E-03	6.147E-04	-5.232E-04
3.311E-04	1.068E-03	1.147E-03	6.203E-04	-5.265E-04
3.342E-04	1.076E-03	1.156E-03	6.261E-04	-5.298E-04
3.373E-04	1.085E-03	1.165E-03	6.319E-04	-5.331E-04
3.404E-04	1.094E-03	1.174E-03	6.377E-04	-5.365E-04
3.436E-04	1.103E-03	1.183E-03	6.436E-04	-5.399E-04
3.467E-04	1.112E-03	1.193E-03	6.496E-04	-5.432E-04
3.499E-04	1.121E-03	1.202E-03	6.555E-04	-5.467E-04
3.532E-04	1.130E-03	1.212E-03	6.616E-04	-5.501E-04
3.565E-04	1.139E-03	1.221E-03	6.677E-04	-5.535E-04
3.597E-04	1.148E-03	1.231E-03	6.739E-04	-5.570E-04
3.631E-04	1.158E-03	1.241E-03	6.801E-04	-5.605E-04
3.664E-04	1.167E-03	1.250E-03	6.863E-04	-5.640E-04
3.698E-04	1.177E-03	1.260E-03	6.927E-04	-5.676E-04
3.733E-04	1.186E-03	1.270E-03	6.990E-04	-5.712E-04
3.767E-04	1.196E-03	1.280E-03	7.055E-04	-5.748E-04
3.802E-04	1.205E-03	1.290E-03	7.120E-04	-5.784E-04
3.837E-04	1.215E-03	1.301E-03	7.185E-04	-5.820E-04
3.873E-04	1.225E-03	1.311E-03	7.251E-04	-5.857E-04
3.908E-04	1.235E-03	1.321E-03	7.318E-04	-5.894E-04
3.945E-04	1.245E-03	1.332E-03	7.385E-04	-5.931E-04
3.981E-04	1.255E-03	1.342E-03	7.453E-04	-5.968E-04
4.018E-04	1.266E-03	1.353E-03	7.521E-04	-6.006E-04
4.055E-04	1.276E-03	1.363E-03	7.590E-04	-6.044E-04
4.093E-04	1.286E-03	1.374E-03	7.660E-04	-6.082E-04
4.130E-04	1.297E-03	1.385E-03	7.730E-04	-6.120E-04
4.169E-04	1.307E-03	1.396E-03	7.801E-04	-6.159E-04
4.207E-04	1.318E-03	1.407E-03	7.872E-04	-6.198E-04
4.246E-04	1.329E-03	1.418E-03	7.945E-04	-6.237E-04
4.285E-04	1.339E-03	1.429E-03	8.017E-04	-6.277E-04
4.325E-04	1.350E-03	1.441E-03	8.091E-04	-6.316E-04
4.365E-04	1.361E-03	1.452E-03	8.165E-04	-6.356E-04
4.406E-04	1.372E-03	1.464E-03	8.239E-04	-6.397E-04
4.446E-04	1.384E-03	1.475E-03	8.315E-04	-6.437E-04
4.487E-04	1.395E-03	1.487E-03	8.391E-04	-6.478E-04
4.529E-04	1.406E-03	1.499E-03	8.467E-04	-6.519E-04
4.571E-04	1.418E-03	1.511E-03	8.545E-04	-6.560E-04
4.613E-04	1.429E-03	1.522E-03	8.623E-04	-6.602E-04
4.656E-04	1.441E-03	1.535E-03	8.702E-04	-6.644E-04
4.699E-04	1.453E-03	1.547E-03	8.781E-04	-6.686E-04
4.742E-04	1.465E-03	1.559E-03	8.861E-04	-6.729E-04
4.786E-04	1.477E-03	1.571E-03	8.942E-04	-6.771E-04
4.831E-04	1.489E-03	1.584E-03	9.023E-04	-6.814E-04
4.875E-04	1.501E-03	1.596E-03	9.106E-04	-6.858E-04
4.920E-04	1.513E-03	1.609E-03	9.189E-04	-6.901E-04
4.966E-04	1.525E-03	1.622E-03	9.272E-04	-6.945E-04
5.012E-04	1.538E-03	1.635E-03	9.357E-04	-6.990E-04
5.058E-04	1.550E-03	1.648E-03	9.442E-04	-7.034E-04
5.105E-04	1.563E-03	1.661E-03	9.528E-04	-7.079E-04
5.152E-04	1.576E-03	1.674E-03	9.615E-04	-7.124E-04
5.200E-04	1.589E-03	1.687E-03	9.702E-04	-7.170E-04
5.248E-04	1.602E-03	1.701E-03	9.790E-04	-7.215E-04
5.297E-04	1.615E-03	1.714E-03	9.879E-04	-7.261E-04
5.346E-04	1.628E-03	1.728E-03	9.969E-04	-7.308E-04
5.395E-04	1.641E-03	1.741E-03	1.006E-03	-7.354E-04
5.445E-04	1.655E-03	1.755E-03	1.015E-03	-7.401E-04
5.495E-04	1.668E-03	1.769E-03	1.024E-03	-7.449E-04
5.546E-04	1.682E-03	1.783E-03	1.034E-03	-7.496E-04
5.598E-04	1.695E-03	1.797E-03	1.043E-03	-7.544E-04
5.649E-04	1.709E-03	1.812E-03	1.052E-03	-7.593E-04
5.702E-04	1.723E-03	1.826E-03	1.062E-03	-7.641E-04
5.754E-04	1.737E-03	1.841E-03	1.072E-03	-7.690E-04
5.808E-04	1.752E-03	1.855E-03	1.081E-03	-7.739E-04
5.861E-04	1.766E-03	1.870E-03	1.091E-03	-7.789E-04
5.916E-04	1.780E-03	1.885E-03	1.101E-03	-7.839E-04
5.970E-04	1.795E-03	1.900E-03	1.111E-03	-7.889E-04
6.026E-04	1.810E-03	1.915E-03	1.121E-03	-7.940E-04
6.081E-04	1.824E-03	1.930E-03	1.131E-03	-7.991E-04
6.138E-04	1.839E-03	1.946E-03	1.141E-03	-8.042E-04
6.194E-04	1.854E-03	1.961E-03	1.152E-03	-8.094E-04
6.252E-04	1.870E-03	1.977E-03	1.162E-03	-8.146E-04
6.310E-04	1.885E-03	1.992E-03	1.173E-03	-8.198E-04
6.368E-04	1.900E-03	2.008E-03	1.183E-03	-8.251E-04
6.427E-04	1.916E-03	2.024E-03	1.194E-03	-8.304E-04
6.486E-04	1.932E-03	2.041E-03	1.205E-03	-8.358E-04
6.546E-04	1.947E-03	2.057E-03	1.216E-03	-8.412E-04
6.607E-04	1.963E-03	2.073E-03	1.227E-03	-8.466E-04
6.668E-04	1.979E-03	2.090E-03	1.238E-03	-8.521E-04
6.730E-04	1.996E-03	2.106E-03	1.249E-03	-8.576E-04
6.792E-04	2.012E-03	2.123E-03	1.260E-03	-8.631E-04
6.855E-04	2.028E-03	2.140E-03	1.271E-03	-8.687E-04
6.918E-04	2.045E-03	2.157E-03	1.283E-03	-8.743E-04
6.982E-04	2.062E-03	2.174E-03	1.294E-03	-8.799E-04
7.047E-04	2.079E-03	2.192E-03	1.306E-03	-8.856E-04
7.112E-04	2.096E-03	2.209E-03	1.318E-03	-8.913E-04
7.178E-04	2.113E-03	2.227E-03	1.330E-03	-8.971E-04
7.244E-04	2.130E-03	2.245E-03	1.342E-03	-9.029E-04
7.311E-04	2.148E-03	2.263E-03	1.354E-03	-9.088E-04
7.379E-04	2.165E-03	2.281E-03	1.366E-03	-9.147E-04
7.447E-04	2.183E-03	2.299E-03	1.378E-03	-9.206E-04
7.516E-04	2.201E-03	2.317E-03	1.391E-03	-9.266E-04
7.586E-04	2.219E-03	2.336E-03	1.403E-03	-9.326E-04
7.656E-04	2.237E-03	2.355E-03	1.416E-03	-9.386E-04
7.727E-04	2.256E-03	2.373E-03	1.429E-03	-9.447E-04
7.798E-04	2.274E-03	2.392E-03	1.441E-03	-9.509E-04
7.870E-04	2.293E-03	2.411E-03	1.454E-03	-9.571E-04
7.943E-04	2.312E-03	2.431E-03	1.467E-03	-9.633E-04
8.017E-04	2.331E-03	2.450E-03	1.481E-03	-9.696E-04
8.091E-04	2.350E-03	2.470E-03	1.494E-03	-9.759E-04
8.166E-04	2.369E-03	2.490E-03	1.507E-03	-9.822E-04
8.241E-04	2.389E-03	2.510E-03	1.521E-03	-9.886E-04
8.318E-04	2.408E-03	2.530E-03	1.535E-03	-9.951E-04
8.395E-04	2.428E-03	2.550E-03	1.548E-03	-1.002E-03
8.472E-04	2.448E-03	2.570E-03	1.562E-03	-1.008E-03
8.551E-04	2.468E-03	2.591E-03	1.576E-03	-1.015E-03
8.630E-04	2.489E-03	2.612E-03	1.590E-03	-1.021E-03
8.710E-04	2.509E-03	2.633E-03	1.605E-03	-1.028E-03
8.790E-04	2.530E-03	2.654E-03	1.619E-03	-1.035E-03
8.872E-04	2.550E-03	2.675E-03	1.634E-03	-1.041E-03
8.954E-04	2.571E-03	2.696E-03	1.648E-03	-1.048E-03
9.036E-04	2.593E-03	2.718E-03	1.663E-03	-1.055E-03
9.120E-04	2.614E-03	2.740E-03	1.678E-03	-1.062E-03
9.204E-04	2.635E-03	2.762E-03	1.693E-03	-1.069E-03
9.290E-04	2.657E-03	2.784E-03	1.708E-03	-1.076E-03
9.376E-04	2.679E-03	2.806E-03	1.723E-03	-1.083E-03
9.462E-04	2.701E-03	2.829E-03	1.739E-03	-1.090E-03
9.550E-04	2.723E-03	2.852E-03	1.754E-03	-1.097E-03
9.638E-04	2.746E-03	2.875E-03	1.770E-03	-1.105E-03
9.727E-04	2.768E-03	2.898E-03	1.786E-03	-1.112E-03
9.817E-04	2.791E-03	2.921E-03	1.802E-03	-1.119E-03
9.908E-04	2.814E-03	2.944E-03	1.818E-03	-1.127E-03
1.000E-03	2.837E-03	2.968E-03	1.834E-03	-1.134E-03
1.009E-03	2.861E-03	2.992E-03	1.851E-03	-1.141E-03
1.019E-03	2.884E-03	3.016E-03	1.867E-03	-1.149E-03
1.028E-03	2.908E-03	3.040E-03	1.884E-03	-1.157E-03
1.038E-03	2.932E-03	3.065E-03	1.901E-03	-1.164E-03
1.047E-03	2.956E-03	3.089E-03	1.918E-03	-1.172E-03
1.057E-03	2.981E-03	3.114E-03	1.935E-03	-1.180E-03
1.067E-03	3.005E-03	3.139E-03	1.952E-03	-1.187E-03
1.076E-03	3.030E-03	3.165E-03	1.969E-03	-1.195E-03
1.086E-03	3.055E-03	3.190E-03	1.987E-03	-1.203E-03
1.096E-03	3.080E-03	3.216E-03	2.005E-03	-1.211E-03
1.107E-03	3.106E-03	3.242E-03	2.023E-03	-1.219E-03
1.117E-03	3.131E-03	3.268E-03	2.041E-03	-1.227E-03
1.127E-03	3.157E-03	3.294E-03	2.059E-03	-1.235E-03
1.138E-03	3.183E-03	3.321E-03	2.077E-03	-1.244E-03
1.148E-03	3.210E-03	3.347E-03	2.096E-03	-1.252E-03
1.159E-03	3.236E-03	3.374E-03	2.114E-03	-1.260E-03
1.169E-03	3.263E-03	3.402E-03	2.133E-03	-1.268E-03
1.180E-03	3.290E-03	3.429E-03	2.152E-03	-1.277E-03
1.191E-03	3.317E-03	3.457E-03	2.171E-03	-1.285E-03
1.202E-03	3.344E-03	3.485E-03	2.191E-03	-1.294E-03
1.213E-03	3.372E-03	3.513E-03	2.210E-03	-1.303E-03
1.225E-03	3.400E-03	3.541E-03	2.230E-03	-1.311E-03
1.236E-03	3.428E-03	3.570E-03	2.250E-03	-1.320E-03
1.247E-03	3.456E-03	3.599E-03	2.270E-03	-1.329E-03
1.259E-03	3.485E-03	3.628E-03	2.290E-03	-1.338E-03
1.271E-03	3.514E-03	3.657E-03	2.311E-03	-1.347E-03
1.282E-03	3.543E-03	3.687E-03	2.331E-03	-1.356E-03
1.294E-03	3.572E-03	3.716E-03	2.352E-03	-1.365E-03
1.306E-03	3.602E-03	3.746E-03	2.373E-03	-1.374E-03
1.318E-03	3.632E-03	3.777E-03	2.394E-03	-1.383E-03
1.330E-03	3.662E-03	3.807E-03	2.415E-03	-1.392E-03
1.343E-03	3.692E-03	3.838E-03	2.437E-03	-1.401E-03
1.355E-03	3.723E-03	3.869E-03	2.458E-03	-1.411E-03
1.368E-03	3.753E-03	3.901E-03	2.480E-03	-1.420E-03
1.380E-03	3.784E-03	3.932E-03	2.502E-03	-1.430E-03
1.393E-03	3.816E-03	3.964E-03	2.524E-03	-1.439E-03
1.406E-03	3.847E-03	3.996E-03	2.547E-03	-1.449E-03
1.419E-03	3.879E-03	4.028E-03	2.570E-03	-1.459E-03
1.432E-03	3.912E-03	4.061E-03	2.592E-03	-1.469E-03
1.445E-03	3.944E-03	4.094E-03	2.615E-03	-1.479E-03
1.459E-03	3.977E-03	4.127E-03	2.639E-03	-1.488E-03
1.472E-03	4.010E-03	4.161E-03	2.662E-03	-1.499E-03
1.486E-03	4.043E-03	4.194E-03	2.686E-03	-1.509E-03
1.500E-03	4.076E-03	4.228E-03	2.710E-03	-1.519E-03
1.514E-03	4.110E-03	4.263E-03	2.734E-03	-1.529E-03
1.528E-03	4.144E-03	4.297E-03	2.758E-03	-1.539E-03
1.542E-03	4.179E-03	4.332E-03	2.782E-03	-1.550E-03
1.556E-03	4.214E-03	4.367E-03	2.807E-03	-1.560E-03
1.570E-03	4.249E-03	4.403E-03	2.832E-03	-1.571E-03
1.585E-03	4.284E-03	4.439E-03	2.857E-03	-1.581E-03
1.600E-03	4.319E-03	4.475E-03	2.883E-03	-1.592E-03
1.614E-03	4.355E-03	4.511E-03	2.908E-03	-1.603E-03
1.629E-03	4.391E-03	4.548E-03	2.934E-03	-1.614E-03
1.644E-03	4.428E-03	4.585E-03	2.960E-03	-1.625E-03
1.660E-03	4.465E-03	4.622E-03	2.986E-03	-1.636E-03
1.675E-03	4.502E-03	4.660E-03	3.013E-03	-1.647E-03
1.690E-03	4.539E-03	4.698E-03	3.040E-03	-1.658E-03
1.706E-03	4.577E-03	4.736E-03	3.067E-03	-1.669E-03
1.722E-03	4.615E-03	4.774E-03	3.094E-03	-1.681E-03
1.738E-03	4.654E-03	4.813E-03	3.121E-03	-1.692E-03
1.754E-03	4.692E-03	4.852E-03	3.149E-03	-1.704E-03
1.770E-03	4.731E-03	4.892E-03	3.177E-03	-1.715E-03
1.786E-03	4.771E-03	4.932E-03	3.205E-03	-1.727E-03
1.803E-03	4.810E-03	4.972E-03	3.233E-03	-1.739E-03
1.820E-03	4.850E-03	5.013E-03	3.262E-03	-1.751E-03
1.837E-03	4.891E-03	5.053E-03	3.291E-03	-1.763E-03
1.854E-03	4.932E-03	5.095E-03	3.320E-03	-1.775E-03
1.871E-03	4.973E-03	5.136E-03	3.350E-03	-1.787E-03
1.888E-03	5.014E-03	5.178E-03	3.379E-03	-1.799E-03
1.905E-03	5.056E-03	5.220E-03	3.409E-03	-1.811E-03
1.923E-03	5.098E-03	5.263E-03	3.439E-03	-1.824E-03
1.941E-03	5.141E-03	5.306E-03	3.470E-03	-1.836E-03
1.959E-03	5.183E-03	5.349E-03	3.501E-03	-1.849E-03
1.977E-03	5.227E-03	5.393E-03	3.532E-03	-1.861E-03
1.995E-03	5.270E-03	5.437E-03	3.563E-03	-1.874E-03
2.014E-03	5.314E-03	5.482E-03	3.594E-03	-1.887E-03
2.032E-03	5.359E-03	5.526E-03	3.626E-03	-1.900E-03
2.051E-03	5.403E-03	5.572E-03	3.658E-03	-1.913E-03
2.070E-03	5.448E-03	5.617E-03	3.691E-03	-1.926E-03
2.089E-03	5.494E-03	5.663E-03	3.723E-03	-1.940E-03
2.109E-03	5.540E-03	5.709E-03	3.756E-03	-1.953E-03
2.128E-03	5.586E-03	5.756E-03	3.790E-03	-1.966E-03
2.148E-03	5.633E-03	5.803E-03	3.823E-03	-1.980E-03
2.168E-03	5.680E-03	5.851E-03	3.857E-03	-1.994E-03
2.188E-03	5.727E-03	5.899E-03	3.891E-03	-2.007E-03
2.208E-03	5.775E-03	5.947E-03	3.926E-03	-2.021E-03
2.228E-03	5.824E-03	5.996E-03	3.960E-03	-2.035E-03
2.249E-03	5.872E-03	6.045E-03	3.996E-03	-2.049E-03
2.270E-03	5.921E-03	6.095E-03	4.031E-03	-2.064E-03
2.291E-03	5.971E-03	6.145E-03	4.067E-03	-2.078E-03
2.312E-03	6.021E-03	6.195E-03	4.103E-03	-2.092E-03
2.333E-03	6.071E-03	6.246E-03	4.139E-03	-2.107E-03
2.355E-03	6.122E-03	6.297E-03	4.176E-03	-2.122E-03
2.377E-03	6.173E-03	6.349E-03	4.212E-03	-2.136E-03
2.399E-03	6.225E-03	6.401E-03	4.250E-03	-2.151E-03
2.421E-03	6.277E-03	6.454E-03	4.287E-03	-2.166E-03
2.443E-03	6.330E-03	6.507E-03	4.325E-03	-2.181E-03
2.466E-03	6.383E-03	6.560E-03	4.364E-03	-2.196E-03
2.489E-03	6.436E-03	6.614E-03	4.402E-03	-2.212E-03
2.512E-03	6.490E-03	6.668E-03	4.441E-03	-2.227E-03
2.535E-03	6.545E-03	6.723E-03	4.480E-03	-2.243E-03
2.559E-03	6.600E-03	6.779E-03	4.520E-03	-2.258E-03
2.582E-03	6.655E-03	6.834E-03	4.560E-03	-2.274E-03
2.606E-03	6.711E-03	6.891E-03	4.600E-03	-2.290E-03
2.630E-03	6.767E-03	6.947E-03	4.641E-03	-2.306E-03
2.655E-03	6.824E-03	7.005E-03	4.682E-03	-2.322E-03
2.679E-03	6.881E-03	7.062E-03	4.724E-03	-2.339E-03
2.704E-03	6.939E-03	7.120E-03	4.765E-03	-2.355E-03
2.729E-03	6.997E-03	7.179E-03	4.808E-03	-2.372E-03
2.754E-03	7.056E-03	7.238E-03	4.850E-03	-2.388E-03
2.780E-03	7.115E-03	7.298E-03	4.893E-03	-2.405E-03
2.805E-03	7.175E-03	7.358E-03	4.936E-03	-2.422E-03
2.831E-03	7.235E-03	7.419E-03	4.980E-03	-2.439E-03
2.858E-03	7.296E-03	7.480E-03	5.024E-03	-2.456E-03
2.884E-03	7.358E-03	7.542E-03	5.069E-03	-2.474E-03
2.911E-03	7.420E-03	7.604E-03	5.113E-03	-2.491E-03
2.938E-03	7.482E-03	7.667E-03	5.159E-03	-2.509E-03
2.965E-03	7.545E-03	7.731E-03	5.204E-03	-2.526E-03
2.992E-03	7.608E-03	7.794E-03	5.250E-03	-2.544E-03
3.020E-03	7.672E-03	7.859E-03	5.297E-03	-2.562E-03
3.048E-03	7.737E-03	7.924E-03	5.344E-03	-2.580E-03
3.076E-03	7.802E-03	7.989E-03	5.391E-03	-2.599E-03
3.105E-03	7.868E-03	8.056E-03	5.439E-03	-2.617E-03
3.133E-03	7.934E-03	8.122E-03	5.487E-03	-2.636E-03
3.162E-03	8.001E-03	8.190E-03	5.535E-03	-2.654E-03
3.192E-03	8.069E-03	8.257E-03	5.584E-03	-2.673E-03
3.221E-03	8.137E-03	8.326E-03	5.634E-03	-2.692E-03
3.251E-03	8.205E-03	8.395E-03	5.683E-03	-2.711E-03
3.281E-03	8.274E-03	8.464E-03	5.734E-03	-2.731E-03
3.311E-03	8.344E-03	8.535E-03	5.785E-03	-2.750E-03
3.342E-03	8.415E-03	8.605E-03	5.836E-03	-2.770E-03
3.373E-03	8.486E-03	8.677E-03	5.887E-03	-2.790E-03
3.404E-03	8.557E-03	8.749E-03	5.939E-03	-2.809E-03
3.436E-03	8.630E-03	8.822E-03	5.992E-03	-2.830E-03
3.467E-03	8.703E-03	8.895E-03	6.045E-03	-2.850E-03
3.499E-03	8.776E-03	8.969E-03	6.099E-03	-2.870E-03
3.532E-03	8.850E-03	9.043E-03	6.152E-03	-2.891E-03
3.565E-03	8.925E-03	9.118E-03	6.207E-03	-2.911E-03
3.597E-03	9.001E-03	9.194E-03	6.262E-03	-2.932E-03
3.631E-03	9.077E-03	9.271E-03	6.317E-03	-2.953E-03
3.664E-03	9.154E-03	9.348E-03	6.373E-03	-2.975E-03
3.698E-03	9.231E-03	9.426E-03	6.430E-03	-2.996E-03
3.733E-03	9.309E-03	9.504E-03	6.487E-03	-3.018E-03
3.767E-03	9.388E-03	9.583E-03	6.544E-03	-3.039E-03
3.802E-03	9.467E-03	9.663E-03	6.602E-03	-3.061E-03
3.837E-03	9.548E-03	9.744E-03	6.660E-03	-3.083E-03
3.873E-03	9.628E-03	9.825E-03	6.719E-03	-3.105E-03
3.908E-03	9.710E-03	9.907E-03	6.779E-03	-3.128E-03
3.945E-03	9.792E-03	9.989E-03	6.839E-03	-3.151E-03
3.981E-03	9.875E-03	1.007E-02	6.899E-03	-3.173E-03
4.018E-03	9.959E-03	1.016E-02	6.961E-03	-3.196E-03
4.055E-03	1.004E-02	1.024E-02	7.022E-03	-3.219E-03
4.093E-03	1.013E-02	1.033E-02	7.084E-03	-3.243E-03
4.130E-03	1.021E-02	1.041E-02	7.147E-03	-3.266E-03
4.169E-03	1.030E-02	1.050E-02	7.210E-03	-3.290E-03
4.207E-03	1.039E-02	1.059E-02	7.274E-03	-3.314E-03
4.246E-03	1.048E-02	1.068E-02	7.339E-03	-3.338E-03
4.285E-03	1.057E-02	1.077E-02	7.404E-03	-3.362E-03
4.325E-03	1.066E-02	1.086E-02	7.469E-03	-3.387E-03
4.365E-03	1.075E-02	1.095E-02	7.536E-03	-3.411E-03
4.406E-03	1.084E-02	1.104E-02	7.602E-03	-3.436E-03
4.446E-03	1.093E-02	1.113E-02	7.670E-03	-3.461E-03
4.487E-03	1.102E-02	1.122E-02	7.738E-03	-3.487E-03
4.529E-03	1.112E-02	1.132E-02	7.806E-03	-3.512E-03
4.571E-03	1.121E-02	1.141E-02	7.876E-03	-3.538E-03
4.613E-03	1.131E-02	1.151E-02	7.945E-03	-3.564E-03
4.656E-03	1.140E-02	1.161E-02	8.016E-03	-3.590E-03
4.699E-03	1.150E-02	1.170E-02	8.087E-03	-3.616E-03
4.742E-03	1.160E-02	1.180E-02	8.159E-03	-3.643E-03
4.786E-03	1.170E-02	1.190E-02	8.231E-03	-3.669E-03
4.831E-03	1.180E-02	1.200E-02	8.304E-03	-3.696E-03
4.875E-03	1.190E-02	1.210E-02	8.378E-03	-3.724E-03
4.920E-03	1.200E-02	1.220E-02	8.452E-03	-3.751E-03
4.966E-03	1.210E-02	1.231E-02	8.527E-03	-3.779E-03
5.012E-03	1.220E-02	1.241E-02	8.603E-03	-3.807E-03
5.058E-03	1.231E-02	1.251E-02	8.679E-03	-3.835E-03
5.105E-03	1.241E-02	1.262E-02	8.756E-03	-3.863E-03
5.152E-03	1.252E-02	1.273E-02	8.834E-03	-3.891E-03
5.200E-03	1.263E-02	1.283E-02	8.912E-03	-3.920E-03
5.248E-03	1.274E-02	1.294E-02	8.991E-03	-3.949E-03
5.297E-03	1.284E-02	1.305E-02	9.071E-03	-3.979E-03
5.346E-03	1.295E-02	1.316E-02	9.152E-03	-4.008E-03
5.395E-03	1.306E-02	1.327E-02	9.233E-03	-4.038E-03
5.445E-03	1.318E-02	1.338E-02	9.315E-03	-4.068E-03
5.495E-03	1.329E-02	1.350E-02	9.398E-03	-4.098E-03
5.546E-03	1.340E-02	1.361E-02	9.481E-03	-4.128E-03
5.598E-03	1.352E-02	1.372E-02	9.566E-03	-4.159E-03
5.649E-03	1.363E-02	1.384E-02	9.651E-03	-4.190E-03
5.702E-03	1.375E-02	1.396E-02	9.736E-03	-4.221E-03
5.754E-03	1.387E-02	1.408E-02	9.823E-03	-4.253E-03
5.808E-03	1.399E-02	1.419E-02	9.910E-03	-4.285E-03
5.861E-03	1.411E-02	1.432E-02	9.998E-03	-4.317E-03
5.916E-03	1.423E-02	1.444E-02	1.009E-02	-4.349E-03
5.970E-03	1.435E-02	1.456E-02	1.018E-02	-4.382E-03
6.026E-03	1.447E-02	1.468E-02	1.027E-02	-4.414E-03
6.081E-03	1.460E-02	1.481E-02	1.036E-02	-4.448E-03
6.138E-03	1.472E-02	1.493E-02	1.045E-02	-4.481E-03
6.194E-03	1.485E-02	1.506E-02	1.054E-02	-4.515E-03
6.252E-03	1.498E-02	1.519E-02	1.064E-02	-4.548E-03
6.310E-03	1.511E-02	1.532E-02	1.073E-02	-4.583E-03
6.368E-03	1.524E-02	1.545E-02	1.083E-02	-4.617E-03
6.427E-03	1.537E-02	1.558E-02	1.092E-02	-4.652E-03
6.486E-03	1.550E-02	1.571E-02	1.102E-02	-4.687E-03
6.546E-03	1.563E-02	1.584E-02	1.112E-02	-4.722E-03
6.607E-03	1.577E-02	1.598E-02	1.122E-02	-4.758E-03
6.668E-03	1.590E-02	1.611E-02	1.132E-02	-4.794E-03
6.730E-03	1.604E-02	1.625E-02	1.142E-02	-4.830E-03
6.792E-03	1.618E-02	1.639E-02	1.152E-02	-4.867E-03
6.855E-03	1.632E-02	1.653E-02	1.162E-02	-4.904E-03
6.918E-03	1.646E-02	1.667E-02	1.173E-02	-4.941E-03
6.982E-03	1.660E-02	1.681E-02	1.183E-02	-4.979E-03
7.047E-03	1.674E-02	1.695E-02	1.194E-02	-5.016E-03
7.112E-03	1.689E-02	1.710E-02	1.204E-02	-5.055E-03
7.178E-03	1.704E-02	1.725E-02	1.215E-02	-5.093E-03
7.244E-03	1.718E-02	1.739E-02	1.226E-02	-5.132E-03
7.311E-03	1.733E-02	1.754E-02	1.237E-02	-5.171E-03
7.379E-03	1.748E-02	1.769E-02	1.248E-02	-5.210E-03
7.447E-03	1.763E-02	1.784E-02	1.259E-02	-5.250E-03
7.516E-03	1.778E-02	1.799E-02	1.270E-02	-5.290E-03
7.586E-03	1.794E-02	1.815E-02	1.282E-02	-5.331E-03
7.656E-03	1.809E-02	1.830E-02	1.293E-02	-5.372E-03
7.727E-03	1.825E-02	1.846E-02	1.305E-02	-5.413E-03
7.798E-03	1.841E-02	1.862E-02	1.316E-02	-5.454E-03
7.870E-03	1.857E-02	1.878E-02	1.328E-02	-5.496E-03
7.943E-03	1.873E-02	1.894E-02	1.340E-02	-5.539E-03
8.017E-03	1.889E-02	1.910E-02	1.352E-02	-5.581E-03
8.091E-03	1.906E-02	1.927E-02	1.364E-02	-5.624E-03
8.166E-03	1.922E-02	1.943E-02	1.376E-02	-5.667E-03
8.241E-03	1.939E-02	1.960E-02	1.389E-02	-5.711E-03
8.318E-03	1.956E-02	1.977E-02	1.401E-02	-5.755E-03
8.395E-03	1.973E-02	1.994E-02	1.414E-02	-5.800E-03
8.472E-03	1.990E-02	2.011E-02	1.426E-02	-5.844E-03
8.551E-03	2.007E-02	2.028E-02	1.439E-02	-5.890E-03
8.630E-03	2.025E-02	2.046E-02	1.452E-02	-5.935E-03
8.710E-03	2.042E-02	2.063E-02	1.465E-02	-5.981E-03
8.790E-03	2.060E-02	2.081E-02	1.478E-02	-6.028E-03
8.872E-03	2.078E-02	2.099E-02	1.491E-02	-6.074E-03
8.954E-03	2.096E-02	2.117E-02	1.505E-02	-6.122E-03
9.036E-03	2.114E-02	2.135E-02	1.518E-02	-6.169E-03
9.120E-03	2.133E-02	2.154E-02	1.532E-02	-6.217E-03
9.204E-03	2.151E-02	2.172E-02	1.546E-02	-6.266E-03
9.290E-03	2.170E-02	2.191E-02	1.560E-02	-6.315E-03
9.376E-03	2.189E-02	2.210E-02	1.574E-02	-6.364E-03
9.462E-03	2.208E-02	2.229E-02	1.588E-02	-6.414E-03
9.550E-03	2.227E-02	2.248E-02	1.602E-02	-6.464E-03
9.638E-03	2.247E-02	2.268E-02	1.616E-02	-6.514E-03
9.727E-03	2.266E-02	2.287E-02	1.631E-02	-6.565E-03
9.817E-03	2.286E-02	2.307E-02	1.645E-02	-6.617E-03
9.908E-03	2.306E-02	2.327E-02	1.660E-02	-6.669E-03
1.000E-02	2.326E-02	2.347E-02	1.675E-02	-6.721E-03
1.198E-02	2.763E-02	2.783E-02	1.998E-02	-7.849E-03
1.397E-02	3.199E-02	3.219E-02	2.322E-02	-8.969E-03
1.595E-02	3.636E-02	3.655E-02	2.647E-02	-1.009E-02
1.794E-02	4.074E-02	4.092E-02	2.972E-02	-1.120E-02
1.992E-02	4.512E-02	4.531E-02	3.299E-02	-1.231E-02
2.190E-02	4.953E-02	4.970E-02	3.627E-02	-1.343E-02
2.389E-02	5.394E-02	5.411E-02	3.957E-02	-1.454E-02
2.587E-02	5.838E-02	5.854E-02	4.288E-02	-1.566E-02
2.786E-02	6.283E-02	6.298E-02	4.621E-02	-1.677E-02
2.984E-02	6.729E-02	6.744E-02	4.955E-02	-1.789E-02
3.182E-02	7.177E-02	7.191E-02	5.290E-02	-1.901E-02
3.381E-02	7.627E-02	7.640E-02	5.627E-02	-2.013E-02
3.579E-02	8.078E-02	8.091E-02	5.966E-02	-2.125E-02
3.778E-02	8.530E-02	8.543E-02	6.305E-02	-2.238E-02
3.976E-02	8.984E-02	8.997E-02	6.647E-02	-2.350E-02
4.174E-02	9.440E-02	9.451E-02	6.989E-02	-2.463E-02
4.373E-02	9.897E-02	9.908E-02	7.333E-02	-2.575E-02
4.571E-02	1.035E-01	1.037E-01	7.678E-02	-2.688E-02
4.770E-02	1.081E-01	1.082E-01	8.024E-02	-2.800E-02
4.968E-02	1.127E-01	1.128E-01	8.371E-02	-2.913E-02
5.166E-02	1.173E-01	1.174E-01	8.719E-02	-3.025E-02
5.365E-02	1.220E-01	1.221E-01	9.068E-02	-3.138E-02
5.563E-02	1.266E-01	1.267E-01	9.419E-02	-3.250E-02
5.762E-02	1.312E-01	1.313E-01	9.770E-02	-3.362E-02
5.960E-02	1.359E-01	1.360E-01	1.012E-01	-3.474E-02
6.158E-02	1.405E-01	1.406E-01	1.047E-01	-3.586E-02
6.357E-02	1.452E-01	1.453E-01	1.083E-01	-3.698E-02
6.555E-02	1.498E-01	1.499E-01	1.118E-01	-3.809E-02
6.754E-02	1.545E-01	1.546E-01	1.154E-01	-3.920E-02
6.952E-02	1.592E-01	1.592E-01	1.189E-01	-4.031E-02
7.150E-02	1.638E-01	1.639E-01	1.225E-01	-4.142E-02
7.349E-02	1.685E-01	1.686E-01	1.260E-01	-4.252E-02
7.547E-02	1.732E-01	1.732E-01	1.296E-01	-4.362E-02
7.745E-02	1.778E-01	1.779E-01	1.332E-01	-4.472E-02
7.944E-02	1.825E-01	1.826E-01	1.367E-01	-4.581E-02
8.142E-02	1.872E-01	1.872E-01	1.403E-01	-4.689E-02
8.341E-02	1.918E-01	1.919E-01	1.439E-01	-4.797E-02
8.539E-02	1.965E-01	1.965E-01	1.475E-01	-4.905E-02
8.737E-02	2.011E-01	2.012E-01	1.510E-01	-5.012E-02
8.936E-02	2.058E-01	2.058E-01	1.546E-01	-5.119E-02
9.134E-02	2.104E-01	2.104E-01	1.582E-01	-5.225E-02
9.333E-02	2.150E-01	2.151E-01	1.618E-01	-5.330E-02
9.531E-02	2.196E-01	2.197E-01	1.653E-01	-5.435E-02
9.729E-02	2.243E-01	2.243E-01	1.689E-01	-5.539E-02
9.928E-02	2.289E-01	2.289E-01	1.725E-01	-5.642E-02
1.013E-01	2.334E-01	2.335E-01	1.760E-01	-5.745E-02
1.032E-01	2.380E-01	2.381E-01	1.796E-01	-5.847E-02
1.052E-01	2.426E-01	2.426E-01	1.831E-01	-5.948E-02
1.072E-01	2.471E-01	2.472E-01	1.867E-01	-6.048E-02
1.092E-01	2.517E-01	2.517E-01	1.902E-01	-6.148E-02
1.112E-01	2.562E-01	2.562E-01	1.937E-01	-6.247E-02
1.132E-01	2.607E-01	2.607E-01	1.973E-01	-6.345E-02
1.152E-01	2.652E-01	2.652E-01	2.008E-01	-6.442E-02
1.171E-01	2.696E-01	2.697E-01	2.043E-01	-6.538E-02
1.191E-01	2.741E-01	2.741E-01	2.078E-01	-6.634E-02
1.211E-01	2.785E-01	2.785E-01	2.113E-01	-6.728E-02
1.231E-01	2.829E-01	2.830E-01	2.147E-01	-6.822E-02
1.251E-01	2.873E-01	2.873E-01	2.182E-01	-6.914E-02
1.271E-01	2.917E-01	2.917E-01	2.217E-01	-7.006E-02
1.290E-01	2.960E-01	2.961E-01	2.251E-01	-7.096E-02
1.310E-01	3.004E-01	3.004E-01	2.285E-01	-7.186E-02
1.330E-01	3.047E-01	3.047E-01	2.319E-01	-7.274E-02
1.350E-01	3.089E-01	3.090E-01	2.353E-01	-7.362E-02
1.370E-01	3.132E-01	3.132E-01	2.387E-01	-7.448E-02
1.390E-01	3.174E-01	3.174E-01	2.421E-01	-7.533E-02
1.409E-01	3.216E-01	3.216E-01	2.454E-01	-7.617E-02
1.429E-01	3.258E-01	3.258E-01	2.488E-01	-7.700E-02
1.449E-01	3.299E-01	3.299E-01	2.521E-01	-7.782E-02
1.469E-01	3.340E-01	3.340E-01	2.554E-01	-7.863E-02
1.489E-01	3.381E-01	3.381E-01	2.587E-01	-7.943E-02
1.509E-01	3.422E-01	3.422E-01	2.620E-01	-8.021E-02
1.528E-01	3.462E-01	3.462E-01	2.652E-01	-8.098E-02
1.548E-01	3.502E-01	3.502E-01	2.685E-01	-8.174E-02
1.568E-01	3.541E-01	3.542E-01	2.717E-01	-8.249E-02
1.588E-01	3.581E-01	3.581E-01	2.749E-01	-8.323E-02
1.608E-01	3.620E-01	3.620E-01	2.780E-01	-8.395E-02
1.628E-01	3.658E-01	3.658E-01	2.812E-01	-8.466E-02
1.647E-01	3.697E-01	3.697E-01	2.843E-01	-8.536E-02
1.667E-01	3.734E-01	3.735E-01	2.874E-01	-8.604E-02
1.687E-01	3.772E-01	3.772E-01	2.905E-01	-8.672E-02
1.707E-01	3.809E-01	3.809E-01	2.936E-01	-8.738E-02
1.727E-01	3.846E-01	3.846E-01	2.966E-01	-8.802E-02
1.747E-01	3.883E-01	3.883E-01	2.996E-01	-8.865E-02
1.767E-01	3.919E-01	3.919E-01	3.026E-01	-8.927E-02
1.786E-01	3.954E-01	3.954E-01	3.056E-01	-8.988E-02
1.806E-01	3.990E-01	3.990E-01	3.085E-01	-9.047E-02
1.826E-01	4.025E-01	4.025E-01	3.114E-01	-9.105E-02
1.846E-01	4.059E-01	4.059E-01	3.143E-01	-9.162E-02
1.866E-01	4.093E-01	4.093E-01	3.172E-01	-9.217E-02
1.886E-01	4.127E-01	4.127E-01	3.200E-01	-9.271E-02
1.905E-01	4.160E-01	4.161E-01	3.228E-01	-9.323E-02
1.925E-01	4.193E-01	4.193E-01	3.256E-01	-9.374E-02
1.945E-01	4.226E-01	4.226E-01	3.284E-01	-9.424E-02
1.965E-01	4.258E-01	4.258E-01	3.311E-01	-9.472E-02
1.985E-01	4.290E-01	4.290E-01	3.338E-01	-9.519E-02
2.005E-01	4.321E-01	4.321E-01	3.364E-01	-9.564E-02
2.024E-01	4.352E-01	4.352E-01	3.391E-01	-9.608E-02
2.044E-01	4.382E-01	4.382E-01	3.417E-01	-9.651E-02
2.064E-01	4.412E-01	4.412E-01	3.443E-01	-9.692E-02
2.084E-01	4.441E-01	4.441E-01	3.468E-01	-9.732E-02
2.104E-01	4.470E-01	4.470E-01	3.493E-01	-9.770E-02
2.124E-01	4.499E-01	4.499E-01	3.518E-01	-9.807E-02
2.143E-01	4.527E-01	4.527E-01	3.543E-01	-9.843E-02
2.163E-01	4.555E-01	4.555E-01	3.567E-01	-9.877E-02
2.183E-01	4.582E-01	4.582E-01	3.591E-01	-9.909E-02
2.203E-01	4.608E-01	4.609E-01	3.614E-01	-9.941E-02
2.223E-01	4.635E-01	4.635E-01	3.638E-01	-9.971E-02
2.243E-01	4.660E-01	4.661E-01	3.661E-01	-9.999E-02
2.263E-01	4.686E-01	4.686E-01	3.683E-01	-1.003E-01
2.282E-01	4.711E-01	4.711E-01	3.705E-01	-1.005E-01
2.302E-01	4.735E-01	4.735E-01	3.727E-01	-1.008E-01
2.322E-01	4.759E-01	4.759E-01	3.749E-01	-1.010E-01
2.342E-01	4.782E-01	4.782E-01	3.770E-01	-1.012E-01
2.362E-01	4.805E-01	4.805E-01	3.791E-01	-1.014E-01
2.382E-01	4.827E-01	4.827E-01	3.812E-01	-1.016E-01
2.401E-01	4.849E-01	4.849E-01	3.832E-01	-1.017E-01
2.421E-01	4.871E-01	4.871E-01	3.852E-01	-1.019E-01
2.441E-01	4.892E-01	4.892E-01	3.871E-01	-1.020E-01
2.461E-01	4.912E-01	4.912E-01	3.890E-01	-1.022E-01
2.481E-01	4.932E-01	4.932E-01	3.909E-01	-1.023E-01
2.501E-01	4.951E-01	4.951E-01	3.927E-01	-1.024E-01
2.520E-01	4.970E-01	4.970E-01	3.945E-01	-1.025E-01
2.540E-01	4.989E-01	4.989E-01	3.963E-01	-1.026E-01
2.560E-01	5.007E-01	5.007E-01	3.980E-01	-1.026E-01
2.580E-01	5.024E-01	5.024E-01	3.997E-01	-1.027E-01
2.600E-01	5.041E-01	5.041E-01	4.014E-01	-1.027E-01
2.620E-01	5.057E-01	5.057E-01	4.030E-01	-1.027E-01
2.639E-01	5.073E-01	5.073E-01	4.046E-01	-1.027E-01
2.659E-01	5.088E-01	5.088E-01	4.061E-01	-1.027E-01
2.679E-01	5.103E-01	5.103E-01	4.076E-01	-1.027E-01
2.699E-01	5.118E-01	5.118E-01	4.091E-01	-1.027E-01
2.719E-01	5.131E-01	5.132E-01	4.105E-01	-1.026E-01
2.739E-01	5.145E-01	5.145E-01	4.119E-01	-1.025E-01
2.759E-01	5.158E-01	5.158E-01	4.133E-01	-1.025E-01
2.778E-01	5.170E-01	5.170E-01	4.146E-01	-1.024E-01
2.798E-01	5.182E-01	5.182E-01	4.159E-01	-1.023E-01
2.818E-01	5.193E-01	5.193E-01	4.171E-01	-1.022E-01
2.838E-01	5.204E-01	5.204E-01	4.183E-01	-1.021E-01
2.858E-01	5.214E-01	5.214E-01	4.195E-01	-1.019E-01
2.878E-01	5.224E-01	5.224E-01	4.206E-01	-1.018E-01
2.897E-01	5.233E-01	5.233E-01	4.217E-01	-1.016E-01
2.917E-01	5.242E-01	5.242E-01	4.227E-01	-1.014E-01
2.937E-01	5.250E-01	5.250E-01	4.238E-01	-1.013E-01
2.957E-01	5.258E-01	5.258E-01	4.247E-01	-1.011E-01
2.977E-01	5.265E-01	5.265E-01	4.256E-01	-1.009E-01
2.997E-01	5.272E-01	5.272E-01	4.265E-01	-1.006E-01
3.016E-01	5.278E-01	5.278E-01	4.274E-01	-1.004E-01
3.036E-01	5.284E-01	5.284E-01	4.282E-01	-1.002E-01
3.056E-01	5.289E-01	5.289E-01	4.290E-01	-9.991E-02
3.076E-01	5.294E-01	5.294E-01	4.297E-01	-9.965E-02
3.096E-01	5.298E-01	5.298E-01	4.304E-01	-9.937E-02
3.116E-01	5.302E-01	5.302E-01	4.311E-01	-9.909E-02
3.135E-01	5.305E-01	5.305E-01	4.317E-01	-9.879E-02
3.155E-01	5.307E-01	5.307E-01	4.323E-01	-9.848E-02
3.175E-01	5.310E-01	5.310E-01	4.328E-01	-9.817E-02
3.195E-01	5.311E-01	5.311E-01	4.333E-01	-9.784E-02
3.215E-01	5.313E-01	5.313E-01	4.338E-01	-9.750E-02
3.235E-01	5.313E-01	5.313E-01	4.342E-01	-9.715E-02
3.255E-01	5.314E-01	5.314E-01	4.346E-01	-9.679E-02
3.274E-01	5.313E-01	5.313E-01	4.349E-01	-9.643E-02
3.294E-01	5.313E-01	5.313E-01	4.352E-01	-9.605E-02
3.314E-01	5.312E-01	5.312E-01	4.355E-01	-9.566E-02
3.334E-01	5.310E-01	5.310E-01	4.357E-01	-9.527E-02
3.354E-01	5.308E-01	5.308E-01	4.359E-01	-9.486E-02
3.374E-01	5.305E-01	5.305E-01	4.361E-01	-9.445E-02
3.393E-01	5.302E-01	5.302E-01	4.362E-01	-9.403E-02
3.413E-01	5.299E-01	5.299E-01	4.363E-01	-9.360E-02
3.433E-01	5.295E-01	5.295E-01	4.363E-01	-9.316E-02
3.453E-01	5.290E-01	5.290E-01	4.363E-01	-9.271E-02
3.473E-01	5.285E-01	5.285E-01	4.363E-01	-9.226E-02
3.493E-01	5.280E-01	5.280E-01	4.362E-01	-9.179E-02
3.512E-01	5.274E-01	5.274E-01	4.361E-01	-9.132E-02
3.532E-01	5.268E-01	5.268E-01	4.359E-01	-9.084E-02
3.552E-01	5.261E-01	5.261E-01	4.358E-01	-9.035E-02
3.572E-01	5.254E-01	5.254E-01	4.355E-01	-8.986E-02
3.592E-01	5.246E-01	5.246E-01	4.353E-01	-8.936E-02
3.612E-01	5.238E-01	5.238E-01	4.350E-01	-8.885E-02
3.631E-01	5.230E-01	5.230E-01	4.346E-01	-8.833E-02
3.651E-01	5.221E-01	5.221E-01	4.343E-01	-8.781E-02
3.671E-01	5.212E-01	5.212E-01	4.339E-01	-8.728E-02
3.691E-01	5.202E-01	5.202E-01	4.334E-01	-8.675E-02
3.711E-01	5.192E-01	5.192E-01	4.330E-01	-8.621E-02
3.731E-01	5.181E-01	5.181E-01	4.324E-01	-8.566E-02
3.751E-01	5.170E-01	5.170E-01	4.319E-01	-8.511E-02
3.770E-01	5.159E-01	5.159E-01	4.313E-01	-8.455E-02
3.790E-01	5.147E-01	5.147E-01	4.307E-01	-8.398E-02
3.810E-01	5.135E-01	5.135E-01	4.300E-01	-8.341E-02
3.830E-01	5.122E-01	5.122E-01	4.294E-01	-8.284E-02
3.850E-01	5.109E-01	5.109E-01	4.286E-01	-8.226E-02
3.870E-01	5.096E-01	5.096E-01	4.279E-01	-8.167E-02
3.889E-01	5.082E-01	5.082E-01	4.271E-01	-8.108E-02
3.909E-01	5.068E-01	5.068E-01	4.263E-01	-8.049E-02
3.929E-01	5.053E-01	5.053E-01	4.254E-01	-7.989E-02
3.949E-01	5.038E-01	5.038E-01	4.245E-01	-7.929E-02
3.969E-01	5.023E-01	5.023E-01	4.236E-01	-7.868E-02
3.989E-01	5.007E-01	5.007E-01	4.227E-01	-7.807E-02
4.008E-01	4.991E-01	4.991E-01	4.217E-01	-7.745E-02
4.028E-01	4.975E-01	4.975E-01	4.206E-01	-7.683E-02
4.048E-01	4.958E-01	4.958E-01	4.196E-01	-7.621E-02
4.068E-01	4.941E-01	4.941E-01	4.185E-01	-7.559E-02
4.088E-01	4.924E-01	4.924E-01	4.174E-01	-7.496E-02
4.108E-01	4.906E-01	4.906E-01	4.163E-01	-7.433E-02
4.127E-01	4.888E-01	4.888E-01	4.151E-01	-7.369E-02
4.147E-01	4.869E-01	4.869E-01	4.139E-01	-7.306E-02
4.167E-01	4.851E-01	4.851E-01	4.126E-01	-7.242E-02
4.187E-01	4.832E-01	4.832E-01	4.114E-01	-7.177E-02
4.207E-01	4.812E-01	4.812E-01	4.101E-01	-7.113E-02
4.227E-01	4.792E-01	4.792E-01	4.088E-01	-7.048E-02
4.246E-01	4.772E-01	4.772E-01	4.074E-01	-6.984E-02
4.266E-01	4.752E-01	4.752E-01	4.060E-01	-6.919E-02
4.286E-01	4.732E-01	4.732E-01	4.046E-01	-6.853E-02
4.306E-01	4.711E-01	4.711E-01	4.032E-01	-6.788E-02
4.326E-01	4.690E-01	4.690E-01	4.017E-01	-6.723E-02
4.346E-01	4.668E-01	4.668E-01	4.002E-01	-6.657E-02
4.366E-01	4.646E-01	4.646E-01	3.987E-01	-6.592E-02
4.385E-01	4.624E-01	4.624E-01	3.972E-01	-6.526E-02
4.405E-01	4.602E-01	4.602E-01	3.956E-01	-6.460E-02
4.425E-01	4.579E-01	4.579E-01	3.940E-01	-6.394E-02
4.445E-01	4.557E-01	4.557E-01	3.924E-01	-6.328E-02
4.465E-01	4.534E-01	4.534E-01	3.907E-01	-6.262E-02
4.485E-01	4.510E-01	4.510E-01	3.891E-01	-6.196E-02
4.504E-01	4.487E-01	4.487E-01	3.874E-01	-6.130E-02
4.524E-01	4.463E-01	4.463E-01	3.857E-01	-6.064E-02
4.544E-01	4.439E-01	4.439E-01	3.839E-01	-5.999E-02
4.564E-01	4.415E-01	4.415E-01	3.821E-01	-5.933E-02
4.584E-01	4.390E-01	4.390E-01	3.804E-01	-5.867E-02
4.604E-01	4.365E-01	4.365E-01	3.785E-01	-5.801E-02
4.623E-01	4.341E-01	4.341E-01	3.767E-01	-5.735E-02
4.643E-01	4.315E-01	4.315E-01	3.748E-01	-5.670E-02
4.663E-01	4.290E-01	4.290E-01	3.730E-01	-5.604E-02
4.683E-01	4.265E-01	4.265E-01	3.711E-01	-5.539E-02
4.703E-01	4.239E-01	4.239E-01	3.692E-01	-5.473E-02
4.723E-01	4.213E-01	4.213E-01	3.672E-01	-5.408E-02
4.742E-01	4.187E-01	4.187E-01	3.652E-01	-5.343E-02
4.762E-01	4.161E-01	4.161E-01	3.633E-01	-5.278E-02
4.782E-01	4.134E-01	4.134E-01	3.613E-01	-5.214E-02
4.802E-01	4.107E-01	4.107E-01	3.593E-01	-5.149E-02
4.822E-01	4.081E-01	4.081E-01	3.572E-01	-5.085E-02
4.842E-01	4.054E-01	4.054E-01	3.552E-01	-5.021E-02
4.862E-01	4.027E-01	4.027E-01	3.531E-01	-4.957E-02
4.881E-01	3.999E-01	3.999E-01	3.510E-01	-4.893E-02
4.901E-01	3.972E-01	3.972E-01	3.489E-01	-4.830E-02
4.921E-01	3.944E-01	3.944E-01	3.468E-01	-4.767E-02
4.941E-01	3.917E-01	3.917E-01	3.446E-01	-4.704E-02
4.961E-01	3.889E-01	3.889E-01	3.425E-01	-4.641E-02
4.981E-01	3.861E-01	3.861E-01	3.403E-01	-4.579E-02
5.000E-01	3.833E-01	3.833E-01	3.381E-01	-4.517E-02
5.020E-01	3.805E-01	3.805E-01	3.359E-01	-4.455E-02
5.040E-01	3.776E-01	3.776E-01	3.337E-01	-4.393E-02
5.060E-01	3.748E-01	3.748E-01	3.315E-01	-4.332E-02
5.080E-01	3.719E-01	3.719E-01	3.292E-01	-4.271E-02
5.100E-01	3.691E-01	3.691E-01	3.270E-01	-4.211E-02
5.119E-01	3.662E-01	3.662E-01	3.247E-01	-4.151E-02
5.139E-01	3.633E-01	3.633E-01	3.224E-01	-4.091E-02
5.159E-01	3.604E-01	3.604E-01	3.201E-01	-4.031E-02
5.179E-01	3.575E-01	3.575E-01	3.178E-01	-3.972E-02
5.199E-01	3.546E-01	3.546E-01	3.155E-01	-3.913E-02
5.219E-01	3.517E-01	3.517E-01	3.132E-01	-3.855E-02
5.238E-01	3.488E-01	3.488E-01	3.109E-01	-3.797E-02
5.258E-01	3.459E-01	3.459E-01	3.085E-01	-3.739E-02
5.278E-01	3.430E-01	3.430E-01	3.062E-01	-3.682E-02
5.298E-01	3.400E-01	3.400E-01	3.038E-01	-3.625E-02
5.318E-01	3.371E-01	3.371E-01	3.014E-01	-3.569E-02
5.338E-01	3.342E-01	3.342E-01	2.990E-01	-3.513E-02
5.358E-01	3.312E-01	3.312E-01	2.966E-01	-3.457E-02
5.377E-01	3.283E-01	3.283E-01	2.942E-01	-3.402E-02
5.397E-01	3.253E-01	3.253E-01	2.918E-01	-3.347E-02
5.417E-01	3.224E-01	3.224E-01	2.894E-01	-3.293E-02
5.437E-01	3.194E-01	3.194E-01	2.870E-01	-3.239E-02
5.457E-01	3.165E-01	3.165E-01	2.846E-01	-3.186E-02
5.477E-01	3.135E-01	3.135E-01	2.822E-01	-3.133E-02
5.496E-01	3.105E-01	3.105E-01	2.797E-01	-3.080E-02
5.516E-01	3.076E-01	3.076E-01	2.773E-01	-3.028E-02
5.536E-01	3.046E-01	3.046E-01	2.749E-01	-2.977E-02
5.556E-01	3.017E-01	3.017E-01	2.724E-01	-2.926E-02
5.576E-01	2.987E-01	2.987E-01	2.700E-01	-2.875E-02
5.596E-01	2.957E-01	2.957E-01	2.675E-01	-2.825E-02
5.615E-01	2.928E-01	2.928E-01	2.650E-01	-2.775E-02
5.635E-01	2.898E-01	2.898E-01	2.626E-01	-2.726E-02
5.655E-01	2.869E-01	2.869E-01	2.601E-01	-2.677E-02
5.675E-01	2.839E-01	2.839E-01	2.577E-01	-2.629E-02
5.695E-01	2.810E-01	2.810E-01	2.552E-01	-2.581E-02
5.715E-01	2.781E-01	2.781E-01	2.527E-01	-2.534E-02
5.734E-01	2.751E-01	2.751E-01	2.503E-01	-2.487E-02
5.754E-01	2.722E-01	2.722E-01	2.478E-01	-2.441E-02
5.774E-01	2.693E-01	2.693E-01	2.453E-01	-2.395E-02
5.794E-01	2.664E-01	2.664E-01	2.429E-01	-2.350E-02
5.814E-01	2.634E-01	2.634E-01	2.404E-01	-2.306E-02
5.834E-01	2.605E-01	2.605E-01	2.379E-01	-2.261E-02
5.854E-01	2.576E-01	2.576E-01	2.355E-01	-2.218E-02
5.873E-01	2.547E-01	2.547E-01	2.330E-01	-2.174E-02
5.893E-01	2.519E-01	2.519E-01	2.305E-01	-2.132E-02
5.913E-01	2.490E-01	2.490E-01	2.281E-01	-2.090E-02
5.933E-01	2.461E-01	2.461E-01	2.256E-01	-2.048E-02
5.953E-01	2.432E-01	2.432E-01	2.232E-01	-2.007E-02
5.973E-01	2.404E-01	2.404E-01	2.207E-01	-1.966E-02
5.992E-01	2.375E-01	2.375E-01	2.183E-01	-1.926E-02
6.012E-01	2.347E-01	2.347E-01	2.158E-01	-1.886E-02
6.032E-01	2.319E-01	2.319E-01	2.134E-01	-1.847E-02
6.052E-01	2.291E-01	2.291E-01	2.110E-01	-1.809E-02
6.072E-01	2.263E-01	2.263E-01	2.085E-01	-1.771E-02
6.092E-01	2.235E-01	2.235E-01	2.061E-01	-1.733E-02
6.111E-01	2.207E-01	2.207E-01	2.037E-01	-1.696E-02
6.131E-01	2.179E-01	2.179E-01	2.013E-01	-1.660E-02
6.151E-01	2.151E-01	2.151E-01	1.989E-01	-1.624E-02
6.171E-01	2.124E-01	2.124E-01	1.965E-01	-1.588E-02
6.191E-01	2.096E-01	2.096E-01	1.941E-01	-1.553E-02
6.211E-01	2.069E-01	2.069E-01	1.917E-01	-1.519E-02
6.230E-01	2.042E-01	2.042E-01	1.894E-01	-1.485E-02
6.250E-01	2.015E-01	2.015E-01	1.870E-01	-1.451E-02
6.270E-01	1.988E-01	1.988E-01	1.846E-01	-1.418E-02
6.290E-01	1.961E-01	1.961E-01	1.823E-01	-1.386E-02
6.310E-01	1.935E-01	1.935E-01	1.799E-01	-1.354E-02
6.330E-01	1.908E-01	1.908E-01	1.776E-01	-1.322E-02
6.349E-01	1.882E-01	1.882E-01	1.753E-01	-1.291E-02
6.369E-01	1.856E-01	1.856E-01	1.730E-01	-1.261E-02
6.389E-01	1.830E-01	1.830E-01	1.707E-01	-1.231E-02
6.409E-01	1.804E-01	1.804E-01	1.684E-01	-1.201E-02
6.429E-01	1.778E-01	1.778E-01	1.661E-01	-1.172E-02
6.449E-01	1.753E-01	1.753E-01	1.638E-01	-1.144E-02
6.469E-01	1.727E-01	1.727E-01	1.616E-01	-1.116E-02
6.488E-01	1.702E-01	1.702E-01	1.593E-01	-1.088E-02
6.508E-01	1.677E-01	1.677E-01	1.571E-01	-1.061E-02
6.528E-01	1.652E-01	1.652E-01	1.548E-01	-1.034E-02
6.548E-01	1.627E-01	1.627E-01	1.526E-01	-1.008E-02
6.568E-01	1.602E-01	1.602E-01	1.504E-01	-9.824E-03
6.588E-01	1.578E-01	1.578E-01	1.482E-01	-9.571E-03
6.607E-01	1.554E-01	1.554E-01	1.460E-01	-9.323E-03
6.627E-01	1.530E-01	1.530E-01	1.439E-01	-9.080E-03
6.647E-01	1.506E-01	1.506E-01	1.417E-01	-8.841E-03
6.667E-01	1.482E-01	1.482E-01	1.396E-01	-8.606E-03
6.687E-01	1.458E-01	1.458E-01	1.375E-01	-8.376E-03
6.707E-01	1.435E-01	1.435E-01	1.353E-01	-8.150E-03
6.726E-01	1.412E-01	1.412E-01	1.332E-01	-7.929E-03
6.746E-01	1.389E-01	1.389E-01	1.312E-01	-7.712E-03
6.766E-01	1.366E-01	1.366E-01	1.291E-01	-7.499E-03
6.786E-01	1.343E-01	1.343E-01	1.270E-01	-7.290E-03
6.806E-01	1.321E-01	1.321E-01	1.250E-01	-7.086E-03
6.826E-01	1.298E-01	1.298E-01	1.230E-01	-6.886E-03
6.845E-01	1.276E-01	1.276E-01	1.209E-01	-6.690E-03
6.865E-01	1.254E-01	1.254E-01	1.189E-01	-6.498E-03
6.885E-01	1.233E-01	1.233E-01	1.170E-01	-6.309E-03
6.905E-01	1.211E-01	1.211E-01	1.150E-01	-6.125E-03
6.925E-01	1.190E-01	1.190E-01	1.130E-01	-5.945E-03
6.945E-01	1.169E-01	1.169E-01	1.111E-01	-5.769E-03
6.965E-01	1.148E-01	1.148E-01	1.092E-01	-5.596E-03
6.984E-01	1.127E-01	1.127E-01	1.073E-01	-5.428E-03
7.004E-01	1.107E-01	1.107E-01	1.054E-01	-5.263E-03
7.024E-01	1.086E-01	1.086E-01	1.035E-01	-5.102E-03
7.044E-01	1.066E-01	1.066E-01	1.017E-01	-4.944E-03
7.064E-01	1.046E-01	1.046E-01	9.983E-02	-4.790E-03
7.084E-01	1.026E-01	1.026E-01	9.801E-02	-4.640E-03
7.103E-01	1.007E-01	1.007E-01	9.620E-02	-4.493E-03
7.123E-01	9.876E-02	9.876E-02	9.441E-02	-4.349E-03
7.143E-01	9.685E-02	9.685E-02	9.264E-02	-4.209E-03
7.163E-01	9.496E-02	9.496E-02	9.089E-02	-4.073E-03
7.183E-01	9.309E-02	9.309E-02	8.915E-02	-3.940E-03
7.203E-01	9.124E-02	9.124E-02	8.743E-02	-3.810E-03
7.222E-01	8.941E-02	8.941E-02	8.573E-02	-3.683E-03
7.242E-01	8.760E-02	8.760E-02	8.405E-02	-3.559E-03
7.262E-01	8.582E-02	8.582E-02	8.238E-02	-3.439E-03
7.282E-01	8.405E-02	8.405E-02	8.073E-02	-3.321E-03
7.302E-01	8.231E-02	8.231E-02	7.910E-02	-3.207E-03
7.322E-01	8.058E-02	8.058E-02	7.748E-02	-3.095E-03
7.341E-01	7.888E-02	7.888E-02	7.589E-02	-2.987E-03
7.361E-01	7.719E-02	7.719E-02	7.431E-02	-2.881E-03
7.381E-01	7.553E-02	7.553E-02	7.275E-02	-2.779E-03
7.401E-01	7.389E-02	7.389E-02	7.121E-02	-2.679E-03
7.421E-01	7.227E-02	7.227E-02	6.969E-02	-2.581E-03
7.441E-01	7.067E-02	7.067E-02	6.818E-02	-2.487E-03
7.461E-01	6.909E-02	6.909E-02	6.670E-02	-2.395E-03
7.480E-01	6.753E-02	6.753E-02	6.523E-02	-2.306E-03
7.500E-01	6.600E-02	6.600E-02	6.378E-02	-2.219E-03
7.520E-01	6.448E-02	6.448E-02	6.235E-02	-2.135E-03
7.540E-01	6.299E-02	6.299E-02	6.093E-02	-2.053E-03
7.560E-01	6.151E-02	6.151E-02	5.954E-02	-1.974E-03
7.580E-01	6.006E-02	6.006E-02	5.816E-02	-1.897E-03
7.599E-01	5.863E-02	5.863E-02	5.680E-02	-1.822E-03
7.619E-01	5.721E-02	5.721E-02	5.546E-02	-1.750E-03
7.639E-01	5.582E-02	5.582E-02	5.414E-02	-1.680E-03
7.659E-01	5.445E-02	5.445E-02	5.284E-02	-1.612E-03
7.679E-01	5.310E-02	5.310E-02	5.156E-02	-1.546E-03
7.699E-01	5.177E-02	5.177E-02	5.029E-02	-1.482E-03
7.718E-01	5.046E-02	5.046E-02	4.904E-02	-1.420E-03
7.738E-01	4.918E-02	4.918E-02	4.781E-02	-1.361E-03
7.758E-01	4.791E-02	4.791E-02	4.660E-02	-1.303E-03
7.778E-01	4.666E-02	4.666E-02	4.541E-02	-1.247E-03
7.798E-01	4.543E-02	4.543E-02	4.424E-02	-1.193E-03
7.818E-01	4.422E-02	4.422E-02	4.308E-02	-1.141E-03
7.837E-01	4.304E-02	4.304E-02	4.195E-02	-1.091E-03
7.857E-01	4.187E-02	4.187E-02	4.083E-02	-1.042E-03
7.877E-01	4.072E-02	4.072E-02	3.973E-02	-9.950E-04
7.897E-01	3.959E-02	3.959E-02	3.864E-02	-9.498E-04
7.917E-01	3.848E-02	3.848E-02	3.758E-02	-9.061E-04
7.937E-01	3.740E-02	3.740E-02	3.653E-02	-8.640E-04
7.957E-01	3.633E-02	3.633E-02	3.550E-02	-8.235E-04
7.976E-01	3.528E-02	3.528E-02	3.449E-02	-7.845E-04
7.996E-01	3.425E-02	3.425E-02	3.350E-02	-7.469E-04
8.016E-01	3.323E-02	3.323E-02	3.252E-02	-7.107E-04
8.036E-01	3.224E-02	3.224E-02	3.157E-02	-6.760E-04
8.056E-01	3.127E-02	3.127E-02	3.063E-02	-6.425E-04
8.076E-01	3.031E-02	3.031E-02	2.970E-02	-6.104E-04
8.095E-01	2.938E-02	2.938E-02	2.880E-02	-5.796E-04
8.115E-01	2.846E-02	2.846E-02	2.791E-02	-5.499E-04
8.135E-01	2.756E-02	2.756E-02	2.704E-02	-5.215E-04
8.155E-01	2.668E-02	2.668E-02	2.619E-02	-4.943E-04
8.175E-01	2.582E-02	2.582E-02	2.535E-02	-4.682E-04
8.195E-01	2.498E-02	2.498E-02	2.453E-02	-4.431E-04
8.214E-01	2.415E-02	2.415E-02	2.373E-02	-4.192E-04
8.234E-01	2.334E-02	2.334E-02	2.295E-02	-3.963E-04
8.254E-01	2.255E-02	2.255E-02	2.218E-02	-3.743E-04
8.274E-01	2.178E-02	2.178E-02	2.143E-02	-3.534E-04
8.294E-01	2.102E-02	2.102E-02	2.069E-02	-3.334E-04
8.314E-01	2.028E-02	2.028E-02	1.997E-02	-3.142E-04
8.333E-01	1.956E-02	1.956E-02	1.927E-02	-2.960E-04
8.353E-01	1.886E-02	1.886E-02	1.858E-02	-2.786E-04
8.373E-01	1.817E-02	1.817E-02	1.791E-02	-2.620E-04
8.393E-01	1.750E-02	1.750E-02	1.725E-02	-2.463E-04
8.413E-01	1.684E-02	1.684E-02	1.661E-02	-2.312E-04
8.433E-01	1.620E-02	1.620E-02	1.599E-02	-2.169E-04
8.453E-01	1.558E-02	1.558E-02	1.538E-02	-2.034E-04
8.472E-01	1.497E-02	1.497E-02	1.478E-02	-1.905E-04
8.492E-01	1.438E-02	1.438E-02	1.421E-02	-1.782E-04
8.512E-01	1.381E-02	1.381E-02	1.364E-02	-1.666E-04
8.532E-01	1.325E-02	1.325E-02	1.309E-02	-1.556E-04
8.552E-01	1.270E-02	1.270E-02	1.256E-02	-1.452E-04
8.572E-01	1.217E-02	1.217E-02	1.204E-02	-1.354E-04
8.591E-01	1.166E-02	1.166E-02	1.153E-02	-1.261E-04
8.611E-01	1.116E-02	1.116E-02	1.104E-02	-1.173E-04
8.631E-01	1.067E-02	1.067E-02	1.056E-02	-1.090E-04
8.651E-01	1.020E-02	1.020E-02	1.010E-02	-1.012E-04
8.671E-01	9.740E-03	9.740E-03	9.646E-03	-9.378E-05
8.691E-01	9.296E-03	9.296E-03	9.209E-03	-8.685E-05
8.710E-01	8.865E-03	8.865E-03	8.785E-03	-8.033E-05
8.730E-01	8.448E-03	8.448E-03	8.374E-03	-7.420E-05
8.750E-01	8.044E-03	8.044E-03	7.976E-03	-6.846E-05
8.770E-01	7.653E-03	7.653E-03	7.590E-03	-6.308E-05
8.790E-01	7.275E-03	7.275E-03	7.217E-03	-5.804E-05
8.810E-01	6.910E-03	6.910E-03	6.857E-03	-5.332E-05
8.829E-01	6.557E-03	6.557E-03	6.508E-03	-4.892E-05
8.849E-01	6.217E-03	6.217E-03	6.172E-03	-4.482E-05
8.869E-01	5.888E-03	5.888E-03	5.847E-03	-4.099E-05
8.889E-01	5.572E-03	5.572E-03	5.534E-03	-3.743E-05
8.909E-01	5.267E-03	5.267E-03	5.232E-03	-3.412E-05
8.929E-01	4.973E-03	4.973E-03	4.942E-03	-3.105E-05
8.948E-01	4.690E-03	4.690E-03	4.662E-03	-2.821E-05
8.968E-01	4.419E-03	4.419E-03	4.393E-03	-2.558E-05
8.988E-01	4.158E-03	4.158E-03	4.135E-03	-2.315E-05
9.008E-01	3.908E-03	3.908E-03	3.887E-03	-2.090E-05
9.028E-01	3.668E-03	3.668E-03	3.649E-03	-1.884E-05
9.048E-01	3.438E-03	3.438E-03	3.421E-03	-1.694E-05
9.068E-01	3.219E-03	3.219E-03	3.203E-03	-1.520E-05
9.087E-01	3.008E-03	3.008E-03	2.995E-03	-1.361E-05
9.107E-01	2.808E-03	2.808E-03	2.796E-03	-1.215E-05
9.127E-01	2.616E-03	2.616E-03	2.605E-03	-1.082E-05
9.147E-01	2.434E-03	2.434E-03	2.424E-03	-9.612E-06
9.167E-01	2.260E-03	2.260E-03	2.252E-03	-8.513E-06
9.187E-01	2.095E-03	2.095E-03	2.088E-03	-7.518E-06
9.206E-01	1.938E-03	1.938E-03	1.932E-03	-6.618E-06
9.226E-01	1.790E-03	1.790E-03	1.784E-03	-5.808E-06
9.246E-01	1.649E-03	1.649E-03	1.644E-03	-5.079E-06
9.266E-01	1.516E-03	1.516E-03	1.512E-03	-4.425E-06
9.286E-01	1.391E-03	1.391E-03	1.387E-03	-3.841E-06
9.306E-01	1.273E-03	1.273E-03	1.269E-03	-3.321E-06
9.325E-01	1.161E-03	1.161E-03	1.158E-03	-2.859E-06
9.345E-01	1.057E-03	1.057E-03	1.054E-03	-2.450E-06
9.365E-01	9.591E-04	9.591E-04	9.570E-04	-2.090E-06
9.385E-01	8.675E-04	8.675E-04	8.658E-04	-1.773E-06
9.405E-01	7.822E-04	7.822E-04	7.807E-04	-1.497E-06
9.425E-01	7.027E-04	7.027E-04	7.014E-04	-1.256E-06
9.444E-01	6.289E-04	6.289E-04	6.279E-04	-1.047E-06
9.464E-01	5.606E-04	5.606E-04	5.597E-04	-8.678E-07
9.484E-01	4.975E-04	4.975E-04	4.968E-04	-7.138E-07
9.504E-01	4.394E-04	4.394E-04	4.388E-04	-5.827E-07
9.524E-01	3.862E-04	3.862E-04	3.857E-04	-4.717E-07
9.544E-01	3.375E-04	3.375E-04	3.371E-04	-3.784E-07
9.564E-01	2.932E-04	2.932E-04	2.929E-04	-3.006E-07
9.583E-01	2.530E-04	2.530E-04	2.528E-04	-2.363E-07
9.603E-01	2.168E-04	2.168E-04	2.166E-04	-1.835E-07
9.623E-01	1.842E-04	1.842E-04	1.841E-04	-1.407E-07
9.643E-01	1.552E-04	1.552E-04	1.551E-04	-1.063E-07
9.663E-01	1.295E-04	1.295E-04	1.294E-04	-7.909E-08
9.683E-01	1.068E-04	1.068E-04	1.068E-04	-5.778E-08
9.702E-01	8.707E-05	8.707E-05	8.703E-05	-4.136E-08
9.722E-01	6.995E-05	6.995E-05	6.992E-05	-2.893E-08
9.742E-01	5.529E-05	5.529E-05	5.528E-05	-1.971E-08
9.762E-01	4.289E-05	4.289E-05	4.288E-05	-1.302E-08
9.782E-01	3.254E-05	3.254E-05	3.253E-05	-8.295E-09
9.802E-01	2.404E-05	2.404E-05	2.404E-05	-5.063E-09
9.821E-01	1.721E-05	1.721E-05	1.721E-05	-2.933E-09
9.841E-01	1.184E-05	1.184E-05	1.184E-05	-1.594E-09
9.861E-01	7.747E-06	7.747E-06	7.746E-06	-7.980E-10
9.881E-01	4.748E-06	4.748E-06	4.747E-06	-3.591E-10
9.901E-01	2.660E-06	2.660E-06	2.660E-06	-1.397E-10
9.921E-01	1.310E-06	1.310E-06	1.310E-06	-4.397E-11
9.940E-01	5.255E-07	5.255E-07	5.255E-07	-9.910E-12
9.960E-01	1.437E-07	1.437E-07	1.437E-07	-1.229E-12
9.980E-01	1.635E-08	1.635E-08	1.635E-08	-3.786E-14
1.000E+00	0.000E+00	0.000E+00	0.000E+00	0.000E+00
