Q0 = 1.087 GeV	 Q = 1.732 GeV
x	 x*(uv-dv)
1.000E-04	3.841E-04	4.256E-04	1.855E-04	-2.402E-04
1.009E-04	3.872E-04	4.289E-04	1.877E-04	-2.413E-04
1.019E-04	3.903E-04	4.323E-04	1.899E-04	-2.424E-04
1.028E-04	3.934E-04	4.356E-04	1.922E-04	-2.435E-04
1.038E-04	3.966E-04	4.390E-04	1.944E-04	-2.446E-04
1.047E-04	3.998E-04	4.424E-04	1.967E-04	-2.457E-04
1.057E-04	4.030E-04	4.459E-04	1.991E-04	-2.468E-04
1.067E-04	4.062E-04	4.493E-04	2.014E-04	-2.479E-04
1.076E-04	4.095E-04	4.528E-04	2.038E-04	-2.491E-04
1.086E-04	4.128E-04	4.563E-04	2.062E-04	-2.502E-04
1.096E-04	4.161E-04	4.599E-04	2.086E-04	-2.513E-04
1.107E-04	4.194E-04	4.635E-04	2.110E-04	-2.525E-04
1.117E-04	4.228E-04	4.671E-04	2.135E-04	-2.536E-04
1.127E-04	4.262E-04	4.707E-04	2.159E-04	-2.548E-04
1.138E-04	4.296E-04	4.744E-04	2.184E-04	-2.559E-04
1.148E-04	4.331E-04	4.780E-04	2.210E-04	-2.571E-04
1.159E-04	4.365E-04	4.818E-04	2.235E-04	-2.582E-04
1.169E-04	4.401E-04	4.855E-04	2.261E-04	-2.594E-04
1.180E-04	4.436E-04	4.893E-04	2.287E-04	-2.606E-04
1.191E-04	4.472E-04	4.931E-04	2.313E-04	-2.617E-04
1.202E-04	4.508E-04	4.969E-04	2.340E-04	-2.629E-04
1.213E-04	4.544E-04	5.008E-04	2.367E-04	-2.641E-04
1.225E-04	4.580E-04	5.047E-04	2.394E-04	-2.653E-04
1.236E-04	4.617E-04	5.086E-04	2.421E-04	-2.665E-04
1.247E-04	4.654E-04	5.126E-04	2.449E-04	-2.677E-04
1.259E-04	4.692E-04	5.166E-04	2.477E-04	-2.689E-04
1.271E-04	4.729E-04	5.206E-04	2.505E-04	-2.701E-04
1.282E-04	4.768E-04	5.246E-04	2.533E-04	-2.713E-04
1.294E-04	4.806E-04	5.287E-04	2.562E-04	-2.725E-04
1.306E-04	4.845E-04	5.328E-04	2.591E-04	-2.738E-04
1.318E-04	4.884E-04	5.370E-04	2.620E-04	-2.750E-04
1.330E-04	4.923E-04	5.412E-04	2.650E-04	-2.762E-04
1.343E-04	4.962E-04	5.454E-04	2.679E-04	-2.774E-04
1.355E-04	5.002E-04	5.496E-04	2.709E-04	-2.787E-04
1.368E-04	5.043E-04	5.539E-04	2.740E-04	-2.799E-04
1.380E-04	5.083E-04	5.582E-04	2.770E-04	-2.812E-04
1.393E-04	5.124E-04	5.626E-04	2.801E-04	-2.824E-04
1.406E-04	5.165E-04	5.670E-04	2.833E-04	-2.837E-04
1.419E-04	5.207E-04	5.714E-04	2.864E-04	-2.850E-04
1.432E-04	5.249E-04	5.758E-04	2.896E-04	-2.862E-04
1.445E-04	5.291E-04	5.803E-04	2.928E-04	-2.875E-04
1.459E-04	5.334E-04	5.849E-04	2.961E-04	-2.888E-04
1.472E-04	5.377E-04	5.894E-04	2.994E-04	-2.901E-04
1.486E-04	5.420E-04	5.940E-04	3.027E-04	-2.913E-04
1.500E-04	5.464E-04	5.986E-04	3.060E-04	-2.926E-04
1.514E-04	5.508E-04	6.033E-04	3.094E-04	-2.939E-04
1.528E-04	5.552E-04	6.080E-04	3.128E-04	-2.952E-04
1.542E-04	5.597E-04	6.128E-04	3.162E-04	-2.965E-04
1.556E-04	5.642E-04	6.175E-04	3.197E-04	-2.978E-04
1.570E-04	5.687E-04	6.224E-04	3.232E-04	-2.992E-04
1.585E-04	5.733E-04	6.272E-04	3.267E-04	-3.005E-04
1.600E-04	5.780E-04	6.321E-04	3.303E-04	-3.018E-04
1.614E-04	5.826E-04	6.371E-04	3.339E-04	-3.031E-04
1.629E-04	5.873E-04	6.420E-04	3.376E-04	-3.045E-04
1.644E-04	5.920E-04	6.470E-04	3.412E-04	-3.058E-04
1.660E-04	5.968E-04	6.521E-04	3.449E-04	-3.072E-04
1.675E-04	6.016E-04	6.572E-04	3.487E-04	-3.085E-04
1.690E-04	6.065E-04	6.623E-04	3.525E-04	-3.099E-04
1.706E-04	6.114E-04	6.675E-04	3.563E-04	-3.112E-04
1.722E-04	6.163E-04	6.727E-04	3.601E-04	-3.126E-04
1.738E-04	6.213E-04	6.780E-04	3.640E-04	-3.139E-04
1.754E-04	6.263E-04	6.833E-04	3.679E-04	-3.153E-04
1.770E-04	6.314E-04	6.886E-04	3.719E-04	-3.167E-04
1.786E-04	6.365E-04	6.940E-04	3.759E-04	-3.181E-04
1.803E-04	6.416E-04	6.994E-04	3.800E-04	-3.195E-04
1.820E-04	6.468E-04	7.049E-04	3.840E-04	-3.209E-04
1.837E-04	6.520E-04	7.104E-04	3.881E-04	-3.223E-04
1.854E-04	6.573E-04	7.160E-04	3.923E-04	-3.237E-04
1.871E-04	6.626E-04	7.216E-04	3.965E-04	-3.251E-04
1.888E-04	6.679E-04	7.272E-04	4.007E-04	-3.265E-04
1.905E-04	6.733E-04	7.329E-04	4.050E-04	-3.279E-04
1.923E-04	6.787E-04	7.386E-04	4.093E-04	-3.293E-04
1.941E-04	6.842E-04	7.444E-04	4.137E-04	-3.307E-04
1.959E-04	6.898E-04	7.502E-04	4.181E-04	-3.322E-04
1.977E-04	6.953E-04	7.561E-04	4.225E-04	-3.336E-04
1.995E-04	7.009E-04	7.620E-04	4.270E-04	-3.351E-04
2.014E-04	7.066E-04	7.680E-04	4.315E-04	-3.365E-04
2.032E-04	7.123E-04	7.740E-04	4.361E-04	-3.380E-04
2.051E-04	7.181E-04	7.801E-04	4.407E-04	-3.394E-04
2.070E-04	7.239E-04	7.862E-04	4.453E-04	-3.409E-04
2.089E-04	7.297E-04	7.923E-04	4.500E-04	-3.423E-04
2.109E-04	7.356E-04	7.985E-04	4.547E-04	-3.438E-04
2.128E-04	7.416E-04	8.048E-04	4.595E-04	-3.453E-04
2.148E-04	7.476E-04	8.111E-04	4.643E-04	-3.468E-04
2.168E-04	7.536E-04	8.175E-04	4.692E-04	-3.483E-04
2.188E-04	7.597E-04	8.239E-04	4.741E-04	-3.497E-04
2.208E-04	7.659E-04	8.303E-04	4.791E-04	-3.512E-04
2.228E-04	7.720E-04	8.368E-04	4.841E-04	-3.527E-04
2.249E-04	7.783E-04	8.434E-04	4.892E-04	-3.542E-04
2.270E-04	7.846E-04	8.500E-04	4.943E-04	-3.558E-04
2.291E-04	7.909E-04	8.567E-04	4.994E-04	-3.573E-04
2.312E-04	7.973E-04	8.634E-04	5.046E-04	-3.588E-04
2.333E-04	8.038E-04	8.702E-04	5.099E-04	-3.603E-04
2.355E-04	8.103E-04	8.770E-04	5.151E-04	-3.619E-04
2.377E-04	8.169E-04	8.839E-04	5.205E-04	-3.634E-04
2.399E-04	8.235E-04	8.908E-04	5.259E-04	-3.649E-04
2.421E-04	8.301E-04	8.978E-04	5.313E-04	-3.665E-04
2.443E-04	8.369E-04	9.049E-04	5.368E-04	-3.680E-04
2.466E-04	8.436E-04	9.120E-04	5.424E-04	-3.696E-04
2.489E-04	8.505E-04	9.191E-04	5.480E-04	-3.712E-04
2.512E-04	8.574E-04	9.264E-04	5.536E-04	-3.727E-04
2.535E-04	8.643E-04	9.336E-04	5.593E-04	-3.743E-04
2.559E-04	8.713E-04	9.410E-04	5.651E-04	-3.759E-04
2.582E-04	8.784E-04	9.484E-04	5.709E-04	-3.775E-04
2.606E-04	8.855E-04	9.558E-04	5.768E-04	-3.790E-04
2.630E-04	8.927E-04	9.633E-04	5.827E-04	-3.806E-04
2.655E-04	8.999E-04	9.709E-04	5.887E-04	-3.822E-04
2.679E-04	9.072E-04	9.785E-04	5.947E-04	-3.838E-04
2.704E-04	9.145E-04	9.862E-04	6.008E-04	-3.854E-04
2.729E-04	9.219E-04	9.940E-04	6.069E-04	-3.871E-04
2.754E-04	9.294E-04	1.002E-03	6.131E-04	-3.887E-04
2.780E-04	9.370E-04	1.010E-03	6.194E-04	-3.903E-04
2.805E-04	9.446E-04	1.018E-03	6.257E-04	-3.919E-04
2.831E-04	9.522E-04	1.026E-03	6.321E-04	-3.936E-04
2.858E-04	9.599E-04	1.034E-03	6.385E-04	-3.952E-04
2.884E-04	9.677E-04	1.042E-03	6.450E-04	-3.968E-04
2.911E-04	9.756E-04	1.050E-03	6.515E-04	-3.985E-04
2.938E-04	9.835E-04	1.058E-03	6.581E-04	-4.002E-04
2.965E-04	9.915E-04	1.067E-03	6.648E-04	-4.018E-04
2.992E-04	9.995E-04	1.075E-03	6.715E-04	-4.035E-04
3.020E-04	1.008E-03	1.083E-03	6.783E-04	-4.051E-04
3.048E-04	1.016E-03	1.092E-03	6.852E-04	-4.068E-04
3.076E-04	1.024E-03	1.101E-03	6.921E-04	-4.085E-04
3.105E-04	1.032E-03	1.109E-03	6.991E-04	-4.102E-04
3.133E-04	1.041E-03	1.118E-03	7.062E-04	-4.119E-04
3.162E-04	1.049E-03	1.127E-03	7.133E-04	-4.136E-04
3.192E-04	1.058E-03	1.136E-03	7.205E-04	-4.153E-04
3.221E-04	1.066E-03	1.145E-03	7.277E-04	-4.170E-04
3.251E-04	1.075E-03	1.154E-03	7.350E-04	-4.187E-04
3.281E-04	1.084E-03	1.163E-03	7.424E-04	-4.204E-04
3.311E-04	1.093E-03	1.172E-03	7.498E-04	-4.221E-04
3.342E-04	1.101E-03	1.181E-03	7.574E-04	-4.238E-04
3.373E-04	1.110E-03	1.191E-03	7.649E-04	-4.256E-04
3.404E-04	1.119E-03	1.200E-03	7.726E-04	-4.273E-04
3.436E-04	1.128E-03	1.209E-03	7.803E-04	-4.291E-04
3.467E-04	1.138E-03	1.219E-03	7.881E-04	-4.308E-04
3.499E-04	1.147E-03	1.229E-03	7.960E-04	-4.326E-04
3.532E-04	1.156E-03	1.238E-03	8.039E-04	-4.343E-04
3.565E-04	1.166E-03	1.248E-03	8.119E-04	-4.361E-04
3.597E-04	1.175E-03	1.258E-03	8.200E-04	-4.378E-04
3.631E-04	1.185E-03	1.268E-03	8.282E-04	-4.396E-04
3.664E-04	1.194E-03	1.278E-03	8.364E-04	-4.414E-04
3.698E-04	1.204E-03	1.288E-03	8.447E-04	-4.432E-04
3.733E-04	1.214E-03	1.298E-03	8.531E-04	-4.450E-04
3.767E-04	1.224E-03	1.308E-03	8.616E-04	-4.468E-04
3.802E-04	1.234E-03	1.319E-03	8.701E-04	-4.486E-04
3.837E-04	1.244E-03	1.329E-03	8.788E-04	-4.504E-04
3.873E-04	1.254E-03	1.340E-03	8.875E-04	-4.522E-04
3.908E-04	1.264E-03	1.350E-03	8.962E-04	-4.540E-04
3.945E-04	1.274E-03	1.361E-03	9.051E-04	-4.558E-04
3.981E-04	1.285E-03	1.372E-03	9.140E-04	-4.576E-04
4.018E-04	1.295E-03	1.383E-03	9.231E-04	-4.594E-04
4.055E-04	1.306E-03	1.393E-03	9.322E-04	-4.613E-04
4.093E-04	1.316E-03	1.404E-03	9.414E-04	-4.631E-04
4.130E-04	1.327E-03	1.416E-03	9.506E-04	-4.650E-04
4.169E-04	1.338E-03	1.427E-03	9.600E-04	-4.668E-04
4.207E-04	1.349E-03	1.438E-03	9.694E-04	-4.687E-04
4.246E-04	1.360E-03	1.449E-03	9.789E-04	-4.705E-04
4.285E-04	1.371E-03	1.461E-03	9.886E-04	-4.724E-04
4.325E-04	1.382E-03	1.473E-03	9.983E-04	-4.742E-04
4.365E-04	1.393E-03	1.484E-03	1.008E-03	-4.761E-04
4.406E-04	1.405E-03	1.496E-03	1.018E-03	-4.780E-04
4.446E-04	1.416E-03	1.508E-03	1.028E-03	-4.799E-04
4.487E-04	1.428E-03	1.520E-03	1.038E-03	-4.818E-04
4.529E-04	1.439E-03	1.532E-03	1.048E-03	-4.837E-04
4.571E-04	1.451E-03	1.544E-03	1.058E-03	-4.856E-04
4.613E-04	1.463E-03	1.556E-03	1.069E-03	-4.875E-04
4.656E-04	1.475E-03	1.569E-03	1.079E-03	-4.894E-04
4.699E-04	1.487E-03	1.581E-03	1.090E-03	-4.913E-04
4.742E-04	1.499E-03	1.593E-03	1.100E-03	-4.932E-04
4.786E-04	1.511E-03	1.606E-03	1.111E-03	-4.951E-04
4.831E-04	1.523E-03	1.619E-03	1.122E-03	-4.971E-04
4.875E-04	1.536E-03	1.632E-03	1.133E-03	-4.990E-04
4.920E-04	1.548E-03	1.645E-03	1.144E-03	-5.009E-04
4.966E-04	1.561E-03	1.658E-03	1.155E-03	-5.029E-04
5.012E-04	1.574E-03	1.671E-03	1.166E-03	-5.048E-04
5.058E-04	1.587E-03	1.684E-03	1.177E-03	-5.068E-04
5.105E-04	1.600E-03	1.698E-03	1.189E-03	-5.087E-04
5.152E-04	1.613E-03	1.711E-03	1.200E-03	-5.107E-04
5.200E-04	1.626E-03	1.725E-03	1.212E-03	-5.127E-04
5.248E-04	1.639E-03	1.738E-03	1.224E-03	-5.146E-04
5.297E-04	1.653E-03	1.752E-03	1.236E-03	-5.166E-04
5.346E-04	1.666E-03	1.766E-03	1.247E-03	-5.186E-04
5.395E-04	1.680E-03	1.780E-03	1.260E-03	-5.206E-04
5.445E-04	1.693E-03	1.794E-03	1.272E-03	-5.226E-04
5.495E-04	1.707E-03	1.808E-03	1.284E-03	-5.246E-04
5.546E-04	1.721E-03	1.823E-03	1.296E-03	-5.266E-04
5.598E-04	1.735E-03	1.837E-03	1.309E-03	-5.286E-04
5.649E-04	1.749E-03	1.852E-03	1.321E-03	-5.306E-04
5.702E-04	1.764E-03	1.867E-03	1.334E-03	-5.326E-04
5.754E-04	1.778E-03	1.882E-03	1.347E-03	-5.346E-04
5.808E-04	1.793E-03	1.897E-03	1.360E-03	-5.366E-04
5.861E-04	1.807E-03	1.912E-03	1.373E-03	-5.387E-04
5.916E-04	1.822E-03	1.927E-03	1.386E-03	-5.407E-04
5.970E-04	1.837E-03	1.942E-03	1.400E-03	-5.427E-04
6.026E-04	1.852E-03	1.958E-03	1.413E-03	-5.448E-04
6.081E-04	1.867E-03	1.973E-03	1.426E-03	-5.468E-04
6.138E-04	1.883E-03	1.989E-03	1.440E-03	-5.489E-04
6.194E-04	1.898E-03	2.005E-03	1.454E-03	-5.509E-04
6.252E-04	1.913E-03	2.021E-03	1.468E-03	-5.530E-04
6.310E-04	1.929E-03	2.037E-03	1.482E-03	-5.550E-04
6.368E-04	1.945E-03	2.053E-03	1.496E-03	-5.571E-04
6.427E-04	1.961E-03	2.070E-03	1.510E-03	-5.592E-04
6.486E-04	1.977E-03	2.086E-03	1.525E-03	-5.613E-04
6.546E-04	1.993E-03	2.103E-03	1.539E-03	-5.633E-04
6.607E-04	2.009E-03	2.120E-03	1.554E-03	-5.654E-04
6.668E-04	2.026E-03	2.136E-03	1.569E-03	-5.675E-04
6.730E-04	2.043E-03	2.153E-03	1.584E-03	-5.696E-04
6.792E-04	2.059E-03	2.171E-03	1.599E-03	-5.717E-04
6.855E-04	2.076E-03	2.188E-03	1.614E-03	-5.738E-04
6.918E-04	2.093E-03	2.205E-03	1.630E-03	-5.759E-04
6.982E-04	2.110E-03	2.223E-03	1.645E-03	-5.780E-04
7.047E-04	2.128E-03	2.241E-03	1.661E-03	-5.802E-04
7.112E-04	2.145E-03	2.259E-03	1.676E-03	-5.823E-04
7.178E-04	2.163E-03	2.277E-03	1.692E-03	-5.844E-04
7.244E-04	2.180E-03	2.295E-03	1.708E-03	-5.865E-04
7.311E-04	2.198E-03	2.313E-03	1.725E-03	-5.887E-04
7.379E-04	2.216E-03	2.332E-03	1.741E-03	-5.908E-04
7.447E-04	2.235E-03	2.350E-03	1.758E-03	-5.929E-04
7.516E-04	2.253E-03	2.369E-03	1.774E-03	-5.951E-04
7.586E-04	2.271E-03	2.388E-03	1.791E-03	-5.972E-04
7.656E-04	2.290E-03	2.407E-03	1.808E-03	-5.994E-04
7.727E-04	2.309E-03	2.427E-03	1.825E-03	-6.016E-04
7.798E-04	2.328E-03	2.446E-03	1.842E-03	-6.037E-04
7.870E-04	2.347E-03	2.466E-03	1.860E-03	-6.059E-04
7.943E-04	2.366E-03	2.485E-03	1.877E-03	-6.081E-04
8.017E-04	2.386E-03	2.505E-03	1.895E-03	-6.102E-04
8.091E-04	2.405E-03	2.525E-03	1.913E-03	-6.124E-04
8.166E-04	2.425E-03	2.546E-03	1.931E-03	-6.146E-04
8.241E-04	2.445E-03	2.566E-03	1.949E-03	-6.168E-04
8.318E-04	2.465E-03	2.586E-03	1.968E-03	-6.190E-04
8.395E-04	2.485E-03	2.607E-03	1.986E-03	-6.212E-04
8.472E-04	2.506E-03	2.628E-03	2.005E-03	-6.234E-04
8.551E-04	2.526E-03	2.649E-03	2.024E-03	-6.256E-04
8.630E-04	2.547E-03	2.670E-03	2.043E-03	-6.278E-04
8.710E-04	2.568E-03	2.692E-03	2.062E-03	-6.300E-04
8.790E-04	2.589E-03	2.713E-03	2.081E-03	-6.322E-04
8.872E-04	2.611E-03	2.735E-03	2.101E-03	-6.344E-04
8.954E-04	2.632E-03	2.757E-03	2.121E-03	-6.366E-04
9.036E-04	2.654E-03	2.779E-03	2.140E-03	-6.388E-04
9.120E-04	2.675E-03	2.802E-03	2.161E-03	-6.411E-04
9.204E-04	2.698E-03	2.824E-03	2.181E-03	-6.433E-04
9.290E-04	2.720E-03	2.847E-03	2.201E-03	-6.455E-04
9.376E-04	2.742E-03	2.870E-03	2.222E-03	-6.478E-04
9.462E-04	2.765E-03	2.893E-03	2.243E-03	-6.500E-04
9.550E-04	2.787E-03	2.916E-03	2.264E-03	-6.522E-04
9.638E-04	2.810E-03	2.939E-03	2.285E-03	-6.545E-04
9.727E-04	2.834E-03	2.963E-03	2.306E-03	-6.567E-04
9.817E-04	2.857E-03	2.987E-03	2.328E-03	-6.590E-04
9.908E-04	2.880E-03	3.011E-03	2.350E-03	-6.612E-04
1.000E-03	2.904E-03	3.035E-03	2.372E-03	-6.635E-04
1.009E-03	2.928E-03	3.059E-03	2.394E-03	-6.658E-04
1.019E-03	2.952E-03	3.084E-03	2.416E-03	-6.680E-04
1.028E-03	2.977E-03	3.109E-03	2.439E-03	-6.703E-04
1.038E-03	3.001E-03	3.134E-03	2.461E-03	-6.726E-04
1.047E-03	3.026E-03	3.159E-03	2.484E-03	-6.748E-04
1.057E-03	3.051E-03	3.185E-03	2.508E-03	-6.771E-04
1.067E-03	3.076E-03	3.210E-03	2.531E-03	-6.794E-04
1.076E-03	3.101E-03	3.236E-03	2.554E-03	-6.817E-04
1.086E-03	3.127E-03	3.262E-03	2.578E-03	-6.839E-04
1.096E-03	3.153E-03	3.289E-03	2.602E-03	-6.862E-04
1.107E-03	3.179E-03	3.315E-03	2.626E-03	-6.885E-04
1.117E-03	3.205E-03	3.342E-03	2.651E-03	-6.908E-04
1.127E-03	3.232E-03	3.369E-03	2.676E-03	-6.931E-04
1.138E-03	3.258E-03	3.396E-03	2.700E-03	-6.954E-04
1.148E-03	3.285E-03	3.423E-03	2.726E-03	-6.977E-04
1.159E-03	3.312E-03	3.451E-03	2.751E-03	-7.000E-04
1.169E-03	3.340E-03	3.479E-03	2.776E-03	-7.023E-04
1.180E-03	3.367E-03	3.507E-03	2.802E-03	-7.046E-04
1.191E-03	3.395E-03	3.535E-03	2.828E-03	-7.069E-04
1.202E-03	3.423E-03	3.564E-03	2.854E-03	-7.092E-04
1.213E-03	3.452E-03	3.592E-03	2.881E-03	-7.116E-04
1.225E-03	3.480E-03	3.621E-03	2.908E-03	-7.139E-04
1.236E-03	3.509E-03	3.651E-03	2.935E-03	-7.162E-04
1.247E-03	3.538E-03	3.680E-03	2.962E-03	-7.185E-04
1.259E-03	3.567E-03	3.710E-03	2.989E-03	-7.208E-04
1.271E-03	3.597E-03	3.740E-03	3.017E-03	-7.232E-04
1.282E-03	3.626E-03	3.770E-03	3.045E-03	-7.255E-04
1.294E-03	3.656E-03	3.801E-03	3.073E-03	-7.278E-04
1.306E-03	3.687E-03	3.831E-03	3.101E-03	-7.301E-04
1.318E-03	3.717E-03	3.862E-03	3.130E-03	-7.325E-04
1.330E-03	3.748E-03	3.894E-03	3.159E-03	-7.348E-04
1.343E-03	3.779E-03	3.925E-03	3.188E-03	-7.371E-04
1.355E-03	3.810E-03	3.957E-03	3.218E-03	-7.395E-04
1.368E-03	3.842E-03	3.989E-03	3.247E-03	-7.418E-04
1.380E-03	3.874E-03	4.021E-03	3.277E-03	-7.442E-04
1.393E-03	3.906E-03	4.054E-03	3.307E-03	-7.465E-04
1.406E-03	3.938E-03	4.087E-03	3.338E-03	-7.488E-04
1.419E-03	3.971E-03	4.120E-03	3.369E-03	-7.512E-04
1.432E-03	4.004E-03	4.153E-03	3.400E-03	-7.535E-04
1.445E-03	4.037E-03	4.187E-03	3.431E-03	-7.559E-04
1.459E-03	4.070E-03	4.221E-03	3.463E-03	-7.582E-04
1.472E-03	4.104E-03	4.255E-03	3.495E-03	-7.606E-04
1.486E-03	4.138E-03	4.290E-03	3.527E-03	-7.629E-04
1.500E-03	4.173E-03	4.325E-03	3.559E-03	-7.653E-04
1.514E-03	4.207E-03	4.360E-03	3.592E-03	-7.676E-04
1.528E-03	4.242E-03	4.395E-03	3.625E-03	-7.700E-04
1.542E-03	4.277E-03	4.431E-03	3.658E-03	-7.723E-04
1.556E-03	4.313E-03	4.467E-03	3.692E-03	-7.747E-04
1.570E-03	4.349E-03	4.503E-03	3.726E-03	-7.770E-04
1.585E-03	4.385E-03	4.540E-03	3.760E-03	-7.794E-04
1.600E-03	4.421E-03	4.577E-03	3.795E-03	-7.818E-04
1.614E-03	4.458E-03	4.614E-03	3.830E-03	-7.841E-04
1.629E-03	4.495E-03	4.651E-03	3.865E-03	-7.865E-04
1.644E-03	4.532E-03	4.689E-03	3.900E-03	-7.888E-04
1.660E-03	4.570E-03	4.727E-03	3.936E-03	-7.912E-04
1.675E-03	4.608E-03	4.766E-03	3.972E-03	-7.935E-04
1.690E-03	4.646E-03	4.804E-03	4.009E-03	-7.959E-04
1.706E-03	4.685E-03	4.844E-03	4.045E-03	-7.983E-04
1.722E-03	4.724E-03	4.883E-03	4.082E-03	-8.006E-04
1.738E-03	4.763E-03	4.923E-03	4.120E-03	-8.030E-04
1.754E-03	4.803E-03	4.963E-03	4.158E-03	-8.053E-04
1.770E-03	4.843E-03	5.003E-03	4.196E-03	-8.077E-04
1.786E-03	4.883E-03	5.044E-03	4.234E-03	-8.101E-04
1.803E-03	4.924E-03	5.085E-03	4.273E-03	-8.124E-04
1.820E-03	4.965E-03	5.127E-03	4.312E-03	-8.148E-04
1.837E-03	5.006E-03	5.169E-03	4.351E-03	-8.171E-04
1.854E-03	5.048E-03	5.211E-03	4.391E-03	-8.195E-04
1.871E-03	5.090E-03	5.253E-03	4.431E-03	-8.218E-04
1.888E-03	5.132E-03	5.296E-03	4.472E-03	-8.242E-04
1.905E-03	5.175E-03	5.339E-03	4.513E-03	-8.265E-04
1.923E-03	5.218E-03	5.383E-03	4.554E-03	-8.289E-04
1.941E-03	5.262E-03	5.427E-03	4.596E-03	-8.313E-04
1.959E-03	5.305E-03	5.471E-03	4.638E-03	-8.336E-04
1.977E-03	5.350E-03	5.516E-03	4.680E-03	-8.360E-04
1.995E-03	5.394E-03	5.561E-03	4.723E-03	-8.383E-04
2.014E-03	5.439E-03	5.606E-03	4.766E-03	-8.407E-04
2.032E-03	5.485E-03	5.652E-03	4.809E-03	-8.430E-04
2.051E-03	5.530E-03	5.699E-03	4.853E-03	-8.454E-04
2.070E-03	5.577E-03	5.745E-03	4.897E-03	-8.477E-04
2.089E-03	5.623E-03	5.792E-03	4.942E-03	-8.500E-04
2.109E-03	5.670E-03	5.840E-03	4.987E-03	-8.524E-04
2.128E-03	5.717E-03	5.887E-03	5.033E-03	-8.547E-04
2.148E-03	5.765E-03	5.936E-03	5.079E-03	-8.571E-04
2.168E-03	5.813E-03	5.984E-03	5.125E-03	-8.594E-04
2.188E-03	5.862E-03	6.033E-03	5.171E-03	-8.617E-04
2.208E-03	5.911E-03	6.083E-03	5.219E-03	-8.641E-04
2.228E-03	5.960E-03	6.133E-03	5.266E-03	-8.664E-04
2.249E-03	6.010E-03	6.183E-03	5.314E-03	-8.687E-04
2.270E-03	6.060E-03	6.234E-03	5.362E-03	-8.710E-04
2.291E-03	6.111E-03	6.285E-03	5.411E-03	-8.734E-04
2.312E-03	6.162E-03	6.336E-03	5.461E-03	-8.757E-04
2.333E-03	6.214E-03	6.388E-03	5.510E-03	-8.780E-04
2.355E-03	6.266E-03	6.441E-03	5.560E-03	-8.803E-04
2.377E-03	6.318E-03	6.494E-03	5.611E-03	-8.826E-04
2.399E-03	6.371E-03	6.547E-03	5.662E-03	-8.850E-04
2.421E-03	6.424E-03	6.601E-03	5.713E-03	-8.873E-04
2.443E-03	6.478E-03	6.655E-03	5.765E-03	-8.896E-04
2.466E-03	6.533E-03	6.710E-03	5.818E-03	-8.919E-04
2.489E-03	6.587E-03	6.765E-03	5.871E-03	-8.942E-04
2.512E-03	6.642E-03	6.820E-03	5.924E-03	-8.965E-04
2.535E-03	6.698E-03	6.876E-03	5.978E-03	-8.988E-04
2.559E-03	6.754E-03	6.933E-03	6.032E-03	-9.010E-04
2.582E-03	6.811E-03	6.990E-03	6.087E-03	-9.033E-04
2.606E-03	6.868E-03	7.048E-03	6.142E-03	-9.056E-04
2.630E-03	6.926E-03	7.106E-03	6.198E-03	-9.079E-04
2.655E-03	6.984E-03	7.164E-03	6.254E-03	-9.102E-04
2.679E-03	7.042E-03	7.223E-03	6.311E-03	-9.124E-04
2.704E-03	7.101E-03	7.283E-03	6.368E-03	-9.147E-04
2.729E-03	7.161E-03	7.343E-03	6.426E-03	-9.170E-04
2.754E-03	7.221E-03	7.403E-03	6.484E-03	-9.192E-04
2.780E-03	7.282E-03	7.464E-03	6.543E-03	-9.215E-04
2.805E-03	7.343E-03	7.526E-03	6.602E-03	-9.237E-04
2.831E-03	7.405E-03	7.588E-03	6.662E-03	-9.260E-04
2.858E-03	7.467E-03	7.651E-03	6.722E-03	-9.282E-04
2.884E-03	7.530E-03	7.714E-03	6.783E-03	-9.305E-04
2.911E-03	7.593E-03	7.778E-03	6.845E-03	-9.327E-04
2.938E-03	7.657E-03	7.842E-03	6.907E-03	-9.349E-04
2.965E-03	7.721E-03	7.907E-03	6.969E-03	-9.371E-04
2.992E-03	7.786E-03	7.972E-03	7.033E-03	-9.394E-04
3.020E-03	7.852E-03	8.038E-03	7.096E-03	-9.416E-04
3.048E-03	7.918E-03	8.104E-03	7.160E-03	-9.438E-04
3.076E-03	7.984E-03	8.171E-03	7.225E-03	-9.460E-04
3.105E-03	8.052E-03	8.239E-03	7.291E-03	-9.482E-04
3.133E-03	8.119E-03	8.307E-03	7.357E-03	-9.504E-04
3.162E-03	8.188E-03	8.376E-03	7.423E-03	-9.526E-04
3.192E-03	8.257E-03	8.445E-03	7.490E-03	-9.547E-04
3.221E-03	8.326E-03	8.515E-03	7.558E-03	-9.569E-04
3.251E-03	8.396E-03	8.586E-03	7.627E-03	-9.591E-04
3.281E-03	8.467E-03	8.657E-03	7.696E-03	-9.612E-04
3.311E-03	8.539E-03	8.729E-03	7.765E-03	-9.634E-04
3.342E-03	8.611E-03	8.801E-03	7.835E-03	-9.655E-04
3.373E-03	8.683E-03	8.874E-03	7.906E-03	-9.677E-04
3.404E-03	8.757E-03	8.948E-03	7.978E-03	-9.698E-04
3.436E-03	8.830E-03	9.022E-03	8.050E-03	-9.720E-04
3.467E-03	8.905E-03	9.097E-03	8.123E-03	-9.741E-04
3.499E-03	8.980E-03	9.172E-03	8.196E-03	-9.762E-04
3.532E-03	9.056E-03	9.249E-03	8.270E-03	-9.783E-04
3.565E-03	9.132E-03	9.325E-03	8.345E-03	-9.804E-04
3.597E-03	9.210E-03	9.403E-03	8.420E-03	-9.825E-04
3.631E-03	9.287E-03	9.481E-03	8.496E-03	-9.846E-04
3.664E-03	9.366E-03	9.560E-03	8.573E-03	-9.867E-04
3.698E-03	9.445E-03	9.639E-03	8.651E-03	-9.887E-04
3.733E-03	9.525E-03	9.720E-03	8.729E-03	-9.908E-04
3.767E-03	9.606E-03	9.801E-03	8.808E-03	-9.929E-04
3.802E-03	9.687E-03	9.882E-03	8.887E-03	-9.949E-04
3.837E-03	9.769E-03	9.964E-03	8.968E-03	-9.970E-04
3.873E-03	9.851E-03	1.005E-02	9.048E-03	-9.990E-04
3.908E-03	9.935E-03	1.013E-02	9.130E-03	-1.001E-03
3.945E-03	1.002E-02	1.022E-02	9.213E-03	-1.003E-03
3.981E-03	1.010E-02	1.030E-02	9.296E-03	-1.005E-03
4.018E-03	1.019E-02	1.039E-02	9.380E-03	-1.007E-03
4.055E-03	1.028E-02	1.047E-02	9.464E-03	-1.009E-03
4.093E-03	1.036E-02	1.056E-02	9.550E-03	-1.011E-03
4.130E-03	1.045E-02	1.065E-02	9.636E-03	-1.013E-03
4.169E-03	1.054E-02	1.074E-02	9.723E-03	-1.015E-03
4.207E-03	1.063E-02	1.083E-02	9.811E-03	-1.017E-03
4.246E-03	1.072E-02	1.092E-02	9.899E-03	-1.019E-03
4.285E-03	1.081E-02	1.101E-02	9.989E-03	-1.021E-03
4.325E-03	1.090E-02	1.110E-02	1.008E-02	-1.023E-03
4.365E-03	1.099E-02	1.119E-02	1.017E-02	-1.025E-03
4.406E-03	1.109E-02	1.129E-02	1.026E-02	-1.027E-03
4.446E-03	1.118E-02	1.138E-02	1.035E-02	-1.028E-03
4.487E-03	1.128E-02	1.148E-02	1.045E-02	-1.030E-03
4.529E-03	1.137E-02	1.157E-02	1.054E-02	-1.032E-03
4.571E-03	1.147E-02	1.167E-02	1.064E-02	-1.034E-03
4.613E-03	1.157E-02	1.177E-02	1.073E-02	-1.036E-03
4.656E-03	1.167E-02	1.187E-02	1.083E-02	-1.038E-03
4.699E-03	1.176E-02	1.197E-02	1.093E-02	-1.040E-03
4.742E-03	1.186E-02	1.207E-02	1.103E-02	-1.041E-03
4.786E-03	1.197E-02	1.217E-02	1.113E-02	-1.043E-03
4.831E-03	1.207E-02	1.227E-02	1.123E-02	-1.045E-03
4.875E-03	1.217E-02	1.237E-02	1.133E-02	-1.047E-03
4.920E-03	1.227E-02	1.248E-02	1.143E-02	-1.049E-03
4.966E-03	1.238E-02	1.258E-02	1.153E-02	-1.050E-03
5.012E-03	1.248E-02	1.269E-02	1.164E-02	-1.052E-03
5.058E-03	1.259E-02	1.279E-02	1.174E-02	-1.054E-03
5.105E-03	1.270E-02	1.290E-02	1.185E-02	-1.056E-03
5.152E-03	1.281E-02	1.301E-02	1.195E-02	-1.057E-03
5.200E-03	1.292E-02	1.312E-02	1.206E-02	-1.059E-03
5.248E-03	1.303E-02	1.323E-02	1.217E-02	-1.061E-03
5.297E-03	1.314E-02	1.334E-02	1.228E-02	-1.062E-03
5.346E-03	1.325E-02	1.345E-02	1.239E-02	-1.064E-03
5.395E-03	1.336E-02	1.357E-02	1.250E-02	-1.066E-03
5.445E-03	1.348E-02	1.368E-02	1.261E-02	-1.067E-03
5.495E-03	1.359E-02	1.380E-02	1.273E-02	-1.069E-03
5.546E-03	1.371E-02	1.391E-02	1.284E-02	-1.071E-03
5.598E-03	1.383E-02	1.403E-02	1.296E-02	-1.072E-03
5.649E-03	1.394E-02	1.415E-02	1.308E-02	-1.074E-03
5.702E-03	1.406E-02	1.427E-02	1.319E-02	-1.076E-03
5.754E-03	1.418E-02	1.439E-02	1.331E-02	-1.077E-03
5.808E-03	1.430E-02	1.451E-02	1.343E-02	-1.079E-03
5.861E-03	1.443E-02	1.463E-02	1.355E-02	-1.080E-03
5.916E-03	1.455E-02	1.476E-02	1.368E-02	-1.082E-03
5.970E-03	1.468E-02	1.488E-02	1.380E-02	-1.083E-03
6.026E-03	1.480E-02	1.501E-02	1.392E-02	-1.085E-03
6.081E-03	1.493E-02	1.514E-02	1.405E-02	-1.086E-03
6.138E-03	1.506E-02	1.526E-02	1.418E-02	-1.088E-03
6.194E-03	1.519E-02	1.539E-02	1.430E-02	-1.089E-03
6.252E-03	1.532E-02	1.552E-02	1.443E-02	-1.091E-03
6.310E-03	1.545E-02	1.566E-02	1.456E-02	-1.092E-03
6.368E-03	1.558E-02	1.579E-02	1.469E-02	-1.093E-03
6.427E-03	1.571E-02	1.592E-02	1.483E-02	-1.095E-03
6.486E-03	1.585E-02	1.606E-02	1.496E-02	-1.096E-03
6.546E-03	1.598E-02	1.619E-02	1.510E-02	-1.098E-03
6.607E-03	1.612E-02	1.633E-02	1.523E-02	-1.099E-03
6.668E-03	1.626E-02	1.647E-02	1.537E-02	-1.100E-03
6.730E-03	1.640E-02	1.661E-02	1.551E-02	-1.102E-03
6.792E-03	1.654E-02	1.675E-02	1.565E-02	-1.103E-03
6.855E-03	1.668E-02	1.689E-02	1.579E-02	-1.104E-03
6.918E-03	1.683E-02	1.704E-02	1.593E-02	-1.106E-03
6.982E-03	1.697E-02	1.718E-02	1.608E-02	-1.107E-03
7.047E-03	1.712E-02	1.733E-02	1.622E-02	-1.108E-03
7.112E-03	1.727E-02	1.748E-02	1.637E-02	-1.109E-03
7.178E-03	1.742E-02	1.762E-02	1.651E-02	-1.110E-03
7.244E-03	1.757E-02	1.778E-02	1.666E-02	-1.112E-03
7.311E-03	1.772E-02	1.793E-02	1.681E-02	-1.113E-03
7.379E-03	1.787E-02	1.808E-02	1.697E-02	-1.114E-03
7.447E-03	1.802E-02	1.823E-02	1.712E-02	-1.115E-03
7.516E-03	1.818E-02	1.839E-02	1.727E-02	-1.116E-03
7.586E-03	1.834E-02	1.855E-02	1.743E-02	-1.117E-03
7.656E-03	1.850E-02	1.871E-02	1.759E-02	-1.118E-03
7.727E-03	1.866E-02	1.886E-02	1.775E-02	-1.120E-03
7.798E-03	1.882E-02	1.903E-02	1.791E-02	-1.121E-03
7.870E-03	1.898E-02	1.919E-02	1.807E-02	-1.122E-03
7.943E-03	1.914E-02	1.935E-02	1.823E-02	-1.123E-03
8.017E-03	1.931E-02	1.952E-02	1.840E-02	-1.124E-03
8.091E-03	1.948E-02	1.969E-02	1.856E-02	-1.125E-03
8.166E-03	1.964E-02	1.985E-02	1.873E-02	-1.126E-03
8.241E-03	1.981E-02	2.002E-02	1.890E-02	-1.127E-03
8.318E-03	1.999E-02	2.020E-02	1.907E-02	-1.127E-03
8.395E-03	2.016E-02	2.037E-02	1.924E-02	-1.128E-03
8.472E-03	2.033E-02	2.054E-02	1.942E-02	-1.129E-03
8.551E-03	2.051E-02	2.072E-02	1.959E-02	-1.130E-03
8.630E-03	2.069E-02	2.090E-02	1.977E-02	-1.131E-03
8.710E-03	2.087E-02	2.108E-02	1.995E-02	-1.132E-03
8.790E-03	2.105E-02	2.126E-02	2.013E-02	-1.133E-03
8.872E-03	2.123E-02	2.144E-02	2.031E-02	-1.133E-03
8.954E-03	2.142E-02	2.163E-02	2.049E-02	-1.134E-03
9.036E-03	2.160E-02	2.181E-02	2.068E-02	-1.135E-03
9.120E-03	2.179E-02	2.200E-02	2.086E-02	-1.136E-03
9.204E-03	2.198E-02	2.219E-02	2.105E-02	-1.136E-03
9.290E-03	2.217E-02	2.238E-02	2.124E-02	-1.137E-03
9.376E-03	2.236E-02	2.257E-02	2.144E-02	-1.138E-03
9.462E-03	2.256E-02	2.277E-02	2.163E-02	-1.138E-03
9.550E-03	2.276E-02	2.296E-02	2.183E-02	-1.139E-03
9.638E-03	2.295E-02	2.316E-02	2.202E-02	-1.140E-03
9.727E-03	2.315E-02	2.336E-02	2.222E-02	-1.140E-03
9.817E-03	2.336E-02	2.356E-02	2.242E-02	-1.141E-03
9.908E-03	2.356E-02	2.377E-02	2.263E-02	-1.141E-03
1.000E-02	2.377E-02	2.397E-02	2.283E-02	-1.142E-03
1.198E-02	2.821E-02	2.841E-02	2.726E-02	-1.148E-03
1.397E-02	3.264E-02	3.284E-02	3.170E-02	-1.145E-03
1.595E-02	3.708E-02	3.727E-02	3.614E-02	-1.138E-03
1.794E-02	4.152E-02	4.171E-02	4.058E-02	-1.127E-03
1.992E-02	4.597E-02	4.615E-02	4.504E-02	-1.113E-03
2.190E-02	5.043E-02	5.060E-02	4.951E-02	-1.097E-03
2.389E-02	5.490E-02	5.507E-02	5.399E-02	-1.081E-03
2.587E-02	5.938E-02	5.954E-02	5.848E-02	-1.063E-03
2.786E-02	6.387E-02	6.403E-02	6.298E-02	-1.045E-03
2.984E-02	6.837E-02	6.852E-02	6.750E-02	-1.027E-03
3.182E-02	7.289E-02	7.303E-02	7.202E-02	-1.008E-03
3.381E-02	7.741E-02	7.755E-02	7.656E-02	-9.896E-04
3.579E-02	8.195E-02	8.208E-02	8.111E-02	-9.712E-04
3.778E-02	8.650E-02	8.663E-02	8.567E-02	-9.530E-04
3.976E-02	9.106E-02	9.118E-02	9.024E-02	-9.349E-04
4.174E-02	9.563E-02	9.574E-02	9.482E-02	-9.172E-04
4.373E-02	1.002E-01	1.003E-01	9.941E-02	-8.997E-04
4.571E-02	1.048E-01	1.049E-01	1.040E-01	-8.825E-04
4.770E-02	1.094E-01	1.095E-01	1.086E-01	-8.657E-04
4.968E-02	1.140E-01	1.141E-01	1.132E-01	-8.492E-04
5.166E-02	1.186E-01	1.187E-01	1.178E-01	-8.330E-04
5.365E-02	1.232E-01	1.233E-01	1.225E-01	-8.172E-04
5.563E-02	1.278E-01	1.279E-01	1.271E-01	-8.017E-04
5.762E-02	1.324E-01	1.325E-01	1.317E-01	-7.866E-04
5.960E-02	1.371E-01	1.371E-01	1.364E-01	-7.719E-04
6.158E-02	1.417E-01	1.418E-01	1.410E-01	-7.574E-04
6.357E-02	1.463E-01	1.464E-01	1.456E-01	-7.433E-04
6.555E-02	1.509E-01	1.510E-01	1.503E-01	-7.296E-04
6.754E-02	1.556E-01	1.556E-01	1.549E-01	-7.162E-04
6.952E-02	1.602E-01	1.603E-01	1.596E-01	-7.030E-04
7.150E-02	1.648E-01	1.649E-01	1.642E-01	-6.903E-04
7.349E-02	1.695E-01	1.695E-01	1.688E-01	-6.778E-04
7.547E-02	1.741E-01	1.741E-01	1.735E-01	-6.656E-04
7.745E-02	1.787E-01	1.788E-01	1.781E-01	-6.537E-04
7.944E-02	1.833E-01	1.834E-01	1.827E-01	-6.421E-04
8.142E-02	1.879E-01	1.880E-01	1.873E-01	-6.307E-04
8.341E-02	1.925E-01	1.926E-01	1.919E-01	-6.196E-04
8.539E-02	1.971E-01	1.972E-01	1.965E-01	-6.088E-04
8.737E-02	2.017E-01	2.017E-01	2.011E-01	-5.983E-04
8.936E-02	2.063E-01	2.063E-01	2.057E-01	-5.880E-04
9.134E-02	2.108E-01	2.109E-01	2.103E-01	-5.779E-04
9.333E-02	2.154E-01	2.154E-01	2.149E-01	-5.681E-04
9.531E-02	2.199E-01	2.200E-01	2.194E-01	-5.585E-04
9.729E-02	2.245E-01	2.245E-01	2.240E-01	-5.491E-04
9.928E-02	2.290E-01	2.290E-01	2.285E-01	-5.399E-04
1.013E-01	2.335E-01	2.336E-01	2.330E-01	-5.310E-04
1.032E-01	2.380E-01	2.380E-01	2.375E-01	-5.222E-04
1.052E-01	2.425E-01	2.425E-01	2.420E-01	-5.136E-04
1.072E-01	2.470E-01	2.470E-01	2.465E-01	-5.053E-04
1.092E-01	2.514E-01	2.514E-01	2.509E-01	-4.971E-04
1.112E-01	2.558E-01	2.559E-01	2.554E-01	-4.891E-04
1.132E-01	2.603E-01	2.603E-01	2.598E-01	-4.812E-04
1.152E-01	2.646E-01	2.647E-01	2.642E-01	-4.736E-04
1.171E-01	2.690E-01	2.691E-01	2.686E-01	-4.661E-04
1.191E-01	2.734E-01	2.734E-01	2.729E-01	-4.588E-04
1.211E-01	2.777E-01	2.777E-01	2.773E-01	-4.516E-04
1.231E-01	2.820E-01	2.821E-01	2.816E-01	-4.446E-04
1.251E-01	2.863E-01	2.864E-01	2.859E-01	-4.377E-04
1.271E-01	2.906E-01	2.906E-01	2.902E-01	-4.310E-04
1.290E-01	2.948E-01	2.949E-01	2.944E-01	-4.244E-04
1.310E-01	2.991E-01	2.991E-01	2.987E-01	-4.179E-04
1.330E-01	3.033E-01	3.033E-01	3.029E-01	-4.116E-04
1.350E-01	3.074E-01	3.075E-01	3.071E-01	-4.054E-04
1.370E-01	3.116E-01	3.116E-01	3.112E-01	-3.993E-04
1.390E-01	3.157E-01	3.157E-01	3.153E-01	-3.933E-04
1.409E-01	3.198E-01	3.198E-01	3.194E-01	-3.875E-04
1.429E-01	3.239E-01	3.239E-01	3.235E-01	-3.818E-04
1.449E-01	3.279E-01	3.279E-01	3.276E-01	-3.762E-04
1.469E-01	3.319E-01	3.319E-01	3.316E-01	-3.707E-04
1.489E-01	3.359E-01	3.359E-01	3.356E-01	-3.653E-04
1.509E-01	3.399E-01	3.399E-01	3.395E-01	-3.600E-04
1.528E-01	3.438E-01	3.438E-01	3.434E-01	-3.548E-04
1.548E-01	3.477E-01	3.477E-01	3.473E-01	-3.497E-04
1.568E-01	3.515E-01	3.515E-01	3.512E-01	-3.447E-04
1.588E-01	3.554E-01	3.554E-01	3.550E-01	-3.398E-04
1.608E-01	3.592E-01	3.592E-01	3.588E-01	-3.349E-04
1.628E-01	3.629E-01	3.629E-01	3.626E-01	-3.302E-04
1.647E-01	3.666E-01	3.667E-01	3.663E-01	-3.256E-04
1.667E-01	3.703E-01	3.703E-01	3.700E-01	-3.210E-04
1.687E-01	3.740E-01	3.740E-01	3.737E-01	-3.165E-04
1.707E-01	3.776E-01	3.776E-01	3.773E-01	-3.121E-04
1.727E-01	3.812E-01	3.812E-01	3.809E-01	-3.078E-04
1.747E-01	3.848E-01	3.848E-01	3.845E-01	-3.035E-04
1.767E-01	3.883E-01	3.883E-01	3.880E-01	-2.993E-04
1.786E-01	3.917E-01	3.917E-01	3.915E-01	-2.952E-04
1.806E-01	3.952E-01	3.952E-01	3.949E-01	-2.912E-04
1.826E-01	3.986E-01	3.986E-01	3.983E-01	-2.872E-04
1.846E-01	4.019E-01	4.020E-01	4.017E-01	-2.833E-04
1.866E-01	4.053E-01	4.053E-01	4.050E-01	-2.794E-04
1.886E-01	4.086E-01	4.086E-01	4.083E-01	-2.756E-04
1.905E-01	4.118E-01	4.118E-01	4.115E-01	-2.719E-04
1.925E-01	4.150E-01	4.150E-01	4.147E-01	-2.683E-04
1.945E-01	4.182E-01	4.182E-01	4.179E-01	-2.647E-04
1.965E-01	4.213E-01	4.213E-01	4.210E-01	-2.611E-04
1.985E-01	4.244E-01	4.244E-01	4.241E-01	-2.576E-04
2.005E-01	4.274E-01	4.274E-01	4.272E-01	-2.542E-04
2.024E-01	4.304E-01	4.304E-01	4.302E-01	-2.508E-04
2.044E-01	4.334E-01	4.334E-01	4.331E-01	-2.475E-04
2.064E-01	4.363E-01	4.363E-01	4.360E-01	-2.442E-04
2.084E-01	4.392E-01	4.392E-01	4.389E-01	-2.410E-04
2.104E-01	4.420E-01	4.420E-01	4.417E-01	-2.378E-04
2.124E-01	4.448E-01	4.448E-01	4.445E-01	-2.346E-04
2.143E-01	4.475E-01	4.475E-01	4.473E-01	-2.315E-04
2.163E-01	4.502E-01	4.502E-01	4.500E-01	-2.285E-04
2.183E-01	4.529E-01	4.529E-01	4.526E-01	-2.255E-04
2.203E-01	4.555E-01	4.555E-01	4.552E-01	-2.225E-04
2.223E-01	4.580E-01	4.580E-01	4.578E-01	-2.196E-04
2.243E-01	4.605E-01	4.605E-01	4.603E-01	-2.168E-04
2.263E-01	4.630E-01	4.630E-01	4.628E-01	-2.139E-04
2.282E-01	4.654E-01	4.654E-01	4.652E-01	-2.111E-04
2.302E-01	4.678E-01	4.678E-01	4.676E-01	-2.084E-04
2.322E-01	4.702E-01	4.702E-01	4.700E-01	-2.057E-04
2.342E-01	4.724E-01	4.724E-01	4.722E-01	-2.030E-04
2.362E-01	4.747E-01	4.747E-01	4.745E-01	-2.003E-04
2.382E-01	4.769E-01	4.769E-01	4.767E-01	-1.977E-04
2.401E-01	4.790E-01	4.790E-01	4.788E-01	-1.952E-04
2.421E-01	4.811E-01	4.811E-01	4.809E-01	-1.926E-04
2.441E-01	4.832E-01	4.832E-01	4.830E-01	-1.901E-04
2.461E-01	4.852E-01	4.852E-01	4.850E-01	-1.877E-04
2.481E-01	4.871E-01	4.871E-01	4.870E-01	-1.852E-04
2.501E-01	4.891E-01	4.891E-01	4.889E-01	-1.828E-04
2.520E-01	4.909E-01	4.909E-01	4.907E-01	-1.805E-04
2.540E-01	4.927E-01	4.927E-01	4.926E-01	-1.781E-04
2.560E-01	4.945E-01	4.945E-01	4.943E-01	-1.758E-04
2.580E-01	4.962E-01	4.962E-01	4.961E-01	-1.735E-04
2.600E-01	4.979E-01	4.979E-01	4.977E-01	-1.713E-04
2.620E-01	4.995E-01	4.995E-01	4.994E-01	-1.690E-04
2.639E-01	5.011E-01	5.011E-01	5.009E-01	-1.669E-04
2.659E-01	5.026E-01	5.026E-01	5.025E-01	-1.647E-04
2.679E-01	5.041E-01	5.041E-01	5.039E-01	-1.625E-04
2.699E-01	5.055E-01	5.055E-01	5.054E-01	-1.604E-04
2.719E-01	5.069E-01	5.069E-01	5.068E-01	-1.583E-04
2.739E-01	5.083E-01	5.083E-01	5.081E-01	-1.563E-04
2.759E-01	5.095E-01	5.095E-01	5.094E-01	-1.542E-04
2.778E-01	5.108E-01	5.108E-01	5.106E-01	-1.522E-04
2.798E-01	5.120E-01	5.120E-01	5.118E-01	-1.502E-04
2.818E-01	5.131E-01	5.131E-01	5.130E-01	-1.483E-04
2.838E-01	5.142E-01	5.142E-01	5.140E-01	-1.463E-04
2.858E-01	5.152E-01	5.152E-01	5.151E-01	-1.444E-04
2.878E-01	5.162E-01	5.162E-01	5.161E-01	-1.425E-04
2.897E-01	5.172E-01	5.172E-01	5.170E-01	-1.407E-04
2.917E-01	5.181E-01	5.181E-01	5.179E-01	-1.388E-04
2.937E-01	5.189E-01	5.189E-01	5.188E-01	-1.370E-04
2.957E-01	5.197E-01	5.197E-01	5.196E-01	-1.352E-04
2.977E-01	5.205E-01	5.205E-01	5.203E-01	-1.334E-04
2.997E-01	5.212E-01	5.212E-01	5.210E-01	-1.316E-04
3.016E-01	5.218E-01	5.218E-01	5.217E-01	-1.299E-04
3.036E-01	5.224E-01	5.224E-01	5.223E-01	-1.282E-04
3.056E-01	5.230E-01	5.230E-01	5.229E-01	-1.265E-04
3.076E-01	5.235E-01	5.235E-01	5.234E-01	-1.248E-04
3.096E-01	5.240E-01	5.240E-01	5.239E-01	-1.231E-04
3.116E-01	5.244E-01	5.244E-01	5.243E-01	-1.215E-04
3.135E-01	5.248E-01	5.248E-01	5.246E-01	-1.199E-04
3.155E-01	5.251E-01	5.251E-01	5.250E-01	-1.183E-04
3.175E-01	5.254E-01	5.254E-01	5.252E-01	-1.167E-04
3.195E-01	5.256E-01	5.256E-01	5.255E-01	-1.151E-04
3.215E-01	5.258E-01	5.258E-01	5.257E-01	-1.136E-04
3.235E-01	5.259E-01	5.259E-01	5.258E-01	-1.120E-04
3.255E-01	5.260E-01	5.260E-01	5.259E-01	-1.105E-04
3.274E-01	5.260E-01	5.260E-01	5.259E-01	-1.090E-04
3.294E-01	5.260E-01	5.260E-01	5.259E-01	-1.076E-04
3.314E-01	5.260E-01	5.260E-01	5.259E-01	-1.061E-04
3.334E-01	5.259E-01	5.259E-01	5.258E-01	-1.046E-04
3.354E-01	5.257E-01	5.257E-01	5.256E-01	-1.032E-04
3.374E-01	5.256E-01	5.256E-01	5.255E-01	-1.018E-04
3.393E-01	5.253E-01	5.253E-01	5.252E-01	-1.004E-04
3.413E-01	5.250E-01	5.250E-01	5.249E-01	-9.903E-05
3.433E-01	5.247E-01	5.247E-01	5.246E-01	-9.766E-05
3.453E-01	5.244E-01	5.244E-01	5.243E-01	-9.631E-05
3.473E-01	5.240E-01	5.240E-01	5.239E-01	-9.498E-05
3.493E-01	5.235E-01	5.235E-01	5.234E-01	-9.366E-05
3.512E-01	5.230E-01	5.230E-01	5.229E-01	-9.236E-05
3.532E-01	5.225E-01	5.225E-01	5.224E-01	-9.107E-05
3.552E-01	5.219E-01	5.219E-01	5.218E-01	-8.979E-05
3.572E-01	5.212E-01	5.212E-01	5.212E-01	-8.853E-05
3.592E-01	5.206E-01	5.206E-01	5.205E-01	-8.729E-05
3.612E-01	5.199E-01	5.199E-01	5.198E-01	-8.606E-05
3.631E-01	5.191E-01	5.191E-01	5.190E-01	-8.484E-05
3.651E-01	5.183E-01	5.183E-01	5.182E-01	-8.363E-05
3.671E-01	5.175E-01	5.175E-01	5.174E-01	-8.245E-05
3.691E-01	5.166E-01	5.166E-01	5.165E-01	-8.127E-05
3.711E-01	5.157E-01	5.157E-01	5.156E-01	-8.011E-05
3.731E-01	5.147E-01	5.147E-01	5.146E-01	-7.896E-05
3.751E-01	5.137E-01	5.137E-01	5.136E-01	-7.782E-05
3.770E-01	5.127E-01	5.127E-01	5.126E-01	-7.670E-05
3.790E-01	5.116E-01	5.116E-01	5.115E-01	-7.559E-05
3.810E-01	5.105E-01	5.105E-01	5.104E-01	-7.449E-05
3.830E-01	5.093E-01	5.093E-01	5.093E-01	-7.341E-05
3.850E-01	5.081E-01	5.081E-01	5.081E-01	-7.233E-05
3.870E-01	5.069E-01	5.069E-01	5.068E-01	-7.127E-05
3.889E-01	5.056E-01	5.056E-01	5.056E-01	-7.023E-05
3.909E-01	5.043E-01	5.043E-01	5.043E-01	-6.919E-05
3.929E-01	5.030E-01	5.030E-01	5.029E-01	-6.817E-05
3.949E-01	5.016E-01	5.016E-01	5.015E-01	-6.716E-05
3.969E-01	5.002E-01	5.002E-01	5.001E-01	-6.616E-05
3.989E-01	4.987E-01	4.987E-01	4.987E-01	-6.517E-05
4.008E-01	4.972E-01	4.972E-01	4.972E-01	-6.419E-05
4.028E-01	4.957E-01	4.957E-01	4.956E-01	-6.323E-05
4.048E-01	4.942E-01	4.942E-01	4.941E-01	-6.227E-05
4.068E-01	4.926E-01	4.926E-01	4.925E-01	-6.133E-05
4.088E-01	4.909E-01	4.909E-01	4.909E-01	-6.040E-05
4.108E-01	4.893E-01	4.893E-01	4.892E-01	-5.948E-05
4.127E-01	4.876E-01	4.876E-01	4.875E-01	-5.857E-05
4.147E-01	4.858E-01	4.858E-01	4.858E-01	-5.767E-05
4.167E-01	4.841E-01	4.841E-01	4.840E-01	-5.679E-05
4.187E-01	4.823E-01	4.823E-01	4.822E-01	-5.591E-05
4.207E-01	4.805E-01	4.805E-01	4.804E-01	-5.504E-05
4.227E-01	4.786E-01	4.786E-01	4.786E-01	-5.419E-05
4.246E-01	4.767E-01	4.767E-01	4.767E-01	-5.334E-05
4.266E-01	4.748E-01	4.748E-01	4.748E-01	-5.250E-05
4.286E-01	4.729E-01	4.729E-01	4.728E-01	-5.168E-05
4.306E-01	4.709E-01	4.709E-01	4.708E-01	-5.086E-05
4.326E-01	4.689E-01	4.689E-01	4.688E-01	-5.006E-05
4.346E-01	4.669E-01	4.669E-01	4.668E-01	-4.926E-05
4.366E-01	4.648E-01	4.648E-01	4.647E-01	-4.848E-05
4.385E-01	4.627E-01	4.627E-01	4.627E-01	-4.770E-05
4.405E-01	4.606E-01	4.606E-01	4.605E-01	-4.694E-05
4.425E-01	4.584E-01	4.584E-01	4.584E-01	-4.618E-05
4.445E-01	4.563E-01	4.563E-01	4.562E-01	-4.543E-05
4.465E-01	4.541E-01	4.541E-01	4.540E-01	-4.469E-05
4.485E-01	4.519E-01	4.519E-01	4.518E-01	-4.396E-05
4.504E-01	4.496E-01	4.496E-01	4.496E-01	-4.324E-05
4.524E-01	4.473E-01	4.473E-01	4.473E-01	-4.253E-05
4.544E-01	4.451E-01	4.451E-01	4.450E-01	-4.183E-05
4.564E-01	4.427E-01	4.427E-01	4.427E-01	-4.114E-05
4.584E-01	4.404E-01	4.404E-01	4.404E-01	-4.046E-05
4.604E-01	4.380E-01	4.380E-01	4.380E-01	-3.978E-05
4.623E-01	4.356E-01	4.356E-01	4.356E-01	-3.911E-05
4.643E-01	4.332E-01	4.332E-01	4.332E-01	-3.846E-05
4.663E-01	4.308E-01	4.308E-01	4.308E-01	-3.781E-05
4.683E-01	4.284E-01	4.284E-01	4.283E-01	-3.717E-05
4.703E-01	4.259E-01	4.259E-01	4.259E-01	-3.653E-05
4.723E-01	4.234E-01	4.234E-01	4.234E-01	-3.591E-05
4.742E-01	4.209E-01	4.209E-01	4.209E-01	-3.529E-05
4.762E-01	4.184E-01	4.184E-01	4.183E-01	-3.469E-05
4.782E-01	4.158E-01	4.158E-01	4.158E-01	-3.409E-05
4.802E-01	4.132E-01	4.132E-01	4.132E-01	-3.350E-05
4.822E-01	4.107E-01	4.107E-01	4.106E-01	-3.291E-05
4.842E-01	4.081E-01	4.081E-01	4.080E-01	-3.234E-05
4.862E-01	4.054E-01	4.054E-01	4.054E-01	-3.177E-05
4.881E-01	4.028E-01	4.028E-01	4.028E-01	-3.121E-05
4.901E-01	4.002E-01	4.002E-01	4.001E-01	-3.065E-05
4.921E-01	3.975E-01	3.975E-01	3.975E-01	-3.011E-05
4.941E-01	3.948E-01	3.948E-01	3.948E-01	-2.957E-05
4.961E-01	3.921E-01	3.921E-01	3.921E-01	-2.904E-05
4.981E-01	3.894E-01	3.894E-01	3.894E-01	-2.852E-05
5.000E-01	3.867E-01	3.867E-01	3.867E-01	-2.800E-05
5.020E-01	3.839E-01	3.839E-01	3.839E-01	-2.749E-05
5.040E-01	3.812E-01	3.812E-01	3.812E-01	-2.699E-05
5.060E-01	3.784E-01	3.784E-01	3.784E-01	-2.650E-05
5.080E-01	3.757E-01	3.757E-01	3.756E-01	-2.601E-05
5.100E-01	3.729E-01	3.729E-01	3.729E-01	-2.553E-05
5.119E-01	3.701E-01	3.701E-01	3.701E-01	-2.505E-05
5.139E-01	3.673E-01	3.673E-01	3.673E-01	-2.459E-05
5.159E-01	3.645E-01	3.645E-01	3.644E-01	-2.413E-05
5.179E-01	3.616E-01	3.616E-01	3.616E-01	-2.367E-05
5.199E-01	3.588E-01	3.588E-01	3.588E-01	-2.323E-05
5.219E-01	3.560E-01	3.560E-01	3.559E-01	-2.279E-05
5.238E-01	3.531E-01	3.531E-01	3.531E-01	-2.235E-05
5.258E-01	3.503E-01	3.503E-01	3.502E-01	-2.192E-05
5.278E-01	3.474E-01	3.474E-01	3.474E-01	-2.150E-05
5.298E-01	3.445E-01	3.445E-01	3.445E-01	-2.109E-05
5.318E-01	3.417E-01	3.417E-01	3.416E-01	-2.068E-05
5.338E-01	3.388E-01	3.388E-01	3.387E-01	-2.027E-05
5.358E-01	3.359E-01	3.359E-01	3.359E-01	-1.988E-05
5.377E-01	3.330E-01	3.330E-01	3.330E-01	-1.949E-05
5.397E-01	3.301E-01	3.301E-01	3.301E-01	-1.910E-05
5.417E-01	3.272E-01	3.272E-01	3.272E-01	-1.872E-05
5.437E-01	3.243E-01	3.243E-01	3.243E-01	-1.835E-05
5.457E-01	3.214E-01	3.214E-01	3.214E-01	-1.798E-05
5.477E-01	3.185E-01	3.185E-01	3.184E-01	-1.762E-05
5.496E-01	3.155E-01	3.155E-01	3.155E-01	-1.727E-05
5.516E-01	3.126E-01	3.126E-01	3.126E-01	-1.691E-05
5.536E-01	3.097E-01	3.097E-01	3.097E-01	-1.657E-05
5.556E-01	3.068E-01	3.068E-01	3.068E-01	-1.623E-05
5.576E-01	3.039E-01	3.039E-01	3.039E-01	-1.590E-05
5.596E-01	3.010E-01	3.010E-01	3.009E-01	-1.557E-05
5.615E-01	2.980E-01	2.980E-01	2.980E-01	-1.524E-05
5.635E-01	2.951E-01	2.951E-01	2.951E-01	-1.493E-05
5.655E-01	2.922E-01	2.922E-01	2.922E-01	-1.461E-05
5.675E-01	2.893E-01	2.893E-01	2.893E-01	-1.430E-05
5.695E-01	2.864E-01	2.864E-01	2.864E-01	-1.400E-05
5.715E-01	2.835E-01	2.835E-01	2.834E-01	-1.370E-05
5.734E-01	2.805E-01	2.805E-01	2.805E-01	-1.341E-05
5.754E-01	2.776E-01	2.776E-01	2.776E-01	-1.312E-05
5.774E-01	2.747E-01	2.747E-01	2.747E-01	-1.284E-05
5.794E-01	2.718E-01	2.718E-01	2.718E-01	-1.256E-05
5.814E-01	2.689E-01	2.689E-01	2.689E-01	-1.229E-05
5.834E-01	2.661E-01	2.661E-01	2.660E-01	-1.202E-05
5.854E-01	2.632E-01	2.632E-01	2.632E-01	-1.175E-05
5.873E-01	2.603E-01	2.603E-01	2.603E-01	-1.149E-05
5.893E-01	2.574E-01	2.574E-01	2.574E-01	-1.124E-05
5.913E-01	2.545E-01	2.545E-01	2.545E-01	-1.098E-05
5.933E-01	2.517E-01	2.517E-01	2.517E-01	-1.074E-05
5.953E-01	2.488E-01	2.488E-01	2.488E-01	-1.050E-05
5.973E-01	2.460E-01	2.460E-01	2.460E-01	-1.026E-05
5.992E-01	2.431E-01	2.431E-01	2.431E-01	-1.002E-05
6.012E-01	2.403E-01	2.403E-01	2.403E-01	-9.793E-06
6.032E-01	2.375E-01	2.375E-01	2.375E-01	-9.567E-06
6.052E-01	2.346E-01	2.346E-01	2.346E-01	-9.346E-06
6.072E-01	2.318E-01	2.318E-01	2.318E-01	-9.128E-06
6.092E-01	2.290E-01	2.290E-01	2.290E-01	-8.914E-06
6.111E-01	2.262E-01	2.262E-01	2.262E-01	-8.704E-06
6.131E-01	2.235E-01	2.235E-01	2.234E-01	-8.498E-06
6.151E-01	2.207E-01	2.207E-01	2.207E-01	-8.296E-06
6.171E-01	2.179E-01	2.179E-01	2.179E-01	-8.098E-06
6.191E-01	2.152E-01	2.152E-01	2.152E-01	-7.903E-06
6.211E-01	2.124E-01	2.124E-01	2.124E-01	-7.712E-06
6.230E-01	2.097E-01	2.097E-01	2.097E-01	-7.525E-06
6.250E-01	2.070E-01	2.070E-01	2.070E-01	-7.341E-06
6.270E-01	2.043E-01	2.043E-01	2.043E-01	-7.160E-06
6.290E-01	2.016E-01	2.016E-01	2.016E-01	-6.983E-06
6.310E-01	1.989E-01	1.989E-01	1.989E-01	-6.810E-06
6.330E-01	1.962E-01	1.962E-01	1.962E-01	-6.640E-06
6.349E-01	1.936E-01	1.936E-01	1.936E-01	-6.473E-06
6.369E-01	1.909E-01	1.909E-01	1.909E-01	-6.310E-06
6.389E-01	1.883E-01	1.883E-01	1.883E-01	-6.149E-06
6.409E-01	1.857E-01	1.857E-01	1.857E-01	-5.992E-06
6.429E-01	1.831E-01	1.831E-01	1.831E-01	-5.839E-06
6.449E-01	1.805E-01	1.805E-01	1.805E-01	-5.688E-06
6.469E-01	1.779E-01	1.779E-01	1.779E-01	-5.540E-06
6.488E-01	1.754E-01	1.754E-01	1.754E-01	-5.395E-06
6.508E-01	1.728E-01	1.728E-01	1.728E-01	-5.254E-06
6.528E-01	1.703E-01	1.703E-01	1.703E-01	-5.115E-06
6.548E-01	1.678E-01	1.678E-01	1.678E-01	-4.979E-06
6.568E-01	1.653E-01	1.653E-01	1.653E-01	-4.846E-06
6.588E-01	1.628E-01	1.628E-01	1.628E-01	-4.715E-06
6.607E-01	1.604E-01	1.604E-01	1.604E-01	-4.588E-06
6.627E-01	1.579E-01	1.579E-01	1.579E-01	-4.463E-06
6.647E-01	1.555E-01	1.555E-01	1.555E-01	-4.341E-06
6.667E-01	1.531E-01	1.531E-01	1.531E-01	-4.221E-06
6.687E-01	1.507E-01	1.507E-01	1.507E-01	-4.104E-06
6.707E-01	1.483E-01	1.483E-01	1.483E-01	-3.990E-06
6.726E-01	1.459E-01	1.459E-01	1.459E-01	-3.878E-06
6.746E-01	1.436E-01	1.436E-01	1.436E-01	-3.769E-06
6.766E-01	1.413E-01	1.413E-01	1.413E-01	-3.662E-06
6.786E-01	1.389E-01	1.389E-01	1.389E-01	-3.557E-06
6.806E-01	1.367E-01	1.367E-01	1.367E-01	-3.455E-06
6.826E-01	1.344E-01	1.344E-01	1.344E-01	-3.355E-06
6.845E-01	1.321E-01	1.321E-01	1.321E-01	-3.258E-06
6.865E-01	1.299E-01	1.299E-01	1.299E-01	-3.162E-06
6.885E-01	1.277E-01	1.277E-01	1.277E-01	-3.069E-06
6.905E-01	1.255E-01	1.255E-01	1.255E-01	-2.978E-06
6.925E-01	1.233E-01	1.233E-01	1.233E-01	-2.889E-06
6.945E-01	1.211E-01	1.211E-01	1.211E-01	-2.802E-06
6.965E-01	1.190E-01	1.190E-01	1.190E-01	-2.718E-06
6.984E-01	1.169E-01	1.169E-01	1.169E-01	-2.635E-06
7.004E-01	1.148E-01	1.148E-01	1.148E-01	-2.554E-06
7.024E-01	1.127E-01	1.127E-01	1.127E-01	-2.476E-06
7.044E-01	1.106E-01	1.106E-01	1.106E-01	-2.399E-06
7.064E-01	1.086E-01	1.086E-01	1.086E-01	-2.324E-06
7.084E-01	1.066E-01	1.066E-01	1.066E-01	-2.251E-06
7.103E-01	1.046E-01	1.046E-01	1.046E-01	-2.179E-06
7.123E-01	1.026E-01	1.026E-01	1.026E-01	-2.110E-06
7.143E-01	1.006E-01	1.006E-01	1.006E-01	-2.042E-06
7.163E-01	9.866E-02	9.866E-02	9.866E-02	-1.976E-06
7.183E-01	9.674E-02	9.674E-02	9.674E-02	-1.912E-06
7.203E-01	9.484E-02	9.484E-02	9.484E-02	-1.849E-06
7.222E-01	9.296E-02	9.296E-02	9.295E-02	-1.788E-06
7.242E-01	9.110E-02	9.110E-02	9.109E-02	-1.729E-06
7.262E-01	8.926E-02	8.926E-02	8.925E-02	-1.671E-06
7.282E-01	8.744E-02	8.744E-02	8.743E-02	-1.614E-06
7.302E-01	8.564E-02	8.564E-02	8.564E-02	-1.560E-06
7.322E-01	8.386E-02	8.386E-02	8.386E-02	-1.506E-06
7.341E-01	8.210E-02	8.210E-02	8.210E-02	-1.454E-06
7.361E-01	8.037E-02	8.037E-02	8.036E-02	-1.404E-06
7.381E-01	7.865E-02	7.865E-02	7.865E-02	-1.355E-06
7.401E-01	7.696E-02	7.696E-02	7.695E-02	-1.307E-06
7.421E-01	7.528E-02	7.528E-02	7.528E-02	-1.261E-06
7.441E-01	7.363E-02	7.363E-02	7.363E-02	-1.216E-06
7.461E-01	7.200E-02	7.200E-02	7.200E-02	-1.172E-06
7.480E-01	7.039E-02	7.039E-02	7.039E-02	-1.129E-06
7.500E-01	6.880E-02	6.880E-02	6.880E-02	-1.088E-06
7.520E-01	6.723E-02	6.723E-02	6.723E-02	-1.048E-06
7.540E-01	6.568E-02	6.568E-02	6.568E-02	-1.009E-06
7.560E-01	6.416E-02	6.416E-02	6.416E-02	-9.709E-07
7.580E-01	6.265E-02	6.265E-02	6.265E-02	-9.343E-07
7.599E-01	6.117E-02	6.117E-02	6.117E-02	-8.987E-07
7.619E-01	5.970E-02	5.970E-02	5.970E-02	-8.642E-07
7.639E-01	5.826E-02	5.826E-02	5.826E-02	-8.307E-07
7.659E-01	5.684E-02	5.684E-02	5.684E-02	-7.983E-07
7.679E-01	5.544E-02	5.544E-02	5.544E-02	-7.669E-07
7.699E-01	5.406E-02	5.406E-02	5.406E-02	-7.365E-07
7.718E-01	5.270E-02	5.270E-02	5.270E-02	-7.070E-07
7.738E-01	5.136E-02	5.136E-02	5.136E-02	-6.785E-07
7.758E-01	5.005E-02	5.005E-02	5.005E-02	-6.509E-07
7.778E-01	4.875E-02	4.875E-02	4.875E-02	-6.242E-07
7.798E-01	4.747E-02	4.747E-02	4.747E-02	-5.983E-07
7.818E-01	4.622E-02	4.622E-02	4.622E-02	-5.733E-07
7.837E-01	4.498E-02	4.498E-02	4.498E-02	-5.492E-07
7.857E-01	4.377E-02	4.377E-02	4.377E-02	-5.258E-07
7.877E-01	4.258E-02	4.258E-02	4.258E-02	-5.032E-07
7.897E-01	4.140E-02	4.140E-02	4.140E-02	-4.815E-07
7.917E-01	4.025E-02	4.025E-02	4.025E-02	-4.604E-07
7.937E-01	3.912E-02	3.912E-02	3.911E-02	-4.401E-07
7.957E-01	3.800E-02	3.800E-02	3.800E-02	-4.205E-07
7.976E-01	3.691E-02	3.691E-02	3.691E-02	-4.016E-07
7.996E-01	3.583E-02	3.583E-02	3.583E-02	-3.834E-07
8.016E-01	3.478E-02	3.478E-02	3.478E-02	-3.659E-07
8.036E-01	3.375E-02	3.375E-02	3.375E-02	-3.489E-07
8.056E-01	3.273E-02	3.273E-02	3.273E-02	-3.326E-07
8.076E-01	3.174E-02	3.174E-02	3.174E-02	-3.169E-07
8.095E-01	3.076E-02	3.076E-02	3.076E-02	-3.018E-07
8.115E-01	2.980E-02	2.980E-02	2.980E-02	-2.873E-07
8.135E-01	2.886E-02	2.886E-02	2.886E-02	-2.734E-07
8.155E-01	2.795E-02	2.795E-02	2.795E-02	-2.599E-07
8.175E-01	2.705E-02	2.705E-02	2.705E-02	-2.470E-07
8.195E-01	2.616E-02	2.616E-02	2.616E-02	-2.346E-07
8.214E-01	2.530E-02	2.530E-02	2.530E-02	-2.228E-07
8.234E-01	2.446E-02	2.446E-02	2.446E-02	-2.113E-07
8.254E-01	2.363E-02	2.363E-02	2.363E-02	-2.004E-07
8.274E-01	2.282E-02	2.282E-02	2.282E-02	-1.899E-07
8.294E-01	2.203E-02	2.203E-02	2.203E-02	-1.798E-07
8.314E-01	2.126E-02	2.126E-02	2.126E-02	-1.702E-07
8.333E-01	2.050E-02	2.050E-02	2.050E-02	-1.610E-07
8.353E-01	1.977E-02	1.977E-02	1.977E-02	-1.522E-07
8.373E-01	1.905E-02	1.905E-02	1.905E-02	-1.438E-07
8.393E-01	1.835E-02	1.835E-02	1.835E-02	-1.357E-07
8.413E-01	1.766E-02	1.766E-02	1.766E-02	-1.280E-07
8.433E-01	1.699E-02	1.699E-02	1.699E-02	-1.206E-07
8.453E-01	1.634E-02	1.634E-02	1.634E-02	-1.136E-07
8.472E-01	1.570E-02	1.570E-02	1.570E-02	-1.069E-07
8.492E-01	1.508E-02	1.508E-02	1.508E-02	-1.006E-07
8.512E-01	1.448E-02	1.448E-02	1.448E-02	-9.451E-08
8.532E-01	1.389E-02	1.389E-02	1.389E-02	-8.874E-08
8.552E-01	1.332E-02	1.332E-02	1.332E-02	-8.324E-08
8.572E-01	1.277E-02	1.277E-02	1.277E-02	-7.802E-08
8.591E-01	1.223E-02	1.223E-02	1.223E-02	-7.306E-08
8.611E-01	1.170E-02	1.170E-02	1.170E-02	-6.836E-08
8.631E-01	1.119E-02	1.119E-02	1.119E-02	-6.389E-08
8.651E-01	1.070E-02	1.070E-02	1.070E-02	-5.966E-08
8.671E-01	1.022E-02	1.022E-02	1.022E-02	-5.565E-08
8.691E-01	9.753E-03	9.753E-03	9.753E-03	-5.186E-08
8.710E-01	9.302E-03	9.302E-03	9.302E-03	-4.828E-08
8.730E-01	8.864E-03	8.864E-03	8.864E-03	-4.489E-08
8.750E-01	8.441E-03	8.441E-03	8.441E-03	-4.170E-08
8.770E-01	8.031E-03	8.031E-03	8.031E-03	-3.868E-08
8.790E-01	7.634E-03	7.634E-03	7.634E-03	-3.584E-08
8.810E-01	7.251E-03	7.251E-03	7.251E-03	-3.317E-08
8.829E-01	6.881E-03	6.881E-03	6.881E-03	-3.066E-08
8.849E-01	6.524E-03	6.524E-03	6.524E-03	-2.830E-08
8.869E-01	6.179E-03	6.179E-03	6.179E-03	-2.608E-08
8.889E-01	5.847E-03	5.847E-03	5.847E-03	-2.401E-08
8.909E-01	5.527E-03	5.527E-03	5.527E-03	-2.207E-08
8.929E-01	5.219E-03	5.219E-03	5.219E-03	-2.025E-08
8.948E-01	4.922E-03	4.922E-03	4.922E-03	-1.855E-08
8.968E-01	4.637E-03	4.637E-03	4.637E-03	-1.697E-08
8.988E-01	4.364E-03	4.364E-03	4.364E-03	-1.550E-08
9.008E-01	4.101E-03	4.101E-03	4.101E-03	-1.412E-08
9.028E-01	3.849E-03	3.849E-03	3.849E-03	-1.285E-08
9.048E-01	3.608E-03	3.608E-03	3.608E-03	-1.167E-08
9.068E-01	3.377E-03	3.377E-03	3.377E-03	-1.057E-08
9.087E-01	3.157E-03	3.157E-03	3.157E-03	-9.563E-09
9.107E-01	2.946E-03	2.946E-03	2.946E-03	-8.629E-09
9.127E-01	2.745E-03	2.745E-03	2.745E-03	-7.768E-09
9.147E-01	2.554E-03	2.554E-03	2.554E-03	-6.977E-09
9.167E-01	2.371E-03	2.371E-03	2.371E-03	-6.250E-09
9.187E-01	2.198E-03	2.198E-03	2.198E-03	-5.585E-09
9.206E-01	2.034E-03	2.034E-03	2.034E-03	-4.976E-09
9.226E-01	1.878E-03	1.878E-03	1.878E-03	-4.421E-09
9.246E-01	1.730E-03	1.730E-03	1.730E-03	-3.916E-09
9.266E-01	1.591E-03	1.591E-03	1.591E-03	-3.457E-09
9.286E-01	1.459E-03	1.459E-03	1.459E-03	-3.042E-09
9.306E-01	1.335E-03	1.335E-03	1.335E-03	-2.667E-09
9.325E-01	1.218E-03	1.218E-03	1.218E-03	-2.330E-09
9.345E-01	1.108E-03	1.108E-03	1.108E-03	-2.027E-09
9.365E-01	1.006E-03	1.006E-03	1.006E-03	-1.755E-09
9.385E-01	9.097E-04	9.097E-04	9.097E-04	-1.514E-09
9.405E-01	8.202E-04	8.202E-04	8.202E-04	-1.299E-09
9.425E-01	7.368E-04	7.368E-04	7.368E-04	-1.109E-09
9.444E-01	6.594E-04	6.594E-04	6.594E-04	-9.414E-10
9.464E-01	5.877E-04	5.877E-04	5.877E-04	-7.944E-10
9.484E-01	5.215E-04	5.215E-04	5.215E-04	-6.662E-10
9.504E-01	4.606E-04	4.606E-04	4.606E-04	-5.548E-10
9.524E-01	4.047E-04	4.047E-04	4.047E-04	-4.586E-10
9.544E-01	3.537E-04	3.537E-04	3.537E-04	-3.760E-10
9.564E-01	3.072E-04	3.072E-04	3.072E-04	-3.056E-10
9.583E-01	2.651E-04	2.651E-04	2.651E-04	-2.459E-10
9.603E-01	2.271E-04	2.271E-04	2.271E-04	-1.959E-10
9.623E-01	1.930E-04	1.930E-04	1.930E-04	-1.542E-10
9.643E-01	1.626E-04	1.626E-04	1.626E-04	-1.198E-10
9.663E-01	1.356E-04	1.356E-04	1.356E-04	-9.174E-11
9.683E-01	1.119E-04	1.119E-04	1.119E-04	-6.913E-11
9.702E-01	9.118E-05	9.118E-05	9.118E-05	-5.114E-11
9.722E-01	7.325E-05	7.325E-05	7.325E-05	-3.705E-11
9.742E-01	5.789E-05	5.789E-05	5.789E-05	-2.621E-11
9.762E-01	4.490E-05	4.490E-05	4.490E-05	-1.803E-11
9.782E-01	3.406E-05	3.406E-05	3.406E-05	-1.200E-11
9.802E-01	2.517E-05	2.517E-05	2.517E-05	-7.684E-12
9.821E-01	1.801E-05	1.801E-05	1.801E-05	-4.692E-12
9.841E-01	1.239E-05	1.239E-05	1.239E-05	-2.702E-12
9.861E-01	8.105E-06	8.105E-06	8.105E-06	-1.445E-12
9.881E-01	4.967E-06	4.967E-06	4.967E-06	-7.005E-13
9.901E-01	2.782E-06	2.782E-06	2.782E-06	-2.974E-13
9.921E-01	1.370E-06	1.370E-06	1.370E-06	-1.040E-13
9.940E-01	5.495E-07	5.495E-07	5.495E-07	-2.657E-14
9.960E-01	1.503E-07	1.503E-07	1.503E-07	-3.974E-15
9.980E-01	1.709E-08	1.709E-08	1.709E-08	-2.552E-16
1.000E+00	0.000E+00	0.000E+00	0.000E+00	0.000E+00
