Q0 = 1.087 GeV	 Q = 1.581 GeV
x	 x*(uv-dv)
1.000E-04	3.040E-04	3.367E-04
1.009E-04	3.065E-04	3.394E-04
1.019E-04	3.090E-04	3.421E-04
1.028E-04	3.115E-04	3.447E-04
1.038E-04	3.140E-04	3.475E-04
1.047E-04	3.166E-04	3.502E-04
1.057E-04	3.191E-04	3.530E-04
1.067E-04	3.217E-04	3.557E-04
1.076E-04	3.244E-04	3.585E-04
1.086E-04	3.270E-04	3.614E-04
1.096E-04	3.297E-04	3.642E-04
1.107E-04	3.323E-04	3.671E-04
1.117E-04	3.350E-04	3.700E-04
1.127E-04	3.378E-04	3.729E-04
1.138E-04	3.405E-04	3.758E-04
1.148E-04	3.433E-04	3.788E-04
1.159E-04	3.461E-04	3.818E-04
1.169E-04	3.489E-04	3.848E-04
1.180E-04	3.517E-04	3.878E-04
1.191E-04	3.546E-04	3.909E-04
1.202E-04	3.575E-04	3.940E-04
1.213E-04	3.604E-04	3.971E-04
1.225E-04	3.633E-04	4.002E-04
1.236E-04	3.663E-04	4.033E-04
1.247E-04	3.693E-04	4.065E-04
1.259E-04	3.723E-04	4.097E-04
1.271E-04	3.753E-04	4.130E-04
1.282E-04	3.784E-04	4.162E-04
1.294E-04	3.815E-04	4.195E-04
1.306E-04	3.846E-04	4.228E-04
1.318E-04	3.877E-04	4.262E-04
1.330E-04	3.909E-04	4.295E-04
1.343E-04	3.941E-04	4.329E-04
1.355E-04	3.973E-04	4.363E-04
1.368E-04	4.005E-04	4.398E-04
1.380E-04	4.038E-04	4.433E-04
1.393E-04	4.071E-04	4.468E-04
1.406E-04	4.104E-04	4.503E-04
1.419E-04	4.137E-04	4.539E-04
1.432E-04	4.171E-04	4.574E-04
1.445E-04	4.205E-04	4.611E-04
1.459E-04	4.239E-04	4.647E-04
1.472E-04	4.274E-04	4.684E-04
1.486E-04	4.309E-04	4.721E-04
1.500E-04	4.344E-04	4.758E-04
1.514E-04	4.380E-04	4.796E-04
1.528E-04	4.415E-04	4.834E-04
1.542E-04	4.451E-04	4.872E-04
1.556E-04	4.488E-04	4.910E-04
1.570E-04	4.524E-04	4.949E-04
1.585E-04	4.561E-04	4.988E-04
1.600E-04	4.599E-04	5.028E-04
1.614E-04	4.636E-04	5.068E-04
1.629E-04	4.674E-04	5.108E-04
1.644E-04	4.712E-04	5.148E-04
1.660E-04	4.751E-04	5.189E-04
1.675E-04	4.789E-04	5.230E-04
1.690E-04	4.829E-04	5.272E-04
1.706E-04	4.868E-04	5.313E-04
1.722E-04	4.908E-04	5.355E-04
1.738E-04	4.948E-04	5.398E-04
1.754E-04	4.988E-04	5.441E-04
1.770E-04	5.029E-04	5.484E-04
1.786E-04	5.070E-04	5.527E-04
1.803E-04	5.112E-04	5.571E-04
1.820E-04	5.154E-04	5.615E-04
1.837E-04	5.196E-04	5.660E-04
1.854E-04	5.238E-04	5.705E-04
1.871E-04	5.281E-04	5.750E-04
1.888E-04	5.324E-04	5.795E-04
1.905E-04	5.368E-04	5.841E-04
1.923E-04	5.412E-04	5.888E-04
1.941E-04	5.456E-04	5.934E-04
1.959E-04	5.501E-04	5.982E-04
1.977E-04	5.546E-04	6.029E-04
1.995E-04	5.591E-04	6.077E-04
2.014E-04	5.637E-04	6.125E-04
2.032E-04	5.683E-04	6.174E-04
2.051E-04	5.730E-04	6.223E-04
2.070E-04	5.777E-04	6.272E-04
2.089E-04	5.824E-04	6.322E-04
2.109E-04	5.872E-04	6.372E-04
2.128E-04	5.920E-04	6.423E-04
2.148E-04	5.968E-04	6.474E-04
2.168E-04	6.017E-04	6.525E-04
2.188E-04	6.066E-04	6.577E-04
2.208E-04	6.116E-04	6.630E-04
2.228E-04	6.166E-04	6.682E-04
2.249E-04	6.217E-04	6.735E-04
2.270E-04	6.268E-04	6.789E-04
2.291E-04	6.319E-04	6.843E-04
2.312E-04	6.371E-04	6.897E-04
2.333E-04	6.423E-04	6.952E-04
2.355E-04	6.476E-04	7.008E-04
2.377E-04	6.529E-04	7.063E-04
2.399E-04	6.583E-04	7.120E-04
2.421E-04	6.637E-04	7.176E-04
2.443E-04	6.691E-04	7.233E-04
2.466E-04	6.746E-04	7.291E-04
2.489E-04	6.801E-04	7.349E-04
2.512E-04	6.857E-04	7.408E-04
2.535E-04	6.913E-04	7.467E-04
2.559E-04	6.970E-04	7.526E-04
2.582E-04	7.027E-04	7.586E-04
2.606E-04	7.085E-04	7.646E-04
2.630E-04	7.143E-04	7.707E-04
2.655E-04	7.202E-04	7.769E-04
2.679E-04	7.261E-04	7.831E-04
2.704E-04	7.321E-04	7.893E-04
2.729E-04	7.381E-04	7.956E-04
2.754E-04	7.442E-04	8.020E-04
2.780E-04	7.503E-04	8.084E-04
2.805E-04	7.564E-04	8.148E-04
2.831E-04	7.626E-04	8.213E-04
2.858E-04	7.689E-04	8.279E-04
2.884E-04	7.752E-04	8.345E-04
2.911E-04	7.816E-04	8.411E-04
2.938E-04	7.880E-04	8.478E-04
2.965E-04	7.945E-04	8.546E-04
2.992E-04	8.011E-04	8.614E-04
3.020E-04	8.076E-04	8.683E-04
3.048E-04	8.143E-04	8.753E-04
3.076E-04	8.210E-04	8.822E-04
3.105E-04	8.277E-04	8.893E-04
3.133E-04	8.346E-04	8.964E-04
3.162E-04	8.414E-04	9.036E-04
3.192E-04	8.483E-04	9.108E-04
3.221E-04	8.553E-04	9.181E-04
3.251E-04	8.624E-04	9.254E-04
3.281E-04	8.695E-04	9.328E-04
3.311E-04	8.766E-04	9.403E-04
3.342E-04	8.838E-04	9.478E-04
3.373E-04	8.911E-04	9.554E-04
3.404E-04	8.985E-04	9.630E-04
3.436E-04	9.059E-04	9.707E-04
3.467E-04	9.133E-04	9.785E-04
3.499E-04	9.209E-04	9.863E-04
3.532E-04	9.284E-04	9.942E-04
3.565E-04	9.361E-04	1.002E-03
3.597E-04	9.438E-04	1.010E-03
3.631E-04	9.516E-04	1.018E-03
3.664E-04	9.594E-04	1.026E-03
3.698E-04	9.674E-04	1.035E-03
3.733E-04	9.753E-04	1.043E-03
3.767E-04	9.834E-04	1.051E-03
3.802E-04	9.915E-04	1.060E-03
3.837E-04	9.997E-04	1.068E-03
3.873E-04	1.008E-03	1.077E-03
3.908E-04	1.016E-03	1.085E-03
3.945E-04	1.025E-03	1.094E-03
3.981E-04	1.033E-03	1.103E-03
4.018E-04	1.042E-03	1.112E-03
4.055E-04	1.050E-03	1.121E-03
4.093E-04	1.059E-03	1.130E-03
4.130E-04	1.068E-03	1.139E-03
4.169E-04	1.076E-03	1.148E-03
4.207E-04	1.085E-03	1.157E-03
4.246E-04	1.094E-03	1.166E-03
4.285E-04	1.103E-03	1.176E-03
4.325E-04	1.112E-03	1.185E-03
4.365E-04	1.122E-03	1.195E-03
4.406E-04	1.131E-03	1.204E-03
4.446E-04	1.140E-03	1.214E-03
4.487E-04	1.150E-03	1.224E-03
4.529E-04	1.159E-03	1.234E-03
4.571E-04	1.169E-03	1.244E-03
4.613E-04	1.178E-03	1.254E-03
4.656E-04	1.188E-03	1.264E-03
4.699E-04	1.198E-03	1.274E-03
4.742E-04	1.208E-03	1.284E-03
4.786E-04	1.218E-03	1.294E-03
4.831E-04	1.228E-03	1.305E-03
4.875E-04	1.238E-03	1.315E-03
4.920E-04	1.248E-03	1.326E-03
4.966E-04	1.259E-03	1.337E-03
5.012E-04	1.269E-03	1.347E-03
5.058E-04	1.280E-03	1.358E-03
5.105E-04	1.290E-03	1.369E-03
5.152E-04	1.301E-03	1.380E-03
5.200E-04	1.312E-03	1.391E-03
5.248E-04	1.323E-03	1.403E-03
5.297E-04	1.334E-03	1.414E-03
5.346E-04	1.345E-03	1.425E-03
5.395E-04	1.356E-03	1.437E-03
5.445E-04	1.367E-03	1.448E-03
5.495E-04	1.378E-03	1.460E-03
5.546E-04	1.390E-03	1.472E-03
5.598E-04	1.401E-03	1.484E-03
5.649E-04	1.413E-03	1.496E-03
5.702E-04	1.425E-03	1.508E-03
5.754E-04	1.436E-03	1.520E-03
5.808E-04	1.448E-03	1.532E-03
5.861E-04	1.460E-03	1.545E-03
5.916E-04	1.472E-03	1.557E-03
5.970E-04	1.485E-03	1.570E-03
6.026E-04	1.497E-03	1.582E-03
6.081E-04	1.509E-03	1.595E-03
6.138E-04	1.522E-03	1.608E-03
6.194E-04	1.535E-03	1.621E-03
6.252E-04	1.547E-03	1.634E-03
6.310E-04	1.560E-03	1.647E-03
6.368E-04	1.573E-03	1.661E-03
6.427E-04	1.586E-03	1.674E-03
6.486E-04	1.599E-03	1.688E-03
6.546E-04	1.613E-03	1.701E-03
6.607E-04	1.626E-03	1.715E-03
6.668E-04	1.640E-03	1.729E-03
6.730E-04	1.653E-03	1.743E-03
6.792E-04	1.667E-03	1.757E-03
6.855E-04	1.681E-03	1.771E-03
6.918E-04	1.695E-03	1.786E-03
6.982E-04	1.709E-03	1.800E-03
7.047E-04	1.723E-03	1.815E-03
7.112E-04	1.737E-03	1.829E-03
7.178E-04	1.752E-03	1.844E-03
7.244E-04	1.766E-03	1.859E-03
7.311E-04	1.781E-03	1.874E-03
7.379E-04	1.796E-03	1.890E-03
7.447E-04	1.811E-03	1.905E-03
7.516E-04	1.826E-03	1.920E-03
7.586E-04	1.841E-03	1.936E-03
7.656E-04	1.856E-03	1.952E-03
7.727E-04	1.872E-03	1.968E-03
7.798E-04	1.888E-03	1.983E-03
7.870E-04	1.903E-03	2.000E-03
7.943E-04	1.919E-03	2.016E-03
8.017E-04	1.935E-03	2.032E-03
8.091E-04	1.951E-03	2.049E-03
8.166E-04	1.967E-03	2.065E-03
8.241E-04	1.984E-03	2.082E-03
8.318E-04	2.000E-03	2.099E-03
8.395E-04	2.017E-03	2.116E-03
8.472E-04	2.034E-03	2.133E-03
8.551E-04	2.051E-03	2.151E-03
8.630E-04	2.068E-03	2.168E-03
8.710E-04	2.085E-03	2.186E-03
8.790E-04	2.103E-03	2.204E-03
8.872E-04	2.120E-03	2.222E-03
8.954E-04	2.138E-03	2.240E-03
9.036E-04	2.156E-03	2.258E-03
9.120E-04	2.174E-03	2.276E-03
9.204E-04	2.192E-03	2.295E-03
9.290E-04	2.210E-03	2.314E-03
9.376E-04	2.229E-03	2.333E-03
9.462E-04	2.247E-03	2.352E-03
9.550E-04	2.266E-03	2.371E-03
9.638E-04	2.285E-03	2.390E-03
9.727E-04	2.304E-03	2.410E-03
9.817E-04	2.323E-03	2.429E-03
9.908E-04	2.343E-03	2.449E-03
1.000E-03	2.362E-03	2.469E-03
1.009E-03	2.382E-03	2.489E-03
1.019E-03	2.402E-03	2.510E-03
1.028E-03	2.422E-03	2.530E-03
1.038E-03	2.442E-03	2.551E-03
1.047E-03	2.463E-03	2.572E-03
1.057E-03	2.484E-03	2.593E-03
1.067E-03	2.504E-03	2.614E-03
1.076E-03	2.525E-03	2.635E-03
1.086E-03	2.546E-03	2.657E-03
1.096E-03	2.568E-03	2.679E-03
1.107E-03	2.589E-03	2.700E-03
1.117E-03	2.611E-03	2.723E-03
1.127E-03	2.633E-03	2.745E-03
1.138E-03	2.655E-03	2.767E-03
1.148E-03	2.677E-03	2.790E-03
1.159E-03	2.700E-03	2.813E-03
1.169E-03	2.722E-03	2.836E-03
1.180E-03	2.745E-03	2.859E-03
1.191E-03	2.768E-03	2.883E-03
1.202E-03	2.791E-03	2.906E-03
1.213E-03	2.815E-03	2.930E-03
1.225E-03	2.838E-03	2.954E-03
1.236E-03	2.862E-03	2.978E-03
1.247E-03	2.886E-03	3.003E-03
1.259E-03	2.910E-03	3.027E-03
1.271E-03	2.935E-03	3.052E-03
1.282E-03	2.960E-03	3.077E-03
1.294E-03	2.984E-03	3.103E-03
1.306E-03	3.009E-03	3.128E-03
1.318E-03	3.035E-03	3.154E-03
1.330E-03	3.060E-03	3.180E-03
1.343E-03	3.086E-03	3.206E-03
1.355E-03	3.112E-03	3.232E-03
1.368E-03	3.138E-03	3.259E-03
1.380E-03	3.164E-03	3.286E-03
1.393E-03	3.191E-03	3.313E-03
1.406E-03	3.218E-03	3.340E-03
1.419E-03	3.245E-03	3.367E-03
1.432E-03	3.272E-03	3.395E-03
1.445E-03	3.300E-03	3.423E-03
1.459E-03	3.328E-03	3.451E-03
1.472E-03	3.356E-03	3.480E-03
1.486E-03	3.384E-03	3.508E-03
1.500E-03	3.412E-03	3.537E-03
1.514E-03	3.441E-03	3.566E-03
1.528E-03	3.470E-03	3.596E-03
1.542E-03	3.499E-03	3.626E-03
1.556E-03	3.529E-03	3.655E-03
1.570E-03	3.559E-03	3.686E-03
1.585E-03	3.589E-03	3.716E-03
1.600E-03	3.619E-03	3.747E-03
1.614E-03	3.649E-03	3.778E-03
1.629E-03	3.680E-03	3.809E-03
1.644E-03	3.711E-03	3.840E-03
1.660E-03	3.743E-03	3.872E-03
1.675E-03	3.774E-03	3.904E-03
1.690E-03	3.806E-03	3.936E-03
1.706E-03	3.838E-03	3.969E-03
1.722E-03	3.871E-03	4.002E-03
1.738E-03	3.903E-03	4.035E-03
1.754E-03	3.936E-03	4.068E-03
1.770E-03	3.970E-03	4.102E-03
1.786E-03	4.003E-03	4.136E-03
1.803E-03	4.037E-03	4.170E-03
1.820E-03	4.071E-03	4.205E-03
1.837E-03	4.106E-03	4.239E-03
1.854E-03	4.140E-03	4.275E-03
1.871E-03	4.175E-03	4.310E-03
1.888E-03	4.211E-03	4.346E-03
1.905E-03	4.246E-03	4.382E-03
1.923E-03	4.282E-03	4.418E-03
1.941E-03	4.318E-03	4.455E-03
1.959E-03	4.355E-03	4.492E-03
1.977E-03	4.392E-03	4.529E-03
1.995E-03	4.429E-03	4.567E-03
2.014E-03	4.467E-03	4.605E-03
2.032E-03	4.504E-03	4.643E-03
2.051E-03	4.543E-03	4.682E-03
2.070E-03	4.581E-03	4.720E-03
2.089E-03	4.620E-03	4.760E-03
2.109E-03	4.659E-03	4.799E-03
2.128E-03	4.699E-03	4.839E-03
2.148E-03	4.739E-03	4.879E-03
2.168E-03	4.779E-03	4.920E-03
2.188E-03	4.819E-03	4.961E-03
2.208E-03	4.860E-03	5.002E-03
2.228E-03	4.902E-03	5.044E-03
2.249E-03	4.943E-03	5.086E-03
2.270E-03	4.985E-03	5.128E-03
2.291E-03	5.027E-03	5.171E-03
2.312E-03	5.070E-03	5.214E-03
2.333E-03	5.113E-03	5.258E-03
2.355E-03	5.157E-03	5.302E-03
2.377E-03	5.201E-03	5.346E-03
2.399E-03	5.245E-03	5.391E-03
2.421E-03	5.289E-03	5.436E-03
2.443E-03	5.334E-03	5.481E-03
2.466E-03	5.380E-03	5.527E-03
2.489E-03	5.426E-03	5.573E-03
2.512E-03	5.472E-03	5.620E-03
2.535E-03	5.518E-03	5.667E-03
2.559E-03	5.566E-03	5.714E-03
2.582E-03	5.613E-03	5.762E-03
2.606E-03	5.661E-03	5.810E-03
2.630E-03	5.709E-03	5.859E-03
2.655E-03	5.758E-03	5.908E-03
2.679E-03	5.807E-03	5.957E-03
2.704E-03	5.856E-03	6.007E-03
2.729E-03	5.906E-03	6.057E-03
2.754E-03	5.957E-03	6.108E-03
2.780E-03	6.008E-03	6.159E-03
2.805E-03	6.059E-03	6.211E-03
2.831E-03	6.111E-03	6.263E-03
2.858E-03	6.163E-03	6.316E-03
2.884E-03	6.215E-03	6.369E-03
2.911E-03	6.269E-03	6.422E-03
2.938E-03	6.322E-03	6.476E-03
2.965E-03	6.376E-03	6.531E-03
2.992E-03	6.431E-03	6.585E-03
3.020E-03	6.486E-03	6.641E-03
3.048E-03	6.541E-03	6.697E-03
3.076E-03	6.597E-03	6.753E-03
3.105E-03	6.654E-03	6.810E-03
3.133E-03	6.711E-03	6.867E-03
3.162E-03	6.768E-03	6.925E-03
3.192E-03	6.826E-03	6.983E-03
3.221E-03	6.884E-03	7.042E-03
3.251E-03	6.943E-03	7.101E-03
3.281E-03	7.003E-03	7.161E-03
3.311E-03	7.063E-03	7.222E-03
3.342E-03	7.124E-03	7.283E-03
3.373E-03	7.185E-03	7.344E-03
3.404E-03	7.246E-03	7.406E-03
3.436E-03	7.309E-03	7.469E-03
3.467E-03	7.371E-03	7.532E-03
3.499E-03	7.435E-03	7.595E-03
3.532E-03	7.498E-03	7.659E-03
3.565E-03	7.563E-03	7.724E-03
3.597E-03	7.628E-03	7.790E-03
3.631E-03	7.693E-03	7.855E-03
3.664E-03	7.760E-03	7.922E-03
3.698E-03	7.826E-03	7.989E-03
3.733E-03	7.894E-03	8.057E-03
3.767E-03	7.962E-03	8.125E-03
3.802E-03	8.030E-03	8.194E-03
3.837E-03	8.099E-03	8.263E-03
3.873E-03	8.169E-03	8.333E-03
3.908E-03	8.239E-03	8.404E-03
3.945E-03	8.310E-03	8.475E-03
3.981E-03	8.382E-03	8.547E-03
4.018E-03	8.454E-03	8.620E-03
4.055E-03	8.527E-03	8.693E-03
4.093E-03	8.601E-03	8.767E-03
4.130E-03	8.675E-03	8.841E-03
4.169E-03	8.750E-03	8.916E-03
4.207E-03	8.825E-03	8.992E-03
4.246E-03	8.901E-03	9.069E-03
4.285E-03	8.978E-03	9.146E-03
4.325E-03	9.056E-03	9.224E-03
4.365E-03	9.134E-03	9.302E-03
4.406E-03	9.213E-03	9.381E-03
4.446E-03	9.293E-03	9.461E-03
4.487E-03	9.373E-03	9.542E-03
4.529E-03	9.454E-03	9.623E-03
4.571E-03	9.536E-03	9.705E-03
4.613E-03	9.619E-03	9.788E-03
4.656E-03	9.702E-03	9.872E-03
4.699E-03	9.786E-03	9.956E-03
4.742E-03	9.871E-03	1.004E-02
4.786E-03	9.956E-03	1.013E-02
4.831E-03	1.004E-02	1.021E-02
4.875E-03	1.013E-02	1.030E-02
4.920E-03	1.022E-02	1.039E-02
4.966E-03	1.031E-02	1.048E-02
5.012E-03	1.040E-02	1.057E-02
5.058E-03	1.049E-02	1.066E-02
5.105E-03	1.058E-02	1.075E-02
5.152E-03	1.067E-02	1.084E-02
5.200E-03	1.076E-02	1.093E-02
5.248E-03	1.085E-02	1.103E-02
5.297E-03	1.095E-02	1.112E-02
5.346E-03	1.104E-02	1.122E-02
5.395E-03	1.114E-02	1.131E-02
5.445E-03	1.124E-02	1.141E-02
5.495E-03	1.134E-02	1.151E-02
5.546E-03	1.143E-02	1.161E-02
5.598E-03	1.153E-02	1.171E-02
5.649E-03	1.163E-02	1.181E-02
5.702E-03	1.174E-02	1.191E-02
5.754E-03	1.184E-02	1.201E-02
5.808E-03	1.194E-02	1.212E-02
5.861E-03	1.205E-02	1.222E-02
5.916E-03	1.215E-02	1.233E-02
5.970E-03	1.226E-02	1.243E-02
6.026E-03	1.236E-02	1.254E-02
6.081E-03	1.247E-02	1.265E-02
6.138E-03	1.258E-02	1.276E-02
6.194E-03	1.269E-02	1.287E-02
6.252E-03	1.280E-02	1.298E-02
6.310E-03	1.291E-02	1.309E-02
6.368E-03	1.303E-02	1.320E-02
6.427E-03	1.314E-02	1.332E-02
6.486E-03	1.326E-02	1.343E-02
6.546E-03	1.337E-02	1.355E-02
6.607E-03	1.349E-02	1.367E-02
6.668E-03	1.361E-02	1.379E-02
6.730E-03	1.373E-02	1.390E-02
6.792E-03	1.385E-02	1.403E-02
6.855E-03	1.397E-02	1.415E-02
6.918E-03	1.409E-02	1.427E-02
6.982E-03	1.422E-02	1.439E-02
7.047E-03	1.434E-02	1.452E-02
7.112E-03	1.447E-02	1.464E-02
7.178E-03	1.459E-02	1.477E-02
7.244E-03	1.472E-02	1.490E-02
7.311E-03	1.485E-02	1.503E-02
7.379E-03	1.498E-02	1.516E-02
7.447E-03	1.511E-02	1.529E-02
7.516E-03	1.525E-02	1.543E-02
7.586E-03	1.538E-02	1.556E-02
7.656E-03	1.552E-02	1.570E-02
7.727E-03	1.565E-02	1.583E-02
7.798E-03	1.579E-02	1.597E-02
7.870E-03	1.593E-02	1.611E-02
7.943E-03	1.607E-02	1.625E-02
8.017E-03	1.621E-02	1.639E-02
8.091E-03	1.636E-02	1.654E-02
8.166E-03	1.650E-02	1.668E-02
8.241E-03	1.665E-02	1.683E-02
8.318E-03	1.679E-02	1.697E-02
8.395E-03	1.694E-02	1.712E-02
8.472E-03	1.709E-02	1.727E-02
8.551E-03	1.724E-02	1.742E-02
8.630E-03	1.740E-02	1.758E-02
8.710E-03	1.755E-02	1.773E-02
8.790E-03	1.771E-02	1.789E-02
8.872E-03	1.786E-02	1.804E-02
8.954E-03	1.802E-02	1.820E-02
9.036E-03	1.818E-02	1.836E-02
9.120E-03	1.834E-02	1.852E-02
9.204E-03	1.851E-02	1.869E-02
9.290E-03	1.867E-02	1.885E-02
9.376E-03	1.884E-02	1.902E-02
9.462E-03	1.900E-02	1.918E-02
9.550E-03	1.917E-02	1.935E-02
9.638E-03	1.934E-02	1.952E-02
9.727E-03	1.952E-02	1.970E-02
9.817E-03	1.969E-02	1.987E-02
9.908E-03	1.987E-02	2.004E-02
1.000E-02	2.004E-02	2.022E-02
1.198E-02	2.388E-02	2.406E-02
1.397E-02	2.773E-02	2.790E-02
1.595E-02	3.160E-02	3.177E-02
1.794E-02	3.549E-02	3.565E-02
1.992E-02	3.940E-02	3.956E-02
2.190E-02	4.334E-02	4.349E-02
2.389E-02	4.730E-02	4.744E-02
2.587E-02	5.128E-02	5.142E-02
2.786E-02	5.529E-02	5.542E-02
2.984E-02	5.932E-02	5.945E-02
3.182E-02	6.337E-02	6.350E-02
3.381E-02	6.745E-02	6.757E-02
3.579E-02	7.155E-02	7.166E-02
3.778E-02	7.567E-02	7.578E-02
3.976E-02	7.981E-02	7.992E-02
4.174E-02	8.398E-02	8.408E-02
4.373E-02	8.817E-02	8.827E-02
4.571E-02	9.237E-02	9.247E-02
4.770E-02	9.660E-02	9.669E-02
4.968E-02	1.008E-01	1.009E-01
5.166E-02	1.051E-01	1.052E-01
5.365E-02	1.094E-01	1.095E-01
5.563E-02	1.137E-01	1.138E-01
5.762E-02	1.180E-01	1.181E-01
5.960E-02	1.223E-01	1.224E-01
6.158E-02	1.266E-01	1.267E-01
6.357E-02	1.310E-01	1.311E-01
6.555E-02	1.354E-01	1.354E-01
6.754E-02	1.397E-01	1.398E-01
6.952E-02	1.441E-01	1.442E-01
7.150E-02	1.485E-01	1.486E-01
7.349E-02	1.529E-01	1.530E-01
7.547E-02	1.574E-01	1.574E-01
7.745E-02	1.618E-01	1.618E-01
7.944E-02	1.662E-01	1.663E-01
8.142E-02	1.706E-01	1.707E-01
8.341E-02	1.751E-01	1.751E-01
8.539E-02	1.795E-01	1.796E-01
8.737E-02	1.840E-01	1.840E-01
8.936E-02	1.884E-01	1.885E-01
9.134E-02	1.929E-01	1.929E-01
9.333E-02	1.973E-01	1.974E-01
9.531E-02	2.018E-01	2.018E-01
9.729E-02	2.063E-01	2.063E-01
9.928E-02	2.107E-01	2.107E-01
1.013E-01	2.152E-01	2.152E-01
1.032E-01	2.196E-01	2.196E-01
1.052E-01	2.241E-01	2.241E-01
1.072E-01	2.285E-01	2.285E-01
1.092E-01	2.329E-01	2.330E-01
1.112E-01	2.374E-01	2.374E-01
1.132E-01	2.418E-01	2.418E-01
1.152E-01	2.462E-01	2.463E-01
1.171E-01	2.506E-01	2.507E-01
1.191E-01	2.550E-01	2.551E-01
1.211E-01	2.594E-01	2.595E-01
1.231E-01	2.638E-01	2.638E-01
1.251E-01	2.682E-01	2.682E-01
1.271E-01	2.726E-01	2.726E-01
1.290E-01	2.769E-01	2.769E-01
1.310E-01	2.812E-01	2.813E-01
1.330E-01	2.856E-01	2.856E-01
1.350E-01	2.899E-01	2.899E-01
1.370E-01	2.942E-01	2.942E-01
1.390E-01	2.984E-01	2.985E-01
1.409E-01	3.027E-01	3.027E-01
1.429E-01	3.069E-01	3.070E-01
1.449E-01	3.112E-01	3.112E-01
1.469E-01	3.154E-01	3.154E-01
1.489E-01	3.196E-01	3.196E-01
1.509E-01	3.237E-01	3.237E-01
1.528E-01	3.279E-01	3.279E-01
1.548E-01	3.320E-01	3.320E-01
1.568E-01	3.361E-01	3.361E-01
1.588E-01	3.402E-01	3.402E-01
1.608E-01	3.443E-01	3.443E-01
1.628E-01	3.483E-01	3.483E-01
1.647E-01	3.523E-01	3.523E-01
1.667E-01	3.563E-01	3.563E-01
1.687E-01	3.602E-01	3.602E-01
1.707E-01	3.642E-01	3.642E-01
1.727E-01	3.681E-01	3.681E-01
1.747E-01	3.719E-01	3.720E-01
1.767E-01	3.758E-01	3.758E-01
1.786E-01	3.796E-01	3.796E-01
1.806E-01	3.834E-01	3.834E-01
1.826E-01	3.872E-01	3.872E-01
1.846E-01	3.909E-01	3.909E-01
1.866E-01	3.946E-01	3.946E-01
1.886E-01	3.983E-01	3.983E-01
1.905E-01	4.019E-01	4.019E-01
1.925E-01	4.055E-01	4.055E-01
1.945E-01	4.091E-01	4.091E-01
1.965E-01	4.126E-01	4.126E-01
1.985E-01	4.161E-01	4.161E-01
2.005E-01	4.196E-01	4.196E-01
2.024E-01	4.230E-01	4.230E-01
2.044E-01	4.264E-01	4.264E-01
2.064E-01	4.298E-01	4.298E-01
2.084E-01	4.331E-01	4.331E-01
2.104E-01	4.364E-01	4.364E-01
2.124E-01	4.396E-01	4.396E-01
2.143E-01	4.428E-01	4.429E-01
2.163E-01	4.460E-01	4.460E-01
2.183E-01	4.492E-01	4.492E-01
2.203E-01	4.522E-01	4.523E-01
2.223E-01	4.553E-01	4.553E-01
2.243E-01	4.583E-01	4.583E-01
2.263E-01	4.613E-01	4.613E-01
2.282E-01	4.642E-01	4.642E-01
2.302E-01	4.671E-01	4.671E-01
2.322E-01	4.700E-01	4.700E-01
2.342E-01	4.728E-01	4.728E-01
2.362E-01	4.755E-01	4.756E-01
2.382E-01	4.783E-01	4.783E-01
2.401E-01	4.810E-01	4.810E-01
2.421E-01	4.836E-01	4.836E-01
2.441E-01	4.862E-01	4.862E-01
2.461E-01	4.887E-01	4.887E-01
2.481E-01	4.912E-01	4.912E-01
2.501E-01	4.937E-01	4.937E-01
2.520E-01	4.961E-01	4.961E-01
2.540E-01	4.985E-01	4.985E-01
2.560E-01	5.008E-01	5.008E-01
2.580E-01	5.031E-01	5.031E-01
2.600E-01	5.053E-01	5.053E-01
2.620E-01	5.075E-01	5.075E-01
2.639E-01	5.097E-01	5.097E-01
2.659E-01	5.117E-01	5.118E-01
2.679E-01	5.138E-01	5.138E-01
2.699E-01	5.158E-01	5.158E-01
2.719E-01	5.178E-01	5.178E-01
2.739E-01	5.197E-01	5.197E-01
2.759E-01	5.215E-01	5.215E-01
2.778E-01	5.233E-01	5.233E-01
2.798E-01	5.251E-01	5.251E-01
2.818E-01	5.268E-01	5.268E-01
2.838E-01	5.285E-01	5.285E-01
2.858E-01	5.301E-01	5.301E-01
2.878E-01	5.317E-01	5.317E-01
2.897E-01	5.332E-01	5.332E-01
2.917E-01	5.347E-01	5.347E-01
2.937E-01	5.361E-01	5.361E-01
2.957E-01	5.374E-01	5.374E-01
2.977E-01	5.388E-01	5.388E-01
2.997E-01	5.400E-01	5.400E-01
3.016E-01	5.413E-01	5.413E-01
3.036E-01	5.425E-01	5.425E-01
3.056E-01	5.436E-01	5.436E-01
3.076E-01	5.447E-01	5.447E-01
3.096E-01	5.457E-01	5.457E-01
3.116E-01	5.467E-01	5.467E-01
3.135E-01	5.476E-01	5.476E-01
3.155E-01	5.485E-01	5.485E-01
3.175E-01	5.493E-01	5.493E-01
3.195E-01	5.501E-01	5.501E-01
3.215E-01	5.508E-01	5.508E-01
3.235E-01	5.515E-01	5.515E-01
3.255E-01	5.522E-01	5.522E-01
3.274E-01	5.527E-01	5.527E-01
3.294E-01	5.533E-01	5.533E-01
3.314E-01	5.538E-01	5.538E-01
3.334E-01	5.542E-01	5.542E-01
3.354E-01	5.546E-01	5.546E-01
3.374E-01	5.549E-01	5.549E-01
3.393E-01	5.552E-01	5.552E-01
3.413E-01	5.555E-01	5.555E-01
3.433E-01	5.557E-01	5.557E-01
3.453E-01	5.558E-01	5.558E-01
3.473E-01	5.559E-01	5.559E-01
3.493E-01	5.560E-01	5.560E-01
3.512E-01	5.560E-01	5.560E-01
3.532E-01	5.559E-01	5.559E-01
3.552E-01	5.558E-01	5.558E-01
3.572E-01	5.557E-01	5.557E-01
3.592E-01	5.555E-01	5.555E-01
3.612E-01	5.552E-01	5.552E-01
3.631E-01	5.550E-01	5.550E-01
3.651E-01	5.546E-01	5.546E-01
3.671E-01	5.543E-01	5.543E-01
3.691E-01	5.538E-01	5.538E-01
3.711E-01	5.534E-01	5.534E-01
3.731E-01	5.528E-01	5.528E-01
3.751E-01	5.523E-01	5.523E-01
3.770E-01	5.517E-01	5.517E-01
3.790E-01	5.510E-01	5.510E-01
3.810E-01	5.503E-01	5.503E-01
3.830E-01	5.496E-01	5.496E-01
3.850E-01	5.488E-01	5.488E-01
3.870E-01	5.480E-01	5.480E-01
3.889E-01	5.471E-01	5.471E-01
3.909E-01	5.462E-01	5.462E-01
3.929E-01	5.452E-01	5.452E-01
3.949E-01	5.442E-01	5.442E-01
3.969E-01	5.432E-01	5.432E-01
3.989E-01	5.421E-01	5.421E-01
4.008E-01	5.409E-01	5.409E-01
4.028E-01	5.398E-01	5.398E-01
4.048E-01	5.385E-01	5.385E-01
4.068E-01	5.373E-01	5.373E-01
4.088E-01	5.360E-01	5.360E-01
4.108E-01	5.346E-01	5.346E-01
4.127E-01	5.333E-01	5.333E-01
4.147E-01	5.318E-01	5.318E-01
4.167E-01	5.304E-01	5.304E-01
4.187E-01	5.289E-01	5.289E-01
4.207E-01	5.274E-01	5.274E-01
4.227E-01	5.258E-01	5.258E-01
4.246E-01	5.242E-01	5.242E-01
4.266E-01	5.225E-01	5.225E-01
4.286E-01	5.208E-01	5.208E-01
4.306E-01	5.191E-01	5.191E-01
4.326E-01	5.173E-01	5.173E-01
4.346E-01	5.156E-01	5.156E-01
4.366E-01	5.137E-01	5.137E-01
4.385E-01	5.119E-01	5.119E-01
4.405E-01	5.100E-01	5.100E-01
4.425E-01	5.080E-01	5.080E-01
4.445E-01	5.060E-01	5.060E-01
4.465E-01	5.040E-01	5.040E-01
4.485E-01	5.020E-01	5.020E-01
4.504E-01	4.999E-01	4.999E-01
4.524E-01	4.978E-01	4.978E-01
4.544E-01	4.957E-01	4.957E-01
4.564E-01	4.935E-01	4.935E-01
4.584E-01	4.913E-01	4.913E-01
4.604E-01	4.891E-01	4.891E-01
4.623E-01	4.869E-01	4.869E-01
4.643E-01	4.846E-01	4.846E-01
4.663E-01	4.823E-01	4.823E-01
4.683E-01	4.799E-01	4.799E-01
4.703E-01	4.775E-01	4.775E-01
4.723E-01	4.751E-01	4.751E-01
4.742E-01	4.727E-01	4.727E-01
4.762E-01	4.703E-01	4.703E-01
4.782E-01	4.678E-01	4.678E-01
4.802E-01	4.653E-01	4.653E-01
4.822E-01	4.628E-01	4.628E-01
4.842E-01	4.602E-01	4.602E-01
4.862E-01	4.576E-01	4.576E-01
4.881E-01	4.550E-01	4.550E-01
4.901E-01	4.524E-01	4.524E-01
4.921E-01	4.497E-01	4.497E-01
4.941E-01	4.471E-01	4.471E-01
4.961E-01	4.444E-01	4.444E-01
4.981E-01	4.417E-01	4.417E-01
5.000E-01	4.389E-01	4.389E-01
5.020E-01	4.362E-01	4.362E-01
5.040E-01	4.334E-01	4.334E-01
5.060E-01	4.306E-01	4.306E-01
5.080E-01	4.278E-01	4.278E-01
5.100E-01	4.250E-01	4.250E-01
5.119E-01	4.221E-01	4.221E-01
5.139E-01	4.193E-01	4.193E-01
5.159E-01	4.164E-01	4.164E-01
5.179E-01	4.135E-01	4.135E-01
5.199E-01	4.106E-01	4.106E-01
5.219E-01	4.076E-01	4.076E-01
5.238E-01	4.047E-01	4.047E-01
5.258E-01	4.017E-01	4.017E-01
5.278E-01	3.987E-01	3.987E-01
5.298E-01	3.958E-01	3.958E-01
5.318E-01	3.928E-01	3.928E-01
5.338E-01	3.898E-01	3.898E-01
5.358E-01	3.867E-01	3.867E-01
5.377E-01	3.837E-01	3.837E-01
5.397E-01	3.806E-01	3.806E-01
5.417E-01	3.776E-01	3.776E-01
5.437E-01	3.745E-01	3.745E-01
5.457E-01	3.715E-01	3.715E-01
5.477E-01	3.684E-01	3.684E-01
5.496E-01	3.653E-01	3.653E-01
5.516E-01	3.622E-01	3.622E-01
5.536E-01	3.591E-01	3.591E-01
5.556E-01	3.560E-01	3.560E-01
5.576E-01	3.528E-01	3.528E-01
5.596E-01	3.497E-01	3.497E-01
5.615E-01	3.466E-01	3.466E-01
5.635E-01	3.434E-01	3.434E-01
5.655E-01	3.403E-01	3.403E-01
5.675E-01	3.372E-01	3.372E-01
5.695E-01	3.340E-01	3.340E-01
5.715E-01	3.309E-01	3.309E-01
5.734E-01	3.277E-01	3.277E-01
5.754E-01	3.246E-01	3.246E-01
5.774E-01	3.214E-01	3.214E-01
5.794E-01	3.182E-01	3.182E-01
5.814E-01	3.151E-01	3.151E-01
5.834E-01	3.119E-01	3.119E-01
5.854E-01	3.088E-01	3.088E-01
5.873E-01	3.056E-01	3.056E-01
5.893E-01	3.025E-01	3.025E-01
5.913E-01	2.993E-01	2.993E-01
5.933E-01	2.962E-01	2.962E-01
5.953E-01	2.930E-01	2.930E-01
5.973E-01	2.899E-01	2.899E-01
5.992E-01	2.867E-01	2.867E-01
6.012E-01	2.836E-01	2.836E-01
6.032E-01	2.805E-01	2.805E-01
6.052E-01	2.773E-01	2.773E-01
6.072E-01	2.742E-01	2.742E-01
6.092E-01	2.711E-01	2.711E-01
6.111E-01	2.680E-01	2.680E-01
6.131E-01	2.649E-01	2.649E-01
6.151E-01	2.618E-01	2.618E-01
6.171E-01	2.587E-01	2.587E-01
6.191E-01	2.556E-01	2.556E-01
6.211E-01	2.525E-01	2.525E-01
6.230E-01	2.495E-01	2.495E-01
6.250E-01	2.464E-01	2.464E-01
6.270E-01	2.434E-01	2.434E-01
6.290E-01	2.403E-01	2.403E-01
6.310E-01	2.373E-01	2.373E-01
6.330E-01	2.343E-01	2.343E-01
6.349E-01	2.313E-01	2.313E-01
6.369E-01	2.283E-01	2.283E-01
6.389E-01	2.253E-01	2.253E-01
6.409E-01	2.223E-01	2.223E-01
6.429E-01	2.193E-01	2.193E-01
6.449E-01	2.164E-01	2.164E-01
6.469E-01	2.135E-01	2.135E-01
6.488E-01	2.105E-01	2.105E-01
6.508E-01	2.076E-01	2.076E-01
6.528E-01	2.047E-01	2.047E-01
6.548E-01	2.019E-01	2.019E-01
6.568E-01	1.990E-01	1.990E-01
6.588E-01	1.962E-01	1.962E-01
6.607E-01	1.933E-01	1.933E-01
6.627E-01	1.905E-01	1.905E-01
6.647E-01	1.877E-01	1.877E-01
6.667E-01	1.849E-01	1.849E-01
6.687E-01	1.821E-01	1.821E-01
6.707E-01	1.794E-01	1.794E-01
6.726E-01	1.766E-01	1.766E-01
6.746E-01	1.739E-01	1.739E-01
6.766E-01	1.712E-01	1.712E-01
6.786E-01	1.685E-01	1.685E-01
6.806E-01	1.659E-01	1.659E-01
6.826E-01	1.632E-01	1.632E-01
6.845E-01	1.606E-01	1.606E-01
6.865E-01	1.580E-01	1.580E-01
6.885E-01	1.554E-01	1.554E-01
6.905E-01	1.528E-01	1.528E-01
6.925E-01	1.503E-01	1.503E-01
6.945E-01	1.477E-01	1.477E-01
6.965E-01	1.452E-01	1.452E-01
6.984E-01	1.427E-01	1.427E-01
7.004E-01	1.402E-01	1.402E-01
7.024E-01	1.378E-01	1.378E-01
7.044E-01	1.354E-01	1.354E-01
7.064E-01	1.329E-01	1.329E-01
7.084E-01	1.306E-01	1.306E-01
7.103E-01	1.282E-01	1.282E-01
7.123E-01	1.258E-01	1.258E-01
7.143E-01	1.235E-01	1.235E-01
7.163E-01	1.212E-01	1.212E-01
7.183E-01	1.189E-01	1.189E-01
7.203E-01	1.167E-01	1.167E-01
7.222E-01	1.144E-01	1.144E-01
7.242E-01	1.122E-01	1.122E-01
7.262E-01	1.100E-01	1.100E-01
7.282E-01	1.078E-01	1.078E-01
7.302E-01	1.057E-01	1.057E-01
7.322E-01	1.036E-01	1.036E-01
7.341E-01	1.015E-01	1.015E-01
7.361E-01	9.939E-02	9.939E-02
7.381E-01	9.733E-02	9.733E-02
7.401E-01	9.530E-02	9.530E-02
7.421E-01	9.329E-02	9.329E-02
7.441E-01	9.130E-02	9.130E-02
7.461E-01	8.934E-02	8.934E-02
7.480E-01	8.740E-02	8.740E-02
7.500E-01	8.548E-02	8.548E-02
7.520E-01	8.359E-02	8.359E-02
7.540E-01	8.172E-02	8.172E-02
7.560E-01	7.987E-02	7.987E-02
7.580E-01	7.805E-02	7.805E-02
7.599E-01	7.625E-02	7.625E-02
7.619E-01	7.447E-02	7.447E-02
7.639E-01	7.272E-02	7.272E-02
7.659E-01	7.100E-02	7.100E-02
7.679E-01	6.929E-02	6.929E-02
7.699E-01	6.761E-02	6.761E-02
7.718E-01	6.596E-02	6.596E-02
7.738E-01	6.433E-02	6.433E-02
7.758E-01	6.272E-02	6.272E-02
7.778E-01	6.113E-02	6.113E-02
7.798E-01	5.957E-02	5.957E-02
7.818E-01	5.804E-02	5.804E-02
7.837E-01	5.652E-02	5.652E-02
7.857E-01	5.503E-02	5.503E-02
7.877E-01	5.357E-02	5.357E-02
7.897E-01	5.212E-02	5.212E-02
7.917E-01	5.071E-02	5.071E-02
7.937E-01	4.931E-02	4.931E-02
7.957E-01	4.794E-02	4.794E-02
7.976E-01	4.659E-02	4.659E-02
7.996E-01	4.527E-02	4.527E-02
8.016E-01	4.396E-02	4.396E-02
8.036E-01	4.268E-02	4.268E-02
8.056E-01	4.143E-02	4.143E-02
8.076E-01	4.020E-02	4.020E-02
8.095E-01	3.899E-02	3.899E-02
8.115E-01	3.780E-02	3.780E-02
8.135E-01	3.663E-02	3.663E-02
8.155E-01	3.549E-02	3.549E-02
8.175E-01	3.437E-02	3.437E-02
8.195E-01	3.327E-02	3.327E-02
8.214E-01	3.220E-02	3.220E-02
8.234E-01	3.115E-02	3.115E-02
8.254E-01	3.011E-02	3.011E-02
8.274E-01	2.910E-02	2.910E-02
8.294E-01	2.812E-02	2.812E-02
8.314E-01	2.715E-02	2.715E-02
8.333E-01	2.620E-02	2.620E-02
8.353E-01	2.528E-02	2.528E-02
8.373E-01	2.438E-02	2.438E-02
8.393E-01	2.349E-02	2.349E-02
8.413E-01	2.263E-02	2.263E-02
8.433E-01	2.179E-02	2.179E-02
8.453E-01	2.097E-02	2.097E-02
8.472E-01	2.017E-02	2.017E-02
8.492E-01	1.939E-02	1.939E-02
8.512E-01	1.862E-02	1.862E-02
8.532E-01	1.788E-02	1.788E-02
8.552E-01	1.716E-02	1.716E-02
8.572E-01	1.646E-02	1.646E-02
8.591E-01	1.577E-02	1.577E-02
8.611E-01	1.511E-02	1.511E-02
8.631E-01	1.446E-02	1.446E-02
8.651E-01	1.383E-02	1.383E-02
8.671E-01	1.322E-02	1.322E-02
8.691E-01	1.263E-02	1.263E-02
8.710E-01	1.205E-02	1.205E-02
8.730E-01	1.149E-02	1.149E-02
8.750E-01	1.095E-02	1.095E-02
8.770E-01	1.043E-02	1.043E-02
8.790E-01	9.922E-03	9.922E-03
8.810E-01	9.432E-03	9.432E-03
8.829E-01	8.958E-03	8.958E-03
8.849E-01	8.499E-03	8.499E-03
8.869E-01	8.057E-03	8.057E-03
8.889E-01	7.630E-03	7.630E-03
8.909E-01	7.218E-03	7.218E-03
8.929E-01	6.821E-03	6.821E-03
8.948E-01	6.439E-03	6.439E-03
8.968E-01	6.071E-03	6.071E-03
8.988E-01	5.718E-03	5.718E-03
9.008E-01	5.379E-03	5.379E-03
9.028E-01	5.053E-03	5.053E-03
9.048E-01	4.741E-03	4.741E-03
9.068E-01	4.441E-03	4.441E-03
9.087E-01	4.155E-03	4.155E-03
9.107E-01	3.882E-03	3.882E-03
9.127E-01	3.620E-03	3.620E-03
9.147E-01	3.371E-03	3.371E-03
9.167E-01	3.133E-03	3.133E-03
9.187E-01	2.907E-03	2.907E-03
9.206E-01	2.692E-03	2.692E-03
9.226E-01	2.488E-03	2.488E-03
9.246E-01	2.295E-03	2.295E-03
9.266E-01	2.112E-03	2.112E-03
9.286E-01	1.939E-03	1.939E-03
9.306E-01	1.776E-03	1.776E-03
9.325E-01	1.623E-03	1.623E-03
9.345E-01	1.479E-03	1.479E-03
9.365E-01	1.343E-03	1.343E-03
9.385E-01	1.216E-03	1.216E-03
9.405E-01	1.098E-03	1.098E-03
9.425E-01	9.876E-04	9.876E-04
9.444E-01	8.849E-04	8.849E-04
9.464E-01	7.898E-04	7.898E-04
9.484E-01	7.018E-04	7.018E-04
9.504E-01	6.207E-04	6.207E-04
9.524E-01	5.462E-04	5.462E-04
9.544E-01	4.781E-04	4.781E-04
9.564E-01	4.159E-04	4.159E-04
9.583E-01	3.595E-04	3.595E-04
9.603E-01	3.085E-04	3.085E-04
9.623E-01	2.626E-04	2.626E-04
9.643E-01	2.217E-04	2.217E-04
9.663E-01	1.853E-04	1.853E-04
9.683E-01	1.532E-04	1.532E-04
9.702E-01	1.251E-04	1.251E-04
9.722E-01	1.007E-04	1.007E-04
9.742E-01	7.978E-05	7.978E-05
9.762E-01	6.204E-05	6.204E-05
9.782E-01	4.720E-05	4.720E-05
9.802E-01	3.498E-05	3.498E-05
9.821E-01	2.512E-05	2.512E-05
9.841E-01	1.734E-05	1.734E-05
9.861E-01	1.139E-05	1.139E-05
9.881E-01	7.017E-06	7.017E-06
9.901E-01	3.953E-06	3.953E-06
9.921E-01	1.960E-06	1.960E-06
9.940E-01	7.932E-07	7.932E-07
9.960E-01	2.199E-07	2.199E-07
9.980E-01	2.540E-08	2.540E-08
1.000E+00	0.000E+00	0.000E+00
