Q0 = 1.087 GeV	 Q = 1.732 GeV
x	 x*(uv-dv)
1.000E-04	4.146E-04	4.582E-04	2.127E-04	-2.455E-04
1.009E-04	4.180E-04	4.617E-04	2.143E-04	-2.475E-04
1.019E-04	4.213E-04	4.653E-04	2.159E-04	-2.495E-04
1.028E-04	4.247E-04	4.689E-04	2.175E-04	-2.515E-04
1.038E-04	4.281E-04	4.726E-04	2.191E-04	-2.535E-04
1.047E-04	4.316E-04	4.763E-04	2.207E-04	-2.556E-04
1.057E-04	4.350E-04	4.800E-04	2.223E-04	-2.576E-04
1.067E-04	4.385E-04	4.837E-04	2.240E-04	-2.597E-04
1.076E-04	4.421E-04	4.875E-04	2.256E-04	-2.618E-04
1.086E-04	4.456E-04	4.913E-04	2.273E-04	-2.640E-04
1.096E-04	4.492E-04	4.951E-04	2.290E-04	-2.661E-04
1.107E-04	4.528E-04	4.989E-04	2.307E-04	-2.682E-04
1.117E-04	4.565E-04	5.028E-04	2.324E-04	-2.704E-04
1.127E-04	4.601E-04	5.067E-04	2.341E-04	-2.726E-04
1.138E-04	4.638E-04	5.107E-04	2.359E-04	-2.748E-04
1.148E-04	4.676E-04	5.147E-04	2.376E-04	-2.770E-04
1.159E-04	4.713E-04	5.187E-04	2.394E-04	-2.793E-04
1.169E-04	4.751E-04	5.227E-04	2.412E-04	-2.815E-04
1.180E-04	4.789E-04	5.268E-04	2.429E-04	-2.838E-04
1.191E-04	4.828E-04	5.309E-04	2.447E-04	-2.861E-04
1.202E-04	4.867E-04	5.350E-04	2.466E-04	-2.884E-04
1.213E-04	4.906E-04	5.392E-04	2.484E-04	-2.908E-04
1.225E-04	4.945E-04	5.434E-04	2.502E-04	-2.931E-04
1.236E-04	4.985E-04	5.476E-04	2.521E-04	-2.955E-04
1.247E-04	5.025E-04	5.519E-04	2.540E-04	-2.979E-04
1.259E-04	5.066E-04	5.562E-04	2.559E-04	-3.003E-04
1.271E-04	5.107E-04	5.605E-04	2.578E-04	-3.027E-04
1.282E-04	5.148E-04	5.649E-04	2.597E-04	-3.052E-04
1.294E-04	5.189E-04	5.693E-04	2.616E-04	-3.077E-04
1.306E-04	5.231E-04	5.737E-04	2.636E-04	-3.102E-04
1.318E-04	5.273E-04	5.782E-04	2.655E-04	-3.127E-04
1.330E-04	5.316E-04	5.827E-04	2.675E-04	-3.152E-04
1.343E-04	5.358E-04	5.872E-04	2.695E-04	-3.178E-04
1.355E-04	5.402E-04	5.918E-04	2.715E-04	-3.203E-04
1.368E-04	5.445E-04	5.964E-04	2.735E-04	-3.229E-04
1.380E-04	5.489E-04	6.011E-04	2.756E-04	-3.255E-04
1.393E-04	5.533E-04	6.058E-04	2.776E-04	-3.282E-04
1.406E-04	5.578E-04	6.105E-04	2.797E-04	-3.308E-04
1.419E-04	5.623E-04	6.153E-04	2.818E-04	-3.335E-04
1.432E-04	5.668E-04	6.201E-04	2.839E-04	-3.362E-04
1.445E-04	5.714E-04	6.249E-04	2.860E-04	-3.389E-04
1.459E-04	5.760E-04	6.298E-04	2.881E-04	-3.417E-04
1.472E-04	5.806E-04	6.347E-04	2.903E-04	-3.444E-04
1.486E-04	5.853E-04	6.397E-04	2.924E-04	-3.472E-04
1.500E-04	5.900E-04	6.447E-04	2.946E-04	-3.501E-04
1.514E-04	5.948E-04	6.497E-04	2.968E-04	-3.529E-04
1.528E-04	5.996E-04	6.548E-04	2.990E-04	-3.557E-04
1.542E-04	6.044E-04	6.599E-04	3.013E-04	-3.586E-04
1.556E-04	6.093E-04	6.651E-04	3.035E-04	-3.615E-04
1.570E-04	6.142E-04	6.703E-04	3.058E-04	-3.645E-04
1.585E-04	6.192E-04	6.755E-04	3.081E-04	-3.674E-04
1.600E-04	6.242E-04	6.808E-04	3.104E-04	-3.704E-04
1.614E-04	6.292E-04	6.861E-04	3.127E-04	-3.734E-04
1.629E-04	6.343E-04	6.915E-04	3.150E-04	-3.764E-04
1.644E-04	6.394E-04	6.969E-04	3.174E-04	-3.795E-04
1.660E-04	6.445E-04	7.023E-04	3.198E-04	-3.825E-04
1.675E-04	6.498E-04	7.078E-04	3.222E-04	-3.856E-04
1.690E-04	6.550E-04	7.133E-04	3.246E-04	-3.888E-04
1.706E-04	6.603E-04	7.189E-04	3.270E-04	-3.919E-04
1.722E-04	6.656E-04	7.245E-04	3.295E-04	-3.951E-04
1.738E-04	6.710E-04	7.302E-04	3.319E-04	-3.983E-04
1.754E-04	6.764E-04	7.359E-04	3.344E-04	-4.015E-04
1.770E-04	6.819E-04	7.417E-04	3.369E-04	-4.048E-04
1.786E-04	6.874E-04	7.475E-04	3.394E-04	-4.081E-04
1.803E-04	6.929E-04	7.533E-04	3.420E-04	-4.114E-04
1.820E-04	6.985E-04	7.592E-04	3.445E-04	-4.147E-04
1.837E-04	7.042E-04	7.652E-04	3.471E-04	-4.181E-04
1.854E-04	7.099E-04	7.712E-04	3.497E-04	-4.214E-04
1.871E-04	7.156E-04	7.772E-04	3.524E-04	-4.249E-04
1.888E-04	7.214E-04	7.833E-04	3.550E-04	-4.283E-04
1.905E-04	7.272E-04	7.895E-04	3.577E-04	-4.318E-04
1.923E-04	7.331E-04	7.956E-04	3.604E-04	-4.353E-04
1.941E-04	7.390E-04	8.019E-04	3.631E-04	-4.388E-04
1.959E-04	7.450E-04	8.082E-04	3.658E-04	-4.424E-04
1.977E-04	7.510E-04	8.145E-04	3.685E-04	-4.460E-04
1.995E-04	7.571E-04	8.209E-04	3.713E-04	-4.496E-04
2.014E-04	7.632E-04	8.273E-04	3.741E-04	-4.532E-04
2.032E-04	7.694E-04	8.338E-04	3.769E-04	-4.569E-04
2.051E-04	7.756E-04	8.403E-04	3.797E-04	-4.606E-04
2.070E-04	7.819E-04	8.469E-04	3.826E-04	-4.643E-04
2.089E-04	7.882E-04	8.536E-04	3.855E-04	-4.681E-04
2.109E-04	7.946E-04	8.603E-04	3.884E-04	-4.719E-04
2.128E-04	8.010E-04	8.670E-04	3.913E-04	-4.757E-04
2.148E-04	8.075E-04	8.738E-04	3.942E-04	-4.796E-04
2.168E-04	8.141E-04	8.807E-04	3.972E-04	-4.835E-04
2.188E-04	8.206E-04	8.876E-04	4.002E-04	-4.874E-04
2.208E-04	8.273E-04	8.946E-04	4.032E-04	-4.913E-04
2.228E-04	8.340E-04	9.016E-04	4.063E-04	-4.953E-04
2.249E-04	8.407E-04	9.087E-04	4.093E-04	-4.993E-04
2.270E-04	8.476E-04	9.158E-04	4.124E-04	-5.034E-04
2.291E-04	8.544E-04	9.230E-04	4.155E-04	-5.075E-04
2.312E-04	8.613E-04	9.302E-04	4.186E-04	-5.116E-04
2.333E-04	8.683E-04	9.375E-04	4.218E-04	-5.157E-04
2.355E-04	8.753E-04	9.449E-04	4.250E-04	-5.199E-04
2.377E-04	8.824E-04	9.523E-04	4.282E-04	-5.241E-04
2.399E-04	8.896E-04	9.598E-04	4.314E-04	-5.284E-04
2.421E-04	8.968E-04	9.674E-04	4.347E-04	-5.327E-04
2.443E-04	9.041E-04	9.750E-04	4.380E-04	-5.370E-04
2.466E-04	9.114E-04	9.826E-04	4.413E-04	-5.414E-04
2.489E-04	9.188E-04	9.904E-04	4.446E-04	-5.458E-04
2.512E-04	9.262E-04	9.982E-04	4.480E-04	-5.502E-04
2.535E-04	9.337E-04	1.006E-03	4.514E-04	-5.547E-04
2.559E-04	9.413E-04	1.014E-03	4.548E-04	-5.592E-04
2.582E-04	9.489E-04	1.022E-03	4.582E-04	-5.637E-04
2.606E-04	9.566E-04	1.030E-03	4.617E-04	-5.683E-04
2.630E-04	9.644E-04	1.038E-03	4.652E-04	-5.729E-04
2.655E-04	9.722E-04	1.046E-03	4.687E-04	-5.775E-04
2.679E-04	9.801E-04	1.054E-03	4.722E-04	-5.822E-04
2.704E-04	9.881E-04	1.063E-03	4.758E-04	-5.870E-04
2.729E-04	9.961E-04	1.071E-03	4.794E-04	-5.917E-04
2.754E-04	1.004E-03	1.080E-03	4.830E-04	-5.965E-04
2.780E-04	1.012E-03	1.088E-03	4.867E-04	-6.014E-04
2.805E-04	1.021E-03	1.097E-03	4.904E-04	-6.063E-04
2.831E-04	1.029E-03	1.105E-03	4.941E-04	-6.112E-04
2.858E-04	1.037E-03	1.114E-03	4.978E-04	-6.161E-04
2.884E-04	1.046E-03	1.123E-03	5.016E-04	-6.211E-04
2.911E-04	1.054E-03	1.132E-03	5.054E-04	-6.262E-04
2.938E-04	1.063E-03	1.141E-03	5.093E-04	-6.313E-04
2.965E-04	1.071E-03	1.150E-03	5.131E-04	-6.364E-04
2.992E-04	1.080E-03	1.159E-03	5.170E-04	-6.416E-04
3.020E-04	1.089E-03	1.168E-03	5.209E-04	-6.468E-04
3.048E-04	1.098E-03	1.177E-03	5.249E-04	-6.520E-04
3.076E-04	1.107E-03	1.186E-03	5.289E-04	-6.573E-04
3.105E-04	1.115E-03	1.196E-03	5.329E-04	-6.627E-04
3.133E-04	1.125E-03	1.205E-03	5.369E-04	-6.681E-04
3.162E-04	1.134E-03	1.215E-03	5.410E-04	-6.735E-04
3.192E-04	1.143E-03	1.224E-03	5.451E-04	-6.790E-04
3.221E-04	1.152E-03	1.234E-03	5.493E-04	-6.845E-04
3.251E-04	1.162E-03	1.244E-03	5.535E-04	-6.900E-04
3.281E-04	1.171E-03	1.253E-03	5.577E-04	-6.957E-04
3.311E-04	1.181E-03	1.263E-03	5.619E-04	-7.013E-04
3.342E-04	1.190E-03	1.273E-03	5.662E-04	-7.070E-04
3.373E-04	1.200E-03	1.283E-03	5.705E-04	-7.128E-04
3.404E-04	1.210E-03	1.293E-03	5.748E-04	-7.186E-04
3.436E-04	1.219E-03	1.304E-03	5.792E-04	-7.244E-04
3.467E-04	1.229E-03	1.314E-03	5.836E-04	-7.303E-04
3.499E-04	1.239E-03	1.324E-03	5.881E-04	-7.362E-04
3.532E-04	1.249E-03	1.335E-03	5.926E-04	-7.422E-04
3.565E-04	1.260E-03	1.345E-03	5.971E-04	-7.482E-04
3.597E-04	1.270E-03	1.356E-03	6.016E-04	-7.543E-04
3.631E-04	1.280E-03	1.367E-03	6.062E-04	-7.605E-04
3.664E-04	1.291E-03	1.378E-03	6.109E-04	-7.667E-04
3.698E-04	1.301E-03	1.388E-03	6.155E-04	-7.729E-04
3.733E-04	1.312E-03	1.399E-03	6.202E-04	-7.792E-04
3.767E-04	1.322E-03	1.410E-03	6.249E-04	-7.855E-04
3.802E-04	1.333E-03	1.422E-03	6.297E-04	-7.919E-04
3.837E-04	1.344E-03	1.433E-03	6.345E-04	-7.984E-04
3.873E-04	1.355E-03	1.444E-03	6.394E-04	-8.048E-04
3.908E-04	1.366E-03	1.456E-03	6.443E-04	-8.114E-04
3.945E-04	1.377E-03	1.467E-03	6.492E-04	-8.180E-04
3.981E-04	1.388E-03	1.479E-03	6.541E-04	-8.247E-04
4.018E-04	1.400E-03	1.491E-03	6.592E-04	-8.314E-04
4.055E-04	1.411E-03	1.502E-03	6.642E-04	-8.381E-04
4.093E-04	1.423E-03	1.514E-03	6.693E-04	-8.450E-04
4.130E-04	1.434E-03	1.526E-03	6.744E-04	-8.518E-04
4.169E-04	1.446E-03	1.538E-03	6.796E-04	-8.588E-04
4.207E-04	1.458E-03	1.551E-03	6.848E-04	-8.658E-04
4.246E-04	1.470E-03	1.563E-03	6.900E-04	-8.728E-04
4.285E-04	1.482E-03	1.575E-03	6.953E-04	-8.799E-04
4.325E-04	1.494E-03	1.588E-03	7.006E-04	-8.871E-04
4.365E-04	1.506E-03	1.600E-03	7.060E-04	-8.943E-04
4.406E-04	1.518E-03	1.613E-03	7.114E-04	-9.016E-04
4.446E-04	1.531E-03	1.626E-03	7.169E-04	-9.089E-04
4.487E-04	1.543E-03	1.639E-03	7.224E-04	-9.164E-04
4.529E-04	1.556E-03	1.652E-03	7.279E-04	-9.238E-04
4.571E-04	1.568E-03	1.665E-03	7.335E-04	-9.313E-04
4.613E-04	1.581E-03	1.678E-03	7.391E-04	-9.389E-04
4.656E-04	1.594E-03	1.691E-03	7.448E-04	-9.466E-04
4.699E-04	1.607E-03	1.705E-03	7.505E-04	-9.543E-04
4.742E-04	1.620E-03	1.718E-03	7.563E-04	-9.621E-04
4.786E-04	1.633E-03	1.732E-03	7.621E-04	-9.699E-04
4.831E-04	1.647E-03	1.746E-03	7.679E-04	-9.778E-04
4.875E-04	1.660E-03	1.760E-03	7.738E-04	-9.858E-04
4.920E-04	1.674E-03	1.774E-03	7.798E-04	-9.938E-04
4.966E-04	1.687E-03	1.788E-03	7.858E-04	-1.002E-03
5.012E-04	1.701E-03	1.802E-03	7.918E-04	-1.010E-03
5.058E-04	1.715E-03	1.816E-03	7.979E-04	-1.018E-03
5.105E-04	1.729E-03	1.831E-03	8.041E-04	-1.027E-03
5.152E-04	1.743E-03	1.845E-03	8.103E-04	-1.035E-03
5.200E-04	1.758E-03	1.860E-03	8.165E-04	-1.043E-03
5.248E-04	1.772E-03	1.875E-03	8.228E-04	-1.052E-03
5.297E-04	1.786E-03	1.890E-03	8.291E-04	-1.061E-03
5.346E-04	1.801E-03	1.905E-03	8.355E-04	-1.069E-03
5.395E-04	1.816E-03	1.920E-03	8.420E-04	-1.078E-03
5.445E-04	1.831E-03	1.935E-03	8.485E-04	-1.087E-03
5.495E-04	1.846E-03	1.951E-03	8.550E-04	-1.096E-03
5.546E-04	1.861E-03	1.966E-03	8.616E-04	-1.105E-03
5.598E-04	1.876E-03	1.982E-03	8.682E-04	-1.114E-03
5.649E-04	1.891E-03	1.998E-03	8.749E-04	-1.123E-03
5.702E-04	1.907E-03	2.014E-03	8.817E-04	-1.132E-03
5.754E-04	1.922E-03	2.030E-03	8.885E-04	-1.141E-03
5.808E-04	1.938E-03	2.046E-03	8.954E-04	-1.150E-03
5.861E-04	1.954E-03	2.062E-03	9.023E-04	-1.160E-03
5.916E-04	1.970E-03	2.078E-03	9.093E-04	-1.169E-03
5.970E-04	1.986E-03	2.095E-03	9.163E-04	-1.179E-03
6.026E-04	2.002E-03	2.112E-03	9.234E-04	-1.188E-03
6.081E-04	2.019E-03	2.129E-03	9.305E-04	-1.198E-03
6.138E-04	2.035E-03	2.146E-03	9.377E-04	-1.208E-03
6.194E-04	2.052E-03	2.163E-03	9.450E-04	-1.218E-03
6.252E-04	2.069E-03	2.180E-03	9.523E-04	-1.228E-03
6.310E-04	2.086E-03	2.197E-03	9.597E-04	-1.238E-03
6.368E-04	2.103E-03	2.215E-03	9.671E-04	-1.248E-03
6.427E-04	2.120E-03	2.233E-03	9.746E-04	-1.258E-03
6.486E-04	2.138E-03	2.250E-03	9.821E-04	-1.268E-03
6.546E-04	2.155E-03	2.268E-03	9.898E-04	-1.279E-03
6.607E-04	2.173E-03	2.287E-03	9.974E-04	-1.289E-03
6.668E-04	2.191E-03	2.305E-03	1.005E-03	-1.300E-03
6.730E-04	2.209E-03	2.323E-03	1.013E-03	-1.310E-03
6.792E-04	2.227E-03	2.342E-03	1.021E-03	-1.321E-03
6.855E-04	2.245E-03	2.361E-03	1.029E-03	-1.332E-03
6.918E-04	2.263E-03	2.379E-03	1.037E-03	-1.343E-03
6.982E-04	2.282E-03	2.399E-03	1.045E-03	-1.354E-03
7.047E-04	2.301E-03	2.418E-03	1.053E-03	-1.365E-03
7.112E-04	2.320E-03	2.437E-03	1.061E-03	-1.376E-03
7.178E-04	2.339E-03	2.457E-03	1.069E-03	-1.387E-03
7.244E-04	2.358E-03	2.476E-03	1.078E-03	-1.399E-03
7.311E-04	2.377E-03	2.496E-03	1.086E-03	-1.410E-03
7.379E-04	2.397E-03	2.516E-03	1.094E-03	-1.422E-03
7.447E-04	2.416E-03	2.536E-03	1.103E-03	-1.433E-03
7.516E-04	2.436E-03	2.556E-03	1.112E-03	-1.445E-03
7.586E-04	2.456E-03	2.577E-03	1.120E-03	-1.457E-03
7.656E-04	2.476E-03	2.598E-03	1.129E-03	-1.469E-03
7.727E-04	2.497E-03	2.618E-03	1.138E-03	-1.481E-03
7.798E-04	2.517E-03	2.639E-03	1.147E-03	-1.493E-03
7.870E-04	2.538E-03	2.661E-03	1.156E-03	-1.505E-03
7.943E-04	2.559E-03	2.682E-03	1.165E-03	-1.517E-03
8.017E-04	2.580E-03	2.703E-03	1.174E-03	-1.530E-03
8.091E-04	2.601E-03	2.725E-03	1.183E-03	-1.542E-03
8.166E-04	2.623E-03	2.747E-03	1.192E-03	-1.555E-03
8.241E-04	2.644E-03	2.769E-03	1.201E-03	-1.568E-03
8.318E-04	2.666E-03	2.791E-03	1.211E-03	-1.581E-03
8.395E-04	2.688E-03	2.814E-03	1.220E-03	-1.594E-03
8.472E-04	2.710E-03	2.836E-03	1.230E-03	-1.607E-03
8.551E-04	2.732E-03	2.859E-03	1.239E-03	-1.620E-03
8.630E-04	2.755E-03	2.882E-03	1.249E-03	-1.633E-03
8.710E-04	2.777E-03	2.905E-03	1.259E-03	-1.646E-03
8.790E-04	2.800E-03	2.928E-03	1.269E-03	-1.660E-03
8.872E-04	2.823E-03	2.952E-03	1.278E-03	-1.674E-03
8.954E-04	2.847E-03	2.976E-03	1.288E-03	-1.687E-03
9.036E-04	2.870E-03	3.000E-03	1.299E-03	-1.701E-03
9.120E-04	2.894E-03	3.024E-03	1.309E-03	-1.715E-03
9.204E-04	2.918E-03	3.048E-03	1.319E-03	-1.729E-03
9.290E-04	2.942E-03	3.073E-03	1.329E-03	-1.743E-03
9.376E-04	2.966E-03	3.097E-03	1.340E-03	-1.758E-03
9.462E-04	2.990E-03	3.122E-03	1.350E-03	-1.772E-03
9.550E-04	3.015E-03	3.147E-03	1.361E-03	-1.787E-03
9.638E-04	3.040E-03	3.173E-03	1.371E-03	-1.801E-03
9.727E-04	3.065E-03	3.198E-03	1.382E-03	-1.816E-03
9.817E-04	3.090E-03	3.224E-03	1.393E-03	-1.831E-03
9.908E-04	3.116E-03	3.250E-03	1.404E-03	-1.846E-03
1.000E-03	3.141E-03	3.276E-03	1.415E-03	-1.861E-03
1.009E-03	3.167E-03	3.303E-03	1.426E-03	-1.876E-03
1.019E-03	3.193E-03	3.329E-03	1.437E-03	-1.892E-03
1.028E-03	3.220E-03	3.356E-03	1.449E-03	-1.907E-03
1.038E-03	3.246E-03	3.383E-03	1.460E-03	-1.923E-03
1.047E-03	3.273E-03	3.410E-03	1.472E-03	-1.939E-03
1.057E-03	3.300E-03	3.438E-03	1.483E-03	-1.955E-03
1.067E-03	3.327E-03	3.466E-03	1.495E-03	-1.971E-03
1.076E-03	3.355E-03	3.494E-03	1.507E-03	-1.987E-03
1.086E-03	3.383E-03	3.522E-03	1.518E-03	-2.003E-03
1.096E-03	3.411E-03	3.550E-03	1.530E-03	-2.020E-03
1.107E-03	3.439E-03	3.579E-03	1.542E-03	-2.037E-03
1.117E-03	3.467E-03	3.608E-03	1.555E-03	-2.053E-03
1.127E-03	3.496E-03	3.637E-03	1.567E-03	-2.070E-03
1.138E-03	3.525E-03	3.666E-03	1.579E-03	-2.087E-03
1.148E-03	3.554E-03	3.696E-03	1.592E-03	-2.104E-03
1.159E-03	3.583E-03	3.726E-03	1.604E-03	-2.122E-03
1.169E-03	3.613E-03	3.756E-03	1.617E-03	-2.139E-03
1.180E-03	3.643E-03	3.786E-03	1.630E-03	-2.157E-03
1.191E-03	3.673E-03	3.817E-03	1.642E-03	-2.175E-03
1.202E-03	3.703E-03	3.848E-03	1.655E-03	-2.192E-03
1.213E-03	3.734E-03	3.879E-03	1.668E-03	-2.211E-03
1.225E-03	3.765E-03	3.910E-03	1.682E-03	-2.229E-03
1.236E-03	3.796E-03	3.942E-03	1.695E-03	-2.247E-03
1.247E-03	3.828E-03	3.974E-03	1.708E-03	-2.266E-03
1.259E-03	3.859E-03	4.006E-03	1.722E-03	-2.284E-03
1.271E-03	3.891E-03	4.039E-03	1.735E-03	-2.303E-03
1.282E-03	3.923E-03	4.071E-03	1.749E-03	-2.322E-03
1.294E-03	3.956E-03	4.104E-03	1.763E-03	-2.341E-03
1.306E-03	3.989E-03	4.137E-03	1.777E-03	-2.361E-03
1.318E-03	4.022E-03	4.171E-03	1.791E-03	-2.380E-03
1.330E-03	4.055E-03	4.205E-03	1.805E-03	-2.400E-03
1.343E-03	4.089E-03	4.239E-03	1.820E-03	-2.419E-03
1.355E-03	4.123E-03	4.273E-03	1.834E-03	-2.439E-03
1.368E-03	4.157E-03	4.308E-03	1.849E-03	-2.459E-03
1.380E-03	4.191E-03	4.343E-03	1.863E-03	-2.480E-03
1.393E-03	4.226E-03	4.378E-03	1.878E-03	-2.500E-03
1.406E-03	4.261E-03	4.414E-03	1.893E-03	-2.521E-03
1.419E-03	4.296E-03	4.450E-03	1.908E-03	-2.542E-03
1.432E-03	4.332E-03	4.486E-03	1.923E-03	-2.563E-03
1.445E-03	4.368E-03	4.522E-03	1.938E-03	-2.584E-03
1.459E-03	4.404E-03	4.559E-03	1.954E-03	-2.605E-03
1.472E-03	4.441E-03	4.596E-03	1.969E-03	-2.627E-03
1.486E-03	4.478E-03	4.633E-03	1.985E-03	-2.648E-03
1.500E-03	4.515E-03	4.671E-03	2.001E-03	-2.670E-03
1.514E-03	4.552E-03	4.709E-03	2.017E-03	-2.692E-03
1.528E-03	4.590E-03	4.747E-03	2.033E-03	-2.715E-03
1.542E-03	4.628E-03	4.786E-03	2.049E-03	-2.737E-03
1.556E-03	4.667E-03	4.825E-03	2.065E-03	-2.760E-03
1.570E-03	4.706E-03	4.864E-03	2.082E-03	-2.782E-03
1.585E-03	4.745E-03	4.904E-03	2.098E-03	-2.805E-03
1.600E-03	4.784E-03	4.944E-03	2.115E-03	-2.829E-03
1.614E-03	4.824E-03	4.984E-03	2.132E-03	-2.852E-03
1.629E-03	4.864E-03	5.024E-03	2.149E-03	-2.876E-03
1.644E-03	4.905E-03	5.065E-03	2.166E-03	-2.899E-03
1.660E-03	4.945E-03	5.107E-03	2.183E-03	-2.923E-03
1.675E-03	4.987E-03	5.148E-03	2.201E-03	-2.948E-03
1.690E-03	5.028E-03	5.190E-03	2.218E-03	-2.972E-03
1.706E-03	5.070E-03	5.233E-03	2.236E-03	-2.997E-03
1.722E-03	5.112E-03	5.275E-03	2.254E-03	-3.021E-03
1.738E-03	5.155E-03	5.318E-03	2.272E-03	-3.046E-03
1.754E-03	5.198E-03	5.362E-03	2.290E-03	-3.072E-03
1.770E-03	5.241E-03	5.405E-03	2.308E-03	-3.097E-03
1.786E-03	5.285E-03	5.450E-03	2.327E-03	-3.123E-03
1.803E-03	5.329E-03	5.494E-03	2.345E-03	-3.149E-03
1.820E-03	5.373E-03	5.539E-03	2.364E-03	-3.175E-03
1.837E-03	5.418E-03	5.584E-03	2.383E-03	-3.201E-03
1.854E-03	5.463E-03	5.630E-03	2.402E-03	-3.228E-03
1.871E-03	5.509E-03	5.676E-03	2.421E-03	-3.254E-03
1.888E-03	5.555E-03	5.722E-03	2.441E-03	-3.281E-03
1.905E-03	5.601E-03	5.769E-03	2.460E-03	-3.309E-03
1.923E-03	5.648E-03	5.816E-03	2.480E-03	-3.336E-03
1.941E-03	5.695E-03	5.864E-03	2.500E-03	-3.364E-03
1.959E-03	5.742E-03	5.912E-03	2.520E-03	-3.392E-03
1.977E-03	5.790E-03	5.960E-03	2.540E-03	-3.420E-03
1.995E-03	5.839E-03	6.009E-03	2.561E-03	-3.448E-03
2.014E-03	5.887E-03	6.058E-03	2.581E-03	-3.477E-03
2.032E-03	5.937E-03	6.108E-03	2.602E-03	-3.506E-03
2.051E-03	5.986E-03	6.158E-03	2.623E-03	-3.535E-03
2.070E-03	6.036E-03	6.208E-03	2.644E-03	-3.564E-03
2.089E-03	6.087E-03	6.259E-03	2.665E-03	-3.594E-03
2.109E-03	6.137E-03	6.311E-03	2.687E-03	-3.624E-03
2.128E-03	6.189E-03	6.362E-03	2.709E-03	-3.654E-03
2.148E-03	6.241E-03	6.415E-03	2.730E-03	-3.684E-03
2.168E-03	6.293E-03	6.467E-03	2.752E-03	-3.715E-03
2.188E-03	6.345E-03	6.520E-03	2.775E-03	-3.746E-03
2.208E-03	6.398E-03	6.574E-03	2.797E-03	-3.777E-03
2.228E-03	6.452E-03	6.628E-03	2.820E-03	-3.808E-03
2.249E-03	6.506E-03	6.682E-03	2.842E-03	-3.840E-03
2.270E-03	6.560E-03	6.737E-03	2.865E-03	-3.872E-03
2.291E-03	6.615E-03	6.792E-03	2.888E-03	-3.904E-03
2.312E-03	6.671E-03	6.848E-03	2.912E-03	-3.937E-03
2.333E-03	6.727E-03	6.905E-03	2.935E-03	-3.969E-03
2.355E-03	6.783E-03	6.961E-03	2.959E-03	-4.002E-03
2.377E-03	6.840E-03	7.019E-03	2.983E-03	-4.036E-03
2.399E-03	6.897E-03	7.076E-03	3.007E-03	-4.069E-03
2.421E-03	6.955E-03	7.135E-03	3.031E-03	-4.103E-03
2.443E-03	7.013E-03	7.193E-03	3.056E-03	-4.138E-03
2.466E-03	7.072E-03	7.253E-03	3.081E-03	-4.172E-03
2.489E-03	7.131E-03	7.312E-03	3.106E-03	-4.207E-03
2.512E-03	7.191E-03	7.373E-03	3.131E-03	-4.242E-03
2.535E-03	7.252E-03	7.433E-03	3.156E-03	-4.277E-03
2.559E-03	7.312E-03	7.495E-03	3.182E-03	-4.313E-03
2.582E-03	7.374E-03	7.556E-03	3.207E-03	-4.349E-03
2.606E-03	7.436E-03	7.619E-03	3.233E-03	-4.385E-03
2.630E-03	7.498E-03	7.682E-03	3.260E-03	-4.422E-03
2.655E-03	7.561E-03	7.745E-03	3.286E-03	-4.459E-03
2.679E-03	7.625E-03	7.809E-03	3.313E-03	-4.496E-03
2.704E-03	7.689E-03	7.873E-03	3.340E-03	-4.534E-03
2.729E-03	7.753E-03	7.938E-03	3.367E-03	-4.571E-03
2.754E-03	7.819E-03	8.004E-03	3.394E-03	-4.610E-03
2.780E-03	7.884E-03	8.070E-03	3.422E-03	-4.648E-03
2.805E-03	7.951E-03	8.137E-03	3.450E-03	-4.687E-03
2.831E-03	8.017E-03	8.204E-03	3.478E-03	-4.726E-03
2.858E-03	8.085E-03	8.272E-03	3.506E-03	-4.766E-03
2.884E-03	8.153E-03	8.340E-03	3.535E-03	-4.806E-03
2.911E-03	8.222E-03	8.409E-03	3.564E-03	-4.846E-03
2.938E-03	8.291E-03	8.479E-03	3.593E-03	-4.886E-03
2.965E-03	8.361E-03	8.549E-03	3.622E-03	-4.927E-03
2.992E-03	8.431E-03	8.620E-03	3.651E-03	-4.968E-03
3.020E-03	8.502E-03	8.691E-03	3.681E-03	-5.010E-03
3.048E-03	8.574E-03	8.763E-03	3.711E-03	-5.052E-03
3.076E-03	8.646E-03	8.836E-03	3.742E-03	-5.094E-03
3.105E-03	8.719E-03	8.909E-03	3.772E-03	-5.137E-03
3.133E-03	8.792E-03	8.983E-03	3.803E-03	-5.180E-03
3.162E-03	8.866E-03	9.058E-03	3.834E-03	-5.223E-03
3.192E-03	8.941E-03	9.133E-03	3.865E-03	-5.267E-03
3.221E-03	9.017E-03	9.208E-03	3.897E-03	-5.311E-03
3.251E-03	9.093E-03	9.285E-03	3.929E-03	-5.356E-03
3.281E-03	9.170E-03	9.362E-03	3.961E-03	-5.401E-03
3.311E-03	9.247E-03	9.440E-03	3.994E-03	-5.446E-03
3.342E-03	9.325E-03	9.518E-03	4.026E-03	-5.492E-03
3.373E-03	9.404E-03	9.597E-03	4.059E-03	-5.538E-03
3.404E-03	9.483E-03	9.677E-03	4.093E-03	-5.585E-03
3.436E-03	9.563E-03	9.758E-03	4.126E-03	-5.631E-03
3.467E-03	9.644E-03	9.839E-03	4.160E-03	-5.679E-03
3.499E-03	9.726E-03	9.921E-03	4.194E-03	-5.726E-03
3.532E-03	9.808E-03	1.000E-02	4.229E-03	-5.775E-03
3.565E-03	9.891E-03	1.009E-02	4.263E-03	-5.823E-03
3.597E-03	9.975E-03	1.017E-02	4.298E-03	-5.872E-03
3.631E-03	1.006E-02	1.026E-02	4.334E-03	-5.921E-03
3.664E-03	1.014E-02	1.034E-02	4.369E-03	-5.971E-03
3.698E-03	1.023E-02	1.043E-02	4.405E-03	-6.022E-03
3.733E-03	1.032E-02	1.051E-02	4.442E-03	-6.072E-03
3.767E-03	1.040E-02	1.060E-02	4.478E-03	-6.123E-03
3.802E-03	1.049E-02	1.069E-02	4.515E-03	-6.175E-03
3.837E-03	1.058E-02	1.078E-02	4.552E-03	-6.227E-03
3.873E-03	1.067E-02	1.087E-02	4.590E-03	-6.279E-03
3.908E-03	1.076E-02	1.096E-02	4.628E-03	-6.332E-03
3.945E-03	1.085E-02	1.105E-02	4.666E-03	-6.386E-03
3.981E-03	1.094E-02	1.114E-02	4.704E-03	-6.439E-03
4.018E-03	1.104E-02	1.124E-02	4.743E-03	-6.494E-03
4.055E-03	1.113E-02	1.133E-02	4.782E-03	-6.548E-03
4.093E-03	1.123E-02	1.143E-02	4.822E-03	-6.604E-03
4.130E-03	1.132E-02	1.152E-02	4.862E-03	-6.659E-03
4.169E-03	1.142E-02	1.162E-02	4.902E-03	-6.716E-03
4.207E-03	1.151E-02	1.171E-02	4.942E-03	-6.772E-03
4.246E-03	1.161E-02	1.181E-02	4.983E-03	-6.829E-03
4.285E-03	1.171E-02	1.191E-02	5.025E-03	-6.887E-03
4.325E-03	1.181E-02	1.201E-02	5.066E-03	-6.945E-03
4.365E-03	1.191E-02	1.211E-02	5.108E-03	-7.004E-03
4.406E-03	1.201E-02	1.221E-02	5.151E-03	-7.063E-03
4.446E-03	1.211E-02	1.232E-02	5.193E-03	-7.123E-03
4.487E-03	1.222E-02	1.242E-02	5.236E-03	-7.183E-03
4.529E-03	1.232E-02	1.252E-02	5.280E-03	-7.244E-03
4.571E-03	1.243E-02	1.263E-02	5.324E-03	-7.305E-03
4.613E-03	1.253E-02	1.274E-02	5.368E-03	-7.367E-03
4.656E-03	1.264E-02	1.284E-02	5.413E-03	-7.429E-03
4.699E-03	1.275E-02	1.295E-02	5.458E-03	-7.492E-03
4.742E-03	1.285E-02	1.306E-02	5.503E-03	-7.556E-03
4.786E-03	1.296E-02	1.317E-02	5.549E-03	-7.620E-03
4.831E-03	1.307E-02	1.328E-02	5.595E-03	-7.684E-03
4.875E-03	1.319E-02	1.339E-02	5.642E-03	-7.750E-03
4.920E-03	1.330E-02	1.350E-02	5.689E-03	-7.815E-03
4.966E-03	1.341E-02	1.362E-02	5.736E-03	-7.881E-03
5.012E-03	1.353E-02	1.373E-02	5.784E-03	-7.948E-03
5.058E-03	1.364E-02	1.385E-02	5.832E-03	-8.016E-03
5.105E-03	1.376E-02	1.396E-02	5.881E-03	-8.084E-03
5.152E-03	1.388E-02	1.408E-02	5.930E-03	-8.152E-03
5.200E-03	1.399E-02	1.420E-02	5.979E-03	-8.222E-03
5.248E-03	1.411E-02	1.432E-02	6.029E-03	-8.292E-03
5.297E-03	1.424E-02	1.444E-02	6.080E-03	-8.362E-03
5.346E-03	1.436E-02	1.456E-02	6.131E-03	-8.433E-03
5.395E-03	1.448E-02	1.469E-02	6.182E-03	-8.505E-03
5.445E-03	1.460E-02	1.481E-02	6.234E-03	-8.577E-03
5.495E-03	1.473E-02	1.494E-02	6.286E-03	-8.650E-03
5.546E-03	1.485E-02	1.506E-02	6.338E-03	-8.724E-03
5.598E-03	1.498E-02	1.519E-02	6.392E-03	-8.798E-03
5.649E-03	1.511E-02	1.532E-02	6.445E-03	-8.873E-03
5.702E-03	1.524E-02	1.545E-02	6.499E-03	-8.948E-03
5.754E-03	1.537E-02	1.558E-02	6.554E-03	-9.025E-03
5.808E-03	1.550E-02	1.571E-02	6.609E-03	-9.101E-03
5.861E-03	1.564E-02	1.584E-02	6.664E-03	-9.179E-03
5.916E-03	1.577E-02	1.598E-02	6.720E-03	-9.257E-03
5.970E-03	1.590E-02	1.611E-02	6.777E-03	-9.336E-03
6.026E-03	1.604E-02	1.625E-02	6.834E-03	-9.416E-03
6.081E-03	1.618E-02	1.639E-02	6.891E-03	-9.496E-03
6.138E-03	1.632E-02	1.653E-02	6.949E-03	-9.577E-03
6.194E-03	1.646E-02	1.667E-02	7.008E-03	-9.659E-03
6.252E-03	1.660E-02	1.681E-02	7.067E-03	-9.742E-03
6.310E-03	1.674E-02	1.695E-02	7.127E-03	-9.825E-03
6.368E-03	1.689E-02	1.710E-02	7.187E-03	-9.909E-03
6.427E-03	1.703E-02	1.724E-02	7.247E-03	-9.994E-03
6.486E-03	1.718E-02	1.739E-02	7.308E-03	-1.008E-02
6.546E-03	1.733E-02	1.754E-02	7.370E-03	-1.017E-02
6.607E-03	1.748E-02	1.768E-02	7.432E-03	-1.025E-02
6.668E-03	1.763E-02	1.784E-02	7.495E-03	-1.034E-02
6.730E-03	1.778E-02	1.799E-02	7.559E-03	-1.043E-02
6.792E-03	1.793E-02	1.814E-02	7.623E-03	-1.052E-02
6.855E-03	1.809E-02	1.829E-02	7.687E-03	-1.061E-02
6.918E-03	1.824E-02	1.845E-02	7.752E-03	-1.070E-02
6.982E-03	1.840E-02	1.861E-02	7.818E-03	-1.079E-02
7.047E-03	1.856E-02	1.877E-02	7.884E-03	-1.088E-02
7.112E-03	1.872E-02	1.893E-02	7.951E-03	-1.098E-02
7.178E-03	1.888E-02	1.909E-02	8.018E-03	-1.107E-02
7.244E-03	1.904E-02	1.925E-02	8.087E-03	-1.117E-02
7.311E-03	1.921E-02	1.942E-02	8.155E-03	-1.126E-02
7.379E-03	1.937E-02	1.958E-02	8.225E-03	-1.136E-02
7.447E-03	1.954E-02	1.975E-02	8.294E-03	-1.146E-02
7.516E-03	1.971E-02	1.992E-02	8.365E-03	-1.155E-02
7.586E-03	1.988E-02	2.009E-02	8.436E-03	-1.165E-02
7.656E-03	2.005E-02	2.026E-02	8.508E-03	-1.175E-02
7.727E-03	2.023E-02	2.044E-02	8.580E-03	-1.185E-02
7.798E-03	2.040E-02	2.061E-02	8.653E-03	-1.196E-02
7.870E-03	2.058E-02	2.079E-02	8.727E-03	-1.206E-02
7.943E-03	2.076E-02	2.097E-02	8.802E-03	-1.216E-02
8.017E-03	2.094E-02	2.115E-02	8.877E-03	-1.227E-02
8.091E-03	2.112E-02	2.133E-02	8.953E-03	-1.237E-02
8.166E-03	2.130E-02	2.151E-02	9.029E-03	-1.248E-02
8.241E-03	2.149E-02	2.169E-02	9.106E-03	-1.259E-02
8.318E-03	2.167E-02	2.188E-02	9.184E-03	-1.270E-02
8.395E-03	2.186E-02	2.207E-02	9.263E-03	-1.281E-02
8.472E-03	2.205E-02	2.226E-02	9.342E-03	-1.292E-02
8.551E-03	2.224E-02	2.245E-02	9.422E-03	-1.303E-02
8.630E-03	2.244E-02	2.264E-02	9.503E-03	-1.314E-02
8.710E-03	2.263E-02	2.284E-02	9.584E-03	-1.325E-02
8.790E-03	2.283E-02	2.304E-02	9.666E-03	-1.337E-02
8.872E-03	2.303E-02	2.323E-02	9.749E-03	-1.348E-02
8.954E-03	2.323E-02	2.343E-02	9.833E-03	-1.360E-02
9.036E-03	2.343E-02	2.364E-02	9.917E-03	-1.372E-02
9.120E-03	2.363E-02	2.384E-02	1.000E-02	-1.384E-02
9.204E-03	2.384E-02	2.405E-02	1.009E-02	-1.396E-02
9.290E-03	2.405E-02	2.425E-02	1.018E-02	-1.408E-02
9.376E-03	2.426E-02	2.446E-02	1.026E-02	-1.420E-02
9.462E-03	2.447E-02	2.467E-02	1.035E-02	-1.432E-02
9.550E-03	2.468E-02	2.489E-02	1.044E-02	-1.445E-02
9.638E-03	2.490E-02	2.510E-02	1.053E-02	-1.457E-02
9.727E-03	2.511E-02	2.532E-02	1.062E-02	-1.470E-02
9.817E-03	2.533E-02	2.554E-02	1.071E-02	-1.483E-02
9.908E-03	2.555E-02	2.576E-02	1.081E-02	-1.496E-02
1.000E-02	2.578E-02	2.598E-02	1.090E-02	-1.509E-02
1.198E-02	3.061E-02	3.081E-02	1.292E-02	-1.789E-02
1.397E-02	3.543E-02	3.563E-02	1.494E-02	-2.069E-02
1.595E-02	4.026E-02	4.045E-02	1.696E-02	-2.349E-02
1.794E-02	4.510E-02	4.528E-02	1.899E-02	-2.629E-02
1.992E-02	4.994E-02	5.011E-02	2.102E-02	-2.909E-02
2.190E-02	5.479E-02	5.496E-02	2.306E-02	-3.190E-02
2.389E-02	5.966E-02	5.982E-02	2.512E-02	-3.471E-02
2.587E-02	6.454E-02	6.470E-02	2.718E-02	-3.752E-02
2.786E-02	6.944E-02	6.958E-02	2.925E-02	-4.034E-02
2.984E-02	7.434E-02	7.448E-02	3.133E-02	-4.316E-02
3.182E-02	7.926E-02	7.940E-02	3.342E-02	-4.598E-02
3.381E-02	8.419E-02	8.432E-02	3.551E-02	-4.881E-02
3.579E-02	8.914E-02	8.926E-02	3.762E-02	-5.164E-02
3.778E-02	9.409E-02	9.421E-02	3.974E-02	-5.448E-02
3.976E-02	9.906E-02	9.917E-02	4.186E-02	-5.731E-02
4.174E-02	1.040E-01	1.041E-01	4.399E-02	-6.015E-02
4.373E-02	1.090E-01	1.091E-01	4.613E-02	-6.299E-02
4.571E-02	1.140E-01	1.141E-01	4.828E-02	-6.583E-02
4.770E-02	1.190E-01	1.191E-01	5.044E-02	-6.867E-02
4.968E-02	1.240E-01	1.241E-01	5.260E-02	-7.151E-02
5.166E-02	1.290E-01	1.291E-01	5.477E-02	-7.434E-02
5.365E-02	1.340E-01	1.341E-01	5.695E-02	-7.718E-02
5.563E-02	1.391E-01	1.391E-01	5.913E-02	-8.001E-02
5.762E-02	1.441E-01	1.442E-01	6.132E-02	-8.284E-02
5.960E-02	1.491E-01	1.492E-01	6.351E-02	-8.566E-02
6.158E-02	1.541E-01	1.542E-01	6.571E-02	-8.848E-02
6.357E-02	1.591E-01	1.592E-01	6.792E-02	-9.129E-02
6.555E-02	1.642E-01	1.642E-01	7.013E-02	-9.410E-02
6.754E-02	1.692E-01	1.692E-01	7.234E-02	-9.690E-02
6.952E-02	1.742E-01	1.742E-01	7.455E-02	-9.969E-02
7.150E-02	1.792E-01	1.792E-01	7.677E-02	-1.025E-01
7.349E-02	1.842E-01	1.842E-01	7.899E-02	-1.053E-01
7.547E-02	1.892E-01	1.892E-01	8.122E-02	-1.080E-01
7.745E-02	1.942E-01	1.942E-01	8.345E-02	-1.108E-01
7.944E-02	1.991E-01	1.992E-01	8.567E-02	-1.135E-01
8.142E-02	2.041E-01	2.041E-01	8.790E-02	-1.162E-01
8.341E-02	2.091E-01	2.091E-01	9.013E-02	-1.190E-01
8.539E-02	2.140E-01	2.140E-01	9.236E-02	-1.217E-01
8.737E-02	2.189E-01	2.190E-01	9.459E-02	-1.244E-01
8.936E-02	2.238E-01	2.239E-01	9.683E-02	-1.270E-01
9.134E-02	2.287E-01	2.288E-01	9.906E-02	-1.297E-01
9.333E-02	2.336E-01	2.336E-01	1.013E-01	-1.324E-01
9.531E-02	2.385E-01	2.385E-01	1.035E-01	-1.350E-01
9.729E-02	2.433E-01	2.433E-01	1.057E-01	-1.376E-01
9.928E-02	2.481E-01	2.482E-01	1.080E-01	-1.402E-01
1.013E-01	2.529E-01	2.530E-01	1.102E-01	-1.428E-01
1.032E-01	2.577E-01	2.578E-01	1.124E-01	-1.454E-01
1.052E-01	2.625E-01	2.625E-01	1.146E-01	-1.479E-01
1.072E-01	2.672E-01	2.672E-01	1.168E-01	-1.504E-01
1.092E-01	2.719E-01	2.720E-01	1.190E-01	-1.529E-01
1.112E-01	2.766E-01	2.766E-01	1.212E-01	-1.554E-01
1.132E-01	2.813E-01	2.813E-01	1.234E-01	-1.579E-01
1.152E-01	2.859E-01	2.859E-01	1.256E-01	-1.603E-01
1.171E-01	2.905E-01	2.905E-01	1.278E-01	-1.627E-01
1.191E-01	2.951E-01	2.951E-01	1.300E-01	-1.651E-01
1.211E-01	2.996E-01	2.997E-01	1.322E-01	-1.675E-01
1.231E-01	3.042E-01	3.042E-01	1.343E-01	-1.698E-01
1.251E-01	3.087E-01	3.087E-01	1.365E-01	-1.722E-01
1.271E-01	3.131E-01	3.131E-01	1.387E-01	-1.745E-01
1.290E-01	3.175E-01	3.175E-01	1.408E-01	-1.767E-01
1.310E-01	3.219E-01	3.219E-01	1.430E-01	-1.790E-01
1.330E-01	3.263E-01	3.263E-01	1.451E-01	-1.812E-01
1.350E-01	3.306E-01	3.306E-01	1.472E-01	-1.834E-01
1.370E-01	3.349E-01	3.349E-01	1.493E-01	-1.856E-01
1.390E-01	3.391E-01	3.391E-01	1.514E-01	-1.877E-01
1.409E-01	3.433E-01	3.433E-01	1.535E-01	-1.898E-01
1.429E-01	3.475E-01	3.475E-01	1.556E-01	-1.919E-01
1.449E-01	3.516E-01	3.516E-01	1.577E-01	-1.940E-01
1.469E-01	3.557E-01	3.557E-01	1.597E-01	-1.960E-01
1.489E-01	3.598E-01	3.598E-01	1.618E-01	-1.980E-01
1.509E-01	3.638E-01	3.638E-01	1.638E-01	-2.000E-01
1.528E-01	3.678E-01	3.678E-01	1.659E-01	-2.019E-01
1.548E-01	3.717E-01	3.717E-01	1.679E-01	-2.038E-01
1.568E-01	3.756E-01	3.756E-01	1.699E-01	-2.057E-01
1.588E-01	3.794E-01	3.794E-01	1.719E-01	-2.075E-01
1.608E-01	3.832E-01	3.832E-01	1.739E-01	-2.093E-01
1.628E-01	3.870E-01	3.870E-01	1.758E-01	-2.111E-01
1.647E-01	3.907E-01	3.907E-01	1.778E-01	-2.129E-01
1.667E-01	3.943E-01	3.943E-01	1.797E-01	-2.146E-01
1.687E-01	3.979E-01	3.979E-01	1.817E-01	-2.163E-01
1.707E-01	4.015E-01	4.015E-01	1.836E-01	-2.179E-01
1.727E-01	4.050E-01	4.050E-01	1.855E-01	-2.196E-01
1.747E-01	4.085E-01	4.085E-01	1.873E-01	-2.212E-01
1.767E-01	4.119E-01	4.119E-01	1.892E-01	-2.227E-01
1.786E-01	4.153E-01	4.153E-01	1.911E-01	-2.242E-01
1.806E-01	4.186E-01	4.186E-01	1.929E-01	-2.257E-01
1.826E-01	4.219E-01	4.219E-01	1.947E-01	-2.272E-01
1.846E-01	4.251E-01	4.251E-01	1.965E-01	-2.286E-01
1.866E-01	4.283E-01	4.283E-01	1.983E-01	-2.300E-01
1.886E-01	4.314E-01	4.314E-01	2.001E-01	-2.313E-01
1.905E-01	4.345E-01	4.345E-01	2.018E-01	-2.326E-01
1.925E-01	4.375E-01	4.375E-01	2.036E-01	-2.339E-01
1.945E-01	4.405E-01	4.405E-01	2.053E-01	-2.352E-01
1.965E-01	4.434E-01	4.434E-01	2.070E-01	-2.364E-01
1.985E-01	4.462E-01	4.462E-01	2.087E-01	-2.376E-01
2.005E-01	4.490E-01	4.491E-01	2.103E-01	-2.387E-01
2.024E-01	4.518E-01	4.518E-01	2.120E-01	-2.398E-01
2.044E-01	4.545E-01	4.545E-01	2.136E-01	-2.409E-01
2.064E-01	4.571E-01	4.572E-01	2.152E-01	-2.419E-01
2.084E-01	4.597E-01	4.597E-01	2.168E-01	-2.429E-01
2.104E-01	4.623E-01	4.623E-01	2.184E-01	-2.439E-01
2.124E-01	4.648E-01	4.648E-01	2.200E-01	-2.448E-01
2.143E-01	4.672E-01	4.672E-01	2.215E-01	-2.457E-01
2.163E-01	4.695E-01	4.696E-01	2.230E-01	-2.466E-01
2.183E-01	4.719E-01	4.719E-01	2.245E-01	-2.474E-01
2.203E-01	4.741E-01	4.741E-01	2.260E-01	-2.482E-01
2.223E-01	4.763E-01	4.763E-01	2.274E-01	-2.489E-01
2.243E-01	4.785E-01	4.785E-01	2.288E-01	-2.496E-01
2.263E-01	4.806E-01	4.806E-01	2.303E-01	-2.503E-01
2.282E-01	4.826E-01	4.826E-01	2.316E-01	-2.509E-01
2.302E-01	4.846E-01	4.846E-01	2.330E-01	-2.516E-01
2.322E-01	4.865E-01	4.865E-01	2.344E-01	-2.521E-01
2.342E-01	4.884E-01	4.884E-01	2.357E-01	-2.527E-01
2.362E-01	4.902E-01	4.902E-01	2.370E-01	-2.532E-01
2.382E-01	4.919E-01	4.919E-01	2.383E-01	-2.536E-01
2.401E-01	4.936E-01	4.936E-01	2.395E-01	-2.541E-01
2.421E-01	4.952E-01	4.952E-01	2.408E-01	-2.545E-01
2.441E-01	4.968E-01	4.968E-01	2.420E-01	-2.548E-01
2.461E-01	4.983E-01	4.983E-01	2.432E-01	-2.551E-01
2.481E-01	4.998E-01	4.998E-01	2.444E-01	-2.554E-01
2.501E-01	5.012E-01	5.012E-01	2.455E-01	-2.557E-01
2.520E-01	5.025E-01	5.025E-01	2.466E-01	-2.559E-01
2.540E-01	5.038E-01	5.038E-01	2.477E-01	-2.561E-01
2.560E-01	5.051E-01	5.051E-01	2.488E-01	-2.563E-01
2.580E-01	5.062E-01	5.062E-01	2.499E-01	-2.564E-01
2.600E-01	5.074E-01	5.074E-01	2.509E-01	-2.565E-01
2.620E-01	5.084E-01	5.084E-01	2.519E-01	-2.565E-01
2.639E-01	5.094E-01	5.094E-01	2.529E-01	-2.565E-01
2.659E-01	5.104E-01	5.104E-01	2.539E-01	-2.565E-01
2.679E-01	5.113E-01	5.113E-01	2.548E-01	-2.565E-01
2.699E-01	5.121E-01	5.121E-01	2.557E-01	-2.564E-01
2.719E-01	5.129E-01	5.129E-01	2.566E-01	-2.563E-01
2.739E-01	5.136E-01	5.136E-01	2.575E-01	-2.561E-01
2.759E-01	5.143E-01	5.143E-01	2.583E-01	-2.559E-01
2.778E-01	5.149E-01	5.149E-01	2.592E-01	-2.557E-01
2.798E-01	5.155E-01	5.155E-01	2.600E-01	-2.555E-01
2.818E-01	5.160E-01	5.160E-01	2.607E-01	-2.552E-01
2.838E-01	5.164E-01	5.164E-01	2.615E-01	-2.549E-01
2.858E-01	5.168E-01	5.168E-01	2.622E-01	-2.546E-01
2.878E-01	5.171E-01	5.171E-01	2.629E-01	-2.542E-01
2.897E-01	5.174E-01	5.174E-01	2.636E-01	-2.538E-01
2.917E-01	5.176E-01	5.176E-01	2.642E-01	-2.534E-01
2.937E-01	5.178E-01	5.178E-01	2.649E-01	-2.529E-01
2.957E-01	5.179E-01	5.179E-01	2.655E-01	-2.524E-01
2.977E-01	5.180E-01	5.180E-01	2.661E-01	-2.519E-01
2.997E-01	5.180E-01	5.180E-01	2.666E-01	-2.514E-01
3.016E-01	5.180E-01	5.180E-01	2.672E-01	-2.508E-01
3.036E-01	5.179E-01	5.179E-01	2.677E-01	-2.502E-01
3.056E-01	5.177E-01	5.177E-01	2.681E-01	-2.496E-01
3.076E-01	5.175E-01	5.175E-01	2.686E-01	-2.489E-01
3.096E-01	5.173E-01	5.173E-01	2.690E-01	-2.482E-01
3.116E-01	5.170E-01	5.170E-01	2.694E-01	-2.475E-01
3.135E-01	5.166E-01	5.166E-01	2.698E-01	-2.468E-01
3.155E-01	5.162E-01	5.162E-01	2.702E-01	-2.460E-01
3.175E-01	5.158E-01	5.158E-01	2.705E-01	-2.452E-01
3.195E-01	5.152E-01	5.152E-01	2.708E-01	-2.444E-01
3.215E-01	5.147E-01	5.147E-01	2.711E-01	-2.436E-01
3.235E-01	5.141E-01	5.141E-01	2.714E-01	-2.427E-01
3.255E-01	5.134E-01	5.134E-01	2.716E-01	-2.418E-01
3.274E-01	5.127E-01	5.127E-01	2.718E-01	-2.409E-01
3.294E-01	5.120E-01	5.120E-01	2.720E-01	-2.400E-01
3.314E-01	5.112E-01	5.112E-01	2.722E-01	-2.390E-01
3.334E-01	5.104E-01	5.104E-01	2.724E-01	-2.380E-01
3.354E-01	5.095E-01	5.095E-01	2.725E-01	-2.370E-01
3.374E-01	5.085E-01	5.085E-01	2.726E-01	-2.360E-01
3.393E-01	5.075E-01	5.075E-01	2.726E-01	-2.349E-01
3.413E-01	5.065E-01	5.065E-01	2.727E-01	-2.338E-01
3.433E-01	5.054E-01	5.054E-01	2.727E-01	-2.327E-01
3.453E-01	5.043E-01	5.043E-01	2.727E-01	-2.316E-01
3.473E-01	5.032E-01	5.032E-01	2.727E-01	-2.305E-01
3.493E-01	5.020E-01	5.020E-01	2.726E-01	-2.293E-01
3.512E-01	5.007E-01	5.007E-01	2.726E-01	-2.281E-01
3.532E-01	4.994E-01	4.994E-01	2.725E-01	-2.270E-01
3.552E-01	4.981E-01	4.981E-01	2.724E-01	-2.257E-01
3.572E-01	4.967E-01	4.967E-01	2.722E-01	-2.245E-01
3.592E-01	4.953E-01	4.953E-01	2.721E-01	-2.233E-01
3.612E-01	4.939E-01	4.939E-01	2.719E-01	-2.220E-01
3.631E-01	4.924E-01	4.924E-01	2.717E-01	-2.207E-01
3.651E-01	4.908E-01	4.908E-01	2.714E-01	-2.194E-01
3.671E-01	4.893E-01	4.893E-01	2.712E-01	-2.181E-01
3.691E-01	4.876E-01	4.876E-01	2.709E-01	-2.167E-01
3.711E-01	4.860E-01	4.860E-01	2.706E-01	-2.154E-01
3.731E-01	4.843E-01	4.843E-01	2.703E-01	-2.140E-01
3.751E-01	4.826E-01	4.826E-01	2.700E-01	-2.126E-01
3.770E-01	4.808E-01	4.808E-01	2.696E-01	-2.112E-01
3.790E-01	4.790E-01	4.790E-01	2.692E-01	-2.098E-01
3.810E-01	4.772E-01	4.772E-01	2.688E-01	-2.084E-01
3.830E-01	4.753E-01	4.753E-01	2.684E-01	-2.070E-01
3.850E-01	4.734E-01	4.734E-01	2.679E-01	-2.055E-01
3.870E-01	4.715E-01	4.715E-01	2.674E-01	-2.041E-01
3.889E-01	4.695E-01	4.695E-01	2.669E-01	-2.026E-01
3.909E-01	4.675E-01	4.675E-01	2.664E-01	-2.011E-01
3.929E-01	4.655E-01	4.655E-01	2.659E-01	-1.996E-01
3.949E-01	4.634E-01	4.634E-01	2.653E-01	-1.981E-01
3.969E-01	4.614E-01	4.614E-01	2.648E-01	-1.966E-01
3.989E-01	4.592E-01	4.592E-01	2.642E-01	-1.951E-01
4.008E-01	4.571E-01	4.571E-01	2.636E-01	-1.935E-01
4.028E-01	4.549E-01	4.549E-01	2.629E-01	-1.920E-01
4.048E-01	4.527E-01	4.527E-01	2.623E-01	-1.904E-01
4.068E-01	4.504E-01	4.504E-01	2.616E-01	-1.889E-01
4.088E-01	4.482E-01	4.482E-01	2.609E-01	-1.873E-01
4.108E-01	4.459E-01	4.459E-01	2.602E-01	-1.857E-01
4.127E-01	4.436E-01	4.436E-01	2.594E-01	-1.841E-01
4.147E-01	4.412E-01	4.412E-01	2.587E-01	-1.825E-01
4.167E-01	4.389E-01	4.389E-01	2.579E-01	-1.809E-01
4.187E-01	4.365E-01	4.365E-01	2.571E-01	-1.793E-01
4.207E-01	4.340E-01	4.340E-01	2.563E-01	-1.777E-01
4.227E-01	4.316E-01	4.316E-01	2.555E-01	-1.761E-01
4.246E-01	4.291E-01	4.291E-01	2.546E-01	-1.745E-01
4.266E-01	4.267E-01	4.267E-01	2.538E-01	-1.729E-01
4.286E-01	4.241E-01	4.241E-01	2.529E-01	-1.713E-01
4.306E-01	4.216E-01	4.216E-01	2.520E-01	-1.696E-01
4.326E-01	4.191E-01	4.191E-01	2.511E-01	-1.680E-01
4.346E-01	4.165E-01	4.165E-01	2.502E-01	-1.663E-01
4.366E-01	4.139E-01	4.139E-01	2.492E-01	-1.647E-01
4.385E-01	4.113E-01	4.113E-01	2.482E-01	-1.631E-01
4.405E-01	4.087E-01	4.087E-01	2.473E-01	-1.614E-01
4.425E-01	4.060E-01	4.060E-01	2.463E-01	-1.598E-01
4.445E-01	4.034E-01	4.034E-01	2.452E-01	-1.581E-01
4.465E-01	4.007E-01	4.007E-01	2.442E-01	-1.565E-01
4.485E-01	3.980E-01	3.980E-01	2.432E-01	-1.548E-01
4.504E-01	3.953E-01	3.953E-01	2.421E-01	-1.532E-01
4.524E-01	3.926E-01	3.926E-01	2.410E-01	-1.515E-01
4.544E-01	3.898E-01	3.898E-01	2.399E-01	-1.499E-01
4.564E-01	3.871E-01	3.871E-01	2.388E-01	-1.482E-01
4.584E-01	3.843E-01	3.843E-01	2.377E-01	-1.466E-01
4.604E-01	3.816E-01	3.816E-01	2.366E-01	-1.450E-01
4.623E-01	3.788E-01	3.788E-01	2.354E-01	-1.433E-01
4.643E-01	3.760E-01	3.760E-01	2.343E-01	-1.417E-01
4.663E-01	3.732E-01	3.732E-01	2.331E-01	-1.400E-01
4.683E-01	3.703E-01	3.703E-01	2.319E-01	-1.384E-01
4.703E-01	3.675E-01	3.675E-01	2.307E-01	-1.368E-01
4.723E-01	3.647E-01	3.647E-01	2.295E-01	-1.351E-01
4.742E-01	3.618E-01	3.618E-01	2.283E-01	-1.335E-01
4.762E-01	3.590E-01	3.590E-01	2.270E-01	-1.319E-01
4.782E-01	3.561E-01	3.561E-01	2.258E-01	-1.303E-01
4.802E-01	3.532E-01	3.532E-01	2.245E-01	-1.287E-01
4.822E-01	3.503E-01	3.503E-01	2.233E-01	-1.271E-01
4.842E-01	3.474E-01	3.474E-01	2.220E-01	-1.255E-01
4.862E-01	3.446E-01	3.446E-01	2.207E-01	-1.239E-01
4.881E-01	3.417E-01	3.417E-01	2.194E-01	-1.223E-01
4.901E-01	3.388E-01	3.388E-01	2.181E-01	-1.207E-01
4.921E-01	3.359E-01	3.359E-01	2.167E-01	-1.191E-01
4.941E-01	3.329E-01	3.329E-01	2.154E-01	-1.175E-01
4.961E-01	3.300E-01	3.300E-01	2.140E-01	-1.160E-01
4.981E-01	3.271E-01	3.271E-01	2.127E-01	-1.144E-01
5.000E-01	3.242E-01	3.242E-01	2.113E-01	-1.129E-01
5.020E-01	3.213E-01	3.213E-01	2.099E-01	-1.113E-01
5.040E-01	3.184E-01	3.184E-01	2.086E-01	-1.098E-01
5.060E-01	3.154E-01	3.154E-01	2.072E-01	-1.083E-01
5.080E-01	3.125E-01	3.125E-01	2.058E-01	-1.067E-01
5.100E-01	3.096E-01	3.096E-01	2.044E-01	-1.052E-01
5.119E-01	3.067E-01	3.067E-01	2.029E-01	-1.037E-01
5.139E-01	3.037E-01	3.037E-01	2.015E-01	-1.022E-01
5.159E-01	3.008E-01	3.008E-01	2.001E-01	-1.007E-01
5.179E-01	2.979E-01	2.979E-01	1.986E-01	-9.926E-02
5.199E-01	2.950E-01	2.950E-01	1.972E-01	-9.780E-02
5.219E-01	2.921E-01	2.921E-01	1.957E-01	-9.634E-02
5.238E-01	2.892E-01	2.892E-01	1.943E-01	-9.489E-02
5.258E-01	2.863E-01	2.863E-01	1.928E-01	-9.345E-02
5.278E-01	2.834E-01	2.834E-01	1.913E-01	-9.202E-02
5.298E-01	2.805E-01	2.805E-01	1.899E-01	-9.060E-02
5.318E-01	2.776E-01	2.776E-01	1.884E-01	-8.919E-02
5.338E-01	2.747E-01	2.747E-01	1.869E-01	-8.779E-02
5.358E-01	2.718E-01	2.718E-01	1.854E-01	-8.640E-02
5.377E-01	2.689E-01	2.689E-01	1.839E-01	-8.502E-02
5.397E-01	2.661E-01	2.661E-01	1.824E-01	-8.365E-02
5.417E-01	2.632E-01	2.632E-01	1.809E-01	-8.229E-02
5.437E-01	2.603E-01	2.603E-01	1.794E-01	-8.095E-02
5.457E-01	2.575E-01	2.575E-01	1.779E-01	-7.961E-02
5.477E-01	2.546E-01	2.546E-01	1.764E-01	-7.829E-02
5.496E-01	2.518E-01	2.518E-01	1.748E-01	-7.698E-02
5.516E-01	2.490E-01	2.490E-01	1.733E-01	-7.568E-02
5.536E-01	2.462E-01	2.462E-01	1.718E-01	-7.439E-02
5.556E-01	2.434E-01	2.434E-01	1.703E-01	-7.311E-02
5.576E-01	2.406E-01	2.406E-01	1.687E-01	-7.185E-02
5.596E-01	2.378E-01	2.378E-01	1.672E-01	-7.060E-02
5.615E-01	2.350E-01	2.350E-01	1.657E-01	-6.935E-02
5.635E-01	2.322E-01	2.322E-01	1.641E-01	-6.812E-02
5.655E-01	2.295E-01	2.295E-01	1.626E-01	-6.691E-02
5.675E-01	2.267E-01	2.267E-01	1.610E-01	-6.570E-02
5.695E-01	2.240E-01	2.240E-01	1.595E-01	-6.451E-02
5.715E-01	2.213E-01	2.213E-01	1.580E-01	-6.333E-02
5.734E-01	2.186E-01	2.186E-01	1.564E-01	-6.216E-02
5.754E-01	2.159E-01	2.159E-01	1.549E-01	-6.101E-02
5.774E-01	2.132E-01	2.132E-01	1.533E-01	-5.987E-02
5.794E-01	2.105E-01	2.105E-01	1.518E-01	-5.874E-02
5.814E-01	2.079E-01	2.079E-01	1.502E-01	-5.762E-02
5.834E-01	2.052E-01	2.052E-01	1.487E-01	-5.651E-02
5.854E-01	2.026E-01	2.026E-01	1.472E-01	-5.542E-02
5.873E-01	2.000E-01	2.000E-01	1.456E-01	-5.434E-02
5.893E-01	1.974E-01	1.974E-01	1.441E-01	-5.328E-02
5.913E-01	1.948E-01	1.948E-01	1.426E-01	-5.222E-02
5.933E-01	1.922E-01	1.922E-01	1.410E-01	-5.118E-02
5.953E-01	1.896E-01	1.896E-01	1.395E-01	-5.015E-02
5.973E-01	1.871E-01	1.871E-01	1.380E-01	-4.914E-02
5.992E-01	1.846E-01	1.846E-01	1.364E-01	-4.814E-02
6.012E-01	1.820E-01	1.820E-01	1.349E-01	-4.715E-02
6.032E-01	1.795E-01	1.795E-01	1.334E-01	-4.617E-02
6.052E-01	1.771E-01	1.771E-01	1.319E-01	-4.520E-02
6.072E-01	1.746E-01	1.746E-01	1.303E-01	-4.425E-02
6.092E-01	1.721E-01	1.721E-01	1.288E-01	-4.332E-02
6.111E-01	1.697E-01	1.697E-01	1.273E-01	-4.239E-02
6.131E-01	1.673E-01	1.673E-01	1.258E-01	-4.148E-02
6.151E-01	1.649E-01	1.649E-01	1.243E-01	-4.058E-02
6.171E-01	1.625E-01	1.625E-01	1.228E-01	-3.969E-02
6.191E-01	1.601E-01	1.601E-01	1.213E-01	-3.882E-02
6.211E-01	1.578E-01	1.578E-01	1.198E-01	-3.795E-02
6.230E-01	1.555E-01	1.555E-01	1.183E-01	-3.710E-02
6.250E-01	1.531E-01	1.531E-01	1.169E-01	-3.627E-02
6.270E-01	1.508E-01	1.508E-01	1.154E-01	-3.544E-02
6.290E-01	1.486E-01	1.486E-01	1.139E-01	-3.463E-02
6.310E-01	1.463E-01	1.463E-01	1.125E-01	-3.383E-02
6.330E-01	1.441E-01	1.441E-01	1.110E-01	-3.305E-02
6.349E-01	1.418E-01	1.418E-01	1.096E-01	-3.227E-02
6.369E-01	1.396E-01	1.396E-01	1.081E-01	-3.151E-02
6.389E-01	1.374E-01	1.374E-01	1.067E-01	-3.076E-02
6.409E-01	1.353E-01	1.353E-01	1.052E-01	-3.002E-02
6.429E-01	1.331E-01	1.331E-01	1.038E-01	-2.930E-02
6.449E-01	1.310E-01	1.310E-01	1.024E-01	-2.858E-02
6.469E-01	1.289E-01	1.289E-01	1.010E-01	-2.788E-02
6.488E-01	1.268E-01	1.268E-01	9.956E-02	-2.719E-02
6.508E-01	1.247E-01	1.247E-01	9.816E-02	-2.651E-02
6.528E-01	1.226E-01	1.226E-01	9.677E-02	-2.585E-02
6.548E-01	1.206E-01	1.206E-01	9.539E-02	-2.519E-02
6.568E-01	1.186E-01	1.186E-01	9.401E-02	-2.455E-02
6.588E-01	1.166E-01	1.166E-01	9.264E-02	-2.392E-02
6.607E-01	1.146E-01	1.146E-01	9.128E-02	-2.330E-02
6.627E-01	1.126E-01	1.126E-01	8.992E-02	-2.269E-02
6.647E-01	1.107E-01	1.107E-01	8.858E-02	-2.209E-02
6.667E-01	1.087E-01	1.087E-01	8.724E-02	-2.151E-02
6.687E-01	1.068E-01	1.068E-01	8.591E-02	-2.093E-02
6.707E-01	1.050E-01	1.050E-01	8.459E-02	-2.037E-02
6.726E-01	1.031E-01	1.031E-01	8.328E-02	-1.982E-02
6.746E-01	1.012E-01	1.012E-01	8.197E-02	-1.927E-02
6.766E-01	9.942E-02	9.942E-02	8.068E-02	-1.874E-02
6.786E-01	9.761E-02	9.761E-02	7.939E-02	-1.822E-02
6.806E-01	9.582E-02	9.582E-02	7.812E-02	-1.771E-02
6.826E-01	9.406E-02	9.406E-02	7.685E-02	-1.721E-02
6.845E-01	9.231E-02	9.231E-02	7.559E-02	-1.672E-02
6.865E-01	9.058E-02	9.058E-02	7.434E-02	-1.624E-02
6.885E-01	8.887E-02	8.887E-02	7.310E-02	-1.577E-02
6.905E-01	8.718E-02	8.718E-02	7.187E-02	-1.531E-02
6.925E-01	8.551E-02	8.551E-02	7.065E-02	-1.486E-02
6.945E-01	8.386E-02	8.386E-02	6.944E-02	-1.442E-02
6.965E-01	8.223E-02	8.223E-02	6.824E-02	-1.399E-02
6.984E-01	8.062E-02	8.062E-02	6.705E-02	-1.356E-02
7.004E-01	7.902E-02	7.902E-02	6.587E-02	-1.315E-02
7.024E-01	7.745E-02	7.745E-02	6.470E-02	-1.275E-02
7.044E-01	7.590E-02	7.590E-02	6.354E-02	-1.236E-02
7.064E-01	7.436E-02	7.436E-02	6.239E-02	-1.197E-02
7.084E-01	7.285E-02	7.285E-02	6.125E-02	-1.160E-02
7.103E-01	7.135E-02	7.135E-02	6.013E-02	-1.123E-02
7.123E-01	6.988E-02	6.988E-02	5.901E-02	-1.087E-02
7.143E-01	6.842E-02	6.842E-02	5.790E-02	-1.052E-02
7.163E-01	6.698E-02	6.698E-02	5.681E-02	-1.018E-02
7.183E-01	6.557E-02	6.557E-02	5.572E-02	-9.846E-03
7.203E-01	6.417E-02	6.417E-02	5.464E-02	-9.521E-03
7.222E-01	6.278E-02	6.278E-02	5.358E-02	-9.204E-03
7.242E-01	6.142E-02	6.142E-02	5.253E-02	-8.895E-03
7.262E-01	6.008E-02	6.008E-02	5.149E-02	-8.594E-03
7.282E-01	5.876E-02	5.876E-02	5.046E-02	-8.300E-03
7.302E-01	5.745E-02	5.745E-02	4.944E-02	-8.014E-03
7.322E-01	5.616E-02	5.616E-02	4.843E-02	-7.736E-03
7.341E-01	5.490E-02	5.490E-02	4.743E-02	-7.465E-03
7.361E-01	5.365E-02	5.365E-02	4.645E-02	-7.201E-03
7.381E-01	5.241E-02	5.241E-02	4.547E-02	-6.944E-03
7.401E-01	5.120E-02	5.120E-02	4.451E-02	-6.694E-03
7.421E-01	5.001E-02	5.001E-02	4.356E-02	-6.451E-03
7.441E-01	4.883E-02	4.883E-02	4.261E-02	-6.215E-03
7.461E-01	4.767E-02	4.767E-02	4.169E-02	-5.986E-03
7.480E-01	4.653E-02	4.653E-02	4.077E-02	-5.763E-03
7.500E-01	4.541E-02	4.541E-02	3.986E-02	-5.546E-03
7.520E-01	4.430E-02	4.430E-02	3.897E-02	-5.336E-03
7.540E-01	4.321E-02	4.321E-02	3.808E-02	-5.131E-03
7.560E-01	4.214E-02	4.214E-02	3.721E-02	-4.933E-03
7.580E-01	4.109E-02	4.109E-02	3.635E-02	-4.741E-03
7.599E-01	4.006E-02	4.006E-02	3.550E-02	-4.554E-03
7.619E-01	3.904E-02	3.904E-02	3.467E-02	-4.373E-03
7.639E-01	3.804E-02	3.804E-02	3.384E-02	-4.198E-03
7.659E-01	3.705E-02	3.705E-02	3.303E-02	-4.028E-03
7.679E-01	3.609E-02	3.609E-02	3.222E-02	-3.863E-03
7.699E-01	3.514E-02	3.514E-02	3.143E-02	-3.704E-03
7.718E-01	3.420E-02	3.420E-02	3.065E-02	-3.550E-03
7.738E-01	3.328E-02	3.328E-02	2.988E-02	-3.400E-03
7.758E-01	3.238E-02	3.238E-02	2.913E-02	-3.256E-03
7.778E-01	3.150E-02	3.150E-02	2.838E-02	-3.117E-03
7.798E-01	3.063E-02	3.063E-02	2.765E-02	-2.982E-03
7.818E-01	2.978E-02	2.978E-02	2.693E-02	-2.851E-03
7.837E-01	2.894E-02	2.894E-02	2.622E-02	-2.725E-03
7.857E-01	2.812E-02	2.812E-02	2.552E-02	-2.604E-03
7.877E-01	2.731E-02	2.731E-02	2.483E-02	-2.487E-03
7.897E-01	2.653E-02	2.653E-02	2.415E-02	-2.374E-03
7.917E-01	2.575E-02	2.575E-02	2.349E-02	-2.264E-03
7.937E-01	2.499E-02	2.499E-02	2.283E-02	-2.159E-03
7.957E-01	2.425E-02	2.425E-02	2.219E-02	-2.058E-03
7.976E-01	2.352E-02	2.352E-02	2.156E-02	-1.960E-03
7.996E-01	2.280E-02	2.280E-02	2.094E-02	-1.867E-03
8.016E-01	2.210E-02	2.210E-02	2.033E-02	-1.776E-03
8.036E-01	2.142E-02	2.142E-02	1.973E-02	-1.689E-03
8.056E-01	2.075E-02	2.075E-02	1.914E-02	-1.606E-03
8.076E-01	2.009E-02	2.009E-02	1.857E-02	-1.525E-03
8.095E-01	1.945E-02	1.945E-02	1.800E-02	-1.448E-03
8.115E-01	1.882E-02	1.882E-02	1.744E-02	-1.374E-03
8.135E-01	1.820E-02	1.820E-02	1.690E-02	-1.303E-03
8.155E-01	1.760E-02	1.760E-02	1.637E-02	-1.235E-03
8.175E-01	1.702E-02	1.702E-02	1.585E-02	-1.170E-03
8.195E-01	1.644E-02	1.644E-02	1.533E-02	-1.107E-03
8.214E-01	1.588E-02	1.588E-02	1.483E-02	-1.048E-03
8.234E-01	1.533E-02	1.533E-02	1.434E-02	-9.903E-04
8.254E-01	1.480E-02	1.480E-02	1.386E-02	-9.355E-04
8.274E-01	1.427E-02	1.427E-02	1.339E-02	-8.831E-04
8.294E-01	1.376E-02	1.376E-02	1.293E-02	-8.331E-04
8.314E-01	1.327E-02	1.327E-02	1.248E-02	-7.853E-04
8.333E-01	1.278E-02	1.278E-02	1.204E-02	-7.397E-04
8.353E-01	1.231E-02	1.231E-02	1.161E-02	-6.963E-04
8.373E-01	1.185E-02	1.185E-02	1.119E-02	-6.548E-04
8.393E-01	1.140E-02	1.140E-02	1.078E-02	-6.154E-04
8.413E-01	1.096E-02	1.096E-02	1.038E-02	-5.779E-04
8.433E-01	1.053E-02	1.053E-02	9.992E-03	-5.422E-04
8.453E-01	1.012E-02	1.012E-02	9.611E-03	-5.082E-04
8.472E-01	9.716E-03	9.716E-03	9.240E-03	-4.760E-04
8.492E-01	9.324E-03	9.324E-03	8.878E-03	-4.454E-04
8.512E-01	8.942E-03	8.942E-03	8.526E-03	-4.164E-04
8.532E-01	8.571E-03	8.571E-03	8.182E-03	-3.889E-04
8.552E-01	8.211E-03	8.211E-03	7.848E-03	-3.629E-04
8.572E-01	7.861E-03	7.861E-03	7.523E-03	-3.383E-04
8.591E-01	7.522E-03	7.522E-03	7.207E-03	-3.150E-04
8.611E-01	7.192E-03	7.192E-03	6.899E-03	-2.931E-04
8.631E-01	6.873E-03	6.873E-03	6.601E-03	-2.723E-04
8.651E-01	6.563E-03	6.563E-03	6.310E-03	-2.528E-04
8.671E-01	6.263E-03	6.263E-03	6.029E-03	-2.344E-04
8.691E-01	5.972E-03	5.972E-03	5.755E-03	-2.170E-04
8.710E-01	5.691E-03	5.691E-03	5.490E-03	-2.007E-04
8.730E-01	5.419E-03	5.419E-03	5.234E-03	-1.854E-04
8.750E-01	5.156E-03	5.156E-03	4.985E-03	-1.711E-04
8.770E-01	4.902E-03	4.902E-03	4.744E-03	-1.576E-04
8.790E-01	4.656E-03	4.656E-03	4.511E-03	-1.450E-04
8.810E-01	4.419E-03	4.419E-03	4.286E-03	-1.332E-04
8.829E-01	4.190E-03	4.190E-03	4.068E-03	-1.222E-04
8.849E-01	3.970E-03	3.970E-03	3.858E-03	-1.120E-04
8.869E-01	3.757E-03	3.757E-03	3.655E-03	-1.024E-04
8.889E-01	3.552E-03	3.552E-03	3.459E-03	-9.353E-05
8.909E-01	3.356E-03	3.356E-03	3.270E-03	-8.527E-05
8.929E-01	3.166E-03	3.166E-03	3.089E-03	-7.760E-05
8.948E-01	2.984E-03	2.984E-03	2.914E-03	-7.049E-05
8.968E-01	2.810E-03	2.810E-03	2.746E-03	-6.391E-05
8.988E-01	2.642E-03	2.642E-03	2.584E-03	-5.784E-05
9.008E-01	2.482E-03	2.482E-03	2.429E-03	-5.224E-05
9.028E-01	2.328E-03	2.328E-03	2.281E-03	-4.708E-05
9.048E-01	2.181E-03	2.181E-03	2.138E-03	-4.234E-05
9.068E-01	2.040E-03	2.040E-03	2.002E-03	-3.799E-05
9.087E-01	1.906E-03	1.906E-03	1.872E-03	-3.400E-05
9.107E-01	1.778E-03	1.778E-03	1.747E-03	-3.036E-05
9.127E-01	1.655E-03	1.655E-03	1.628E-03	-2.704E-05
9.147E-01	1.539E-03	1.539E-03	1.515E-03	-2.402E-05
9.167E-01	1.429E-03	1.429E-03	1.407E-03	-2.127E-05
9.187E-01	1.324E-03	1.324E-03	1.305E-03	-1.878E-05
9.206E-01	1.224E-03	1.224E-03	1.207E-03	-1.654E-05
9.226E-01	1.130E-03	1.130E-03	1.115E-03	-1.451E-05
9.246E-01	1.040E-03	1.040E-03	1.028E-03	-1.269E-05
9.266E-01	9.560E-04	9.560E-04	9.449E-04	-1.106E-05
9.286E-01	8.765E-04	8.765E-04	8.669E-04	-9.597E-06
9.306E-01	8.016E-04	8.016E-04	7.933E-04	-8.297E-06
9.325E-01	7.312E-04	7.312E-04	7.241E-04	-7.143E-06
9.345E-01	6.652E-04	6.652E-04	6.590E-04	-6.121E-06
9.365E-01	6.033E-04	6.033E-04	5.981E-04	-5.221E-06
9.385E-01	5.455E-04	5.455E-04	5.411E-04	-4.431E-06
9.405E-01	4.917E-04	4.917E-04	4.879E-04	-3.739E-06
9.425E-01	4.415E-04	4.415E-04	4.384E-04	-3.138E-06
9.444E-01	3.950E-04	3.950E-04	3.924E-04	-2.617E-06
9.464E-01	3.520E-04	3.520E-04	3.498E-04	-2.168E-06
9.484E-01	3.123E-04	3.123E-04	3.105E-04	-1.783E-06
9.504E-01	2.757E-04	2.757E-04	2.743E-04	-1.456E-06
9.524E-01	2.422E-04	2.422E-04	2.411E-04	-1.178E-06
9.544E-01	2.116E-04	2.116E-04	2.107E-04	-9.454E-07
9.564E-01	1.838E-04	1.838E-04	1.830E-04	-7.510E-07
9.583E-01	1.586E-04	1.586E-04	1.580E-04	-5.902E-07
9.603E-01	1.358E-04	1.358E-04	1.354E-04	-4.585E-07
9.623E-01	1.154E-04	1.154E-04	1.151E-04	-3.515E-07
9.643E-01	9.721E-05	9.721E-05	9.695E-05	-2.656E-07
9.663E-01	8.108E-05	8.108E-05	8.089E-05	-1.976E-07
9.683E-01	6.689E-05	6.689E-05	6.674E-05	-1.443E-07
9.702E-01	5.450E-05	5.450E-05	5.439E-05	-1.033E-07
9.722E-01	4.377E-05	4.377E-05	4.370E-05	-7.226E-08
9.742E-01	3.460E-05	3.460E-05	3.455E-05	-4.922E-08
9.762E-01	2.683E-05	2.683E-05	2.680E-05	-3.252E-08
9.782E-01	2.035E-05	2.035E-05	2.033E-05	-2.072E-08
9.802E-01	1.504E-05	1.504E-05	1.502E-05	-1.264E-08
9.821E-01	1.076E-05	1.076E-05	1.075E-05	-7.325E-09
9.841E-01	7.402E-06	7.402E-06	7.398E-06	-3.979E-09
9.861E-01	4.843E-06	4.843E-06	4.841E-06	-1.992E-09
9.881E-01	2.968E-06	2.968E-06	2.967E-06	-8.966E-10
9.901E-01	1.663E-06	1.663E-06	1.662E-06	-3.487E-10
9.921E-01	8.186E-07	8.186E-07	8.185E-07	-1.097E-10
9.940E-01	3.284E-07	3.284E-07	3.284E-07	-2.473E-11
9.960E-01	8.983E-08	8.983E-08	8.982E-08	-3.065E-12
9.980E-01	1.022E-08	1.022E-08	1.022E-08	-9.420E-14
1.000E+00	0.000E+00	0.000E+00	0.000E+00	0.000E+00
