Q0 = 1.087 GeV	 Q = 1.732 GeV
x	 x*(uv-dv)
1.000E-04	4.455E-04	4.899E-04	2.358E-04	-2.540E-04
1.009E-04	4.491E-04	4.937E-04	2.385E-04	-2.552E-04
1.019E-04	4.527E-04	4.975E-04	2.412E-04	-2.563E-04
1.028E-04	4.563E-04	5.014E-04	2.439E-04	-2.575E-04
1.038E-04	4.600E-04	5.053E-04	2.467E-04	-2.586E-04
1.047E-04	4.637E-04	5.093E-04	2.495E-04	-2.598E-04
1.057E-04	4.674E-04	5.132E-04	2.523E-04	-2.610E-04
1.067E-04	4.712E-04	5.172E-04	2.551E-04	-2.621E-04
1.076E-04	4.750E-04	5.213E-04	2.580E-04	-2.633E-04
1.086E-04	4.788E-04	5.253E-04	2.608E-04	-2.645E-04
1.096E-04	4.827E-04	5.294E-04	2.638E-04	-2.657E-04
1.107E-04	4.866E-04	5.336E-04	2.667E-04	-2.669E-04
1.117E-04	4.905E-04	5.377E-04	2.697E-04	-2.681E-04
1.127E-04	4.944E-04	5.419E-04	2.727E-04	-2.693E-04
1.138E-04	4.984E-04	5.462E-04	2.757E-04	-2.705E-04
1.148E-04	5.024E-04	5.504E-04	2.787E-04	-2.717E-04
1.159E-04	5.065E-04	5.547E-04	2.818E-04	-2.729E-04
1.169E-04	5.106E-04	5.590E-04	2.849E-04	-2.741E-04
1.180E-04	5.147E-04	5.634E-04	2.881E-04	-2.753E-04
1.191E-04	5.188E-04	5.678E-04	2.913E-04	-2.766E-04
1.202E-04	5.230E-04	5.722E-04	2.945E-04	-2.778E-04
1.213E-04	5.272E-04	5.767E-04	2.977E-04	-2.790E-04
1.225E-04	5.315E-04	5.812E-04	3.010E-04	-2.803E-04
1.236E-04	5.358E-04	5.858E-04	3.043E-04	-2.815E-04
1.247E-04	5.401E-04	5.903E-04	3.076E-04	-2.827E-04
1.259E-04	5.444E-04	5.949E-04	3.109E-04	-2.840E-04
1.271E-04	5.488E-04	5.996E-04	3.143E-04	-2.853E-04
1.282E-04	5.532E-04	6.043E-04	3.178E-04	-2.865E-04
1.294E-04	5.577E-04	6.090E-04	3.212E-04	-2.878E-04
1.306E-04	5.622E-04	6.138E-04	3.247E-04	-2.891E-04
1.318E-04	5.667E-04	6.186E-04	3.282E-04	-2.903E-04
1.330E-04	5.713E-04	6.234E-04	3.318E-04	-2.916E-04
1.343E-04	5.759E-04	6.283E-04	3.354E-04	-2.929E-04
1.355E-04	5.806E-04	6.332E-04	3.390E-04	-2.942E-04
1.368E-04	5.853E-04	6.381E-04	3.427E-04	-2.955E-04
1.380E-04	5.900E-04	6.431E-04	3.464E-04	-2.968E-04
1.393E-04	5.947E-04	6.482E-04	3.501E-04	-2.981E-04
1.406E-04	5.995E-04	6.532E-04	3.538E-04	-2.994E-04
1.419E-04	6.044E-04	6.583E-04	3.576E-04	-3.007E-04
1.432E-04	6.093E-04	6.635E-04	3.615E-04	-3.020E-04
1.445E-04	6.142E-04	6.687E-04	3.653E-04	-3.033E-04
1.459E-04	6.191E-04	6.739E-04	3.692E-04	-3.047E-04
1.472E-04	6.241E-04	6.792E-04	3.732E-04	-3.060E-04
1.486E-04	6.292E-04	6.845E-04	3.772E-04	-3.073E-04
1.500E-04	6.343E-04	6.899E-04	3.812E-04	-3.087E-04
1.514E-04	6.394E-04	6.953E-04	3.852E-04	-3.100E-04
1.528E-04	6.445E-04	7.007E-04	3.893E-04	-3.114E-04
1.542E-04	6.498E-04	7.062E-04	3.935E-04	-3.127E-04
1.556E-04	6.550E-04	7.117E-04	3.976E-04	-3.141E-04
1.570E-04	6.603E-04	7.173E-04	4.019E-04	-3.155E-04
1.585E-04	6.656E-04	7.229E-04	4.061E-04	-3.168E-04
1.600E-04	6.710E-04	7.286E-04	4.104E-04	-3.182E-04
1.614E-04	6.764E-04	7.343E-04	4.147E-04	-3.196E-04
1.629E-04	6.819E-04	7.401E-04	4.191E-04	-3.210E-04
1.644E-04	6.874E-04	7.459E-04	4.235E-04	-3.224E-04
1.660E-04	6.930E-04	7.517E-04	4.280E-04	-3.237E-04
1.675E-04	6.986E-04	7.576E-04	4.325E-04	-3.251E-04
1.690E-04	7.042E-04	7.635E-04	4.370E-04	-3.265E-04
1.706E-04	7.099E-04	7.695E-04	4.416E-04	-3.280E-04
1.722E-04	7.157E-04	7.756E-04	4.462E-04	-3.294E-04
1.738E-04	7.214E-04	7.817E-04	4.509E-04	-3.308E-04
1.754E-04	7.273E-04	7.878E-04	4.556E-04	-3.322E-04
1.770E-04	7.332E-04	7.940E-04	4.603E-04	-3.336E-04
1.786E-04	7.391E-04	8.002E-04	4.651E-04	-3.351E-04
1.803E-04	7.451E-04	8.065E-04	4.700E-04	-3.365E-04
1.820E-04	7.511E-04	8.128E-04	4.749E-04	-3.380E-04
1.837E-04	7.572E-04	8.192E-04	4.798E-04	-3.394E-04
1.854E-04	7.633E-04	8.256E-04	4.848E-04	-3.409E-04
1.871E-04	7.695E-04	8.321E-04	4.898E-04	-3.423E-04
1.888E-04	7.757E-04	8.386E-04	4.949E-04	-3.438E-04
1.905E-04	7.820E-04	8.452E-04	5.000E-04	-3.452E-04
1.923E-04	7.883E-04	8.519E-04	5.052E-04	-3.467E-04
1.941E-04	7.947E-04	8.586E-04	5.104E-04	-3.482E-04
1.959E-04	8.011E-04	8.653E-04	5.156E-04	-3.497E-04
1.977E-04	8.076E-04	8.721E-04	5.209E-04	-3.512E-04
1.995E-04	8.142E-04	8.790E-04	5.263E-04	-3.526E-04
2.014E-04	8.208E-04	8.859E-04	5.317E-04	-3.541E-04
2.032E-04	8.274E-04	8.928E-04	5.372E-04	-3.556E-04
2.051E-04	8.341E-04	8.998E-04	5.427E-04	-3.571E-04
2.070E-04	8.409E-04	9.069E-04	5.483E-04	-3.587E-04
2.089E-04	8.477E-04	9.141E-04	5.539E-04	-3.602E-04
2.109E-04	8.546E-04	9.212E-04	5.595E-04	-3.617E-04
2.128E-04	8.615E-04	9.285E-04	5.653E-04	-3.632E-04
2.148E-04	8.685E-04	9.358E-04	5.710E-04	-3.648E-04
2.168E-04	8.755E-04	9.432E-04	5.769E-04	-3.663E-04
2.188E-04	8.826E-04	9.506E-04	5.827E-04	-3.678E-04
2.208E-04	8.898E-04	9.581E-04	5.887E-04	-3.694E-04
2.228E-04	8.970E-04	9.656E-04	5.947E-04	-3.709E-04
2.249E-04	9.043E-04	9.732E-04	6.007E-04	-3.725E-04
2.270E-04	9.116E-04	9.809E-04	6.068E-04	-3.740E-04
2.291E-04	9.190E-04	9.886E-04	6.130E-04	-3.756E-04
2.312E-04	9.264E-04	9.964E-04	6.192E-04	-3.772E-04
2.333E-04	9.340E-04	1.004E-03	6.255E-04	-3.788E-04
2.355E-04	9.415E-04	1.012E-03	6.318E-04	-3.803E-04
2.377E-04	9.492E-04	1.020E-03	6.382E-04	-3.819E-04
2.399E-04	9.569E-04	1.028E-03	6.446E-04	-3.835E-04
2.421E-04	9.646E-04	1.036E-03	6.511E-04	-3.851E-04
2.443E-04	9.725E-04	1.044E-03	6.577E-04	-3.867E-04
2.466E-04	9.804E-04	1.053E-03	6.643E-04	-3.883E-04
2.489E-04	9.883E-04	1.061E-03	6.710E-04	-3.899E-04
2.512E-04	9.963E-04	1.069E-03	6.778E-04	-3.915E-04
2.535E-04	1.004E-03	1.078E-03	6.846E-04	-3.932E-04
2.559E-04	1.013E-03	1.086E-03	6.914E-04	-3.948E-04
2.582E-04	1.021E-03	1.095E-03	6.984E-04	-3.964E-04
2.606E-04	1.029E-03	1.103E-03	7.054E-04	-3.981E-04
2.630E-04	1.037E-03	1.112E-03	7.124E-04	-3.997E-04
2.655E-04	1.046E-03	1.121E-03	7.196E-04	-4.013E-04
2.679E-04	1.054E-03	1.130E-03	7.268E-04	-4.030E-04
2.704E-04	1.063E-03	1.139E-03	7.340E-04	-4.047E-04
2.729E-04	1.072E-03	1.148E-03	7.413E-04	-4.063E-04
2.754E-04	1.080E-03	1.157E-03	7.487E-04	-4.080E-04
2.780E-04	1.089E-03	1.166E-03	7.562E-04	-4.097E-04
2.805E-04	1.098E-03	1.175E-03	7.637E-04	-4.113E-04
2.831E-04	1.107E-03	1.184E-03	7.713E-04	-4.130E-04
2.858E-04	1.116E-03	1.194E-03	7.790E-04	-4.147E-04
2.884E-04	1.125E-03	1.203E-03	7.867E-04	-4.164E-04
2.911E-04	1.134E-03	1.213E-03	7.946E-04	-4.181E-04
2.938E-04	1.143E-03	1.222E-03	8.024E-04	-4.198E-04
2.965E-04	1.153E-03	1.232E-03	8.104E-04	-4.215E-04
2.992E-04	1.162E-03	1.242E-03	8.184E-04	-4.232E-04
3.020E-04	1.171E-03	1.251E-03	8.265E-04	-4.249E-04
3.048E-04	1.181E-03	1.261E-03	8.347E-04	-4.266E-04
3.076E-04	1.191E-03	1.271E-03	8.429E-04	-4.284E-04
3.105E-04	1.200E-03	1.281E-03	8.513E-04	-4.301E-04
3.133E-04	1.210E-03	1.291E-03	8.597E-04	-4.318E-04
3.162E-04	1.220E-03	1.302E-03	8.681E-04	-4.336E-04
3.192E-04	1.230E-03	1.312E-03	8.767E-04	-4.353E-04
3.221E-04	1.240E-03	1.322E-03	8.853E-04	-4.371E-04
3.251E-04	1.250E-03	1.333E-03	8.940E-04	-4.388E-04
3.281E-04	1.260E-03	1.343E-03	9.028E-04	-4.406E-04
3.311E-04	1.270E-03	1.354E-03	9.117E-04	-4.424E-04
3.342E-04	1.281E-03	1.365E-03	9.206E-04	-4.441E-04
3.373E-04	1.291E-03	1.376E-03	9.297E-04	-4.459E-04
3.404E-04	1.302E-03	1.386E-03	9.388E-04	-4.477E-04
3.436E-04	1.312E-03	1.397E-03	9.480E-04	-4.495E-04
3.467E-04	1.323E-03	1.409E-03	9.572E-04	-4.513E-04
3.499E-04	1.334E-03	1.420E-03	9.666E-04	-4.531E-04
3.532E-04	1.345E-03	1.431E-03	9.761E-04	-4.549E-04
3.565E-04	1.355E-03	1.442E-03	9.856E-04	-4.567E-04
3.597E-04	1.367E-03	1.454E-03	9.952E-04	-4.585E-04
3.631E-04	1.378E-03	1.465E-03	1.005E-03	-4.603E-04
3.664E-04	1.389E-03	1.477E-03	1.015E-03	-4.621E-04
3.698E-04	1.400E-03	1.489E-03	1.025E-03	-4.639E-04
3.733E-04	1.412E-03	1.500E-03	1.035E-03	-4.658E-04
3.767E-04	1.423E-03	1.512E-03	1.045E-03	-4.676E-04
3.802E-04	1.435E-03	1.524E-03	1.055E-03	-4.694E-04
3.837E-04	1.446E-03	1.536E-03	1.065E-03	-4.713E-04
3.873E-04	1.458E-03	1.549E-03	1.075E-03	-4.731E-04
3.908E-04	1.470E-03	1.561E-03	1.086E-03	-4.750E-04
3.945E-04	1.482E-03	1.573E-03	1.096E-03	-4.769E-04
3.981E-04	1.494E-03	1.586E-03	1.107E-03	-4.787E-04
4.018E-04	1.506E-03	1.598E-03	1.118E-03	-4.806E-04
4.055E-04	1.519E-03	1.611E-03	1.129E-03	-4.825E-04
4.093E-04	1.531E-03	1.624E-03	1.139E-03	-4.843E-04
4.130E-04	1.544E-03	1.637E-03	1.150E-03	-4.862E-04
4.169E-04	1.556E-03	1.650E-03	1.162E-03	-4.881E-04
4.207E-04	1.569E-03	1.663E-03	1.173E-03	-4.900E-04
4.246E-04	1.582E-03	1.676E-03	1.184E-03	-4.919E-04
4.285E-04	1.595E-03	1.689E-03	1.196E-03	-4.938E-04
4.325E-04	1.608E-03	1.703E-03	1.207E-03	-4.957E-04
4.365E-04	1.621E-03	1.716E-03	1.219E-03	-4.976E-04
4.406E-04	1.634E-03	1.730E-03	1.230E-03	-4.995E-04
4.446E-04	1.647E-03	1.744E-03	1.242E-03	-5.015E-04
4.487E-04	1.661E-03	1.758E-03	1.254E-03	-5.034E-04
4.529E-04	1.674E-03	1.772E-03	1.266E-03	-5.053E-04
4.571E-04	1.688E-03	1.786E-03	1.278E-03	-5.073E-04
4.613E-04	1.702E-03	1.800E-03	1.291E-03	-5.092E-04
4.656E-04	1.716E-03	1.814E-03	1.303E-03	-5.112E-04
4.699E-04	1.730E-03	1.829E-03	1.316E-03	-5.131E-04
4.742E-04	1.744E-03	1.843E-03	1.328E-03	-5.151E-04
4.786E-04	1.758E-03	1.858E-03	1.341E-03	-5.170E-04
4.831E-04	1.773E-03	1.873E-03	1.354E-03	-5.190E-04
4.875E-04	1.787E-03	1.888E-03	1.367E-03	-5.209E-04
4.920E-04	1.802E-03	1.903E-03	1.380E-03	-5.229E-04
4.966E-04	1.816E-03	1.918E-03	1.393E-03	-5.249E-04
5.012E-04	1.831E-03	1.933E-03	1.406E-03	-5.269E-04
5.058E-04	1.846E-03	1.948E-03	1.420E-03	-5.289E-04
5.105E-04	1.861E-03	1.964E-03	1.433E-03	-5.309E-04
5.152E-04	1.877E-03	1.980E-03	1.447E-03	-5.329E-04
5.200E-04	1.892E-03	1.995E-03	1.461E-03	-5.349E-04
5.248E-04	1.907E-03	2.011E-03	1.474E-03	-5.369E-04
5.297E-04	1.923E-03	2.027E-03	1.488E-03	-5.389E-04
5.346E-04	1.939E-03	2.044E-03	1.503E-03	-5.409E-04
5.395E-04	1.955E-03	2.060E-03	1.517E-03	-5.429E-04
5.445E-04	1.971E-03	2.076E-03	1.531E-03	-5.449E-04
5.495E-04	1.987E-03	2.093E-03	1.546E-03	-5.470E-04
5.546E-04	2.003E-03	2.110E-03	1.561E-03	-5.490E-04
5.598E-04	2.020E-03	2.126E-03	1.575E-03	-5.510E-04
5.649E-04	2.036E-03	2.143E-03	1.590E-03	-5.531E-04
5.702E-04	2.053E-03	2.160E-03	1.605E-03	-5.551E-04
5.754E-04	2.070E-03	2.178E-03	1.621E-03	-5.572E-04
5.808E-04	2.087E-03	2.195E-03	1.636E-03	-5.592E-04
5.861E-04	2.104E-03	2.213E-03	1.651E-03	-5.613E-04
5.916E-04	2.121E-03	2.230E-03	1.667E-03	-5.633E-04
5.970E-04	2.138E-03	2.248E-03	1.683E-03	-5.654E-04
6.026E-04	2.156E-03	2.266E-03	1.699E-03	-5.675E-04
6.081E-04	2.174E-03	2.284E-03	1.715E-03	-5.695E-04
6.138E-04	2.191E-03	2.303E-03	1.731E-03	-5.716E-04
6.194E-04	2.209E-03	2.321E-03	1.747E-03	-5.737E-04
6.252E-04	2.227E-03	2.340E-03	1.764E-03	-5.758E-04
6.310E-04	2.246E-03	2.358E-03	1.780E-03	-5.779E-04
6.368E-04	2.264E-03	2.377E-03	1.797E-03	-5.800E-04
6.427E-04	2.283E-03	2.396E-03	1.814E-03	-5.821E-04
6.486E-04	2.301E-03	2.415E-03	1.831E-03	-5.842E-04
6.546E-04	2.320E-03	2.435E-03	1.848E-03	-5.863E-04
6.607E-04	2.339E-03	2.454E-03	1.866E-03	-5.884E-04
6.668E-04	2.359E-03	2.474E-03	1.883E-03	-5.905E-04
6.730E-04	2.378E-03	2.494E-03	1.901E-03	-5.926E-04
6.792E-04	2.397E-03	2.514E-03	1.919E-03	-5.948E-04
6.855E-04	2.417E-03	2.534E-03	1.937E-03	-5.969E-04
6.918E-04	2.437E-03	2.554E-03	1.955E-03	-5.990E-04
6.982E-04	2.457E-03	2.575E-03	1.973E-03	-6.012E-04
7.047E-04	2.477E-03	2.595E-03	1.992E-03	-6.033E-04
7.112E-04	2.498E-03	2.616E-03	2.011E-03	-6.054E-04
7.178E-04	2.518E-03	2.637E-03	2.029E-03	-6.076E-04
7.244E-04	2.539E-03	2.658E-03	2.048E-03	-6.097E-04
7.311E-04	2.560E-03	2.679E-03	2.068E-03	-6.119E-04
7.379E-04	2.581E-03	2.701E-03	2.087E-03	-6.140E-04
7.447E-04	2.602E-03	2.723E-03	2.106E-03	-6.162E-04
7.516E-04	2.623E-03	2.744E-03	2.126E-03	-6.184E-04
7.586E-04	2.645E-03	2.766E-03	2.146E-03	-6.205E-04
7.656E-04	2.667E-03	2.789E-03	2.166E-03	-6.227E-04
7.727E-04	2.689E-03	2.811E-03	2.186E-03	-6.249E-04
7.798E-04	2.711E-03	2.834E-03	2.207E-03	-6.271E-04
7.870E-04	2.733E-03	2.856E-03	2.227E-03	-6.292E-04
7.943E-04	2.755E-03	2.879E-03	2.248E-03	-6.314E-04
8.017E-04	2.778E-03	2.902E-03	2.269E-03	-6.336E-04
8.091E-04	2.801E-03	2.926E-03	2.290E-03	-6.358E-04
8.166E-04	2.824E-03	2.949E-03	2.311E-03	-6.380E-04
8.241E-04	2.847E-03	2.973E-03	2.333E-03	-6.402E-04
8.318E-04	2.871E-03	2.997E-03	2.355E-03	-6.424E-04
8.395E-04	2.894E-03	3.021E-03	2.376E-03	-6.446E-04
8.472E-04	2.918E-03	3.045E-03	2.399E-03	-6.468E-04
8.551E-04	2.942E-03	3.070E-03	2.421E-03	-6.490E-04
8.630E-04	2.966E-03	3.095E-03	2.443E-03	-6.512E-04
8.710E-04	2.991E-03	3.119E-03	2.466E-03	-6.535E-04
8.790E-04	3.016E-03	3.145E-03	2.489E-03	-6.557E-04
8.872E-04	3.040E-03	3.170E-03	2.512E-03	-6.579E-04
8.954E-04	3.065E-03	3.195E-03	2.535E-03	-6.601E-04
9.036E-04	3.091E-03	3.221E-03	2.559E-03	-6.624E-04
9.120E-04	3.116E-03	3.247E-03	2.582E-03	-6.646E-04
9.204E-04	3.142E-03	3.273E-03	2.606E-03	-6.668E-04
9.290E-04	3.168E-03	3.300E-03	2.631E-03	-6.691E-04
9.376E-04	3.194E-03	3.326E-03	2.655E-03	-6.713E-04
9.462E-04	3.220E-03	3.353E-03	2.679E-03	-6.736E-04
9.550E-04	3.247E-03	3.380E-03	2.704E-03	-6.758E-04
9.638E-04	3.274E-03	3.407E-03	2.729E-03	-6.781E-04
9.727E-04	3.301E-03	3.435E-03	2.754E-03	-6.803E-04
9.817E-04	3.328E-03	3.462E-03	2.780E-03	-6.826E-04
9.908E-04	3.355E-03	3.490E-03	2.806E-03	-6.848E-04
1.000E-03	3.383E-03	3.519E-03	2.831E-03	-6.871E-04
1.009E-03	3.411E-03	3.547E-03	2.858E-03	-6.893E-04
1.019E-03	3.439E-03	3.576E-03	2.884E-03	-6.916E-04
1.028E-03	3.467E-03	3.604E-03	2.911E-03	-6.939E-04
1.038E-03	3.496E-03	3.634E-03	2.937E-03	-6.961E-04
1.047E-03	3.525E-03	3.663E-03	2.964E-03	-6.984E-04
1.057E-03	3.554E-03	3.692E-03	2.992E-03	-7.007E-04
1.067E-03	3.583E-03	3.722E-03	3.019E-03	-7.030E-04
1.076E-03	3.613E-03	3.752E-03	3.047E-03	-7.052E-04
1.086E-03	3.643E-03	3.783E-03	3.075E-03	-7.075E-04
1.096E-03	3.673E-03	3.813E-03	3.104E-03	-7.098E-04
1.107E-03	3.703E-03	3.844E-03	3.132E-03	-7.121E-04
1.117E-03	3.734E-03	3.875E-03	3.161E-03	-7.144E-04
1.127E-03	3.765E-03	3.907E-03	3.190E-03	-7.167E-04
1.138E-03	3.796E-03	3.938E-03	3.219E-03	-7.189E-04
1.148E-03	3.827E-03	3.970E-03	3.249E-03	-7.212E-04
1.159E-03	3.859E-03	4.002E-03	3.279E-03	-7.235E-04
1.169E-03	3.891E-03	4.035E-03	3.309E-03	-7.258E-04
1.180E-03	3.923E-03	4.067E-03	3.339E-03	-7.281E-04
1.191E-03	3.956E-03	4.100E-03	3.370E-03	-7.304E-04
1.202E-03	3.988E-03	4.133E-03	3.401E-03	-7.327E-04
1.213E-03	4.021E-03	4.167E-03	3.432E-03	-7.350E-04
1.225E-03	4.055E-03	4.201E-03	3.463E-03	-7.373E-04
1.236E-03	4.088E-03	4.235E-03	3.495E-03	-7.396E-04
1.247E-03	4.122E-03	4.269E-03	3.527E-03	-7.419E-04
1.259E-03	4.156E-03	4.304E-03	3.559E-03	-7.442E-04
1.271E-03	4.191E-03	4.338E-03	3.592E-03	-7.466E-04
1.282E-03	4.225E-03	4.374E-03	3.625E-03	-7.489E-04
1.294E-03	4.260E-03	4.409E-03	3.658E-03	-7.512E-04
1.306E-03	4.296E-03	4.445E-03	3.691E-03	-7.535E-04
1.318E-03	4.331E-03	4.481E-03	3.725E-03	-7.558E-04
1.330E-03	4.367E-03	4.517E-03	3.759E-03	-7.581E-04
1.343E-03	4.403E-03	4.554E-03	3.794E-03	-7.604E-04
1.355E-03	4.440E-03	4.591E-03	3.828E-03	-7.627E-04
1.368E-03	4.477E-03	4.628E-03	3.863E-03	-7.651E-04
1.380E-03	4.514E-03	4.666E-03	3.898E-03	-7.674E-04
1.393E-03	4.551E-03	4.704E-03	3.934E-03	-7.697E-04
1.406E-03	4.589E-03	4.742E-03	3.970E-03	-7.720E-04
1.419E-03	4.627E-03	4.781E-03	4.006E-03	-7.743E-04
1.432E-03	4.665E-03	4.819E-03	4.043E-03	-7.766E-04
1.445E-03	4.704E-03	4.859E-03	4.080E-03	-7.790E-04
1.459E-03	4.743E-03	4.898E-03	4.117E-03	-7.813E-04
1.472E-03	4.783E-03	4.938E-03	4.154E-03	-7.836E-04
1.486E-03	4.822E-03	4.978E-03	4.192E-03	-7.859E-04
1.500E-03	4.862E-03	5.019E-03	4.230E-03	-7.882E-04
1.514E-03	4.903E-03	5.059E-03	4.269E-03	-7.906E-04
1.528E-03	4.943E-03	5.101E-03	4.308E-03	-7.929E-04
1.542E-03	4.984E-03	5.142E-03	4.347E-03	-7.952E-04
1.556E-03	5.026E-03	5.184E-03	4.387E-03	-7.975E-04
1.570E-03	5.068E-03	5.226E-03	4.426E-03	-7.998E-04
1.585E-03	5.110E-03	5.269E-03	4.467E-03	-8.022E-04
1.600E-03	5.152E-03	5.312E-03	4.507E-03	-8.045E-04
1.614E-03	5.195E-03	5.355E-03	4.548E-03	-8.068E-04
1.629E-03	5.238E-03	5.399E-03	4.590E-03	-8.091E-04
1.644E-03	5.282E-03	5.443E-03	4.631E-03	-8.114E-04
1.660E-03	5.326E-03	5.487E-03	4.673E-03	-8.138E-04
1.675E-03	5.370E-03	5.532E-03	4.716E-03	-8.161E-04
1.690E-03	5.415E-03	5.577E-03	4.759E-03	-8.184E-04
1.706E-03	5.460E-03	5.623E-03	4.802E-03	-8.207E-04
1.722E-03	5.505E-03	5.668E-03	4.845E-03	-8.230E-04
1.738E-03	5.551E-03	5.715E-03	4.889E-03	-8.253E-04
1.754E-03	5.597E-03	5.761E-03	4.934E-03	-8.277E-04
1.770E-03	5.644E-03	5.808E-03	4.978E-03	-8.300E-04
1.786E-03	5.691E-03	5.856E-03	5.024E-03	-8.323E-04
1.803E-03	5.738E-03	5.904E-03	5.069E-03	-8.346E-04
1.820E-03	5.786E-03	5.952E-03	5.115E-03	-8.369E-04
1.837E-03	5.834E-03	6.001E-03	5.161E-03	-8.392E-04
1.854E-03	5.883E-03	6.050E-03	5.208E-03	-8.415E-04
1.871E-03	5.932E-03	6.099E-03	5.255E-03	-8.438E-04
1.888E-03	5.981E-03	6.149E-03	5.303E-03	-8.461E-04
1.905E-03	6.031E-03	6.199E-03	5.351E-03	-8.484E-04
1.923E-03	6.081E-03	6.250E-03	5.399E-03	-8.507E-04
1.941E-03	6.132E-03	6.301E-03	5.448E-03	-8.530E-04
1.959E-03	6.183E-03	6.353E-03	5.498E-03	-8.553E-04
1.977E-03	6.235E-03	6.405E-03	5.547E-03	-8.576E-04
1.995E-03	6.287E-03	6.457E-03	5.597E-03	-8.599E-04
2.014E-03	6.339E-03	6.510E-03	5.648E-03	-8.622E-04
2.032E-03	6.392E-03	6.564E-03	5.699E-03	-8.645E-04
2.051E-03	6.446E-03	6.617E-03	5.751E-03	-8.668E-04
2.070E-03	6.499E-03	6.672E-03	5.803E-03	-8.690E-04
2.089E-03	6.554E-03	6.726E-03	5.855E-03	-8.713E-04
2.109E-03	6.608E-03	6.781E-03	5.908E-03	-8.736E-04
2.128E-03	6.664E-03	6.837E-03	5.961E-03	-8.759E-04
2.148E-03	6.719E-03	6.893E-03	6.015E-03	-8.781E-04
2.168E-03	6.775E-03	6.950E-03	6.069E-03	-8.804E-04
2.188E-03	6.832E-03	7.007E-03	6.124E-03	-8.827E-04
2.208E-03	6.889E-03	7.064E-03	6.179E-03	-8.849E-04
2.228E-03	6.947E-03	7.122E-03	6.235E-03	-8.872E-04
2.249E-03	7.005E-03	7.181E-03	6.291E-03	-8.894E-04
2.270E-03	7.063E-03	7.240E-03	6.348E-03	-8.917E-04
2.291E-03	7.122E-03	7.299E-03	6.405E-03	-8.939E-04
2.312E-03	7.182E-03	7.359E-03	6.463E-03	-8.962E-04
2.333E-03	7.242E-03	7.420E-03	6.521E-03	-8.984E-04
2.355E-03	7.303E-03	7.481E-03	6.580E-03	-9.007E-04
2.377E-03	7.364E-03	7.542E-03	6.639E-03	-9.029E-04
2.399E-03	7.425E-03	7.604E-03	6.699E-03	-9.051E-04
2.421E-03	7.488E-03	7.667E-03	6.760E-03	-9.074E-04
2.443E-03	7.550E-03	7.730E-03	6.821E-03	-9.096E-04
2.466E-03	7.614E-03	7.794E-03	6.882E-03	-9.118E-04
2.489E-03	7.677E-03	7.858E-03	6.944E-03	-9.140E-04
2.512E-03	7.742E-03	7.923E-03	7.006E-03	-9.162E-04
2.535E-03	7.807E-03	7.988E-03	7.069E-03	-9.185E-04
2.559E-03	7.872E-03	8.054E-03	7.133E-03	-9.207E-04
2.582E-03	7.938E-03	8.120E-03	7.197E-03	-9.229E-04
2.606E-03	8.004E-03	8.187E-03	7.262E-03	-9.250E-04
2.630E-03	8.072E-03	8.255E-03	7.327E-03	-9.272E-04
2.655E-03	8.139E-03	8.323E-03	7.393E-03	-9.294E-04
2.679E-03	8.208E-03	8.391E-03	7.460E-03	-9.316E-04
2.704E-03	8.276E-03	8.461E-03	7.527E-03	-9.338E-04
2.729E-03	8.346E-03	8.530E-03	7.594E-03	-9.359E-04
2.754E-03	8.416E-03	8.601E-03	7.663E-03	-9.381E-04
2.780E-03	8.487E-03	8.672E-03	7.732E-03	-9.403E-04
2.805E-03	8.558E-03	8.743E-03	7.801E-03	-9.424E-04
2.831E-03	8.630E-03	8.816E-03	7.871E-03	-9.446E-04
2.858E-03	8.702E-03	8.889E-03	7.942E-03	-9.467E-04
2.884E-03	8.775E-03	8.962E-03	8.013E-03	-9.488E-04
2.911E-03	8.849E-03	9.036E-03	8.085E-03	-9.510E-04
2.938E-03	8.923E-03	9.111E-03	8.158E-03	-9.531E-04
2.965E-03	8.998E-03	9.186E-03	8.231E-03	-9.552E-04
2.992E-03	9.074E-03	9.262E-03	8.305E-03	-9.573E-04
3.020E-03	9.150E-03	9.339E-03	8.379E-03	-9.594E-04
3.048E-03	9.227E-03	9.416E-03	8.455E-03	-9.615E-04
3.076E-03	9.305E-03	9.494E-03	8.531E-03	-9.636E-04
3.105E-03	9.383E-03	9.573E-03	8.607E-03	-9.657E-04
3.133E-03	9.462E-03	9.652E-03	8.684E-03	-9.678E-04
3.162E-03	9.542E-03	9.732E-03	8.762E-03	-9.699E-04
3.192E-03	9.622E-03	9.813E-03	8.841E-03	-9.719E-04
3.221E-03	9.703E-03	9.894E-03	8.920E-03	-9.740E-04
3.251E-03	9.785E-03	9.976E-03	9.000E-03	-9.760E-04
3.281E-03	9.867E-03	1.006E-02	9.081E-03	-9.781E-04
3.311E-03	9.950E-03	1.014E-02	9.162E-03	-9.801E-04
3.342E-03	1.003E-02	1.023E-02	9.244E-03	-9.821E-04
3.373E-03	1.012E-02	1.031E-02	9.327E-03	-9.842E-04
3.404E-03	1.020E-02	1.040E-02	9.411E-03	-9.862E-04
3.436E-03	1.029E-02	1.048E-02	9.495E-03	-9.882E-04
3.467E-03	1.038E-02	1.057E-02	9.580E-03	-9.902E-04
3.499E-03	1.046E-02	1.066E-02	9.666E-03	-9.922E-04
3.532E-03	1.055E-02	1.075E-02	9.753E-03	-9.941E-04
3.565E-03	1.064E-02	1.084E-02	9.840E-03	-9.961E-04
3.597E-03	1.073E-02	1.093E-02	9.928E-03	-9.981E-04
3.631E-03	1.082E-02	1.102E-02	1.002E-02	-1.000E-03
3.664E-03	1.091E-02	1.111E-02	1.011E-02	-1.002E-03
3.698E-03	1.101E-02	1.120E-02	1.020E-02	-1.004E-03
3.733E-03	1.110E-02	1.129E-02	1.029E-02	-1.006E-03
3.767E-03	1.119E-02	1.139E-02	1.038E-02	-1.008E-03
3.802E-03	1.129E-02	1.148E-02	1.047E-02	-1.010E-03
3.837E-03	1.138E-02	1.158E-02	1.057E-02	-1.012E-03
3.873E-03	1.148E-02	1.168E-02	1.066E-02	-1.013E-03
3.908E-03	1.158E-02	1.177E-02	1.076E-02	-1.015E-03
3.945E-03	1.167E-02	1.187E-02	1.085E-02	-1.017E-03
3.981E-03	1.177E-02	1.197E-02	1.095E-02	-1.019E-03
4.018E-03	1.187E-02	1.207E-02	1.105E-02	-1.021E-03
4.055E-03	1.197E-02	1.217E-02	1.115E-02	-1.023E-03
4.093E-03	1.207E-02	1.227E-02	1.125E-02	-1.025E-03
4.130E-03	1.218E-02	1.237E-02	1.135E-02	-1.026E-03
4.169E-03	1.228E-02	1.248E-02	1.145E-02	-1.028E-03
4.207E-03	1.238E-02	1.258E-02	1.155E-02	-1.030E-03
4.246E-03	1.249E-02	1.269E-02	1.166E-02	-1.032E-03
4.285E-03	1.259E-02	1.279E-02	1.176E-02	-1.034E-03
4.325E-03	1.270E-02	1.290E-02	1.186E-02	-1.035E-03
4.365E-03	1.281E-02	1.301E-02	1.197E-02	-1.037E-03
4.406E-03	1.292E-02	1.312E-02	1.208E-02	-1.039E-03
4.446E-03	1.303E-02	1.323E-02	1.219E-02	-1.041E-03
4.487E-03	1.314E-02	1.334E-02	1.230E-02	-1.042E-03
4.529E-03	1.325E-02	1.345E-02	1.241E-02	-1.044E-03
4.571E-03	1.336E-02	1.356E-02	1.252E-02	-1.046E-03
4.613E-03	1.347E-02	1.368E-02	1.263E-02	-1.048E-03
4.656E-03	1.359E-02	1.379E-02	1.274E-02	-1.049E-03
4.699E-03	1.370E-02	1.391E-02	1.285E-02	-1.051E-03
4.742E-03	1.382E-02	1.402E-02	1.297E-02	-1.053E-03
4.786E-03	1.394E-02	1.414E-02	1.309E-02	-1.054E-03
4.831E-03	1.406E-02	1.426E-02	1.320E-02	-1.056E-03
4.875E-03	1.417E-02	1.438E-02	1.332E-02	-1.058E-03
4.920E-03	1.430E-02	1.450E-02	1.344E-02	-1.059E-03
4.966E-03	1.442E-02	1.462E-02	1.356E-02	-1.061E-03
5.012E-03	1.454E-02	1.474E-02	1.368E-02	-1.062E-03
5.058E-03	1.466E-02	1.487E-02	1.380E-02	-1.064E-03
5.105E-03	1.479E-02	1.499E-02	1.393E-02	-1.065E-03
5.152E-03	1.491E-02	1.512E-02	1.405E-02	-1.067E-03
5.200E-03	1.504E-02	1.525E-02	1.418E-02	-1.069E-03
5.248E-03	1.517E-02	1.537E-02	1.430E-02	-1.070E-03
5.297E-03	1.530E-02	1.550E-02	1.443E-02	-1.072E-03
5.346E-03	1.543E-02	1.563E-02	1.456E-02	-1.073E-03
5.395E-03	1.556E-02	1.576E-02	1.469E-02	-1.075E-03
5.445E-03	1.569E-02	1.590E-02	1.482E-02	-1.076E-03
5.495E-03	1.583E-02	1.603E-02	1.495E-02	-1.077E-03
5.546E-03	1.596E-02	1.617E-02	1.509E-02	-1.079E-03
5.598E-03	1.610E-02	1.630E-02	1.522E-02	-1.080E-03
5.649E-03	1.623E-02	1.644E-02	1.536E-02	-1.082E-03
5.702E-03	1.637E-02	1.658E-02	1.550E-02	-1.083E-03
5.754E-03	1.651E-02	1.672E-02	1.563E-02	-1.084E-03
5.808E-03	1.665E-02	1.686E-02	1.577E-02	-1.086E-03
5.861E-03	1.680E-02	1.700E-02	1.591E-02	-1.087E-03
5.916E-03	1.694E-02	1.715E-02	1.606E-02	-1.089E-03
5.970E-03	1.708E-02	1.729E-02	1.620E-02	-1.090E-03
6.026E-03	1.723E-02	1.744E-02	1.635E-02	-1.091E-03
6.081E-03	1.738E-02	1.758E-02	1.649E-02	-1.092E-03
6.138E-03	1.753E-02	1.773E-02	1.664E-02	-1.094E-03
6.194E-03	1.768E-02	1.788E-02	1.679E-02	-1.095E-03
6.252E-03	1.783E-02	1.803E-02	1.694E-02	-1.096E-03
6.310E-03	1.798E-02	1.819E-02	1.709E-02	-1.097E-03
6.368E-03	1.813E-02	1.834E-02	1.724E-02	-1.099E-03
6.427E-03	1.829E-02	1.850E-02	1.740E-02	-1.100E-03
6.486E-03	1.844E-02	1.865E-02	1.755E-02	-1.101E-03
6.546E-03	1.860E-02	1.881E-02	1.771E-02	-1.102E-03
6.607E-03	1.876E-02	1.897E-02	1.787E-02	-1.103E-03
6.668E-03	1.892E-02	1.913E-02	1.803E-02	-1.105E-03
6.730E-03	1.908E-02	1.929E-02	1.819E-02	-1.106E-03
6.792E-03	1.925E-02	1.946E-02	1.835E-02	-1.107E-03
6.855E-03	1.941E-02	1.962E-02	1.851E-02	-1.108E-03
6.918E-03	1.958E-02	1.979E-02	1.868E-02	-1.109E-03
6.982E-03	1.975E-02	1.996E-02	1.885E-02	-1.110E-03
7.047E-03	1.992E-02	2.012E-02	1.901E-02	-1.111E-03
7.112E-03	2.009E-02	2.030E-02	1.918E-02	-1.112E-03
7.178E-03	2.026E-02	2.047E-02	1.936E-02	-1.113E-03
7.244E-03	2.043E-02	2.064E-02	1.953E-02	-1.114E-03
7.311E-03	2.061E-02	2.082E-02	1.970E-02	-1.115E-03
7.379E-03	2.079E-02	2.099E-02	1.988E-02	-1.116E-03
7.447E-03	2.097E-02	2.117E-02	2.006E-02	-1.117E-03
7.516E-03	2.115E-02	2.135E-02	2.024E-02	-1.118E-03
7.586E-03	2.133E-02	2.154E-02	2.042E-02	-1.119E-03
7.656E-03	2.151E-02	2.172E-02	2.060E-02	-1.119E-03
7.727E-03	2.170E-02	2.190E-02	2.078E-02	-1.120E-03
7.798E-03	2.188E-02	2.209E-02	2.097E-02	-1.121E-03
7.870E-03	2.207E-02	2.228E-02	2.116E-02	-1.122E-03
7.943E-03	2.226E-02	2.247E-02	2.135E-02	-1.123E-03
8.017E-03	2.245E-02	2.266E-02	2.154E-02	-1.123E-03
8.091E-03	2.265E-02	2.285E-02	2.173E-02	-1.124E-03
8.166E-03	2.284E-02	2.305E-02	2.192E-02	-1.125E-03
8.241E-03	2.304E-02	2.325E-02	2.212E-02	-1.126E-03
8.318E-03	2.324E-02	2.344E-02	2.232E-02	-1.126E-03
8.395E-03	2.344E-02	2.364E-02	2.252E-02	-1.127E-03
8.472E-03	2.364E-02	2.385E-02	2.272E-02	-1.128E-03
8.551E-03	2.384E-02	2.405E-02	2.292E-02	-1.128E-03
8.630E-03	2.405E-02	2.426E-02	2.313E-02	-1.129E-03
8.710E-03	2.426E-02	2.446E-02	2.333E-02	-1.130E-03
8.790E-03	2.447E-02	2.467E-02	2.354E-02	-1.130E-03
8.872E-03	2.468E-02	2.488E-02	2.375E-02	-1.131E-03
8.954E-03	2.489E-02	2.510E-02	2.397E-02	-1.131E-03
9.036E-03	2.511E-02	2.531E-02	2.418E-02	-1.132E-03
9.120E-03	2.532E-02	2.553E-02	2.440E-02	-1.132E-03
9.204E-03	2.554E-02	2.575E-02	2.462E-02	-1.133E-03
9.290E-03	2.576E-02	2.597E-02	2.484E-02	-1.133E-03
9.376E-03	2.599E-02	2.619E-02	2.506E-02	-1.134E-03
9.462E-03	2.621E-02	2.642E-02	2.528E-02	-1.134E-03
9.550E-03	2.644E-02	2.664E-02	2.551E-02	-1.134E-03
9.638E-03	2.667E-02	2.687E-02	2.574E-02	-1.135E-03
9.727E-03	2.690E-02	2.710E-02	2.597E-02	-1.135E-03
9.817E-03	2.713E-02	2.734E-02	2.620E-02	-1.135E-03
9.908E-03	2.737E-02	2.757E-02	2.644E-02	-1.136E-03
1.000E-02	2.760E-02	2.781E-02	2.667E-02	-1.136E-03
1.198E-02	3.273E-02	3.292E-02	3.179E-02	-1.137E-03
1.397E-02	3.783E-02	3.802E-02	3.689E-02	-1.130E-03
1.595E-02	4.291E-02	4.310E-02	4.198E-02	-1.119E-03
1.794E-02	4.799E-02	4.817E-02	4.707E-02	-1.104E-03
1.992E-02	5.306E-02	5.324E-02	5.215E-02	-1.088E-03
2.190E-02	5.813E-02	5.830E-02	5.723E-02	-1.070E-03
2.389E-02	6.320E-02	6.336E-02	6.231E-02	-1.051E-03
2.587E-02	6.826E-02	6.842E-02	6.738E-02	-1.032E-03
2.786E-02	7.333E-02	7.347E-02	7.246E-02	-1.012E-03
2.984E-02	7.839E-02	7.853E-02	7.754E-02	-9.921E-04
3.182E-02	8.345E-02	8.358E-02	8.261E-02	-9.723E-04
3.381E-02	8.851E-02	8.864E-02	8.769E-02	-9.527E-04
3.579E-02	9.357E-02	9.369E-02	9.276E-02	-9.334E-04
3.778E-02	9.862E-02	9.874E-02	9.783E-02	-9.144E-04
3.976E-02	1.037E-01	1.038E-01	1.029E-01	-8.956E-04
4.174E-02	1.087E-01	1.088E-01	1.080E-01	-8.773E-04
4.373E-02	1.138E-01	1.139E-01	1.130E-01	-8.593E-04
4.571E-02	1.188E-01	1.189E-01	1.181E-01	-8.417E-04
4.770E-02	1.238E-01	1.239E-01	1.231E-01	-8.246E-04
4.968E-02	1.289E-01	1.290E-01	1.281E-01	-8.078E-04
5.166E-02	1.339E-01	1.340E-01	1.332E-01	-7.914E-04
5.365E-02	1.389E-01	1.390E-01	1.382E-01	-7.755E-04
5.563E-02	1.439E-01	1.440E-01	1.432E-01	-7.599E-04
5.762E-02	1.489E-01	1.490E-01	1.482E-01	-7.447E-04
5.960E-02	1.539E-01	1.539E-01	1.532E-01	-7.300E-04
6.158E-02	1.588E-01	1.589E-01	1.582E-01	-7.156E-04
6.357E-02	1.638E-01	1.639E-01	1.632E-01	-7.015E-04
6.555E-02	1.687E-01	1.688E-01	1.681E-01	-6.879E-04
6.754E-02	1.737E-01	1.737E-01	1.730E-01	-6.745E-04
6.952E-02	1.786E-01	1.786E-01	1.780E-01	-6.616E-04
7.150E-02	1.835E-01	1.835E-01	1.829E-01	-6.489E-04
7.349E-02	1.883E-01	1.884E-01	1.878E-01	-6.366E-04
7.547E-02	1.932E-01	1.933E-01	1.926E-01	-6.246E-04
7.745E-02	1.980E-01	1.981E-01	1.975E-01	-6.129E-04
7.944E-02	2.029E-01	2.029E-01	2.023E-01	-6.015E-04
8.142E-02	2.077E-01	2.077E-01	2.071E-01	-5.904E-04
8.341E-02	2.125E-01	2.125E-01	2.119E-01	-5.795E-04
8.539E-02	2.172E-01	2.173E-01	2.167E-01	-5.690E-04
8.737E-02	2.220E-01	2.220E-01	2.214E-01	-5.587E-04
8.936E-02	2.267E-01	2.267E-01	2.262E-01	-5.486E-04
9.134E-02	2.314E-01	2.314E-01	2.309E-01	-5.388E-04
9.333E-02	2.360E-01	2.361E-01	2.355E-01	-5.293E-04
9.531E-02	2.407E-01	2.407E-01	2.402E-01	-5.199E-04
9.729E-02	2.453E-01	2.453E-01	2.448E-01	-5.108E-04
9.928E-02	2.499E-01	2.499E-01	2.494E-01	-5.019E-04
1.013E-01	2.544E-01	2.545E-01	2.540E-01	-4.933E-04
1.032E-01	2.590E-01	2.590E-01	2.585E-01	-4.848E-04
1.052E-01	2.635E-01	2.635E-01	2.630E-01	-4.765E-04
1.072E-01	2.679E-01	2.680E-01	2.675E-01	-4.684E-04
1.092E-01	2.724E-01	2.724E-01	2.719E-01	-4.605E-04
1.112E-01	2.768E-01	2.768E-01	2.764E-01	-4.528E-04
1.132E-01	2.812E-01	2.812E-01	2.808E-01	-4.453E-04
1.152E-01	2.855E-01	2.855E-01	2.851E-01	-4.379E-04
1.171E-01	2.898E-01	2.899E-01	2.894E-01	-4.307E-04
1.191E-01	2.941E-01	2.941E-01	2.937E-01	-4.236E-04
1.211E-01	2.984E-01	2.984E-01	2.980E-01	-4.168E-04
1.231E-01	3.026E-01	3.026E-01	3.022E-01	-4.100E-04
1.251E-01	3.068E-01	3.068E-01	3.064E-01	-4.034E-04
1.271E-01	3.109E-01	3.109E-01	3.105E-01	-3.970E-04
1.290E-01	3.150E-01	3.150E-01	3.146E-01	-3.906E-04
1.310E-01	3.191E-01	3.191E-01	3.187E-01	-3.845E-04
1.330E-01	3.231E-01	3.231E-01	3.227E-01	-3.784E-04
1.350E-01	3.271E-01	3.271E-01	3.267E-01	-3.725E-04
1.370E-01	3.310E-01	3.311E-01	3.307E-01	-3.667E-04
1.390E-01	3.350E-01	3.350E-01	3.346E-01	-3.610E-04
1.409E-01	3.388E-01	3.388E-01	3.385E-01	-3.554E-04
1.429E-01	3.427E-01	3.427E-01	3.423E-01	-3.500E-04
1.449E-01	3.465E-01	3.465E-01	3.461E-01	-3.446E-04
1.469E-01	3.502E-01	3.502E-01	3.499E-01	-3.394E-04
1.489E-01	3.539E-01	3.539E-01	3.536E-01	-3.342E-04
1.509E-01	3.576E-01	3.576E-01	3.573E-01	-3.292E-04
1.528E-01	3.612E-01	3.612E-01	3.609E-01	-3.242E-04
1.548E-01	3.648E-01	3.648E-01	3.645E-01	-3.194E-04
1.568E-01	3.684E-01	3.684E-01	3.680E-01	-3.146E-04
1.588E-01	3.719E-01	3.719E-01	3.716E-01	-3.100E-04
1.608E-01	3.753E-01	3.753E-01	3.750E-01	-3.054E-04
1.628E-01	3.787E-01	3.787E-01	3.784E-01	-3.009E-04
1.647E-01	3.821E-01	3.821E-01	3.818E-01	-2.965E-04
1.667E-01	3.854E-01	3.854E-01	3.851E-01	-2.921E-04
1.687E-01	3.887E-01	3.887E-01	3.884E-01	-2.879E-04
1.707E-01	3.919E-01	3.919E-01	3.916E-01	-2.837E-04
1.727E-01	3.951E-01	3.951E-01	3.948E-01	-2.796E-04
1.747E-01	3.982E-01	3.983E-01	3.980E-01	-2.756E-04
1.767E-01	4.013E-01	4.013E-01	4.011E-01	-2.716E-04
1.786E-01	4.044E-01	4.044E-01	4.041E-01	-2.677E-04
1.806E-01	4.074E-01	4.074E-01	4.071E-01	-2.639E-04
1.826E-01	4.103E-01	4.104E-01	4.101E-01	-2.601E-04
1.846E-01	4.133E-01	4.133E-01	4.130E-01	-2.564E-04
1.866E-01	4.161E-01	4.161E-01	4.159E-01	-2.528E-04
1.886E-01	4.189E-01	4.189E-01	4.187E-01	-2.492E-04
1.905E-01	4.217E-01	4.217E-01	4.214E-01	-2.457E-04
1.925E-01	4.244E-01	4.244E-01	4.242E-01	-2.422E-04
1.945E-01	4.271E-01	4.271E-01	4.268E-01	-2.388E-04
1.965E-01	4.297E-01	4.297E-01	4.295E-01	-2.355E-04
1.985E-01	4.323E-01	4.323E-01	4.320E-01	-2.322E-04
2.005E-01	4.348E-01	4.348E-01	4.346E-01	-2.290E-04
2.024E-01	4.372E-01	4.373E-01	4.370E-01	-2.258E-04
2.044E-01	4.397E-01	4.397E-01	4.395E-01	-2.226E-04
2.064E-01	4.420E-01	4.420E-01	4.418E-01	-2.195E-04
2.084E-01	4.444E-01	4.444E-01	4.442E-01	-2.165E-04
2.104E-01	4.466E-01	4.466E-01	4.464E-01	-2.135E-04
2.124E-01	4.489E-01	4.489E-01	4.487E-01	-2.106E-04
2.143E-01	4.510E-01	4.510E-01	4.508E-01	-2.077E-04
2.163E-01	4.532E-01	4.532E-01	4.530E-01	-2.048E-04
2.183E-01	4.552E-01	4.552E-01	4.550E-01	-2.020E-04
2.203E-01	4.573E-01	4.573E-01	4.571E-01	-1.992E-04
2.223E-01	4.592E-01	4.592E-01	4.591E-01	-1.965E-04
2.243E-01	4.612E-01	4.612E-01	4.610E-01	-1.938E-04
2.263E-01	4.630E-01	4.630E-01	4.629E-01	-1.911E-04
2.282E-01	4.649E-01	4.649E-01	4.647E-01	-1.885E-04
2.302E-01	4.666E-01	4.666E-01	4.665E-01	-1.859E-04
2.322E-01	4.684E-01	4.684E-01	4.682E-01	-1.834E-04
2.342E-01	4.700E-01	4.700E-01	4.699E-01	-1.809E-04
2.362E-01	4.717E-01	4.717E-01	4.715E-01	-1.784E-04
2.382E-01	4.732E-01	4.732E-01	4.731E-01	-1.760E-04
2.401E-01	4.748E-01	4.748E-01	4.746E-01	-1.736E-04
2.421E-01	4.762E-01	4.762E-01	4.761E-01	-1.712E-04
2.441E-01	4.777E-01	4.777E-01	4.775E-01	-1.689E-04
2.461E-01	4.790E-01	4.790E-01	4.789E-01	-1.666E-04
2.481E-01	4.804E-01	4.804E-01	4.802E-01	-1.643E-04
2.501E-01	4.816E-01	4.816E-01	4.815E-01	-1.621E-04
2.520E-01	4.829E-01	4.829E-01	4.827E-01	-1.599E-04
2.540E-01	4.840E-01	4.840E-01	4.839E-01	-1.577E-04
2.560E-01	4.852E-01	4.852E-01	4.850E-01	-1.556E-04
2.580E-01	4.862E-01	4.863E-01	4.861E-01	-1.534E-04
2.600E-01	4.873E-01	4.873E-01	4.871E-01	-1.514E-04
2.620E-01	4.883E-01	4.883E-01	4.881E-01	-1.493E-04
2.639E-01	4.892E-01	4.892E-01	4.890E-01	-1.473E-04
2.659E-01	4.901E-01	4.901E-01	4.899E-01	-1.452E-04
2.679E-01	4.909E-01	4.909E-01	4.908E-01	-1.433E-04
2.699E-01	4.917E-01	4.917E-01	4.915E-01	-1.413E-04
2.719E-01	4.924E-01	4.924E-01	4.923E-01	-1.394E-04
2.739E-01	4.931E-01	4.931E-01	4.930E-01	-1.375E-04
2.759E-01	4.937E-01	4.937E-01	4.936E-01	-1.356E-04
2.778E-01	4.943E-01	4.943E-01	4.942E-01	-1.337E-04
2.798E-01	4.949E-01	4.949E-01	4.947E-01	-1.319E-04
2.818E-01	4.954E-01	4.954E-01	4.952E-01	-1.301E-04
2.838E-01	4.958E-01	4.958E-01	4.957E-01	-1.283E-04
2.858E-01	4.962E-01	4.962E-01	4.961E-01	-1.265E-04
2.878E-01	4.965E-01	4.966E-01	4.964E-01	-1.248E-04
2.897E-01	4.969E-01	4.969E-01	4.967E-01	-1.231E-04
2.917E-01	4.971E-01	4.971E-01	4.970E-01	-1.214E-04
2.937E-01	4.973E-01	4.973E-01	4.972E-01	-1.197E-04
2.957E-01	4.975E-01	4.975E-01	4.974E-01	-1.180E-04
2.977E-01	4.976E-01	4.976E-01	4.975E-01	-1.164E-04
2.997E-01	4.977E-01	4.977E-01	4.976E-01	-1.148E-04
3.016E-01	4.977E-01	4.977E-01	4.976E-01	-1.132E-04
3.036E-01	4.977E-01	4.977E-01	4.976E-01	-1.116E-04
3.056E-01	4.976E-01	4.976E-01	4.975E-01	-1.101E-04
3.076E-01	4.975E-01	4.975E-01	4.974E-01	-1.085E-04
3.096E-01	4.974E-01	4.974E-01	4.973E-01	-1.070E-04
3.116E-01	4.972E-01	4.972E-01	4.971E-01	-1.055E-04
3.135E-01	4.969E-01	4.969E-01	4.968E-01	-1.040E-04
3.155E-01	4.967E-01	4.967E-01	4.965E-01	-1.026E-04
3.175E-01	4.963E-01	4.963E-01	4.962E-01	-1.011E-04
3.195E-01	4.960E-01	4.960E-01	4.959E-01	-9.970E-05
3.215E-01	4.955E-01	4.955E-01	4.954E-01	-9.830E-05
3.235E-01	4.951E-01	4.951E-01	4.950E-01	-9.690E-05
3.255E-01	4.946E-01	4.946E-01	4.945E-01	-9.553E-05
3.274E-01	4.941E-01	4.941E-01	4.940E-01	-9.417E-05
3.294E-01	4.935E-01	4.935E-01	4.934E-01	-9.283E-05
3.314E-01	4.929E-01	4.929E-01	4.928E-01	-9.151E-05
3.334E-01	4.922E-01	4.922E-01	4.921E-01	-9.020E-05
3.354E-01	4.915E-01	4.915E-01	4.914E-01	-8.891E-05
3.374E-01	4.907E-01	4.907E-01	4.907E-01	-8.763E-05
3.393E-01	4.900E-01	4.900E-01	4.899E-01	-8.637E-05
3.413E-01	4.891E-01	4.891E-01	4.891E-01	-8.512E-05
3.433E-01	4.883E-01	4.883E-01	4.882E-01	-8.389E-05
3.453E-01	4.874E-01	4.874E-01	4.873E-01	-8.268E-05
3.473E-01	4.864E-01	4.864E-01	4.864E-01	-8.148E-05
3.493E-01	4.855E-01	4.855E-01	4.854E-01	-8.029E-05
3.512E-01	4.845E-01	4.845E-01	4.844E-01	-7.912E-05
3.532E-01	4.834E-01	4.834E-01	4.833E-01	-7.796E-05
3.552E-01	4.823E-01	4.823E-01	4.822E-01	-7.682E-05
3.572E-01	4.812E-01	4.812E-01	4.811E-01	-7.569E-05
3.592E-01	4.800E-01	4.800E-01	4.800E-01	-7.457E-05
3.612E-01	4.788E-01	4.788E-01	4.788E-01	-7.347E-05
3.631E-01	4.776E-01	4.776E-01	4.775E-01	-7.238E-05
3.651E-01	4.763E-01	4.763E-01	4.763E-01	-7.131E-05
3.671E-01	4.750E-01	4.750E-01	4.750E-01	-7.024E-05
3.691E-01	4.737E-01	4.737E-01	4.736E-01	-6.920E-05
3.711E-01	4.723E-01	4.723E-01	4.723E-01	-6.816E-05
3.731E-01	4.709E-01	4.709E-01	4.709E-01	-6.714E-05
3.751E-01	4.695E-01	4.695E-01	4.694E-01	-6.613E-05
3.770E-01	4.680E-01	4.680E-01	4.680E-01	-6.513E-05
3.790E-01	4.665E-01	4.665E-01	4.665E-01	-6.414E-05
3.810E-01	4.650E-01	4.650E-01	4.649E-01	-6.317E-05
3.830E-01	4.634E-01	4.634E-01	4.634E-01	-6.220E-05
3.850E-01	4.618E-01	4.618E-01	4.618E-01	-6.125E-05
3.870E-01	4.602E-01	4.602E-01	4.602E-01	-6.032E-05
3.889E-01	4.586E-01	4.586E-01	4.585E-01	-5.939E-05
3.909E-01	4.569E-01	4.569E-01	4.568E-01	-5.848E-05
3.929E-01	4.552E-01	4.552E-01	4.551E-01	-5.757E-05
3.949E-01	4.534E-01	4.534E-01	4.534E-01	-5.668E-05
3.969E-01	4.517E-01	4.517E-01	4.516E-01	-5.580E-05
3.989E-01	4.499E-01	4.499E-01	4.498E-01	-5.493E-05
4.008E-01	4.480E-01	4.480E-01	4.480E-01	-5.407E-05
4.028E-01	4.462E-01	4.462E-01	4.461E-01	-5.322E-05
4.048E-01	4.443E-01	4.443E-01	4.443E-01	-5.238E-05
4.068E-01	4.424E-01	4.424E-01	4.424E-01	-5.156E-05
4.088E-01	4.405E-01	4.405E-01	4.404E-01	-5.074E-05
4.108E-01	4.385E-01	4.385E-01	4.385E-01	-4.993E-05
4.127E-01	4.365E-01	4.365E-01	4.365E-01	-4.914E-05
4.147E-01	4.345E-01	4.345E-01	4.345E-01	-4.835E-05
4.167E-01	4.325E-01	4.325E-01	4.325E-01	-4.758E-05
4.187E-01	4.304E-01	4.304E-01	4.304E-01	-4.681E-05
4.207E-01	4.284E-01	4.284E-01	4.283E-01	-4.605E-05
4.227E-01	4.263E-01	4.263E-01	4.262E-01	-4.531E-05
4.246E-01	4.241E-01	4.241E-01	4.241E-01	-4.457E-05
4.266E-01	4.220E-01	4.220E-01	4.220E-01	-4.384E-05
4.286E-01	4.198E-01	4.198E-01	4.198E-01	-4.313E-05
4.306E-01	4.177E-01	4.177E-01	4.176E-01	-4.242E-05
4.326E-01	4.154E-01	4.154E-01	4.154E-01	-4.172E-05
4.346E-01	4.132E-01	4.132E-01	4.132E-01	-4.103E-05
4.366E-01	4.110E-01	4.110E-01	4.109E-01	-4.035E-05
4.385E-01	4.087E-01	4.087E-01	4.087E-01	-3.968E-05
4.405E-01	4.064E-01	4.064E-01	4.064E-01	-3.901E-05
4.425E-01	4.041E-01	4.041E-01	4.041E-01	-3.836E-05
4.445E-01	4.018E-01	4.018E-01	4.018E-01	-3.772E-05
4.465E-01	3.995E-01	3.995E-01	3.994E-01	-3.708E-05
4.485E-01	3.971E-01	3.971E-01	3.971E-01	-3.645E-05
4.504E-01	3.947E-01	3.947E-01	3.947E-01	-3.583E-05
4.524E-01	3.923E-01	3.923E-01	3.923E-01	-3.522E-05
4.544E-01	3.899E-01	3.899E-01	3.899E-01	-3.462E-05
4.564E-01	3.875E-01	3.875E-01	3.875E-01	-3.402E-05
4.584E-01	3.851E-01	3.851E-01	3.851E-01	-3.343E-05
4.604E-01	3.826E-01	3.826E-01	3.826E-01	-3.285E-05
4.623E-01	3.802E-01	3.802E-01	3.801E-01	-3.228E-05
4.643E-01	3.777E-01	3.777E-01	3.777E-01	-3.172E-05
4.663E-01	3.752E-01	3.752E-01	3.752E-01	-3.117E-05
4.683E-01	3.727E-01	3.727E-01	3.727E-01	-3.062E-05
4.703E-01	3.702E-01	3.702E-01	3.702E-01	-3.008E-05
4.723E-01	3.677E-01	3.677E-01	3.676E-01	-2.954E-05
4.742E-01	3.651E-01	3.651E-01	3.651E-01	-2.902E-05
4.762E-01	3.626E-01	3.626E-01	3.626E-01	-2.850E-05
4.782E-01	3.600E-01	3.600E-01	3.600E-01	-2.799E-05
4.802E-01	3.575E-01	3.575E-01	3.574E-01	-2.749E-05
4.822E-01	3.549E-01	3.549E-01	3.549E-01	-2.699E-05
4.842E-01	3.523E-01	3.523E-01	3.523E-01	-2.650E-05
4.862E-01	3.497E-01	3.497E-01	3.497E-01	-2.602E-05
4.881E-01	3.471E-01	3.471E-01	3.471E-01	-2.555E-05
4.901E-01	3.445E-01	3.445E-01	3.445E-01	-2.508E-05
4.921E-01	3.419E-01	3.419E-01	3.418E-01	-2.462E-05
4.941E-01	3.392E-01	3.392E-01	3.392E-01	-2.416E-05
4.961E-01	3.366E-01	3.366E-01	3.366E-01	-2.371E-05
4.981E-01	3.340E-01	3.340E-01	3.339E-01	-2.327E-05
5.000E-01	3.313E-01	3.313E-01	3.313E-01	-2.284E-05
5.020E-01	3.287E-01	3.287E-01	3.286E-01	-2.241E-05
5.040E-01	3.260E-01	3.260E-01	3.260E-01	-2.199E-05
5.060E-01	3.233E-01	3.233E-01	3.233E-01	-2.157E-05
5.080E-01	3.207E-01	3.207E-01	3.206E-01	-2.116E-05
5.100E-01	3.180E-01	3.180E-01	3.180E-01	-2.076E-05
5.119E-01	3.153E-01	3.153E-01	3.153E-01	-2.036E-05
5.139E-01	3.126E-01	3.126E-01	3.126E-01	-1.997E-05
5.159E-01	3.100E-01	3.100E-01	3.099E-01	-1.958E-05
5.179E-01	3.073E-01	3.073E-01	3.073E-01	-1.920E-05
5.199E-01	3.046E-01	3.046E-01	3.046E-01	-1.883E-05
5.219E-01	3.019E-01	3.019E-01	3.019E-01	-1.846E-05
5.238E-01	2.992E-01	2.992E-01	2.992E-01	-1.810E-05
5.258E-01	2.965E-01	2.965E-01	2.965E-01	-1.774E-05
5.278E-01	2.938E-01	2.938E-01	2.938E-01	-1.739E-05
5.298E-01	2.911E-01	2.911E-01	2.911E-01	-1.704E-05
5.318E-01	2.884E-01	2.884E-01	2.884E-01	-1.670E-05
5.338E-01	2.858E-01	2.858E-01	2.857E-01	-1.637E-05
5.358E-01	2.831E-01	2.831E-01	2.830E-01	-1.604E-05
5.377E-01	2.804E-01	2.804E-01	2.804E-01	-1.571E-05
5.397E-01	2.777E-01	2.777E-01	2.777E-01	-1.539E-05
5.417E-01	2.750E-01	2.750E-01	2.750E-01	-1.508E-05
5.437E-01	2.723E-01	2.723E-01	2.723E-01	-1.477E-05
5.457E-01	2.696E-01	2.696E-01	2.696E-01	-1.447E-05
5.477E-01	2.670E-01	2.670E-01	2.669E-01	-1.417E-05
5.496E-01	2.643E-01	2.643E-01	2.643E-01	-1.387E-05
5.516E-01	2.616E-01	2.616E-01	2.616E-01	-1.358E-05
5.536E-01	2.589E-01	2.589E-01	2.589E-01	-1.330E-05
5.556E-01	2.563E-01	2.563E-01	2.563E-01	-1.302E-05
5.576E-01	2.536E-01	2.536E-01	2.536E-01	-1.274E-05
5.596E-01	2.510E-01	2.510E-01	2.510E-01	-1.247E-05
5.615E-01	2.483E-01	2.483E-01	2.483E-01	-1.221E-05
5.635E-01	2.457E-01	2.457E-01	2.457E-01	-1.194E-05
5.655E-01	2.430E-01	2.430E-01	2.430E-01	-1.169E-05
5.675E-01	2.404E-01	2.404E-01	2.404E-01	-1.143E-05
5.695E-01	2.378E-01	2.378E-01	2.378E-01	-1.119E-05
5.715E-01	2.352E-01	2.352E-01	2.352E-01	-1.094E-05
5.734E-01	2.326E-01	2.326E-01	2.325E-01	-1.070E-05
5.754E-01	2.300E-01	2.300E-01	2.299E-01	-1.047E-05
5.774E-01	2.274E-01	2.274E-01	2.273E-01	-1.023E-05
5.794E-01	2.248E-01	2.248E-01	2.248E-01	-1.001E-05
5.814E-01	2.222E-01	2.222E-01	2.222E-01	-9.783E-06
5.834E-01	2.196E-01	2.196E-01	2.196E-01	-9.563E-06
5.854E-01	2.171E-01	2.171E-01	2.170E-01	-9.347E-06
5.873E-01	2.145E-01	2.145E-01	2.145E-01	-9.135E-06
5.893E-01	2.120E-01	2.120E-01	2.119E-01	-8.927E-06
5.913E-01	2.094E-01	2.094E-01	2.094E-01	-8.723E-06
5.933E-01	2.069E-01	2.069E-01	2.069E-01	-8.522E-06
5.953E-01	2.044E-01	2.044E-01	2.044E-01	-8.325E-06
5.973E-01	2.019E-01	2.019E-01	2.019E-01	-8.132E-06
5.992E-01	1.994E-01	1.994E-01	1.994E-01	-7.942E-06
6.012E-01	1.969E-01	1.969E-01	1.969E-01	-7.755E-06
6.032E-01	1.944E-01	1.944E-01	1.944E-01	-7.572E-06
6.052E-01	1.920E-01	1.920E-01	1.920E-01	-7.393E-06
6.072E-01	1.895E-01	1.895E-01	1.895E-01	-7.217E-06
6.092E-01	1.871E-01	1.871E-01	1.871E-01	-7.044E-06
6.111E-01	1.846E-01	1.846E-01	1.846E-01	-6.875E-06
6.131E-01	1.822E-01	1.822E-01	1.822E-01	-6.708E-06
6.151E-01	1.798E-01	1.798E-01	1.798E-01	-6.545E-06
6.171E-01	1.774E-01	1.774E-01	1.774E-01	-6.386E-06
6.191E-01	1.751E-01	1.751E-01	1.751E-01	-6.229E-06
6.211E-01	1.727E-01	1.727E-01	1.727E-01	-6.075E-06
6.230E-01	1.703E-01	1.703E-01	1.703E-01	-5.924E-06
6.250E-01	1.680E-01	1.680E-01	1.680E-01	-5.776E-06
6.270E-01	1.657E-01	1.657E-01	1.657E-01	-5.632E-06
6.290E-01	1.634E-01	1.634E-01	1.634E-01	-5.490E-06
6.310E-01	1.611E-01	1.611E-01	1.611E-01	-5.351E-06
6.330E-01	1.588E-01	1.588E-01	1.588E-01	-5.214E-06
6.349E-01	1.565E-01	1.565E-01	1.565E-01	-5.081E-06
6.369E-01	1.543E-01	1.543E-01	1.543E-01	-4.950E-06
6.389E-01	1.520E-01	1.520E-01	1.520E-01	-4.822E-06
6.409E-01	1.498E-01	1.498E-01	1.498E-01	-4.696E-06
6.429E-01	1.476E-01	1.476E-01	1.476E-01	-4.573E-06
6.449E-01	1.454E-01	1.454E-01	1.454E-01	-4.453E-06
6.469E-01	1.432E-01	1.432E-01	1.432E-01	-4.335E-06
6.488E-01	1.411E-01	1.411E-01	1.411E-01	-4.220E-06
6.508E-01	1.389E-01	1.389E-01	1.389E-01	-4.107E-06
6.528E-01	1.368E-01	1.368E-01	1.368E-01	-3.996E-06
6.548E-01	1.347E-01	1.347E-01	1.347E-01	-3.888E-06
6.568E-01	1.326E-01	1.326E-01	1.326E-01	-3.782E-06
6.588E-01	1.305E-01	1.305E-01	1.305E-01	-3.679E-06
6.607E-01	1.284E-01	1.284E-01	1.284E-01	-3.578E-06
6.627E-01	1.264E-01	1.264E-01	1.264E-01	-3.479E-06
6.647E-01	1.243E-01	1.243E-01	1.243E-01	-3.382E-06
6.667E-01	1.223E-01	1.223E-01	1.223E-01	-3.287E-06
6.687E-01	1.203E-01	1.203E-01	1.203E-01	-3.195E-06
6.707E-01	1.183E-01	1.183E-01	1.183E-01	-3.104E-06
6.726E-01	1.164E-01	1.164E-01	1.163E-01	-3.016E-06
6.746E-01	1.144E-01	1.144E-01	1.144E-01	-2.929E-06
6.766E-01	1.125E-01	1.125E-01	1.125E-01	-2.845E-06
6.786E-01	1.106E-01	1.106E-01	1.105E-01	-2.762E-06
6.806E-01	1.087E-01	1.087E-01	1.086E-01	-2.681E-06
6.826E-01	1.068E-01	1.068E-01	1.068E-01	-2.603E-06
6.845E-01	1.049E-01	1.049E-01	1.049E-01	-2.526E-06
6.865E-01	1.031E-01	1.031E-01	1.031E-01	-2.451E-06
6.885E-01	1.012E-01	1.012E-01	1.012E-01	-2.377E-06
6.905E-01	9.942E-02	9.942E-02	9.941E-02	-2.306E-06
6.925E-01	9.762E-02	9.762E-02	9.762E-02	-2.236E-06
6.945E-01	9.584E-02	9.584E-02	9.584E-02	-2.168E-06
6.965E-01	9.409E-02	9.409E-02	9.408E-02	-2.101E-06
6.984E-01	9.235E-02	9.235E-02	9.234E-02	-2.036E-06
7.004E-01	9.062E-02	9.062E-02	9.062E-02	-1.973E-06
7.024E-01	8.892E-02	8.892E-02	8.892E-02	-1.911E-06
7.044E-01	8.723E-02	8.723E-02	8.723E-02	-1.851E-06
7.064E-01	8.556E-02	8.556E-02	8.556E-02	-1.793E-06
7.084E-01	8.391E-02	8.391E-02	8.391E-02	-1.735E-06
7.103E-01	8.228E-02	8.228E-02	8.228E-02	-1.680E-06
7.123E-01	8.067E-02	8.067E-02	8.066E-02	-1.625E-06
7.143E-01	7.907E-02	7.907E-02	7.907E-02	-1.573E-06
7.163E-01	7.749E-02	7.749E-02	7.749E-02	-1.521E-06
7.183E-01	7.593E-02	7.593E-02	7.593E-02	-1.471E-06
7.203E-01	7.439E-02	7.439E-02	7.439E-02	-1.422E-06
7.222E-01	7.287E-02	7.287E-02	7.287E-02	-1.374E-06
7.242E-01	7.136E-02	7.136E-02	7.136E-02	-1.328E-06
7.262E-01	6.988E-02	6.988E-02	6.987E-02	-1.283E-06
7.282E-01	6.841E-02	6.841E-02	6.841E-02	-1.239E-06
7.302E-01	6.696E-02	6.696E-02	6.696E-02	-1.197E-06
7.322E-01	6.553E-02	6.553E-02	6.553E-02	-1.155E-06
7.341E-01	6.411E-02	6.411E-02	6.411E-02	-1.115E-06
7.361E-01	6.272E-02	6.272E-02	6.272E-02	-1.076E-06
7.381E-01	6.134E-02	6.134E-02	6.134E-02	-1.038E-06
7.401E-01	5.998E-02	5.998E-02	5.998E-02	-1.001E-06
7.421E-01	5.864E-02	5.864E-02	5.864E-02	-9.649E-07
7.441E-01	5.732E-02	5.732E-02	5.732E-02	-9.300E-07
7.461E-01	5.601E-02	5.601E-02	5.601E-02	-8.961E-07
7.480E-01	5.473E-02	5.473E-02	5.473E-02	-8.632E-07
7.500E-01	5.346E-02	5.346E-02	5.346E-02	-8.312E-07
7.520E-01	5.221E-02	5.221E-02	5.221E-02	-8.002E-07
7.540E-01	5.098E-02	5.098E-02	5.098E-02	-7.701E-07
7.560E-01	4.976E-02	4.976E-02	4.976E-02	-7.410E-07
7.580E-01	4.857E-02	4.857E-02	4.856E-02	-7.127E-07
7.599E-01	4.739E-02	4.739E-02	4.739E-02	-6.853E-07
7.619E-01	4.623E-02	4.623E-02	4.622E-02	-6.587E-07
7.639E-01	4.508E-02	4.508E-02	4.508E-02	-6.330E-07
7.659E-01	4.396E-02	4.396E-02	4.396E-02	-6.080E-07
7.679E-01	4.285E-02	4.285E-02	4.285E-02	-5.839E-07
7.699E-01	4.176E-02	4.176E-02	4.176E-02	-5.605E-07
7.718E-01	4.068E-02	4.068E-02	4.068E-02	-5.378E-07
7.738E-01	3.963E-02	3.963E-02	3.963E-02	-5.159E-07
7.758E-01	3.859E-02	3.859E-02	3.859E-02	-4.947E-07
7.778E-01	3.757E-02	3.757E-02	3.757E-02	-4.742E-07
7.798E-01	3.656E-02	3.656E-02	3.656E-02	-4.544E-07
7.818E-01	3.558E-02	3.558E-02	3.558E-02	-4.353E-07
7.837E-01	3.461E-02	3.461E-02	3.461E-02	-4.168E-07
7.857E-01	3.365E-02	3.365E-02	3.365E-02	-3.989E-07
7.877E-01	3.272E-02	3.272E-02	3.272E-02	-3.816E-07
7.897E-01	3.180E-02	3.180E-02	3.180E-02	-3.650E-07
7.917E-01	3.090E-02	3.090E-02	3.089E-02	-3.489E-07
7.937E-01	3.001E-02	3.001E-02	3.001E-02	-3.334E-07
7.957E-01	2.914E-02	2.914E-02	2.914E-02	-3.184E-07
7.976E-01	2.828E-02	2.828E-02	2.828E-02	-3.040E-07
7.996E-01	2.745E-02	2.745E-02	2.745E-02	-2.901E-07
8.016E-01	2.662E-02	2.662E-02	2.662E-02	-2.767E-07
8.036E-01	2.582E-02	2.582E-02	2.582E-02	-2.638E-07
8.056E-01	2.503E-02	2.503E-02	2.503E-02	-2.514E-07
8.076E-01	2.425E-02	2.425E-02	2.425E-02	-2.395E-07
8.095E-01	2.350E-02	2.350E-02	2.350E-02	-2.280E-07
8.115E-01	2.275E-02	2.275E-02	2.275E-02	-2.169E-07
8.135E-01	2.203E-02	2.203E-02	2.203E-02	-2.063E-07
8.155E-01	2.131E-02	2.131E-02	2.131E-02	-1.961E-07
8.175E-01	2.062E-02	2.062E-02	2.062E-02	-1.863E-07
8.195E-01	1.993E-02	1.993E-02	1.993E-02	-1.769E-07
8.214E-01	1.927E-02	1.927E-02	1.927E-02	-1.679E-07
8.234E-01	1.861E-02	1.861E-02	1.861E-02	-1.592E-07
8.254E-01	1.798E-02	1.798E-02	1.798E-02	-1.509E-07
8.274E-01	1.735E-02	1.735E-02	1.735E-02	-1.430E-07
8.294E-01	1.674E-02	1.674E-02	1.674E-02	-1.353E-07
8.314E-01	1.615E-02	1.615E-02	1.615E-02	-1.281E-07
8.333E-01	1.557E-02	1.557E-02	1.557E-02	-1.211E-07
8.353E-01	1.500E-02	1.500E-02	1.500E-02	-1.144E-07
8.373E-01	1.445E-02	1.445E-02	1.445E-02	-1.080E-07
8.393E-01	1.391E-02	1.391E-02	1.391E-02	-1.019E-07
8.413E-01	1.338E-02	1.338E-02	1.338E-02	-9.612E-08
8.433E-01	1.287E-02	1.287E-02	1.287E-02	-9.057E-08
8.453E-01	1.237E-02	1.237E-02	1.237E-02	-8.528E-08
8.472E-01	1.188E-02	1.188E-02	1.188E-02	-8.024E-08
8.492E-01	1.141E-02	1.141E-02	1.141E-02	-7.543E-08
8.512E-01	1.095E-02	1.095E-02	1.095E-02	-7.086E-08
8.532E-01	1.050E-02	1.050E-02	1.050E-02	-6.650E-08
8.552E-01	1.006E-02	1.006E-02	1.006E-02	-6.237E-08
8.572E-01	9.637E-03	9.637E-03	9.637E-03	-5.844E-08
8.591E-01	9.225E-03	9.225E-03	9.225E-03	-5.470E-08
8.611E-01	8.825E-03	8.825E-03	8.825E-03	-5.116E-08
8.631E-01	8.437E-03	8.437E-03	8.437E-03	-4.781E-08
8.651E-01	8.060E-03	8.060E-03	8.060E-03	-4.463E-08
8.671E-01	7.695E-03	7.695E-03	7.695E-03	-4.162E-08
8.691E-01	7.341E-03	7.341E-03	7.341E-03	-3.877E-08
8.710E-01	6.998E-03	6.998E-03	6.998E-03	-3.608E-08
8.730E-01	6.666E-03	6.666E-03	6.666E-03	-3.354E-08
8.750E-01	6.345E-03	6.345E-03	6.345E-03	-3.114E-08
8.770E-01	6.034E-03	6.034E-03	6.034E-03	-2.888E-08
8.790E-01	5.734E-03	5.734E-03	5.734E-03	-2.675E-08
8.810E-01	5.444E-03	5.444E-03	5.444E-03	-2.475E-08
8.829E-01	5.163E-03	5.163E-03	5.163E-03	-2.287E-08
8.849E-01	4.893E-03	4.893E-03	4.893E-03	-2.110E-08
8.869E-01	4.633E-03	4.633E-03	4.633E-03	-1.944E-08
8.889E-01	4.382E-03	4.382E-03	4.382E-03	-1.789E-08
8.909E-01	4.140E-03	4.140E-03	4.140E-03	-1.644E-08
8.929E-01	3.908E-03	3.908E-03	3.908E-03	-1.508E-08
8.948E-01	3.684E-03	3.684E-03	3.684E-03	-1.381E-08
8.968E-01	3.469E-03	3.469E-03	3.469E-03	-1.263E-08
8.988E-01	3.263E-03	3.263E-03	3.263E-03	-1.153E-08
9.008E-01	3.066E-03	3.066E-03	3.066E-03	-1.051E-08
9.028E-01	2.876E-03	2.876E-03	2.876E-03	-9.557E-09
9.048E-01	2.695E-03	2.695E-03	2.695E-03	-8.676E-09
9.068E-01	2.522E-03	2.522E-03	2.522E-03	-7.860E-09
9.087E-01	2.356E-03	2.356E-03	2.356E-03	-7.106E-09
9.107E-01	2.198E-03	2.198E-03	2.198E-03	-6.410E-09
9.127E-01	2.047E-03	2.047E-03	2.047E-03	-5.769E-09
9.147E-01	1.904E-03	1.904E-03	1.904E-03	-5.180E-09
9.167E-01	1.767E-03	1.767E-03	1.767E-03	-4.639E-09
9.187E-01	1.637E-03	1.637E-03	1.637E-03	-4.144E-09
9.206E-01	1.514E-03	1.514E-03	1.514E-03	-3.691E-09
9.226E-01	1.398E-03	1.398E-03	1.398E-03	-3.279E-09
9.246E-01	1.287E-03	1.287E-03	1.287E-03	-2.903E-09
9.266E-01	1.183E-03	1.183E-03	1.183E-03	-2.563E-09
9.286E-01	1.085E-03	1.085E-03	1.085E-03	-2.254E-09
9.306E-01	9.919E-04	9.919E-04	9.919E-04	-1.976E-09
9.325E-01	9.049E-04	9.049E-04	9.049E-04	-1.725E-09
9.345E-01	8.231E-04	8.231E-04	8.231E-04	-1.501E-09
9.365E-01	7.466E-04	7.466E-04	7.466E-04	-1.299E-09
9.385E-01	6.751E-04	6.751E-04	6.751E-04	-1.120E-09
9.405E-01	6.084E-04	6.084E-04	6.084E-04	-9.610E-10
9.425E-01	5.463E-04	5.463E-04	5.463E-04	-8.202E-10
9.444E-01	4.888E-04	4.888E-04	4.888E-04	-6.961E-10
9.464E-01	4.355E-04	4.355E-04	4.355E-04	-5.873E-10
9.484E-01	3.863E-04	3.863E-04	3.863E-04	-4.924E-10
9.504E-01	3.411E-04	3.411E-04	3.411E-04	-4.099E-10
9.524E-01	2.996E-04	2.996E-04	2.996E-04	-3.388E-10
9.544E-01	2.617E-04	2.617E-04	2.617E-04	-2.777E-10
9.564E-01	2.273E-04	2.273E-04	2.273E-04	-2.256E-10
9.583E-01	1.960E-04	1.960E-04	1.960E-04	-1.816E-10
9.603E-01	1.679E-04	1.679E-04	1.679E-04	-1.446E-10
9.623E-01	1.426E-04	1.426E-04	1.426E-04	-1.138E-10
9.643E-01	1.201E-04	1.201E-04	1.201E-04	-8.836E-11
9.663E-01	1.002E-04	1.002E-04	1.002E-04	-6.766E-11
9.683E-01	8.261E-05	8.261E-05	8.261E-05	-5.097E-11
9.702E-01	6.729E-05	6.729E-05	6.729E-05	-3.770E-11
9.722E-01	5.404E-05	5.404E-05	5.404E-05	-2.730E-11
9.742E-01	4.270E-05	4.270E-05	4.270E-05	-1.931E-11
9.762E-01	3.311E-05	3.311E-05	3.311E-05	-1.328E-11
9.782E-01	2.511E-05	2.511E-05	2.511E-05	-8.838E-12
9.802E-01	1.854E-05	1.854E-05	1.854E-05	-5.657E-12
9.821E-01	1.327E-05	1.327E-05	1.327E-05	-3.454E-12
9.841E-01	9.122E-06	9.122E-06	9.122E-06	-1.988E-12
9.861E-01	5.967E-06	5.967E-06	5.967E-06	-1.063E-12
9.881E-01	3.655E-06	3.655E-06	3.655E-06	-5.153E-13
9.901E-01	2.047E-06	2.047E-06	2.047E-06	-2.187E-13
9.921E-01	1.007E-06	1.007E-06	1.007E-06	-7.651E-14
9.940E-01	4.040E-07	4.040E-07	4.040E-07	-1.954E-14
9.960E-01	1.105E-07	1.105E-07	1.105E-07	-2.921E-15
9.980E-01	1.256E-08	1.256E-08	1.256E-08	-1.875E-16
1.000E+00	0.000E+00	0.000E+00	0.000E+00	0.000E+00
