Q0 = 0.590 GeV	 Q = 1.732 GeV
x	 x*(uv-dv)
1.000E-04	1.453E-03	1.690E-03	-5.947E-04	-2.285E-03
1.009E-04	1.463E-03	1.701E-03	-5.894E-04	-2.291E-03
1.019E-04	1.473E-03	1.713E-03	-5.840E-04	-2.297E-03
1.028E-04	1.483E-03	1.724E-03	-5.785E-04	-2.302E-03
1.038E-04	1.493E-03	1.735E-03	-5.730E-04	-2.308E-03
1.047E-04	1.504E-03	1.747E-03	-5.674E-04	-2.314E-03
1.057E-04	1.514E-03	1.758E-03	-5.617E-04	-2.320E-03
1.067E-04	1.525E-03	1.770E-03	-5.560E-04	-2.326E-03
1.076E-04	1.535E-03	1.782E-03	-5.502E-04	-2.332E-03
1.086E-04	1.546E-03	1.793E-03	-5.443E-04	-2.338E-03
1.096E-04	1.557E-03	1.805E-03	-5.384E-04	-2.344E-03
1.107E-04	1.567E-03	1.817E-03	-5.324E-04	-2.349E-03
1.117E-04	1.578E-03	1.829E-03	-5.263E-04	-2.355E-03
1.127E-04	1.589E-03	1.841E-03	-5.201E-04	-2.361E-03
1.138E-04	1.600E-03	1.853E-03	-5.139E-04	-2.367E-03
1.148E-04	1.611E-03	1.865E-03	-5.076E-04	-2.373E-03
1.159E-04	1.622E-03	1.878E-03	-5.012E-04	-2.379E-03
1.169E-04	1.634E-03	1.890E-03	-4.948E-04	-2.385E-03
1.180E-04	1.645E-03	1.903E-03	-4.882E-04	-2.391E-03
1.191E-04	1.656E-03	1.915E-03	-4.816E-04	-2.397E-03
1.202E-04	1.668E-03	1.928E-03	-4.750E-04	-2.403E-03
1.213E-04	1.679E-03	1.941E-03	-4.682E-04	-2.409E-03
1.225E-04	1.691E-03	1.953E-03	-4.614E-04	-2.415E-03
1.236E-04	1.703E-03	1.966E-03	-4.545E-04	-2.421E-03
1.247E-04	1.714E-03	1.979E-03	-4.475E-04	-2.427E-03
1.259E-04	1.726E-03	1.992E-03	-4.404E-04	-2.433E-03
1.271E-04	1.738E-03	2.005E-03	-4.333E-04	-2.439E-03
1.282E-04	1.750E-03	2.019E-03	-4.261E-04	-2.445E-03
1.294E-04	1.762E-03	2.032E-03	-4.188E-04	-2.451E-03
1.306E-04	1.775E-03	2.045E-03	-4.114E-04	-2.457E-03
1.318E-04	1.787E-03	2.059E-03	-4.039E-04	-2.463E-03
1.330E-04	1.799E-03	2.072E-03	-3.964E-04	-2.469E-03
1.343E-04	1.812E-03	2.086E-03	-3.887E-04	-2.475E-03
1.355E-04	1.824E-03	2.100E-03	-3.810E-04	-2.481E-03
1.368E-04	1.837E-03	2.114E-03	-3.732E-04	-2.487E-03
1.380E-04	1.850E-03	2.128E-03	-3.653E-04	-2.493E-03
1.393E-04	1.862E-03	2.142E-03	-3.573E-04	-2.499E-03
1.406E-04	1.875E-03	2.156E-03	-3.493E-04	-2.505E-03
1.419E-04	1.888E-03	2.170E-03	-3.411E-04	-2.511E-03
1.432E-04	1.901E-03	2.184E-03	-3.329E-04	-2.517E-03
1.445E-04	1.914E-03	2.199E-03	-3.246E-04	-2.523E-03
1.459E-04	1.928E-03	2.213E-03	-3.161E-04	-2.530E-03
1.472E-04	1.941E-03	2.228E-03	-3.076E-04	-2.536E-03
1.486E-04	1.955E-03	2.243E-03	-2.990E-04	-2.542E-03
1.500E-04	1.968E-03	2.258E-03	-2.903E-04	-2.548E-03
1.514E-04	1.982E-03	2.272E-03	-2.816E-04	-2.554E-03
1.528E-04	1.995E-03	2.287E-03	-2.727E-04	-2.560E-03
1.542E-04	2.009E-03	2.303E-03	-2.637E-04	-2.566E-03
1.556E-04	2.023E-03	2.318E-03	-2.547E-04	-2.572E-03
1.570E-04	2.037E-03	2.333E-03	-2.455E-04	-2.579E-03
1.585E-04	2.051E-03	2.348E-03	-2.362E-04	-2.585E-03
1.600E-04	2.065E-03	2.364E-03	-2.269E-04	-2.591E-03
1.614E-04	2.080E-03	2.380E-03	-2.174E-04	-2.597E-03
1.629E-04	2.094E-03	2.395E-03	-2.079E-04	-2.603E-03
1.644E-04	2.109E-03	2.411E-03	-1.982E-04	-2.609E-03
1.660E-04	2.123E-03	2.427E-03	-1.885E-04	-2.615E-03
1.675E-04	2.138E-03	2.443E-03	-1.787E-04	-2.622E-03
1.690E-04	2.153E-03	2.459E-03	-1.687E-04	-2.628E-03
1.706E-04	2.168E-03	2.475E-03	-1.587E-04	-2.634E-03
1.722E-04	2.183E-03	2.492E-03	-1.485E-04	-2.640E-03
1.738E-04	2.198E-03	2.508E-03	-1.382E-04	-2.646E-03
1.754E-04	2.213E-03	2.525E-03	-1.279E-04	-2.653E-03
1.770E-04	2.228E-03	2.541E-03	-1.174E-04	-2.659E-03
1.786E-04	2.244E-03	2.558E-03	-1.068E-04	-2.665E-03
1.803E-04	2.259E-03	2.575E-03	-9.617E-05	-2.671E-03
1.820E-04	2.275E-03	2.592E-03	-8.538E-05	-2.677E-03
1.837E-04	2.291E-03	2.609E-03	-7.449E-05	-2.684E-03
1.854E-04	2.307E-03	2.626E-03	-6.349E-05	-2.690E-03
1.871E-04	2.323E-03	2.644E-03	-5.237E-05	-2.696E-03
1.888E-04	2.339E-03	2.661E-03	-4.115E-05	-2.702E-03
1.905E-04	2.355E-03	2.679E-03	-2.981E-05	-2.709E-03
1.923E-04	2.371E-03	2.697E-03	-1.836E-05	-2.715E-03
1.941E-04	2.388E-03	2.714E-03	-6.795E-06	-2.721E-03
1.959E-04	2.404E-03	2.732E-03	4.883E-06	-2.727E-03
1.977E-04	2.421E-03	2.750E-03	1.668E-05	-2.734E-03
1.995E-04	2.438E-03	2.768E-03	2.859E-05	-2.740E-03
2.014E-04	2.455E-03	2.787E-03	4.061E-05	-2.746E-03
2.032E-04	2.472E-03	2.805E-03	5.276E-05	-2.752E-03
2.051E-04	2.489E-03	2.824E-03	6.502E-05	-2.759E-03
2.070E-04	2.506E-03	2.842E-03	7.740E-05	-2.765E-03
2.089E-04	2.523E-03	2.861E-03	8.991E-05	-2.771E-03
2.109E-04	2.541E-03	2.880E-03	1.025E-04	-2.778E-03
2.128E-04	2.558E-03	2.899E-03	1.153E-04	-2.784E-03
2.148E-04	2.576E-03	2.918E-03	1.282E-04	-2.790E-03
2.168E-04	2.594E-03	2.937E-03	1.411E-04	-2.796E-03
2.188E-04	2.612E-03	2.957E-03	1.543E-04	-2.803E-03
2.208E-04	2.630E-03	2.976E-03	1.675E-04	-2.809E-03
2.228E-04	2.648E-03	2.996E-03	1.809E-04	-2.815E-03
2.249E-04	2.667E-03	3.016E-03	1.944E-04	-2.822E-03
2.270E-04	2.685E-03	3.036E-03	2.080E-04	-2.828E-03
2.291E-04	2.704E-03	3.056E-03	2.218E-04	-2.834E-03
2.312E-04	2.723E-03	3.076E-03	2.357E-04	-2.840E-03
2.333E-04	2.741E-03	3.096E-03	2.497E-04	-2.847E-03
2.355E-04	2.760E-03	3.117E-03	2.639E-04	-2.853E-03
2.377E-04	2.780E-03	3.137E-03	2.781E-04	-2.859E-03
2.399E-04	2.799E-03	3.158E-03	2.926E-04	-2.866E-03
2.421E-04	2.818E-03	3.179E-03	3.071E-04	-2.872E-03
2.443E-04	2.838E-03	3.200E-03	3.218E-04	-2.878E-03
2.466E-04	2.857E-03	3.221E-03	3.367E-04	-2.885E-03
2.489E-04	2.877E-03	3.243E-03	3.517E-04	-2.891E-03
2.512E-04	2.897E-03	3.264E-03	3.668E-04	-2.897E-03
2.535E-04	2.917E-03	3.286E-03	3.820E-04	-2.904E-03
2.559E-04	2.937E-03	3.307E-03	3.974E-04	-2.910E-03
2.582E-04	2.958E-03	3.329E-03	4.130E-04	-2.916E-03
2.606E-04	2.978E-03	3.351E-03	4.287E-04	-2.923E-03
2.630E-04	2.999E-03	3.373E-03	4.445E-04	-2.929E-03
2.655E-04	3.020E-03	3.396E-03	4.605E-04	-2.935E-03
2.679E-04	3.041E-03	3.418E-03	4.766E-04	-2.942E-03
2.704E-04	3.062E-03	3.441E-03	4.929E-04	-2.948E-03
2.729E-04	3.083E-03	3.463E-03	5.093E-04	-2.954E-03
2.754E-04	3.104E-03	3.486E-03	5.259E-04	-2.960E-03
2.780E-04	3.126E-03	3.509E-03	5.426E-04	-2.967E-03
2.805E-04	3.148E-03	3.533E-03	5.595E-04	-2.973E-03
2.831E-04	3.169E-03	3.556E-03	5.765E-04	-2.979E-03
2.858E-04	3.191E-03	3.580E-03	5.937E-04	-2.986E-03
2.884E-04	3.214E-03	3.603E-03	6.111E-04	-2.992E-03
2.911E-04	3.236E-03	3.627E-03	6.286E-04	-2.998E-03
2.938E-04	3.258E-03	3.651E-03	6.463E-04	-3.005E-03
2.965E-04	3.281E-03	3.675E-03	6.641E-04	-3.011E-03
2.992E-04	3.304E-03	3.699E-03	6.821E-04	-3.017E-03
3.020E-04	3.327E-03	3.724E-03	7.002E-04	-3.024E-03
3.048E-04	3.350E-03	3.749E-03	7.185E-04	-3.030E-03
3.076E-04	3.373E-03	3.773E-03	7.370E-04	-3.036E-03
3.105E-04	3.396E-03	3.798E-03	7.557E-04	-3.043E-03
3.133E-04	3.420E-03	3.824E-03	7.745E-04	-3.049E-03
3.162E-04	3.444E-03	3.849E-03	7.935E-04	-3.055E-03
3.192E-04	3.467E-03	3.874E-03	8.126E-04	-3.062E-03
3.221E-04	3.491E-03	3.900E-03	8.319E-04	-3.068E-03
3.251E-04	3.516E-03	3.926E-03	8.514E-04	-3.074E-03
3.281E-04	3.540E-03	3.952E-03	8.711E-04	-3.081E-03
3.311E-04	3.565E-03	3.978E-03	8.910E-04	-3.087E-03
3.342E-04	3.589E-03	4.004E-03	9.110E-04	-3.093E-03
3.373E-04	3.614E-03	4.031E-03	9.312E-04	-3.100E-03
3.404E-04	3.639E-03	4.057E-03	9.516E-04	-3.106E-03
3.436E-04	3.665E-03	4.084E-03	9.721E-04	-3.112E-03
3.467E-04	3.690E-03	4.111E-03	9.929E-04	-3.118E-03
3.499E-04	3.716E-03	4.139E-03	1.014E-03	-3.125E-03
3.532E-04	3.741E-03	4.166E-03	1.035E-03	-3.131E-03
3.565E-04	3.767E-03	4.193E-03	1.056E-03	-3.137E-03
3.597E-04	3.793E-03	4.221E-03	1.078E-03	-3.144E-03
3.631E-04	3.820E-03	4.249E-03	1.099E-03	-3.150E-03
3.664E-04	3.846E-03	4.277E-03	1.121E-03	-3.156E-03
3.698E-04	3.873E-03	4.306E-03	1.143E-03	-3.162E-03
3.733E-04	3.900E-03	4.334E-03	1.165E-03	-3.169E-03
3.767E-04	3.927E-03	4.363E-03	1.188E-03	-3.175E-03
3.802E-04	3.954E-03	4.392E-03	1.211E-03	-3.181E-03
3.837E-04	3.982E-03	4.421E-03	1.233E-03	-3.188E-03
3.873E-04	4.009E-03	4.450E-03	1.256E-03	-3.194E-03
3.908E-04	4.037E-03	4.480E-03	1.280E-03	-3.200E-03
3.945E-04	4.065E-03	4.509E-03	1.303E-03	-3.206E-03
3.981E-04	4.093E-03	4.539E-03	1.327E-03	-3.213E-03
4.018E-04	4.122E-03	4.569E-03	1.351E-03	-3.219E-03
4.055E-04	4.150E-03	4.600E-03	1.375E-03	-3.225E-03
4.093E-04	4.179E-03	4.630E-03	1.399E-03	-3.231E-03
4.130E-04	4.208E-03	4.661E-03	1.423E-03	-3.237E-03
4.169E-04	4.237E-03	4.692E-03	1.448E-03	-3.244E-03
4.207E-04	4.267E-03	4.723E-03	1.473E-03	-3.250E-03
4.246E-04	4.296E-03	4.754E-03	1.498E-03	-3.256E-03
4.285E-04	4.326E-03	4.786E-03	1.523E-03	-3.262E-03
4.325E-04	4.356E-03	4.817E-03	1.549E-03	-3.268E-03
4.365E-04	4.387E-03	4.849E-03	1.575E-03	-3.275E-03
4.406E-04	4.417E-03	4.881E-03	1.600E-03	-3.281E-03
4.446E-04	4.448E-03	4.914E-03	1.627E-03	-3.287E-03
4.487E-04	4.479E-03	4.946E-03	1.653E-03	-3.293E-03
4.529E-04	4.510E-03	4.979E-03	1.680E-03	-3.299E-03
4.571E-04	4.541E-03	5.012E-03	1.707E-03	-3.305E-03
4.613E-04	4.572E-03	5.045E-03	1.734E-03	-3.312E-03
4.656E-04	4.604E-03	5.079E-03	1.761E-03	-3.318E-03
4.699E-04	4.636E-03	5.112E-03	1.789E-03	-3.324E-03
4.742E-04	4.668E-03	5.146E-03	1.816E-03	-3.330E-03
4.786E-04	4.701E-03	5.181E-03	1.844E-03	-3.336E-03
4.831E-04	4.733E-03	5.215E-03	1.873E-03	-3.342E-03
4.875E-04	4.766E-03	5.249E-03	1.901E-03	-3.348E-03
4.920E-04	4.799E-03	5.284E-03	1.930E-03	-3.354E-03
4.966E-04	4.833E-03	5.319E-03	1.959E-03	-3.361E-03
5.012E-04	4.866E-03	5.355E-03	1.988E-03	-3.367E-03
5.058E-04	4.900E-03	5.390E-03	2.017E-03	-3.373E-03
5.105E-04	4.934E-03	5.426E-03	2.047E-03	-3.379E-03
5.152E-04	4.968E-03	5.462E-03	2.077E-03	-3.385E-03
5.200E-04	5.003E-03	5.498E-03	2.107E-03	-3.391E-03
5.248E-04	5.038E-03	5.535E-03	2.138E-03	-3.397E-03
5.297E-04	5.073E-03	5.571E-03	2.168E-03	-3.403E-03
5.346E-04	5.108E-03	5.608E-03	2.199E-03	-3.409E-03
5.395E-04	5.143E-03	5.646E-03	2.231E-03	-3.415E-03
5.445E-04	5.179E-03	5.683E-03	2.262E-03	-3.421E-03
5.495E-04	5.215E-03	5.721E-03	2.294E-03	-3.427E-03
5.546E-04	5.251E-03	5.759E-03	2.326E-03	-3.433E-03
5.598E-04	5.288E-03	5.797E-03	2.358E-03	-3.439E-03
5.649E-04	5.325E-03	5.836E-03	2.391E-03	-3.445E-03
5.702E-04	5.362E-03	5.874E-03	2.424E-03	-3.451E-03
5.754E-04	5.399E-03	5.913E-03	2.457E-03	-3.457E-03
5.808E-04	5.436E-03	5.953E-03	2.490E-03	-3.463E-03
5.861E-04	5.474E-03	5.992E-03	2.524E-03	-3.469E-03
5.916E-04	5.512E-03	6.032E-03	2.558E-03	-3.474E-03
5.970E-04	5.550E-03	6.072E-03	2.592E-03	-3.480E-03
6.026E-04	5.589E-03	6.112E-03	2.626E-03	-3.486E-03
6.081E-04	5.628E-03	6.153E-03	2.661E-03	-3.492E-03
6.138E-04	5.667E-03	6.194E-03	2.696E-03	-3.498E-03
6.194E-04	5.706E-03	6.235E-03	2.731E-03	-3.504E-03
6.252E-04	5.746E-03	6.276E-03	2.767E-03	-3.510E-03
6.310E-04	5.786E-03	6.318E-03	2.803E-03	-3.515E-03
6.368E-04	5.826E-03	6.360E-03	2.839E-03	-3.521E-03
6.427E-04	5.867E-03	6.402E-03	2.876E-03	-3.527E-03
6.486E-04	5.908E-03	6.445E-03	2.912E-03	-3.533E-03
6.546E-04	5.949E-03	6.488E-03	2.949E-03	-3.538E-03
6.607E-04	5.990E-03	6.531E-03	2.987E-03	-3.544E-03
6.668E-04	6.032E-03	6.574E-03	3.024E-03	-3.550E-03
6.730E-04	6.073E-03	6.618E-03	3.062E-03	-3.556E-03
6.792E-04	6.116E-03	6.662E-03	3.101E-03	-3.561E-03
6.855E-04	6.158E-03	6.706E-03	3.139E-03	-3.567E-03
6.918E-04	6.201E-03	6.751E-03	3.178E-03	-3.573E-03
6.982E-04	6.244E-03	6.796E-03	3.218E-03	-3.578E-03
7.047E-04	6.288E-03	6.841E-03	3.257E-03	-3.584E-03
7.112E-04	6.331E-03	6.887E-03	3.297E-03	-3.590E-03
7.178E-04	6.375E-03	6.932E-03	3.337E-03	-3.595E-03
7.244E-04	6.420E-03	6.979E-03	3.378E-03	-3.601E-03
7.311E-04	6.464E-03	7.025E-03	3.419E-03	-3.606E-03
7.379E-04	6.509E-03	7.072E-03	3.460E-03	-3.612E-03
7.447E-04	6.555E-03	7.119E-03	3.501E-03	-3.617E-03
7.516E-04	6.600E-03	7.166E-03	3.543E-03	-3.623E-03
7.586E-04	6.646E-03	7.214E-03	3.585E-03	-3.628E-03
7.656E-04	6.692E-03	7.262E-03	3.628E-03	-3.634E-03
7.727E-04	6.739E-03	7.310E-03	3.671E-03	-3.639E-03
7.798E-04	6.786E-03	7.359E-03	3.714E-03	-3.645E-03
7.870E-04	6.833E-03	7.408E-03	3.758E-03	-3.650E-03
7.943E-04	6.880E-03	7.457E-03	3.802E-03	-3.656E-03
8.017E-04	6.928E-03	7.507E-03	3.846E-03	-3.661E-03
8.091E-04	6.976E-03	7.557E-03	3.890E-03	-3.666E-03
8.166E-04	7.025E-03	7.607E-03	3.935E-03	-3.672E-03
8.241E-04	7.074E-03	7.658E-03	3.981E-03	-3.677E-03
8.318E-04	7.123E-03	7.709E-03	4.026E-03	-3.682E-03
8.395E-04	7.173E-03	7.760E-03	4.072E-03	-3.688E-03
8.472E-04	7.223E-03	7.812E-03	4.119E-03	-3.693E-03
8.551E-04	7.273E-03	7.864E-03	4.166E-03	-3.698E-03
8.630E-04	7.323E-03	7.916E-03	4.213E-03	-3.704E-03
8.710E-04	7.374E-03	7.969E-03	4.260E-03	-3.709E-03
8.790E-04	7.426E-03	8.022E-03	4.308E-03	-3.714E-03
8.872E-04	7.477E-03	8.076E-03	4.357E-03	-3.719E-03
8.954E-04	7.529E-03	8.130E-03	4.405E-03	-3.724E-03
9.036E-04	7.582E-03	8.184E-03	4.454E-03	-3.729E-03
9.120E-04	7.635E-03	8.238E-03	4.504E-03	-3.734E-03
9.204E-04	7.688E-03	8.293E-03	4.554E-03	-3.740E-03
9.290E-04	7.741E-03	8.349E-03	4.604E-03	-3.745E-03
9.376E-04	7.795E-03	8.404E-03	4.655E-03	-3.750E-03
9.462E-04	7.849E-03	8.460E-03	4.706E-03	-3.755E-03
9.550E-04	7.904E-03	8.517E-03	4.757E-03	-3.760E-03
9.638E-04	7.959E-03	8.573E-03	4.809E-03	-3.765E-03
9.727E-04	8.014E-03	8.631E-03	4.861E-03	-3.770E-03
9.817E-04	8.070E-03	8.688E-03	4.914E-03	-3.775E-03
9.908E-04	8.126E-03	8.746E-03	4.967E-03	-3.779E-03
1.000E-03	8.183E-03	8.805E-03	5.020E-03	-3.784E-03
1.009E-03	8.240E-03	8.863E-03	5.074E-03	-3.789E-03
1.019E-03	8.297E-03	8.922E-03	5.128E-03	-3.794E-03
1.028E-03	8.355E-03	8.982E-03	5.183E-03	-3.799E-03
1.038E-03	8.413E-03	9.042E-03	5.238E-03	-3.804E-03
1.047E-03	8.472E-03	9.102E-03	5.294E-03	-3.808E-03
1.057E-03	8.531E-03	9.163E-03	5.350E-03	-3.813E-03
1.067E-03	8.590E-03	9.224E-03	5.407E-03	-3.818E-03
1.076E-03	8.650E-03	9.286E-03	5.464E-03	-3.822E-03
1.086E-03	8.710E-03	9.348E-03	5.521E-03	-3.827E-03
1.096E-03	8.771E-03	9.410E-03	5.579E-03	-3.832E-03
1.107E-03	8.832E-03	9.473E-03	5.637E-03	-3.836E-03
1.117E-03	8.894E-03	9.536E-03	5.696E-03	-3.841E-03
1.127E-03	8.956E-03	9.600E-03	5.755E-03	-3.845E-03
1.138E-03	9.018E-03	9.664E-03	5.814E-03	-3.850E-03
1.148E-03	9.081E-03	9.729E-03	5.875E-03	-3.854E-03
1.159E-03	9.144E-03	9.794E-03	5.935E-03	-3.859E-03
1.169E-03	9.208E-03	9.859E-03	5.996E-03	-3.863E-03
1.180E-03	9.272E-03	9.925E-03	6.058E-03	-3.868E-03
1.191E-03	9.337E-03	9.992E-03	6.120E-03	-3.872E-03
1.202E-03	9.402E-03	1.006E-02	6.182E-03	-3.876E-03
1.213E-03	9.467E-03	1.013E-02	6.245E-03	-3.881E-03
1.225E-03	9.533E-03	1.019E-02	6.309E-03	-3.885E-03
1.236E-03	9.600E-03	1.026E-02	6.372E-03	-3.889E-03
1.247E-03	9.667E-03	1.033E-02	6.437E-03	-3.893E-03
1.259E-03	9.734E-03	1.040E-02	6.502E-03	-3.897E-03
1.271E-03	9.802E-03	1.047E-02	6.567E-03	-3.902E-03
1.282E-03	9.870E-03	1.054E-02	6.633E-03	-3.906E-03
1.294E-03	9.939E-03	1.061E-02	6.700E-03	-3.910E-03
1.306E-03	1.001E-02	1.068E-02	6.767E-03	-3.914E-03
1.318E-03	1.008E-02	1.075E-02	6.834E-03	-3.918E-03
1.330E-03	1.015E-02	1.082E-02	6.902E-03	-3.922E-03
1.343E-03	1.022E-02	1.090E-02	6.970E-03	-3.926E-03
1.355E-03	1.029E-02	1.097E-02	7.040E-03	-3.930E-03
1.368E-03	1.036E-02	1.104E-02	7.109E-03	-3.934E-03
1.380E-03	1.043E-02	1.112E-02	7.179E-03	-3.937E-03
1.393E-03	1.051E-02	1.119E-02	7.250E-03	-3.941E-03
1.406E-03	1.058E-02	1.127E-02	7.321E-03	-3.945E-03
1.419E-03	1.065E-02	1.134E-02	7.393E-03	-3.949E-03
1.432E-03	1.073E-02	1.142E-02	7.465E-03	-3.952E-03
1.445E-03	1.080E-02	1.149E-02	7.538E-03	-3.956E-03
1.459E-03	1.088E-02	1.157E-02	7.611E-03	-3.960E-03
1.472E-03	1.095E-02	1.165E-02	7.685E-03	-3.963E-03
1.486E-03	1.103E-02	1.173E-02	7.760E-03	-3.967E-03
1.500E-03	1.111E-02	1.181E-02	7.835E-03	-3.970E-03
1.514E-03	1.118E-02	1.188E-02	7.910E-03	-3.974E-03
1.528E-03	1.126E-02	1.196E-02	7.986E-03	-3.977E-03
1.542E-03	1.134E-02	1.204E-02	8.063E-03	-3.981E-03
1.556E-03	1.142E-02	1.212E-02	8.141E-03	-3.984E-03
1.570E-03	1.150E-02	1.221E-02	8.219E-03	-3.987E-03
1.585E-03	1.158E-02	1.229E-02	8.297E-03	-3.991E-03
1.600E-03	1.166E-02	1.237E-02	8.376E-03	-3.994E-03
1.614E-03	1.174E-02	1.245E-02	8.456E-03	-3.997E-03
1.629E-03	1.182E-02	1.254E-02	8.537E-03	-4.000E-03
1.644E-03	1.191E-02	1.262E-02	8.617E-03	-4.004E-03
1.660E-03	1.199E-02	1.271E-02	8.699E-03	-4.007E-03
1.675E-03	1.207E-02	1.279E-02	8.781E-03	-4.010E-03
1.690E-03	1.216E-02	1.288E-02	8.864E-03	-4.013E-03
1.706E-03	1.224E-02	1.296E-02	8.948E-03	-4.016E-03
1.722E-03	1.233E-02	1.305E-02	9.032E-03	-4.019E-03
1.738E-03	1.241E-02	1.314E-02	9.116E-03	-4.021E-03
1.754E-03	1.250E-02	1.323E-02	9.202E-03	-4.024E-03
1.770E-03	1.259E-02	1.331E-02	9.288E-03	-4.027E-03
1.786E-03	1.268E-02	1.340E-02	9.375E-03	-4.030E-03
1.803E-03	1.276E-02	1.349E-02	9.462E-03	-4.033E-03
1.820E-03	1.285E-02	1.359E-02	9.550E-03	-4.035E-03
1.837E-03	1.294E-02	1.368E-02	9.638E-03	-4.038E-03
1.854E-03	1.303E-02	1.377E-02	9.728E-03	-4.040E-03
1.871E-03	1.312E-02	1.386E-02	9.818E-03	-4.043E-03
1.888E-03	1.322E-02	1.395E-02	9.908E-03	-4.045E-03
1.905E-03	1.331E-02	1.405E-02	1.000E-02	-4.048E-03
1.923E-03	1.340E-02	1.414E-02	1.009E-02	-4.050E-03
1.941E-03	1.350E-02	1.424E-02	1.018E-02	-4.053E-03
1.959E-03	1.359E-02	1.433E-02	1.028E-02	-4.055E-03
1.977E-03	1.368E-02	1.443E-02	1.037E-02	-4.057E-03
1.995E-03	1.378E-02	1.453E-02	1.047E-02	-4.059E-03
2.014E-03	1.388E-02	1.462E-02	1.056E-02	-4.062E-03
2.032E-03	1.397E-02	1.472E-02	1.066E-02	-4.064E-03
2.051E-03	1.407E-02	1.482E-02	1.076E-02	-4.066E-03
2.070E-03	1.417E-02	1.492E-02	1.085E-02	-4.068E-03
2.089E-03	1.427E-02	1.502E-02	1.095E-02	-4.070E-03
2.109E-03	1.437E-02	1.512E-02	1.105E-02	-4.072E-03
2.128E-03	1.447E-02	1.522E-02	1.115E-02	-4.074E-03
2.148E-03	1.457E-02	1.533E-02	1.125E-02	-4.075E-03
2.168E-03	1.467E-02	1.543E-02	1.135E-02	-4.077E-03
2.188E-03	1.477E-02	1.553E-02	1.146E-02	-4.079E-03
2.208E-03	1.488E-02	1.564E-02	1.156E-02	-4.081E-03
2.228E-03	1.498E-02	1.574E-02	1.166E-02	-4.082E-03
2.249E-03	1.509E-02	1.585E-02	1.177E-02	-4.084E-03
2.270E-03	1.519E-02	1.596E-02	1.187E-02	-4.085E-03
2.291E-03	1.530E-02	1.606E-02	1.198E-02	-4.087E-03
2.312E-03	1.540E-02	1.617E-02	1.208E-02	-4.088E-03
2.333E-03	1.551E-02	1.628E-02	1.219E-02	-4.089E-03
2.355E-03	1.562E-02	1.639E-02	1.230E-02	-4.091E-03
2.377E-03	1.573E-02	1.650E-02	1.241E-02	-4.092E-03
2.399E-03	1.584E-02	1.661E-02	1.252E-02	-4.093E-03
2.421E-03	1.595E-02	1.673E-02	1.263E-02	-4.094E-03
2.443E-03	1.606E-02	1.684E-02	1.274E-02	-4.095E-03
2.466E-03	1.617E-02	1.695E-02	1.286E-02	-4.096E-03
2.489E-03	1.629E-02	1.707E-02	1.297E-02	-4.097E-03
2.512E-03	1.640E-02	1.718E-02	1.308E-02	-4.098E-03
2.535E-03	1.652E-02	1.730E-02	1.320E-02	-4.099E-03
2.559E-03	1.663E-02	1.741E-02	1.331E-02	-4.100E-03
2.582E-03	1.675E-02	1.753E-02	1.343E-02	-4.101E-03
2.606E-03	1.686E-02	1.765E-02	1.355E-02	-4.101E-03
2.630E-03	1.698E-02	1.777E-02	1.367E-02	-4.102E-03
2.655E-03	1.710E-02	1.789E-02	1.379E-02	-4.103E-03
2.679E-03	1.722E-02	1.801E-02	1.391E-02	-4.103E-03
2.704E-03	1.734E-02	1.813E-02	1.403E-02	-4.104E-03
2.729E-03	1.746E-02	1.825E-02	1.415E-02	-4.104E-03
2.754E-03	1.758E-02	1.838E-02	1.427E-02	-4.104E-03
2.780E-03	1.771E-02	1.850E-02	1.440E-02	-4.105E-03
2.805E-03	1.783E-02	1.863E-02	1.452E-02	-4.105E-03
2.831E-03	1.796E-02	1.875E-02	1.465E-02	-4.105E-03
2.858E-03	1.808E-02	1.888E-02	1.477E-02	-4.105E-03
2.884E-03	1.821E-02	1.901E-02	1.490E-02	-4.105E-03
2.911E-03	1.834E-02	1.914E-02	1.503E-02	-4.105E-03
2.938E-03	1.846E-02	1.926E-02	1.516E-02	-4.105E-03
2.965E-03	1.859E-02	1.940E-02	1.529E-02	-4.105E-03
2.992E-03	1.872E-02	1.953E-02	1.542E-02	-4.105E-03
3.020E-03	1.885E-02	1.966E-02	1.555E-02	-4.104E-03
3.048E-03	1.899E-02	1.979E-02	1.569E-02	-4.104E-03
3.076E-03	1.912E-02	1.993E-02	1.582E-02	-4.103E-03
3.105E-03	1.925E-02	2.006E-02	1.596E-02	-4.103E-03
3.133E-03	1.939E-02	2.020E-02	1.609E-02	-4.102E-03
3.162E-03	1.952E-02	2.033E-02	1.623E-02	-4.102E-03
3.192E-03	1.966E-02	2.047E-02	1.637E-02	-4.101E-03
3.221E-03	1.980E-02	2.061E-02	1.651E-02	-4.100E-03
3.251E-03	1.994E-02	2.075E-02	1.665E-02	-4.100E-03
3.281E-03	2.008E-02	2.089E-02	1.679E-02	-4.099E-03
3.311E-03	2.022E-02	2.103E-02	1.693E-02	-4.098E-03
3.342E-03	2.036E-02	2.117E-02	1.708E-02	-4.097E-03
3.373E-03	2.050E-02	2.132E-02	1.722E-02	-4.096E-03
3.404E-03	2.065E-02	2.146E-02	1.737E-02	-4.095E-03
3.436E-03	2.079E-02	2.161E-02	1.751E-02	-4.093E-03
3.467E-03	2.094E-02	2.175E-02	1.766E-02	-4.092E-03
3.499E-03	2.108E-02	2.190E-02	1.781E-02	-4.091E-03
3.532E-03	2.123E-02	2.205E-02	1.796E-02	-4.089E-03
3.565E-03	2.138E-02	2.220E-02	1.811E-02	-4.088E-03
3.597E-03	2.153E-02	2.235E-02	1.826E-02	-4.086E-03
3.631E-03	2.168E-02	2.250E-02	1.842E-02	-4.085E-03
3.664E-03	2.183E-02	2.265E-02	1.857E-02	-4.083E-03
3.698E-03	2.198E-02	2.281E-02	1.873E-02	-4.081E-03
3.733E-03	2.214E-02	2.296E-02	1.888E-02	-4.079E-03
3.767E-03	2.229E-02	2.312E-02	1.904E-02	-4.077E-03
3.802E-03	2.245E-02	2.328E-02	1.920E-02	-4.076E-03
3.837E-03	2.261E-02	2.343E-02	1.936E-02	-4.073E-03
3.873E-03	2.277E-02	2.359E-02	1.952E-02	-4.071E-03
3.908E-03	2.293E-02	2.375E-02	1.968E-02	-4.069E-03
3.945E-03	2.309E-02	2.391E-02	1.985E-02	-4.067E-03
3.981E-03	2.325E-02	2.408E-02	2.001E-02	-4.064E-03
4.018E-03	2.341E-02	2.424E-02	2.018E-02	-4.062E-03
4.055E-03	2.358E-02	2.441E-02	2.035E-02	-4.060E-03
4.093E-03	2.374E-02	2.457E-02	2.051E-02	-4.057E-03
4.130E-03	2.391E-02	2.474E-02	2.068E-02	-4.054E-03
4.169E-03	2.407E-02	2.491E-02	2.085E-02	-4.052E-03
4.207E-03	2.424E-02	2.508E-02	2.103E-02	-4.049E-03
4.246E-03	2.441E-02	2.525E-02	2.120E-02	-4.046E-03
4.285E-03	2.458E-02	2.542E-02	2.138E-02	-4.043E-03
4.325E-03	2.476E-02	2.559E-02	2.155E-02	-4.040E-03
4.365E-03	2.493E-02	2.577E-02	2.173E-02	-4.037E-03
4.406E-03	2.511E-02	2.594E-02	2.191E-02	-4.034E-03
4.446E-03	2.528E-02	2.612E-02	2.209E-02	-4.030E-03
4.487E-03	2.546E-02	2.630E-02	2.227E-02	-4.027E-03
4.529E-03	2.564E-02	2.647E-02	2.245E-02	-4.024E-03
4.571E-03	2.582E-02	2.665E-02	2.263E-02	-4.020E-03
4.613E-03	2.600E-02	2.684E-02	2.282E-02	-4.017E-03
4.656E-03	2.618E-02	2.702E-02	2.301E-02	-4.013E-03
4.699E-03	2.637E-02	2.720E-02	2.319E-02	-4.009E-03
4.742E-03	2.655E-02	2.739E-02	2.338E-02	-4.005E-03
4.786E-03	2.674E-02	2.758E-02	2.357E-02	-4.001E-03
4.831E-03	2.692E-02	2.776E-02	2.377E-02	-3.997E-03
4.875E-03	2.711E-02	2.795E-02	2.396E-02	-3.993E-03
4.920E-03	2.730E-02	2.814E-02	2.415E-02	-3.989E-03
4.966E-03	2.750E-02	2.834E-02	2.435E-02	-3.985E-03
5.012E-03	2.769E-02	2.853E-02	2.455E-02	-3.981E-03
5.058E-03	2.788E-02	2.872E-02	2.475E-02	-3.976E-03
5.105E-03	2.808E-02	2.892E-02	2.495E-02	-3.972E-03
5.152E-03	2.828E-02	2.912E-02	2.515E-02	-3.967E-03
5.200E-03	2.848E-02	2.932E-02	2.535E-02	-3.963E-03
5.248E-03	2.868E-02	2.952E-02	2.556E-02	-3.958E-03
5.297E-03	2.888E-02	2.972E-02	2.576E-02	-3.953E-03
5.346E-03	2.908E-02	2.992E-02	2.597E-02	-3.948E-03
5.395E-03	2.928E-02	3.012E-02	2.618E-02	-3.943E-03
5.445E-03	2.949E-02	3.033E-02	2.639E-02	-3.938E-03
5.495E-03	2.970E-02	3.054E-02	2.661E-02	-3.933E-03
5.546E-03	2.991E-02	3.075E-02	2.682E-02	-3.928E-03
5.598E-03	3.012E-02	3.096E-02	2.703E-02	-3.922E-03
5.649E-03	3.033E-02	3.117E-02	2.725E-02	-3.917E-03
5.702E-03	3.054E-02	3.138E-02	2.747E-02	-3.912E-03
5.754E-03	3.076E-02	3.160E-02	2.769E-02	-3.906E-03
5.808E-03	3.097E-02	3.181E-02	2.791E-02	-3.900E-03
5.861E-03	3.119E-02	3.203E-02	2.814E-02	-3.895E-03
5.916E-03	3.141E-02	3.225E-02	2.836E-02	-3.889E-03
5.970E-03	3.163E-02	3.247E-02	2.859E-02	-3.883E-03
6.026E-03	3.185E-02	3.269E-02	2.882E-02	-3.877E-03
6.081E-03	3.208E-02	3.292E-02	2.905E-02	-3.871E-03
6.138E-03	3.230E-02	3.314E-02	2.928E-02	-3.864E-03
6.194E-03	3.253E-02	3.337E-02	2.951E-02	-3.858E-03
6.252E-03	3.276E-02	3.360E-02	2.975E-02	-3.852E-03
6.310E-03	3.299E-02	3.383E-02	2.998E-02	-3.845E-03
6.368E-03	3.322E-02	3.406E-02	3.022E-02	-3.839E-03
6.427E-03	3.345E-02	3.429E-02	3.046E-02	-3.832E-03
6.486E-03	3.369E-02	3.453E-02	3.070E-02	-3.825E-03
6.546E-03	3.393E-02	3.477E-02	3.095E-02	-3.819E-03
6.607E-03	3.417E-02	3.500E-02	3.119E-02	-3.812E-03
6.668E-03	3.441E-02	3.524E-02	3.144E-02	-3.805E-03
6.730E-03	3.465E-02	3.549E-02	3.169E-02	-3.798E-03
6.792E-03	3.489E-02	3.573E-02	3.194E-02	-3.791E-03
6.855E-03	3.514E-02	3.597E-02	3.219E-02	-3.783E-03
6.918E-03	3.539E-02	3.622E-02	3.245E-02	-3.776E-03
6.982E-03	3.563E-02	3.647E-02	3.270E-02	-3.768E-03
7.047E-03	3.589E-02	3.672E-02	3.296E-02	-3.761E-03
7.112E-03	3.614E-02	3.697E-02	3.322E-02	-3.753E-03
7.178E-03	3.639E-02	3.723E-02	3.348E-02	-3.746E-03
7.244E-03	3.665E-02	3.748E-02	3.374E-02	-3.738E-03
7.311E-03	3.691E-02	3.774E-02	3.401E-02	-3.730E-03
7.379E-03	3.717E-02	3.800E-02	3.428E-02	-3.722E-03
7.447E-03	3.743E-02	3.826E-02	3.455E-02	-3.714E-03
7.516E-03	3.769E-02	3.852E-02	3.482E-02	-3.706E-03
7.586E-03	3.796E-02	3.879E-02	3.509E-02	-3.697E-03
7.656E-03	3.823E-02	3.906E-02	3.537E-02	-3.689E-03
7.727E-03	3.850E-02	3.932E-02	3.564E-02	-3.681E-03
7.798E-03	3.877E-02	3.959E-02	3.592E-02	-3.672E-03
7.870E-03	3.904E-02	3.987E-02	3.620E-02	-3.663E-03
7.943E-03	3.931E-02	4.014E-02	3.649E-02	-3.655E-03
8.017E-03	3.959E-02	4.042E-02	3.677E-02	-3.646E-03
8.091E-03	3.987E-02	4.070E-02	3.706E-02	-3.637E-03
8.166E-03	4.015E-02	4.098E-02	3.735E-02	-3.628E-03
8.241E-03	4.044E-02	4.126E-02	3.764E-02	-3.619E-03
8.318E-03	4.072E-02	4.154E-02	3.793E-02	-3.609E-03
8.395E-03	4.101E-02	4.183E-02	3.823E-02	-3.600E-03
8.472E-03	4.130E-02	4.212E-02	3.853E-02	-3.591E-03
8.551E-03	4.159E-02	4.241E-02	3.883E-02	-3.581E-03
8.630E-03	4.188E-02	4.270E-02	3.913E-02	-3.572E-03
8.710E-03	4.218E-02	4.300E-02	3.943E-02	-3.562E-03
8.790E-03	4.247E-02	4.329E-02	3.974E-02	-3.552E-03
8.872E-03	4.277E-02	4.359E-02	4.005E-02	-3.542E-03
8.954E-03	4.308E-02	4.389E-02	4.036E-02	-3.532E-03
9.036E-03	4.338E-02	4.419E-02	4.067E-02	-3.522E-03
9.120E-03	4.369E-02	4.450E-02	4.099E-02	-3.512E-03
9.204E-03	4.400E-02	4.481E-02	4.130E-02	-3.502E-03
9.290E-03	4.431E-02	4.512E-02	4.162E-02	-3.492E-03
9.376E-03	4.462E-02	4.543E-02	4.195E-02	-3.481E-03
9.462E-03	4.493E-02	4.574E-02	4.227E-02	-3.471E-03
9.550E-03	4.525E-02	4.606E-02	4.260E-02	-3.460E-03
9.638E-03	4.557E-02	4.638E-02	4.293E-02	-3.449E-03
9.727E-03	4.589E-02	4.670E-02	4.326E-02	-3.439E-03
9.817E-03	4.622E-02	4.702E-02	4.359E-02	-3.428E-03
9.908E-03	4.654E-02	4.734E-02	4.393E-02	-3.417E-03
1.000E-02	4.687E-02	4.767E-02	4.427E-02	-3.406E-03
1.198E-02	5.383E-02	5.460E-02	5.143E-02	-3.169E-03
1.397E-02	6.054E-02	6.128E-02	5.834E-02	-2.941E-03
1.595E-02	6.703E-02	6.774E-02	6.502E-02	-2.725E-03
1.794E-02	7.335E-02	7.403E-02	7.151E-02	-2.520E-03
1.992E-02	7.952E-02	8.016E-02	7.783E-02	-2.327E-03
2.190E-02	8.555E-02	8.616E-02	8.402E-02	-2.146E-03
2.389E-02	9.146E-02	9.205E-02	9.007E-02	-1.975E-03
2.587E-02	9.726E-02	9.782E-02	9.601E-02	-1.815E-03
2.786E-02	1.030E-01	1.035E-01	1.018E-01	-1.665E-03
2.984E-02	1.086E-01	1.091E-01	1.076E-01	-1.524E-03
3.182E-02	1.141E-01	1.146E-01	1.132E-01	-1.391E-03
3.381E-02	1.196E-01	1.200E-01	1.188E-01	-1.267E-03
3.579E-02	1.249E-01	1.254E-01	1.242E-01	-1.150E-03
3.778E-02	1.302E-01	1.307E-01	1.296E-01	-1.041E-03
3.976E-02	1.355E-01	1.359E-01	1.349E-01	-9.376E-04
4.174E-02	1.407E-01	1.410E-01	1.402E-01	-8.409E-04
4.373E-02	1.458E-01	1.461E-01	1.454E-01	-7.500E-04
4.571E-02	1.508E-01	1.512E-01	1.505E-01	-6.647E-04
4.770E-02	1.558E-01	1.561E-01	1.556E-01	-5.845E-04
4.968E-02	1.608E-01	1.611E-01	1.606E-01	-5.092E-04
5.166E-02	1.656E-01	1.659E-01	1.655E-01	-4.385E-04
5.365E-02	1.705E-01	1.708E-01	1.704E-01	-3.721E-04
5.563E-02	1.753E-01	1.755E-01	1.752E-01	-3.098E-04
5.762E-02	1.800E-01	1.803E-01	1.800E-01	-2.513E-04
5.960E-02	1.847E-01	1.849E-01	1.847E-01	-1.965E-04
6.158E-02	1.893E-01	1.896E-01	1.894E-01	-1.450E-04
6.357E-02	1.939E-01	1.941E-01	1.940E-01	-9.679E-05
6.555E-02	1.985E-01	1.987E-01	1.986E-01	-5.161E-05
6.754E-02	2.029E-01	2.032E-01	2.031E-01	-9.305E-06
6.952E-02	2.074E-01	2.076E-01	2.076E-01	3.028E-05
7.150E-02	2.118E-01	2.120E-01	2.121E-01	6.729E-05
7.349E-02	2.162E-01	2.163E-01	2.164E-01	1.019E-04
7.547E-02	2.205E-01	2.206E-01	2.208E-01	1.341E-04
7.745E-02	2.247E-01	2.249E-01	2.251E-01	1.642E-04
7.944E-02	2.289E-01	2.291E-01	2.293E-01	1.923E-04
8.142E-02	2.331E-01	2.333E-01	2.335E-01	2.183E-04
8.341E-02	2.373E-01	2.374E-01	2.376E-01	2.426E-04
8.539E-02	2.413E-01	2.415E-01	2.418E-01	2.650E-04
8.737E-02	2.454E-01	2.455E-01	2.458E-01	2.858E-04
8.936E-02	2.494E-01	2.495E-01	2.498E-01	3.051E-04
9.134E-02	2.533E-01	2.535E-01	2.538E-01	3.228E-04
9.333E-02	2.573E-01	2.574E-01	2.577E-01	3.391E-04
9.531E-02	2.611E-01	2.612E-01	2.616E-01	3.541E-04
9.729E-02	2.649E-01	2.651E-01	2.654E-01	3.678E-04
9.928E-02	2.687E-01	2.688E-01	2.692E-01	3.803E-04
1.013E-01	2.725E-01	2.726E-01	2.730E-01	3.917E-04
1.032E-01	2.761E-01	2.762E-01	2.766E-01	4.020E-04
1.052E-01	2.798E-01	2.799E-01	2.803E-01	4.113E-04
1.072E-01	2.834E-01	2.835E-01	2.839E-01	4.196E-04
1.092E-01	2.870E-01	2.870E-01	2.875E-01	4.269E-04
1.112E-01	2.905E-01	2.906E-01	2.910E-01	4.334E-04
1.132E-01	2.939E-01	2.940E-01	2.945E-01	4.391E-04
1.152E-01	2.974E-01	2.974E-01	2.979E-01	4.440E-04
1.171E-01	3.007E-01	3.008E-01	3.013E-01	4.482E-04
1.191E-01	3.041E-01	3.042E-01	3.046E-01	4.516E-04
1.211E-01	3.074E-01	3.074E-01	3.079E-01	4.544E-04
1.231E-01	3.106E-01	3.107E-01	3.111E-01	4.566E-04
1.251E-01	3.138E-01	3.139E-01	3.143E-01	4.582E-04
1.271E-01	3.170E-01	3.170E-01	3.175E-01	4.592E-04
1.290E-01	3.201E-01	3.202E-01	3.206E-01	4.597E-04
1.310E-01	3.232E-01	3.232E-01	3.237E-01	4.597E-04
1.330E-01	3.262E-01	3.262E-01	3.267E-01	4.593E-04
1.350E-01	3.292E-01	3.292E-01	3.297E-01	4.584E-04
1.370E-01	3.321E-01	3.321E-01	3.326E-01	4.570E-04
1.390E-01	3.350E-01	3.350E-01	3.355E-01	4.553E-04
1.409E-01	3.378E-01	3.379E-01	3.383E-01	4.533E-04
1.429E-01	3.406E-01	3.407E-01	3.411E-01	4.508E-04
1.449E-01	3.434E-01	3.434E-01	3.439E-01	4.481E-04
1.469E-01	3.461E-01	3.461E-01	3.466E-01	4.450E-04
1.489E-01	3.487E-01	3.488E-01	3.492E-01	4.417E-04
1.509E-01	3.514E-01	3.514E-01	3.518E-01	4.381E-04
1.528E-01	3.539E-01	3.540E-01	3.544E-01	4.343E-04
1.548E-01	3.565E-01	3.565E-01	3.569E-01	4.302E-04
1.568E-01	3.589E-01	3.590E-01	3.594E-01	4.259E-04
1.588E-01	3.614E-01	3.614E-01	3.618E-01	4.214E-04
1.608E-01	3.637E-01	3.638E-01	3.642E-01	4.167E-04
1.628E-01	3.661E-01	3.661E-01	3.665E-01	4.118E-04
1.647E-01	3.684E-01	3.684E-01	3.688E-01	4.068E-04
1.667E-01	3.706E-01	3.707E-01	3.711E-01	4.017E-04
1.687E-01	3.728E-01	3.729E-01	3.733E-01	3.964E-04
1.707E-01	3.750E-01	3.750E-01	3.754E-01	3.910E-04
1.727E-01	3.771E-01	3.771E-01	3.775E-01	3.855E-04
1.747E-01	3.792E-01	3.792E-01	3.796E-01	3.798E-04
1.767E-01	3.812E-01	3.812E-01	3.816E-01	3.741E-04
1.786E-01	3.832E-01	3.832E-01	3.836E-01	3.683E-04
1.806E-01	3.851E-01	3.851E-01	3.855E-01	3.625E-04
1.826E-01	3.870E-01	3.870E-01	3.874E-01	3.565E-04
1.846E-01	3.888E-01	3.888E-01	3.892E-01	3.505E-04
1.866E-01	3.906E-01	3.906E-01	3.910E-01	3.445E-04
1.886E-01	3.924E-01	3.924E-01	3.927E-01	3.384E-04
1.905E-01	3.941E-01	3.941E-01	3.944E-01	3.323E-04
1.925E-01	3.957E-01	3.957E-01	3.961E-01	3.262E-04
1.945E-01	3.973E-01	3.973E-01	3.977E-01	3.200E-04
1.965E-01	3.989E-01	3.989E-01	3.992E-01	3.139E-04
1.985E-01	4.004E-01	4.004E-01	4.007E-01	3.077E-04
2.005E-01	4.019E-01	4.019E-01	4.022E-01	3.015E-04
2.024E-01	4.033E-01	4.033E-01	4.036E-01	2.953E-04
2.044E-01	4.047E-01	4.047E-01	4.050E-01	2.891E-04
2.064E-01	4.060E-01	4.060E-01	4.063E-01	2.830E-04
2.084E-01	4.073E-01	4.073E-01	4.076E-01	2.768E-04
2.104E-01	4.086E-01	4.086E-01	4.088E-01	2.707E-04
2.124E-01	4.098E-01	4.098E-01	4.100E-01	2.646E-04
2.143E-01	4.109E-01	4.109E-01	4.112E-01	2.586E-04
2.163E-01	4.120E-01	4.120E-01	4.123E-01	2.525E-04
2.183E-01	4.131E-01	4.131E-01	4.134E-01	2.465E-04
2.203E-01	4.141E-01	4.141E-01	4.144E-01	2.405E-04
2.223E-01	4.151E-01	4.151E-01	4.154E-01	2.346E-04
2.243E-01	4.160E-01	4.161E-01	4.163E-01	2.287E-04
2.263E-01	4.169E-01	4.169E-01	4.172E-01	2.229E-04
2.282E-01	4.178E-01	4.178E-01	4.180E-01	2.171E-04
2.302E-01	4.186E-01	4.186E-01	4.188E-01	2.114E-04
2.322E-01	4.194E-01	4.194E-01	4.196E-01	2.057E-04
2.342E-01	4.201E-01	4.201E-01	4.203E-01	2.001E-04
2.362E-01	4.207E-01	4.208E-01	4.209E-01	1.945E-04
2.382E-01	4.214E-01	4.214E-01	4.216E-01	1.890E-04
2.401E-01	4.220E-01	4.220E-01	4.222E-01	1.836E-04
2.421E-01	4.225E-01	4.225E-01	4.227E-01	1.782E-04
2.441E-01	4.230E-01	4.230E-01	4.232E-01	1.729E-04
2.461E-01	4.235E-01	4.235E-01	4.237E-01	1.676E-04
2.481E-01	4.239E-01	4.239E-01	4.241E-01	1.624E-04
2.501E-01	4.243E-01	4.243E-01	4.244E-01	1.573E-04
2.520E-01	4.246E-01	4.246E-01	4.248E-01	1.522E-04
2.540E-01	4.249E-01	4.249E-01	4.251E-01	1.472E-04
2.560E-01	4.252E-01	4.252E-01	4.253E-01	1.423E-04
2.580E-01	4.254E-01	4.254E-01	4.255E-01	1.375E-04
2.600E-01	4.256E-01	4.256E-01	4.257E-01	1.327E-04
2.620E-01	4.257E-01	4.257E-01	4.258E-01	1.280E-04
2.639E-01	4.258E-01	4.258E-01	4.259E-01	1.234E-04
2.659E-01	4.258E-01	4.258E-01	4.260E-01	1.188E-04
2.679E-01	4.258E-01	4.258E-01	4.260E-01	1.143E-04
2.699E-01	4.258E-01	4.258E-01	4.259E-01	1.099E-04
2.719E-01	4.258E-01	4.258E-01	4.259E-01	1.055E-04
2.739E-01	4.256E-01	4.256E-01	4.258E-01	1.013E-04
2.759E-01	4.255E-01	4.255E-01	4.256E-01	9.708E-05
2.778E-01	4.253E-01	4.253E-01	4.254E-01	9.295E-05
2.798E-01	4.251E-01	4.251E-01	4.252E-01	8.890E-05
2.818E-01	4.248E-01	4.248E-01	4.249E-01	8.493E-05
2.838E-01	4.245E-01	4.245E-01	4.246E-01	8.102E-05
2.858E-01	4.242E-01	4.242E-01	4.243E-01	7.719E-05
2.878E-01	4.238E-01	4.238E-01	4.239E-01	7.343E-05
2.897E-01	4.234E-01	4.234E-01	4.235E-01	6.975E-05
2.917E-01	4.230E-01	4.230E-01	4.230E-01	6.614E-05
2.937E-01	4.225E-01	4.225E-01	4.226E-01	6.259E-05
2.957E-01	4.220E-01	4.220E-01	4.220E-01	5.913E-05
2.977E-01	4.214E-01	4.214E-01	4.215E-01	5.573E-05
2.997E-01	4.208E-01	4.208E-01	4.209E-01	5.240E-05
3.016E-01	4.202E-01	4.202E-01	4.203E-01	4.914E-05
3.036E-01	4.196E-01	4.196E-01	4.196E-01	4.596E-05
3.056E-01	4.189E-01	4.189E-01	4.189E-01	4.284E-05
3.076E-01	4.181E-01	4.181E-01	4.182E-01	3.979E-05
3.096E-01	4.174E-01	4.174E-01	4.174E-01	3.681E-05
3.116E-01	4.166E-01	4.166E-01	4.166E-01	3.390E-05
3.135E-01	4.158E-01	4.158E-01	4.158E-01	3.105E-05
3.155E-01	4.149E-01	4.149E-01	4.149E-01	2.827E-05
3.175E-01	4.140E-01	4.140E-01	4.140E-01	2.556E-05
3.195E-01	4.131E-01	4.131E-01	4.131E-01	2.291E-05
3.215E-01	4.121E-01	4.121E-01	4.121E-01	2.033E-05
3.235E-01	4.111E-01	4.111E-01	4.112E-01	1.781E-05
3.255E-01	4.101E-01	4.101E-01	4.101E-01	1.536E-05
3.274E-01	4.091E-01	4.091E-01	4.091E-01	1.296E-05
3.294E-01	4.080E-01	4.080E-01	4.080E-01	1.063E-05
3.314E-01	4.069E-01	4.069E-01	4.069E-01	8.364E-06
3.334E-01	4.057E-01	4.057E-01	4.057E-01	6.156E-06
3.354E-01	4.046E-01	4.046E-01	4.046E-01	4.007E-06
3.374E-01	4.034E-01	4.034E-01	4.034E-01	1.917E-06
3.393E-01	4.021E-01	4.021E-01	4.021E-01	-1.150E-07
3.413E-01	4.009E-01	4.009E-01	4.009E-01	-2.089E-06
3.433E-01	3.996E-01	3.996E-01	3.996E-01	-4.006E-06
3.453E-01	3.983E-01	3.983E-01	3.983E-01	-5.868E-06
3.473E-01	3.969E-01	3.969E-01	3.969E-01	-7.674E-06
3.493E-01	3.956E-01	3.956E-01	3.956E-01	-9.426E-06
3.512E-01	3.942E-01	3.942E-01	3.942E-01	-1.112E-05
3.532E-01	3.928E-01	3.928E-01	3.928E-01	-1.277E-05
3.552E-01	3.913E-01	3.913E-01	3.913E-01	-1.436E-05
3.572E-01	3.898E-01	3.899E-01	3.898E-01	-1.590E-05
3.592E-01	3.884E-01	3.884E-01	3.883E-01	-1.739E-05
3.612E-01	3.868E-01	3.868E-01	3.868E-01	-1.884E-05
3.631E-01	3.853E-01	3.853E-01	3.853E-01	-2.023E-05
3.651E-01	3.837E-01	3.837E-01	3.837E-01	-2.157E-05
3.671E-01	3.821E-01	3.821E-01	3.821E-01	-2.287E-05
3.691E-01	3.805E-01	3.805E-01	3.805E-01	-2.412E-05
3.711E-01	3.789E-01	3.789E-01	3.789E-01	-2.533E-05
3.731E-01	3.772E-01	3.772E-01	3.772E-01	-2.649E-05
3.751E-01	3.755E-01	3.755E-01	3.755E-01	-2.760E-05
3.770E-01	3.738E-01	3.738E-01	3.738E-01	-2.867E-05
3.790E-01	3.721E-01	3.721E-01	3.721E-01	-2.970E-05
3.810E-01	3.704E-01	3.704E-01	3.703E-01	-3.069E-05
3.830E-01	3.686E-01	3.686E-01	3.686E-01	-3.164E-05
3.850E-01	3.668E-01	3.668E-01	3.668E-01	-3.255E-05
3.870E-01	3.650E-01	3.650E-01	3.650E-01	-3.341E-05
3.889E-01	3.632E-01	3.632E-01	3.632E-01	-3.424E-05
3.909E-01	3.613E-01	3.613E-01	3.613E-01	-3.503E-05
3.929E-01	3.595E-01	3.595E-01	3.594E-01	-3.578E-05
3.949E-01	3.576E-01	3.576E-01	3.576E-01	-3.650E-05
3.969E-01	3.557E-01	3.557E-01	3.557E-01	-3.718E-05
3.989E-01	3.538E-01	3.538E-01	3.538E-01	-3.783E-05
4.008E-01	3.519E-01	3.519E-01	3.518E-01	-3.844E-05
4.028E-01	3.499E-01	3.499E-01	3.499E-01	-3.902E-05
4.048E-01	3.479E-01	3.479E-01	3.479E-01	-3.956E-05
4.068E-01	3.460E-01	3.460E-01	3.459E-01	-4.007E-05
4.088E-01	3.440E-01	3.440E-01	3.439E-01	-4.055E-05
4.108E-01	3.420E-01	3.420E-01	3.419E-01	-4.100E-05
4.127E-01	3.399E-01	3.399E-01	3.399E-01	-4.143E-05
4.147E-01	3.379E-01	3.379E-01	3.378E-01	-4.182E-05
4.167E-01	3.358E-01	3.358E-01	3.358E-01	-4.218E-05
4.187E-01	3.338E-01	3.338E-01	3.337E-01	-4.251E-05
4.207E-01	3.317E-01	3.317E-01	3.316E-01	-4.282E-05
4.227E-01	3.296E-01	3.296E-01	3.295E-01	-4.310E-05
4.246E-01	3.275E-01	3.275E-01	3.274E-01	-4.335E-05
4.266E-01	3.254E-01	3.254E-01	3.253E-01	-4.358E-05
4.286E-01	3.232E-01	3.232E-01	3.232E-01	-4.379E-05
4.306E-01	3.211E-01	3.211E-01	3.211E-01	-4.397E-05
4.326E-01	3.189E-01	3.189E-01	3.189E-01	-4.412E-05
4.346E-01	3.168E-01	3.168E-01	3.167E-01	-4.426E-05
4.366E-01	3.146E-01	3.146E-01	3.146E-01	-4.437E-05
4.385E-01	3.124E-01	3.124E-01	3.124E-01	-4.446E-05
4.405E-01	3.102E-01	3.102E-01	3.102E-01	-4.452E-05
4.425E-01	3.080E-01	3.080E-01	3.080E-01	-4.457E-05
4.445E-01	3.058E-01	3.058E-01	3.058E-01	-4.460E-05
4.465E-01	3.036E-01	3.036E-01	3.036E-01	-4.461E-05
4.485E-01	3.014E-01	3.014E-01	3.013E-01	-4.460E-05
4.504E-01	2.992E-01	2.992E-01	2.991E-01	-4.457E-05
4.524E-01	2.969E-01	2.969E-01	2.969E-01	-4.452E-05
4.544E-01	2.947E-01	2.947E-01	2.946E-01	-4.446E-05
4.564E-01	2.924E-01	2.924E-01	2.924E-01	-4.438E-05
4.584E-01	2.902E-01	2.902E-01	2.901E-01	-4.428E-05
4.604E-01	2.879E-01	2.879E-01	2.878E-01	-4.417E-05
4.623E-01	2.856E-01	2.856E-01	2.856E-01	-4.404E-05
4.643E-01	2.833E-01	2.833E-01	2.833E-01	-4.390E-05
4.663E-01	2.811E-01	2.811E-01	2.810E-01	-4.374E-05
4.683E-01	2.788E-01	2.788E-01	2.787E-01	-4.357E-05
4.703E-01	2.765E-01	2.765E-01	2.765E-01	-4.339E-05
4.723E-01	2.742E-01	2.742E-01	2.742E-01	-4.319E-05
4.742E-01	2.719E-01	2.719E-01	2.719E-01	-4.298E-05
4.762E-01	2.696E-01	2.696E-01	2.696E-01	-4.276E-05
4.782E-01	2.673E-01	2.673E-01	2.673E-01	-4.253E-05
4.802E-01	2.650E-01	2.650E-01	2.650E-01	-4.229E-05
4.822E-01	2.627E-01	2.627E-01	2.627E-01	-4.203E-05
4.842E-01	2.604E-01	2.604E-01	2.604E-01	-4.177E-05
4.862E-01	2.581E-01	2.581E-01	2.580E-01	-4.150E-05
4.881E-01	2.558E-01	2.558E-01	2.557E-01	-4.121E-05
4.901E-01	2.535E-01	2.535E-01	2.534E-01	-4.092E-05
4.921E-01	2.512E-01	2.512E-01	2.511E-01	-4.062E-05
4.941E-01	2.489E-01	2.489E-01	2.488E-01	-4.032E-05
4.961E-01	2.465E-01	2.465E-01	2.465E-01	-4.000E-05
4.981E-01	2.442E-01	2.442E-01	2.442E-01	-3.968E-05
5.000E-01	2.419E-01	2.419E-01	2.419E-01	-3.934E-05
5.020E-01	2.396E-01	2.396E-01	2.396E-01	-3.901E-05
5.040E-01	2.373E-01	2.373E-01	2.373E-01	-3.866E-05
5.060E-01	2.350E-01	2.350E-01	2.350E-01	-3.831E-05
5.080E-01	2.327E-01	2.327E-01	2.327E-01	-3.796E-05
5.100E-01	2.304E-01	2.304E-01	2.304E-01	-3.760E-05
5.119E-01	2.281E-01	2.281E-01	2.281E-01	-3.723E-05
5.139E-01	2.258E-01	2.258E-01	2.258E-01	-3.686E-05
5.159E-01	2.235E-01	2.235E-01	2.235E-01	-3.649E-05
5.179E-01	2.213E-01	2.213E-01	2.212E-01	-3.611E-05
5.199E-01	2.190E-01	2.190E-01	2.189E-01	-3.572E-05
5.219E-01	2.167E-01	2.167E-01	2.167E-01	-3.534E-05
5.238E-01	2.144E-01	2.144E-01	2.144E-01	-3.495E-05
5.258E-01	2.122E-01	2.122E-01	2.121E-01	-3.455E-05
5.278E-01	2.099E-01	2.099E-01	2.099E-01	-3.416E-05
5.298E-01	2.076E-01	2.076E-01	2.076E-01	-3.376E-05
5.318E-01	2.054E-01	2.054E-01	2.054E-01	-3.336E-05
5.338E-01	2.031E-01	2.031E-01	2.031E-01	-3.295E-05
5.358E-01	2.009E-01	2.009E-01	2.009E-01	-3.255E-05
5.377E-01	1.987E-01	1.987E-01	1.986E-01	-3.214E-05
5.397E-01	1.964E-01	1.964E-01	1.964E-01	-3.174E-05
5.417E-01	1.942E-01	1.942E-01	1.942E-01	-3.133E-05
5.437E-01	1.920E-01	1.920E-01	1.920E-01	-3.092E-05
5.457E-01	1.898E-01	1.898E-01	1.898E-01	-3.051E-05
5.477E-01	1.876E-01	1.876E-01	1.876E-01	-3.010E-05
5.496E-01	1.854E-01	1.854E-01	1.854E-01	-2.969E-05
5.516E-01	1.832E-01	1.832E-01	1.832E-01	-2.927E-05
5.536E-01	1.811E-01	1.811E-01	1.810E-01	-2.886E-05
5.556E-01	1.789E-01	1.789E-01	1.789E-01	-2.845E-05
5.576E-01	1.767E-01	1.767E-01	1.767E-01	-2.804E-05
5.596E-01	1.746E-01	1.746E-01	1.746E-01	-2.763E-05
5.615E-01	1.724E-01	1.724E-01	1.724E-01	-2.722E-05
5.635E-01	1.703E-01	1.703E-01	1.703E-01	-2.681E-05
5.655E-01	1.682E-01	1.682E-01	1.682E-01	-2.641E-05
5.675E-01	1.661E-01	1.661E-01	1.661E-01	-2.600E-05
5.695E-01	1.640E-01	1.640E-01	1.640E-01	-2.560E-05
5.715E-01	1.619E-01	1.619E-01	1.619E-01	-2.519E-05
5.734E-01	1.598E-01	1.598E-01	1.598E-01	-2.479E-05
5.754E-01	1.578E-01	1.578E-01	1.577E-01	-2.439E-05
5.774E-01	1.557E-01	1.557E-01	1.557E-01	-2.400E-05
5.794E-01	1.536E-01	1.536E-01	1.536E-01	-2.360E-05
5.814E-01	1.516E-01	1.516E-01	1.516E-01	-2.321E-05
5.834E-01	1.496E-01	1.496E-01	1.496E-01	-2.282E-05
5.854E-01	1.476E-01	1.476E-01	1.475E-01	-2.243E-05
5.873E-01	1.456E-01	1.456E-01	1.455E-01	-2.204E-05
5.893E-01	1.436E-01	1.436E-01	1.436E-01	-2.166E-05
5.913E-01	1.416E-01	1.416E-01	1.416E-01	-2.128E-05
5.933E-01	1.396E-01	1.396E-01	1.396E-01	-2.090E-05
5.953E-01	1.377E-01	1.377E-01	1.377E-01	-2.052E-05
5.973E-01	1.357E-01	1.357E-01	1.357E-01	-2.015E-05
5.992E-01	1.338E-01	1.338E-01	1.338E-01	-1.978E-05
6.012E-01	1.319E-01	1.319E-01	1.319E-01	-1.941E-05
6.032E-01	1.300E-01	1.300E-01	1.300E-01	-1.905E-05
6.052E-01	1.281E-01	1.281E-01	1.281E-01	-1.869E-05
6.072E-01	1.262E-01	1.262E-01	1.262E-01	-1.834E-05
6.092E-01	1.244E-01	1.244E-01	1.243E-01	-1.798E-05
6.111E-01	1.225E-01	1.225E-01	1.225E-01	-1.763E-05
6.131E-01	1.207E-01	1.207E-01	1.207E-01	-1.729E-05
6.151E-01	1.188E-01	1.188E-01	1.188E-01	-1.694E-05
6.171E-01	1.170E-01	1.170E-01	1.170E-01	-1.660E-05
6.191E-01	1.152E-01	1.152E-01	1.152E-01	-1.627E-05
6.211E-01	1.135E-01	1.135E-01	1.134E-01	-1.594E-05
6.230E-01	1.117E-01	1.117E-01	1.117E-01	-1.561E-05
6.250E-01	1.099E-01	1.099E-01	1.099E-01	-1.529E-05
6.270E-01	1.082E-01	1.082E-01	1.082E-01	-1.496E-05
6.290E-01	1.065E-01	1.065E-01	1.065E-01	-1.465E-05
6.310E-01	1.048E-01	1.048E-01	1.047E-01	-1.434E-05
6.330E-01	1.031E-01	1.031E-01	1.030E-01	-1.403E-05
6.349E-01	1.014E-01	1.014E-01	1.014E-01	-1.372E-05
6.369E-01	9.971E-02	9.971E-02	9.970E-02	-1.342E-05
6.389E-01	9.806E-02	9.806E-02	9.804E-02	-1.312E-05
6.409E-01	9.642E-02	9.642E-02	9.641E-02	-1.283E-05
6.429E-01	9.480E-02	9.480E-02	9.478E-02	-1.254E-05
6.449E-01	9.319E-02	9.319E-02	9.318E-02	-1.226E-05
6.469E-01	9.160E-02	9.160E-02	9.158E-02	-1.198E-05
6.488E-01	9.002E-02	9.002E-02	9.001E-02	-1.170E-05
6.508E-01	8.845E-02	8.845E-02	8.844E-02	-1.143E-05
6.528E-01	8.691E-02	8.691E-02	8.690E-02	-1.116E-05
6.548E-01	8.537E-02	8.537E-02	8.536E-02	-1.089E-05
6.568E-01	8.386E-02	8.386E-02	8.385E-02	-1.063E-05
6.588E-01	8.236E-02	8.236E-02	8.235E-02	-1.038E-05
6.607E-01	8.087E-02	8.087E-02	8.086E-02	-1.012E-05
6.627E-01	7.940E-02	7.940E-02	7.939E-02	-9.874E-06
6.647E-01	7.794E-02	7.794E-02	7.793E-02	-9.629E-06
6.667E-01	7.650E-02	7.650E-02	7.649E-02	-9.389E-06
6.687E-01	7.508E-02	7.508E-02	7.507E-02	-9.152E-06
6.707E-01	7.367E-02	7.367E-02	7.366E-02	-8.919E-06
6.726E-01	7.227E-02	7.227E-02	7.227E-02	-8.691E-06
6.746E-01	7.090E-02	7.090E-02	7.089E-02	-8.466E-06
6.766E-01	6.953E-02	6.953E-02	6.953E-02	-8.245E-06
6.786E-01	6.819E-02	6.819E-02	6.818E-02	-8.028E-06
6.806E-01	6.686E-02	6.686E-02	6.685E-02	-7.815E-06
6.826E-01	6.554E-02	6.554E-02	6.553E-02	-7.606E-06
6.845E-01	6.424E-02	6.424E-02	6.423E-02	-7.401E-06
6.865E-01	6.295E-02	6.295E-02	6.295E-02	-7.200E-06
6.885E-01	6.168E-02	6.168E-02	6.168E-02	-7.002E-06
6.905E-01	6.043E-02	6.043E-02	6.042E-02	-6.808E-06
6.925E-01	5.919E-02	5.919E-02	5.919E-02	-6.618E-06
6.945E-01	5.797E-02	5.797E-02	5.796E-02	-6.432E-06
6.965E-01	5.676E-02	5.676E-02	5.676E-02	-6.249E-06
6.984E-01	5.557E-02	5.557E-02	5.557E-02	-6.070E-06
7.004E-01	5.440E-02	5.440E-02	5.439E-02	-5.895E-06
7.024E-01	5.323E-02	5.323E-02	5.323E-02	-5.723E-06
7.044E-01	5.209E-02	5.209E-02	5.208E-02	-5.555E-06
7.064E-01	5.096E-02	5.096E-02	5.095E-02	-5.390E-06
7.084E-01	4.985E-02	4.985E-02	4.984E-02	-5.229E-06
7.103E-01	4.875E-02	4.875E-02	4.874E-02	-5.072E-06
7.123E-01	4.766E-02	4.766E-02	4.766E-02	-4.917E-06
7.143E-01	4.659E-02	4.659E-02	4.659E-02	-4.766E-06
7.163E-01	4.554E-02	4.554E-02	4.554E-02	-4.619E-06
7.183E-01	4.450E-02	4.450E-02	4.450E-02	-4.475E-06
7.203E-01	4.348E-02	4.348E-02	4.347E-02	-4.334E-06
7.222E-01	4.247E-02	4.247E-02	4.247E-02	-4.196E-06
7.242E-01	4.148E-02	4.148E-02	4.147E-02	-4.062E-06
7.262E-01	4.050E-02	4.050E-02	4.049E-02	-3.931E-06
7.282E-01	3.953E-02	3.953E-02	3.953E-02	-3.802E-06
7.302E-01	3.859E-02	3.859E-02	3.858E-02	-3.677E-06
7.322E-01	3.765E-02	3.765E-02	3.765E-02	-3.555E-06
7.341E-01	3.673E-02	3.673E-02	3.673E-02	-3.436E-06
7.361E-01	3.583E-02	3.583E-02	3.582E-02	-3.320E-06
7.381E-01	3.494E-02	3.494E-02	3.493E-02	-3.207E-06
7.401E-01	3.406E-02	3.406E-02	3.406E-02	-3.097E-06
7.421E-01	3.320E-02	3.320E-02	3.320E-02	-2.989E-06
7.441E-01	3.235E-02	3.235E-02	3.235E-02	-2.885E-06
7.461E-01	3.152E-02	3.152E-02	3.152E-02	-2.783E-06
7.480E-01	3.070E-02	3.070E-02	3.070E-02	-2.684E-06
7.500E-01	2.990E-02	2.990E-02	2.989E-02	-2.587E-06
7.520E-01	2.911E-02	2.911E-02	2.910E-02	-2.493E-06
7.540E-01	2.833E-02	2.833E-02	2.833E-02	-2.402E-06
7.560E-01	2.757E-02	2.757E-02	2.756E-02	-2.313E-06
7.580E-01	2.682E-02	2.682E-02	2.681E-02	-2.227E-06
7.599E-01	2.608E-02	2.608E-02	2.608E-02	-2.143E-06
7.619E-01	2.536E-02	2.536E-02	2.536E-02	-2.061E-06
7.639E-01	2.465E-02	2.465E-02	2.465E-02	-1.982E-06
7.659E-01	2.395E-02	2.395E-02	2.395E-02	-1.905E-06
7.679E-01	2.327E-02	2.327E-02	2.327E-02	-1.831E-06
7.699E-01	2.260E-02	2.260E-02	2.260E-02	-1.758E-06
7.718E-01	2.195E-02	2.195E-02	2.194E-02	-1.688E-06
7.738E-01	2.130E-02	2.130E-02	2.130E-02	-1.620E-06
7.758E-01	2.067E-02	2.067E-02	2.067E-02	-1.554E-06
7.778E-01	2.005E-02	2.005E-02	2.005E-02	-1.490E-06
7.798E-01	1.945E-02	1.945E-02	1.945E-02	-1.429E-06
7.818E-01	1.886E-02	1.886E-02	1.885E-02	-1.369E-06
7.837E-01	1.828E-02	1.828E-02	1.827E-02	-1.311E-06
7.857E-01	1.771E-02	1.771E-02	1.771E-02	-1.255E-06
7.877E-01	1.715E-02	1.715E-02	1.715E-02	-1.201E-06
7.897E-01	1.661E-02	1.661E-02	1.660E-02	-1.148E-06
7.917E-01	1.607E-02	1.607E-02	1.607E-02	-1.098E-06
7.937E-01	1.555E-02	1.555E-02	1.555E-02	-1.049E-06
7.957E-01	1.504E-02	1.504E-02	1.504E-02	-1.001E-06
7.976E-01	1.455E-02	1.455E-02	1.454E-02	-9.559E-07
7.996E-01	1.406E-02	1.406E-02	1.406E-02	-9.120E-07
8.016E-01	1.358E-02	1.358E-02	1.358E-02	-8.696E-07
8.036E-01	1.312E-02	1.312E-02	1.312E-02	-8.288E-07
8.056E-01	1.267E-02	1.267E-02	1.267E-02	-7.895E-07
8.076E-01	1.223E-02	1.223E-02	1.222E-02	-7.516E-07
8.095E-01	1.179E-02	1.179E-02	1.179E-02	-7.151E-07
8.115E-01	1.137E-02	1.137E-02	1.137E-02	-6.801E-07
8.135E-01	1.096E-02	1.096E-02	1.096E-02	-6.463E-07
8.155E-01	1.056E-02	1.056E-02	1.056E-02	-6.139E-07
8.175E-01	1.017E-02	1.017E-02	1.017E-02	-5.828E-07
8.195E-01	9.793E-03	9.793E-03	9.793E-03	-5.529E-07
8.214E-01	9.423E-03	9.423E-03	9.423E-03	-5.242E-07
8.234E-01	9.063E-03	9.063E-03	9.063E-03	-4.966E-07
8.254E-01	8.713E-03	8.713E-03	8.712E-03	-4.702E-07
8.274E-01	8.372E-03	8.372E-03	8.371E-03	-4.449E-07
8.294E-01	8.040E-03	8.040E-03	8.040E-03	-4.207E-07
8.314E-01	7.718E-03	7.718E-03	7.718E-03	-3.976E-07
8.333E-01	7.405E-03	7.405E-03	7.405E-03	-3.754E-07
8.353E-01	7.101E-03	7.101E-03	7.100E-03	-3.542E-07
8.373E-01	6.805E-03	6.805E-03	6.805E-03	-3.339E-07
8.393E-01	6.519E-03	6.519E-03	6.518E-03	-3.146E-07
8.413E-01	6.241E-03	6.241E-03	6.240E-03	-2.962E-07
8.433E-01	5.971E-03	5.971E-03	5.971E-03	-2.786E-07
8.453E-01	5.710E-03	5.710E-03	5.709E-03	-2.618E-07
8.472E-01	5.456E-03	5.456E-03	5.456E-03	-2.459E-07
8.492E-01	5.211E-03	5.211E-03	5.211E-03	-2.307E-07
8.512E-01	4.974E-03	4.974E-03	4.973E-03	-2.162E-07
8.532E-01	4.744E-03	4.744E-03	4.744E-03	-2.025E-07
8.552E-01	4.522E-03	4.522E-03	4.521E-03	-1.895E-07
8.572E-01	4.307E-03	4.307E-03	4.307E-03	-1.771E-07
8.591E-01	4.099E-03	4.099E-03	4.099E-03	-1.654E-07
8.611E-01	3.899E-03	3.899E-03	3.899E-03	-1.543E-07
8.631E-01	3.706E-03	3.706E-03	3.706E-03	-1.438E-07
8.651E-01	3.519E-03	3.519E-03	3.519E-03	-1.338E-07
8.671E-01	3.340E-03	3.340E-03	3.340E-03	-1.245E-07
8.691E-01	3.167E-03	3.167E-03	3.166E-03	-1.156E-07
8.710E-01	3.000E-03	3.000E-03	3.000E-03	-1.072E-07
8.730E-01	2.840E-03	2.840E-03	2.839E-03	-9.936E-08
8.750E-01	2.685E-03	2.685E-03	2.685E-03	-9.195E-08
8.770E-01	2.537E-03	2.537E-03	2.537E-03	-8.499E-08
8.790E-01	2.395E-03	2.395E-03	2.395E-03	-7.844E-08
8.810E-01	2.258E-03	2.258E-03	2.258E-03	-7.230E-08
8.829E-01	2.128E-03	2.128E-03	2.127E-03	-6.655E-08
8.849E-01	2.002E-03	2.002E-03	2.002E-03	-6.116E-08
8.869E-01	1.882E-03	1.882E-03	1.882E-03	-5.613E-08
8.889E-01	1.767E-03	1.767E-03	1.767E-03	-5.143E-08
8.909E-01	1.657E-03	1.657E-03	1.657E-03	-4.704E-08
8.929E-01	1.553E-03	1.553E-03	1.553E-03	-4.296E-08
8.948E-01	1.453E-03	1.453E-03	1.453E-03	-3.916E-08
8.968E-01	1.357E-03	1.357E-03	1.357E-03	-3.563E-08
8.988E-01	1.267E-03	1.267E-03	1.267E-03	-3.236E-08
9.008E-01	1.180E-03	1.180E-03	1.180E-03	-2.934E-08
9.028E-01	1.098E-03	1.098E-03	1.098E-03	-2.654E-08
9.048E-01	1.020E-03	1.020E-03	1.020E-03	-2.396E-08
9.068E-01	9.464E-04	9.464E-04	9.464E-04	-2.158E-08
9.087E-01	8.765E-04	8.765E-04	8.764E-04	-1.939E-08
9.107E-01	8.103E-04	8.103E-04	8.103E-04	-1.738E-08
9.127E-01	7.477E-04	7.477E-04	7.477E-04	-1.554E-08
9.147E-01	6.888E-04	6.888E-04	6.887E-04	-1.386E-08
9.167E-01	6.332E-04	6.332E-04	6.332E-04	-1.233E-08
9.187E-01	5.809E-04	5.809E-04	5.809E-04	-1.093E-08
9.206E-01	5.318E-04	5.318E-04	5.318E-04	-9.664E-09
9.226E-01	4.857E-04	4.857E-04	4.857E-04	-8.517E-09
9.246E-01	4.426E-04	4.426E-04	4.426E-04	-7.480E-09
9.266E-01	4.023E-04	4.023E-04	4.023E-04	-6.547E-09
9.286E-01	3.647E-04	3.647E-04	3.647E-04	-5.709E-09
9.306E-01	3.297E-04	3.297E-04	3.296E-04	-4.958E-09
9.325E-01	2.971E-04	2.971E-04	2.971E-04	-4.289E-09
9.345E-01	2.670E-04	2.670E-04	2.670E-04	-3.693E-09
9.365E-01	2.391E-04	2.391E-04	2.391E-04	-3.165E-09
9.385E-01	2.134E-04	2.134E-04	2.134E-04	-2.699E-09
9.405E-01	1.897E-04	1.897E-04	1.897E-04	-2.290E-09
9.425E-01	1.680E-04	1.680E-04	1.680E-04	-1.931E-09
9.444E-01	1.481E-04	1.481E-04	1.481E-04	-1.619E-09
9.464E-01	1.300E-04	1.300E-04	1.300E-04	-1.349E-09
9.484E-01	1.135E-04	1.135E-04	1.135E-04	-1.115E-09
9.504E-01	9.859E-05	9.859E-05	9.859E-05	-9.156E-10
9.524E-01	8.514E-05	8.514E-05	8.514E-05	-7.454E-10
9.544E-01	7.307E-05	7.307E-05	7.307E-05	-6.015E-10
9.564E-01	6.229E-05	6.229E-05	6.229E-05	-4.806E-10
9.583E-01	5.270E-05	5.270E-05	5.270E-05	-3.801E-10
9.603E-01	4.423E-05	4.423E-05	4.423E-05	-2.970E-10
9.623E-01	3.678E-05	3.678E-05	3.678E-05	-2.292E-10
9.643E-01	3.029E-05	3.029E-05	3.029E-05	-1.743E-10
9.663E-01	2.466E-05	2.466E-05	2.466E-05	-1.305E-10
9.683E-01	1.983E-05	1.983E-05	1.983E-05	-9.600E-11
9.702E-01	1.572E-05	1.572E-05	1.572E-05	-6.920E-11
9.722E-01	1.227E-05	1.227E-05	1.227E-05	-4.875E-11
9.742E-01	9.400E-06	9.400E-06	9.400E-06	-3.345E-11
9.762E-01	7.048E-06	7.048E-06	7.048E-06	-2.226E-11
9.782E-01	5.154E-06	5.154E-06	5.154E-06	-1.429E-11
9.802E-01	3.659E-06	3.659E-06	3.658E-06	-8.791E-12
9.821E-01	2.504E-06	2.504E-06	2.504E-06	-5.134E-12
9.841E-01	1.639E-06	1.639E-06	1.639E-06	-2.811E-12
9.861E-01	1.014E-06	1.014E-06	1.014E-06	-1.419E-12
9.881E-01	5.824E-07	5.824E-07	5.824E-07	-6.436E-13
9.901E-01	3.022E-07	3.022E-07	3.022E-07	-2.523E-13
9.921E-01	1.356E-07	1.356E-07	1.356E-07	-7.981E-14
9.940E-01	4.803E-08	4.803E-08	4.803E-08	-1.801E-14
9.960E-01	1.102E-08	1.102E-08	1.102E-08	-2.393E-15
9.980E-01	1.051E-09	1.051E-09	1.051E-09	-1.428E-16
1.000E+00	0.000E+00	0.000E+00	0.000E+00	0.000E+00
