Q0 = 0.620 GeV	 Q = 1.732 GeV
x	 x*(uv-dv)
1.000E-04	1.263E-03	1.466E-03
1.009E-04	1.272E-03	1.476E-03
1.019E-04	1.281E-03	1.486E-03
1.028E-04	1.290E-03	1.496E-03
1.038E-04	1.299E-03	1.506E-03
1.047E-04	1.308E-03	1.516E-03
1.057E-04	1.317E-03	1.526E-03
1.067E-04	1.326E-03	1.536E-03
1.076E-04	1.335E-03	1.546E-03
1.086E-04	1.345E-03	1.557E-03
1.096E-04	1.354E-03	1.567E-03
1.107E-04	1.364E-03	1.578E-03
1.117E-04	1.373E-03	1.588E-03
1.127E-04	1.383E-03	1.599E-03
1.138E-04	1.393E-03	1.610E-03
1.148E-04	1.403E-03	1.620E-03
1.159E-04	1.412E-03	1.631E-03
1.169E-04	1.422E-03	1.642E-03
1.180E-04	1.432E-03	1.653E-03
1.191E-04	1.442E-03	1.664E-03
1.202E-04	1.453E-03	1.675E-03
1.213E-04	1.463E-03	1.687E-03
1.225E-04	1.473E-03	1.698E-03
1.236E-04	1.483E-03	1.709E-03
1.247E-04	1.494E-03	1.721E-03
1.259E-04	1.504E-03	1.732E-03
1.271E-04	1.515E-03	1.744E-03
1.282E-04	1.526E-03	1.756E-03
1.294E-04	1.536E-03	1.768E-03
1.306E-04	1.547E-03	1.779E-03
1.318E-04	1.558E-03	1.791E-03
1.330E-04	1.569E-03	1.803E-03
1.343E-04	1.580E-03	1.815E-03
1.355E-04	1.591E-03	1.828E-03
1.368E-04	1.602E-03	1.840E-03
1.380E-04	1.614E-03	1.852E-03
1.393E-04	1.625E-03	1.865E-03
1.406E-04	1.636E-03	1.877E-03
1.419E-04	1.648E-03	1.890E-03
1.432E-04	1.659E-03	1.902E-03
1.445E-04	1.671E-03	1.915E-03
1.459E-04	1.683E-03	1.928E-03
1.472E-04	1.695E-03	1.941E-03
1.486E-04	1.707E-03	1.954E-03
1.500E-04	1.719E-03	1.967E-03
1.514E-04	1.731E-03	1.980E-03
1.528E-04	1.743E-03	1.994E-03
1.542E-04	1.755E-03	2.007E-03
1.556E-04	1.767E-03	2.020E-03
1.570E-04	1.780E-03	2.034E-03
1.585E-04	1.792E-03	2.048E-03
1.600E-04	1.805E-03	2.061E-03
1.614E-04	1.818E-03	2.075E-03
1.629E-04	1.830E-03	2.089E-03
1.644E-04	1.843E-03	2.103E-03
1.660E-04	1.856E-03	2.117E-03
1.675E-04	1.869E-03	2.132E-03
1.690E-04	1.882E-03	2.146E-03
1.706E-04	1.896E-03	2.160E-03
1.722E-04	1.909E-03	2.175E-03
1.738E-04	1.922E-03	2.189E-03
1.754E-04	1.936E-03	2.204E-03
1.770E-04	1.950E-03	2.219E-03
1.786E-04	1.963E-03	2.234E-03
1.803E-04	1.977E-03	2.249E-03
1.820E-04	1.991E-03	2.264E-03
1.837E-04	2.005E-03	2.279E-03
1.854E-04	2.019E-03	2.294E-03
1.871E-04	2.033E-03	2.310E-03
1.888E-04	2.048E-03	2.325E-03
1.905E-04	2.062E-03	2.341E-03
1.923E-04	2.077E-03	2.357E-03
1.941E-04	2.091E-03	2.372E-03
1.959E-04	2.106E-03	2.388E-03
1.977E-04	2.121E-03	2.404E-03
1.995E-04	2.136E-03	2.421E-03
2.014E-04	2.151E-03	2.437E-03
2.032E-04	2.166E-03	2.453E-03
2.051E-04	2.181E-03	2.470E-03
2.070E-04	2.197E-03	2.486E-03
2.089E-04	2.212E-03	2.503E-03
2.109E-04	2.228E-03	2.520E-03
2.128E-04	2.243E-03	2.537E-03
2.148E-04	2.259E-03	2.554E-03
2.168E-04	2.275E-03	2.571E-03
2.188E-04	2.291E-03	2.588E-03
2.208E-04	2.307E-03	2.606E-03
2.228E-04	2.323E-03	2.623E-03
2.249E-04	2.340E-03	2.641E-03
2.270E-04	2.356E-03	2.659E-03
2.291E-04	2.373E-03	2.676E-03
2.312E-04	2.389E-03	2.694E-03
2.333E-04	2.406E-03	2.713E-03
2.355E-04	2.423E-03	2.731E-03
2.377E-04	2.440E-03	2.749E-03
2.399E-04	2.457E-03	2.768E-03
2.421E-04	2.475E-03	2.786E-03
2.443E-04	2.492E-03	2.805E-03
2.466E-04	2.510E-03	2.824E-03
2.489E-04	2.527E-03	2.843E-03
2.512E-04	2.545E-03	2.862E-03
2.535E-04	2.563E-03	2.881E-03
2.559E-04	2.581E-03	2.901E-03
2.582E-04	2.599E-03	2.920E-03
2.606E-04	2.618E-03	2.940E-03
2.630E-04	2.636E-03	2.959E-03
2.655E-04	2.655E-03	2.979E-03
2.679E-04	2.673E-03	2.999E-03
2.704E-04	2.692E-03	3.020E-03
2.729E-04	2.711E-03	3.040E-03
2.754E-04	2.730E-03	3.060E-03
2.780E-04	2.750E-03	3.081E-03
2.805E-04	2.769E-03	3.102E-03
2.831E-04	2.788E-03	3.123E-03
2.858E-04	2.808E-03	3.144E-03
2.884E-04	2.828E-03	3.165E-03
2.911E-04	2.848E-03	3.186E-03
2.938E-04	2.868E-03	3.208E-03
2.965E-04	2.888E-03	3.229E-03
2.992E-04	2.908E-03	3.251E-03
3.020E-04	2.929E-03	3.273E-03
3.048E-04	2.950E-03	3.295E-03
3.076E-04	2.970E-03	3.317E-03
3.105E-04	2.991E-03	3.339E-03
3.133E-04	3.012E-03	3.362E-03
3.162E-04	3.034E-03	3.384E-03
3.192E-04	3.055E-03	3.407E-03
3.221E-04	3.077E-03	3.430E-03
3.251E-04	3.098E-03	3.453E-03
3.281E-04	3.120E-03	3.477E-03
3.311E-04	3.142E-03	3.500E-03
3.342E-04	3.164E-03	3.524E-03
3.373E-04	3.187E-03	3.547E-03
3.404E-04	3.209E-03	3.571E-03
3.436E-04	3.232E-03	3.595E-03
3.467E-04	3.254E-03	3.619E-03
3.499E-04	3.277E-03	3.644E-03
3.532E-04	3.301E-03	3.668E-03
3.565E-04	3.324E-03	3.693E-03
3.597E-04	3.347E-03	3.718E-03
3.631E-04	3.371E-03	3.743E-03
3.664E-04	3.395E-03	3.768E-03
3.698E-04	3.419E-03	3.794E-03
3.733E-04	3.443E-03	3.819E-03
3.767E-04	3.467E-03	3.845E-03
3.802E-04	3.491E-03	3.871E-03
3.837E-04	3.516E-03	3.897E-03
3.873E-04	3.541E-03	3.923E-03
3.908E-04	3.566E-03	3.950E-03
3.945E-04	3.591E-03	3.976E-03
3.981E-04	3.616E-03	4.003E-03
4.018E-04	3.642E-03	4.030E-03
4.055E-04	3.668E-03	4.057E-03
4.093E-04	3.694E-03	4.085E-03
4.130E-04	3.720E-03	4.112E-03
4.169E-04	3.746E-03	4.140E-03
4.207E-04	3.772E-03	4.168E-03
4.246E-04	3.799E-03	4.196E-03
4.285E-04	3.826E-03	4.224E-03
4.325E-04	3.853E-03	4.253E-03
4.365E-04	3.880E-03	4.282E-03
4.406E-04	3.907E-03	4.311E-03
4.446E-04	3.935E-03	4.340E-03
4.487E-04	3.963E-03	4.369E-03
4.529E-04	3.991E-03	4.398E-03
4.571E-04	4.019E-03	4.428E-03
4.613E-04	4.047E-03	4.458E-03
4.656E-04	4.076E-03	4.488E-03
4.699E-04	4.105E-03	4.518E-03
4.742E-04	4.134E-03	4.549E-03
4.786E-04	4.163E-03	4.580E-03
4.831E-04	4.192E-03	4.611E-03
4.875E-04	4.222E-03	4.642E-03
4.920E-04	4.252E-03	4.673E-03
4.966E-04	4.282E-03	4.705E-03
5.012E-04	4.312E-03	4.736E-03
5.058E-04	4.342E-03	4.768E-03
5.105E-04	4.373E-03	4.801E-03
5.152E-04	4.404E-03	4.833E-03
5.200E-04	4.435E-03	4.866E-03
5.248E-04	4.466E-03	4.899E-03
5.297E-04	4.498E-03	4.932E-03
5.346E-04	4.530E-03	4.965E-03
5.395E-04	4.562E-03	4.999E-03
5.445E-04	4.594E-03	5.033E-03
5.495E-04	4.626E-03	5.067E-03
5.546E-04	4.659E-03	5.101E-03
5.598E-04	4.692E-03	5.135E-03
5.649E-04	4.725E-03	5.170E-03
5.702E-04	4.758E-03	5.205E-03
5.754E-04	4.792E-03	5.240E-03
5.808E-04	4.826E-03	5.276E-03
5.861E-04	4.860E-03	5.311E-03
5.916E-04	4.894E-03	5.347E-03
5.970E-04	4.929E-03	5.383E-03
6.026E-04	4.964E-03	5.420E-03
6.081E-04	4.999E-03	5.457E-03
6.138E-04	5.034E-03	5.493E-03
6.194E-04	5.070E-03	5.531E-03
6.252E-04	5.106E-03	5.568E-03
6.310E-04	5.142E-03	5.606E-03
6.368E-04	5.178E-03	5.644E-03
6.427E-04	5.215E-03	5.682E-03
6.486E-04	5.252E-03	5.720E-03
6.546E-04	5.289E-03	5.759E-03
6.607E-04	5.326E-03	5.798E-03
6.668E-04	5.364E-03	5.837E-03
6.730E-04	5.402E-03	5.877E-03
6.792E-04	5.440E-03	5.917E-03
6.855E-04	5.479E-03	5.957E-03
6.918E-04	5.517E-03	5.997E-03
6.982E-04	5.556E-03	6.038E-03
7.047E-04	5.596E-03	6.079E-03
7.112E-04	5.635E-03	6.120E-03
7.178E-04	5.675E-03	6.162E-03
7.244E-04	5.715E-03	6.203E-03
7.311E-04	5.756E-03	6.245E-03
7.379E-04	5.796E-03	6.288E-03
7.447E-04	5.838E-03	6.330E-03
7.516E-04	5.879E-03	6.373E-03
7.586E-04	5.920E-03	6.417E-03
7.656E-04	5.962E-03	6.460E-03
7.727E-04	6.005E-03	6.504E-03
7.798E-04	6.047E-03	6.548E-03
7.870E-04	6.090E-03	6.592E-03
7.943E-04	6.133E-03	6.637E-03
8.017E-04	6.176E-03	6.682E-03
8.091E-04	6.220E-03	6.728E-03
8.166E-04	6.264E-03	6.773E-03
8.241E-04	6.309E-03	6.819E-03
8.318E-04	6.353E-03	6.865E-03
8.395E-04	6.398E-03	6.912E-03
8.472E-04	6.443E-03	6.959E-03
8.551E-04	6.489E-03	7.006E-03
8.630E-04	6.535E-03	7.054E-03
8.710E-04	6.581E-03	7.102E-03
8.790E-04	6.628E-03	7.150E-03
8.872E-04	6.675E-03	7.199E-03
8.954E-04	6.722E-03	7.247E-03
9.036E-04	6.770E-03	7.297E-03
9.120E-04	6.818E-03	7.346E-03
9.204E-04	6.866E-03	7.396E-03
9.290E-04	6.915E-03	7.446E-03
9.376E-04	6.964E-03	7.497E-03
9.462E-04	7.013E-03	7.548E-03
9.550E-04	7.063E-03	7.599E-03
9.638E-04	7.113E-03	7.651E-03
9.727E-04	7.163E-03	7.703E-03
9.817E-04	7.214E-03	7.755E-03
9.908E-04	7.265E-03	7.808E-03
1.000E-03	7.317E-03	7.861E-03
1.009E-03	7.369E-03	7.915E-03
1.019E-03	7.421E-03	7.969E-03
1.028E-03	7.473E-03	8.023E-03
1.038E-03	7.526E-03	8.077E-03
1.047E-03	7.580E-03	8.132E-03
1.057E-03	7.633E-03	8.188E-03
1.067E-03	7.688E-03	8.244E-03
1.076E-03	7.742E-03	8.300E-03
1.086E-03	7.797E-03	8.356E-03
1.096E-03	7.852E-03	8.413E-03
1.107E-03	7.908E-03	8.470E-03
1.117E-03	7.964E-03	8.528E-03
1.127E-03	8.021E-03	8.586E-03
1.138E-03	8.078E-03	8.645E-03
1.148E-03	8.135E-03	8.704E-03
1.159E-03	8.193E-03	8.763E-03
1.169E-03	8.251E-03	8.823E-03
1.180E-03	8.309E-03	8.883E-03
1.191E-03	8.368E-03	8.943E-03
1.202E-03	8.428E-03	9.004E-03
1.213E-03	8.487E-03	9.066E-03
1.225E-03	8.548E-03	9.127E-03
1.236E-03	8.608E-03	9.190E-03
1.247E-03	8.669E-03	9.252E-03
1.259E-03	8.731E-03	9.316E-03
1.271E-03	8.793E-03	9.379E-03
1.282E-03	8.855E-03	9.443E-03
1.294E-03	8.918E-03	9.508E-03
1.306E-03	8.981E-03	9.572E-03
1.318E-03	9.045E-03	9.638E-03
1.330E-03	9.109E-03	9.704E-03
1.343E-03	9.174E-03	9.770E-03
1.355E-03	9.239E-03	9.837E-03
1.368E-03	9.305E-03	9.904E-03
1.380E-03	9.371E-03	9.971E-03
1.393E-03	9.438E-03	1.004E-02
1.406E-03	9.505E-03	1.011E-02
1.419E-03	9.572E-03	1.018E-02
1.432E-03	9.640E-03	1.025E-02
1.445E-03	9.709E-03	1.032E-02
1.459E-03	9.778E-03	1.039E-02
1.472E-03	9.847E-03	1.046E-02
1.486E-03	9.917E-03	1.053E-02
1.500E-03	9.987E-03	1.060E-02
1.514E-03	1.006E-02	1.067E-02
1.528E-03	1.013E-02	1.075E-02
1.542E-03	1.020E-02	1.082E-02
1.556E-03	1.027E-02	1.089E-02
1.570E-03	1.035E-02	1.097E-02
1.585E-03	1.042E-02	1.104E-02
1.600E-03	1.050E-02	1.112E-02
1.614E-03	1.057E-02	1.120E-02
1.629E-03	1.064E-02	1.127E-02
1.644E-03	1.072E-02	1.135E-02
1.660E-03	1.080E-02	1.143E-02
1.675E-03	1.087E-02	1.151E-02
1.690E-03	1.095E-02	1.158E-02
1.706E-03	1.103E-02	1.166E-02
1.722E-03	1.111E-02	1.174E-02
1.738E-03	1.119E-02	1.182E-02
1.754E-03	1.127E-02	1.191E-02
1.770E-03	1.135E-02	1.199E-02
1.786E-03	1.143E-02	1.207E-02
1.803E-03	1.151E-02	1.215E-02
1.820E-03	1.159E-02	1.224E-02
1.837E-03	1.167E-02	1.232E-02
1.854E-03	1.176E-02	1.240E-02
1.871E-03	1.184E-02	1.249E-02
1.888E-03	1.192E-02	1.257E-02
1.905E-03	1.201E-02	1.266E-02
1.923E-03	1.209E-02	1.275E-02
1.941E-03	1.218E-02	1.283E-02
1.959E-03	1.227E-02	1.292E-02
1.977E-03	1.235E-02	1.301E-02
1.995E-03	1.244E-02	1.310E-02
2.014E-03	1.253E-02	1.319E-02
2.032E-03	1.262E-02	1.328E-02
2.051E-03	1.271E-02	1.337E-02
2.070E-03	1.280E-02	1.346E-02
2.089E-03	1.289E-02	1.356E-02
2.109E-03	1.298E-02	1.365E-02
2.128E-03	1.308E-02	1.374E-02
2.148E-03	1.317E-02	1.384E-02
2.168E-03	1.326E-02	1.393E-02
2.188E-03	1.336E-02	1.403E-02
2.208E-03	1.345E-02	1.413E-02
2.228E-03	1.355E-02	1.422E-02
2.249E-03	1.364E-02	1.432E-02
2.270E-03	1.374E-02	1.442E-02
2.291E-03	1.384E-02	1.452E-02
2.312E-03	1.394E-02	1.462E-02
2.333E-03	1.404E-02	1.472E-02
2.355E-03	1.414E-02	1.482E-02
2.377E-03	1.424E-02	1.492E-02
2.399E-03	1.434E-02	1.503E-02
2.421E-03	1.444E-02	1.513E-02
2.443E-03	1.455E-02	1.523E-02
2.466E-03	1.465E-02	1.534E-02
2.489E-03	1.475E-02	1.544E-02
2.512E-03	1.486E-02	1.555E-02
2.535E-03	1.496E-02	1.566E-02
2.559E-03	1.507E-02	1.577E-02
2.582E-03	1.518E-02	1.587E-02
2.606E-03	1.529E-02	1.598E-02
2.630E-03	1.540E-02	1.609E-02
2.655E-03	1.551E-02	1.620E-02
2.679E-03	1.562E-02	1.632E-02
2.704E-03	1.573E-02	1.643E-02
2.729E-03	1.584E-02	1.654E-02
2.754E-03	1.595E-02	1.666E-02
2.780E-03	1.607E-02	1.677E-02
2.805E-03	1.618E-02	1.689E-02
2.831E-03	1.630E-02	1.700E-02
2.858E-03	1.641E-02	1.712E-02
2.884E-03	1.653E-02	1.724E-02
2.911E-03	1.665E-02	1.736E-02
2.938E-03	1.677E-02	1.748E-02
2.965E-03	1.689E-02	1.760E-02
2.992E-03	1.701E-02	1.772E-02
3.020E-03	1.713E-02	1.784E-02
3.048E-03	1.725E-02	1.797E-02
3.076E-03	1.738E-02	1.809E-02
3.105E-03	1.750E-02	1.822E-02
3.133E-03	1.762E-02	1.834E-02
3.162E-03	1.775E-02	1.847E-02
3.192E-03	1.788E-02	1.860E-02
3.221E-03	1.801E-02	1.873E-02
3.251E-03	1.813E-02	1.886E-02
3.281E-03	1.826E-02	1.899E-02
3.311E-03	1.839E-02	1.912E-02
3.342E-03	1.853E-02	1.925E-02
3.373E-03	1.866E-02	1.938E-02
3.404E-03	1.879E-02	1.952E-02
3.436E-03	1.893E-02	1.965E-02
3.467E-03	1.906E-02	1.979E-02
3.499E-03	1.920E-02	1.993E-02
3.532E-03	1.934E-02	2.006E-02
3.565E-03	1.947E-02	2.020E-02
3.597E-03	1.961E-02	2.034E-02
3.631E-03	1.975E-02	2.048E-02
3.664E-03	1.989E-02	2.063E-02
3.698E-03	2.004E-02	2.077E-02
3.733E-03	2.018E-02	2.091E-02
3.767E-03	2.032E-02	2.106E-02
3.802E-03	2.047E-02	2.121E-02
3.837E-03	2.062E-02	2.135E-02
3.873E-03	2.076E-02	2.150E-02
3.908E-03	2.091E-02	2.165E-02
3.945E-03	2.106E-02	2.180E-02
3.981E-03	2.121E-02	2.195E-02
4.018E-03	2.137E-02	2.210E-02
4.055E-03	2.152E-02	2.226E-02
4.093E-03	2.167E-02	2.241E-02
4.130E-03	2.183E-02	2.257E-02
4.169E-03	2.198E-02	2.273E-02
4.207E-03	2.214E-02	2.288E-02
4.246E-03	2.230E-02	2.304E-02
4.285E-03	2.246E-02	2.320E-02
4.325E-03	2.262E-02	2.336E-02
4.365E-03	2.278E-02	2.353E-02
4.406E-03	2.295E-02	2.369E-02
4.446E-03	2.311E-02	2.386E-02
4.487E-03	2.328E-02	2.402E-02
4.529E-03	2.344E-02	2.419E-02
4.571E-03	2.361E-02	2.436E-02
4.613E-03	2.378E-02	2.453E-02
4.656E-03	2.395E-02	2.470E-02
4.699E-03	2.412E-02	2.487E-02
4.742E-03	2.430E-02	2.504E-02
4.786E-03	2.447E-02	2.522E-02
4.831E-03	2.465E-02	2.540E-02
4.875E-03	2.482E-02	2.557E-02
4.920E-03	2.500E-02	2.575E-02
4.966E-03	2.518E-02	2.593E-02
5.012E-03	2.536E-02	2.611E-02
5.058E-03	2.554E-02	2.629E-02
5.105E-03	2.573E-02	2.648E-02
5.152E-03	2.591E-02	2.666E-02
5.200E-03	2.610E-02	2.685E-02
5.248E-03	2.629E-02	2.704E-02
5.297E-03	2.647E-02	2.723E-02
5.346E-03	2.666E-02	2.742E-02
5.395E-03	2.686E-02	2.761E-02
5.445E-03	2.705E-02	2.780E-02
5.495E-03	2.724E-02	2.800E-02
5.546E-03	2.744E-02	2.819E-02
5.598E-03	2.764E-02	2.839E-02
5.649E-03	2.783E-02	2.859E-02
5.702E-03	2.803E-02	2.879E-02
5.754E-03	2.824E-02	2.899E-02
5.808E-03	2.844E-02	2.919E-02
5.861E-03	2.864E-02	2.940E-02
5.916E-03	2.885E-02	2.960E-02
5.970E-03	2.906E-02	2.981E-02
6.026E-03	2.927E-02	3.002E-02
6.081E-03	2.948E-02	3.023E-02
6.138E-03	2.969E-02	3.044E-02
6.194E-03	2.990E-02	3.065E-02
6.252E-03	3.012E-02	3.087E-02
6.310E-03	3.033E-02	3.109E-02
6.368E-03	3.055E-02	3.130E-02
6.427E-03	3.077E-02	3.152E-02
6.486E-03	3.099E-02	3.175E-02
6.546E-03	3.122E-02	3.197E-02
6.607E-03	3.144E-02	3.219E-02
6.668E-03	3.167E-02	3.242E-02
6.730E-03	3.190E-02	3.265E-02
6.792E-03	3.213E-02	3.288E-02
6.855E-03	3.236E-02	3.311E-02
6.918E-03	3.259E-02	3.334E-02
6.982E-03	3.283E-02	3.357E-02
7.047E-03	3.306E-02	3.381E-02
7.112E-03	3.330E-02	3.405E-02
7.178E-03	3.354E-02	3.429E-02
7.244E-03	3.378E-02	3.453E-02
7.311E-03	3.403E-02	3.477E-02
7.379E-03	3.427E-02	3.502E-02
7.447E-03	3.452E-02	3.526E-02
7.516E-03	3.477E-02	3.551E-02
7.586E-03	3.502E-02	3.576E-02
7.656E-03	3.527E-02	3.602E-02
7.727E-03	3.552E-02	3.627E-02
7.798E-03	3.578E-02	3.653E-02
7.870E-03	3.604E-02	3.678E-02
7.943E-03	3.630E-02	3.704E-02
8.017E-03	3.656E-02	3.730E-02
8.091E-03	3.682E-02	3.757E-02
8.166E-03	3.709E-02	3.783E-02
8.241E-03	3.736E-02	3.810E-02
8.318E-03	3.763E-02	3.837E-02
8.395E-03	3.790E-02	3.864E-02
8.472E-03	3.817E-02	3.891E-02
8.551E-03	3.845E-02	3.919E-02
8.630E-03	3.873E-02	3.946E-02
8.710E-03	3.901E-02	3.974E-02
8.790E-03	3.929E-02	4.002E-02
8.872E-03	3.957E-02	4.031E-02
8.954E-03	3.986E-02	4.059E-02
9.036E-03	4.015E-02	4.088E-02
9.120E-03	4.044E-02	4.117E-02
9.204E-03	4.073E-02	4.146E-02
9.290E-03	4.102E-02	4.175E-02
9.376E-03	4.132E-02	4.205E-02
9.462E-03	4.162E-02	4.235E-02
9.550E-03	4.192E-02	4.265E-02
9.638E-03	4.222E-02	4.295E-02
9.727E-03	4.253E-02	4.326E-02
9.817E-03	4.284E-02	4.356E-02
9.908E-03	4.315E-02	4.387E-02
1.000E-02	4.346E-02	4.418E-02
1.198E-02	5.009E-02	5.079E-02
1.397E-02	5.650E-02	5.717E-02
1.595E-02	6.273E-02	6.338E-02
1.794E-02	6.882E-02	6.943E-02
1.992E-02	7.477E-02	7.536E-02
2.190E-02	8.062E-02	8.117E-02
2.389E-02	8.636E-02	8.689E-02
2.587E-02	9.201E-02	9.252E-02
2.786E-02	9.757E-02	9.806E-02
2.984E-02	1.031E-01	1.035E-01
3.182E-02	1.085E-01	1.089E-01
3.381E-02	1.138E-01	1.143E-01
3.579E-02	1.191E-01	1.195E-01
3.778E-02	1.244E-01	1.247E-01
3.976E-02	1.295E-01	1.299E-01
4.174E-02	1.347E-01	1.350E-01
4.373E-02	1.397E-01	1.401E-01
4.571E-02	1.448E-01	1.451E-01
4.770E-02	1.497E-01	1.500E-01
4.968E-02	1.547E-01	1.550E-01
5.166E-02	1.595E-01	1.598E-01
5.365E-02	1.644E-01	1.646E-01
5.563E-02	1.692E-01	1.694E-01
5.762E-02	1.739E-01	1.742E-01
5.960E-02	1.786E-01	1.789E-01
6.158E-02	1.833E-01	1.835E-01
6.357E-02	1.879E-01	1.881E-01
6.555E-02	1.925E-01	1.927E-01
6.754E-02	1.971E-01	1.972E-01
6.952E-02	2.016E-01	2.017E-01
7.150E-02	2.060E-01	2.062E-01
7.349E-02	2.104E-01	2.106E-01
7.547E-02	2.148E-01	2.150E-01
7.745E-02	2.192E-01	2.193E-01
7.944E-02	2.235E-01	2.236E-01
8.142E-02	2.277E-01	2.279E-01
8.341E-02	2.320E-01	2.321E-01
8.539E-02	2.361E-01	2.363E-01
8.737E-02	2.403E-01	2.404E-01
8.936E-02	2.444E-01	2.445E-01
9.134E-02	2.485E-01	2.486E-01
9.333E-02	2.525E-01	2.526E-01
9.531E-02	2.565E-01	2.566E-01
9.729E-02	2.604E-01	2.605E-01
9.928E-02	2.643E-01	2.644E-01
1.013E-01	2.682E-01	2.683E-01
1.032E-01	2.720E-01	2.721E-01
1.052E-01	2.758E-01	2.759E-01
1.072E-01	2.795E-01	2.796E-01
1.092E-01	2.833E-01	2.833E-01
1.112E-01	2.869E-01	2.870E-01
1.132E-01	2.905E-01	2.906E-01
1.152E-01	2.941E-01	2.942E-01
1.171E-01	2.977E-01	2.977E-01
1.191E-01	3.012E-01	3.012E-01
1.211E-01	3.046E-01	3.047E-01
1.231E-01	3.080E-01	3.081E-01
1.251E-01	3.114E-01	3.115E-01
1.271E-01	3.147E-01	3.148E-01
1.290E-01	3.180E-01	3.181E-01
1.310E-01	3.213E-01	3.213E-01
1.330E-01	3.245E-01	3.245E-01
1.350E-01	3.276E-01	3.277E-01
1.370E-01	3.307E-01	3.308E-01
1.390E-01	3.338E-01	3.339E-01
1.409E-01	3.368E-01	3.369E-01
1.429E-01	3.398E-01	3.399E-01
1.449E-01	3.428E-01	3.428E-01
1.469E-01	3.457E-01	3.457E-01
1.489E-01	3.485E-01	3.486E-01
1.509E-01	3.513E-01	3.514E-01
1.528E-01	3.541E-01	3.541E-01
1.548E-01	3.568E-01	3.569E-01
1.568E-01	3.595E-01	3.595E-01
1.588E-01	3.621E-01	3.622E-01
1.608E-01	3.647E-01	3.647E-01
1.628E-01	3.673E-01	3.673E-01
1.647E-01	3.698E-01	3.698E-01
1.667E-01	3.722E-01	3.722E-01
1.687E-01	3.746E-01	3.747E-01
1.707E-01	3.770E-01	3.770E-01
1.727E-01	3.793E-01	3.793E-01
1.747E-01	3.816E-01	3.816E-01
1.767E-01	3.838E-01	3.838E-01
1.786E-01	3.860E-01	3.860E-01
1.806E-01	3.882E-01	3.882E-01
1.826E-01	3.902E-01	3.903E-01
1.846E-01	3.923E-01	3.923E-01
1.866E-01	3.943E-01	3.943E-01
1.886E-01	3.963E-01	3.963E-01
1.905E-01	3.982E-01	3.982E-01
1.925E-01	4.000E-01	4.001E-01
1.945E-01	4.019E-01	4.019E-01
1.965E-01	4.036E-01	4.037E-01
1.985E-01	4.054E-01	4.054E-01
2.005E-01	4.071E-01	4.071E-01
2.024E-01	4.087E-01	4.087E-01
2.044E-01	4.103E-01	4.103E-01
2.064E-01	4.119E-01	4.119E-01
2.084E-01	4.134E-01	4.134E-01
2.104E-01	4.148E-01	4.148E-01
2.124E-01	4.162E-01	4.162E-01
2.143E-01	4.176E-01	4.176E-01
2.163E-01	4.189E-01	4.189E-01
2.183E-01	4.202E-01	4.202E-01
2.203E-01	4.214E-01	4.215E-01
2.223E-01	4.226E-01	4.226E-01
2.243E-01	4.238E-01	4.238E-01
2.263E-01	4.249E-01	4.249E-01
2.282E-01	4.259E-01	4.259E-01
2.302E-01	4.270E-01	4.270E-01
2.322E-01	4.279E-01	4.279E-01
2.342E-01	4.288E-01	4.289E-01
2.362E-01	4.297E-01	4.297E-01
2.382E-01	4.306E-01	4.306E-01
2.401E-01	4.314E-01	4.314E-01
2.421E-01	4.321E-01	4.321E-01
2.441E-01	4.328E-01	4.328E-01
2.461E-01	4.335E-01	4.335E-01
2.481E-01	4.341E-01	4.341E-01
2.501E-01	4.347E-01	4.347E-01
2.520E-01	4.352E-01	4.352E-01
2.540E-01	4.357E-01	4.357E-01
2.560E-01	4.361E-01	4.361E-01
2.580E-01	4.365E-01	4.365E-01
2.600E-01	4.369E-01	4.369E-01
2.620E-01	4.372E-01	4.372E-01
2.639E-01	4.375E-01	4.375E-01
2.659E-01	4.377E-01	4.377E-01
2.679E-01	4.379E-01	4.379E-01
2.699E-01	4.381E-01	4.381E-01
2.719E-01	4.382E-01	4.382E-01
2.739E-01	4.383E-01	4.383E-01
2.759E-01	4.383E-01	4.383E-01
2.778E-01	4.383E-01	4.383E-01
2.798E-01	4.382E-01	4.382E-01
2.818E-01	4.382E-01	4.382E-01
2.838E-01	4.380E-01	4.380E-01
2.858E-01	4.379E-01	4.379E-01
2.878E-01	4.377E-01	4.377E-01
2.897E-01	4.374E-01	4.374E-01
2.917E-01	4.371E-01	4.371E-01
2.937E-01	4.368E-01	4.368E-01
2.957E-01	4.364E-01	4.364E-01
2.977E-01	4.360E-01	4.360E-01
2.997E-01	4.356E-01	4.356E-01
3.016E-01	4.351E-01	4.351E-01
3.036E-01	4.346E-01	4.346E-01
3.056E-01	4.341E-01	4.341E-01
3.076E-01	4.335E-01	4.335E-01
3.096E-01	4.329E-01	4.329E-01
3.116E-01	4.322E-01	4.322E-01
3.135E-01	4.315E-01	4.315E-01
3.155E-01	4.308E-01	4.308E-01
3.175E-01	4.301E-01	4.301E-01
3.195E-01	4.293E-01	4.293E-01
3.215E-01	4.284E-01	4.284E-01
3.235E-01	4.276E-01	4.276E-01
3.255E-01	4.267E-01	4.267E-01
3.274E-01	4.257E-01	4.258E-01
3.294E-01	4.248E-01	4.248E-01
3.314E-01	4.238E-01	4.238E-01
3.334E-01	4.228E-01	4.228E-01
3.354E-01	4.217E-01	4.217E-01
3.374E-01	4.206E-01	4.206E-01
3.393E-01	4.195E-01	4.195E-01
3.413E-01	4.183E-01	4.184E-01
3.433E-01	4.172E-01	4.172E-01
3.453E-01	4.160E-01	4.160E-01
3.473E-01	4.147E-01	4.147E-01
3.493E-01	4.134E-01	4.134E-01
3.512E-01	4.121E-01	4.121E-01
3.532E-01	4.108E-01	4.108E-01
3.552E-01	4.095E-01	4.095E-01
3.572E-01	4.081E-01	4.081E-01
3.592E-01	4.067E-01	4.067E-01
3.612E-01	4.052E-01	4.052E-01
3.631E-01	4.038E-01	4.038E-01
3.651E-01	4.023E-01	4.023E-01
3.671E-01	4.007E-01	4.007E-01
3.691E-01	3.992E-01	3.992E-01
3.711E-01	3.976E-01	3.976E-01
3.731E-01	3.960E-01	3.960E-01
3.751E-01	3.944E-01	3.944E-01
3.770E-01	3.928E-01	3.928E-01
3.790E-01	3.911E-01	3.911E-01
3.810E-01	3.894E-01	3.894E-01
3.830E-01	3.877E-01	3.877E-01
3.850E-01	3.860E-01	3.860E-01
3.870E-01	3.842E-01	3.842E-01
3.889E-01	3.824E-01	3.824E-01
3.909E-01	3.806E-01	3.806E-01
3.929E-01	3.788E-01	3.788E-01
3.949E-01	3.770E-01	3.770E-01
3.969E-01	3.751E-01	3.751E-01
3.989E-01	3.732E-01	3.732E-01
4.008E-01	3.713E-01	3.713E-01
4.028E-01	3.694E-01	3.694E-01
4.048E-01	3.674E-01	3.674E-01
4.068E-01	3.655E-01	3.655E-01
4.088E-01	3.635E-01	3.635E-01
4.108E-01	3.615E-01	3.615E-01
4.127E-01	3.595E-01	3.595E-01
4.147E-01	3.575E-01	3.575E-01
4.167E-01	3.554E-01	3.554E-01
4.187E-01	3.534E-01	3.534E-01
4.207E-01	3.513E-01	3.513E-01
4.227E-01	3.492E-01	3.492E-01
4.246E-01	3.471E-01	3.471E-01
4.266E-01	3.450E-01	3.450E-01
4.286E-01	3.428E-01	3.428E-01
4.306E-01	3.407E-01	3.407E-01
4.326E-01	3.385E-01	3.385E-01
4.346E-01	3.364E-01	3.364E-01
4.366E-01	3.342E-01	3.342E-01
4.385E-01	3.320E-01	3.320E-01
4.405E-01	3.298E-01	3.298E-01
4.425E-01	3.275E-01	3.275E-01
4.445E-01	3.253E-01	3.253E-01
4.465E-01	3.231E-01	3.231E-01
4.485E-01	3.208E-01	3.208E-01
4.504E-01	3.186E-01	3.186E-01
4.524E-01	3.163E-01	3.163E-01
4.544E-01	3.140E-01	3.140E-01
4.564E-01	3.117E-01	3.117E-01
4.584E-01	3.094E-01	3.094E-01
4.604E-01	3.071E-01	3.071E-01
4.623E-01	3.048E-01	3.048E-01
4.643E-01	3.025E-01	3.025E-01
4.663E-01	3.002E-01	3.002E-01
4.683E-01	2.978E-01	2.978E-01
4.703E-01	2.955E-01	2.955E-01
4.723E-01	2.931E-01	2.931E-01
4.742E-01	2.908E-01	2.908E-01
4.762E-01	2.884E-01	2.884E-01
4.782E-01	2.861E-01	2.861E-01
4.802E-01	2.837E-01	2.837E-01
4.822E-01	2.813E-01	2.813E-01
4.842E-01	2.790E-01	2.790E-01
4.862E-01	2.766E-01	2.766E-01
4.881E-01	2.742E-01	2.742E-01
4.901E-01	2.718E-01	2.718E-01
4.921E-01	2.695E-01	2.695E-01
4.941E-01	2.671E-01	2.671E-01
4.961E-01	2.647E-01	2.647E-01
4.981E-01	2.623E-01	2.623E-01
5.000E-01	2.599E-01	2.599E-01
5.020E-01	2.575E-01	2.575E-01
5.040E-01	2.552E-01	2.552E-01
5.060E-01	2.528E-01	2.528E-01
5.080E-01	2.504E-01	2.504E-01
5.100E-01	2.480E-01	2.480E-01
5.119E-01	2.456E-01	2.456E-01
5.139E-01	2.432E-01	2.432E-01
5.159E-01	2.409E-01	2.409E-01
5.179E-01	2.385E-01	2.385E-01
5.199E-01	2.361E-01	2.361E-01
5.219E-01	2.337E-01	2.337E-01
5.238E-01	2.314E-01	2.314E-01
5.258E-01	2.290E-01	2.290E-01
5.278E-01	2.267E-01	2.267E-01
5.298E-01	2.243E-01	2.243E-01
5.318E-01	2.219E-01	2.219E-01
5.338E-01	2.196E-01	2.196E-01
5.358E-01	2.173E-01	2.173E-01
5.377E-01	2.149E-01	2.149E-01
5.397E-01	2.126E-01	2.126E-01
5.417E-01	2.103E-01	2.103E-01
5.437E-01	2.079E-01	2.079E-01
5.457E-01	2.056E-01	2.056E-01
5.477E-01	2.033E-01	2.033E-01
5.496E-01	2.010E-01	2.010E-01
5.516E-01	1.987E-01	1.987E-01
5.536E-01	1.964E-01	1.964E-01
5.556E-01	1.942E-01	1.942E-01
5.576E-01	1.919E-01	1.919E-01
5.596E-01	1.896E-01	1.896E-01
5.615E-01	1.874E-01	1.874E-01
5.635E-01	1.851E-01	1.851E-01
5.655E-01	1.829E-01	1.829E-01
5.675E-01	1.807E-01	1.807E-01
5.695E-01	1.784E-01	1.784E-01
5.715E-01	1.762E-01	1.762E-01
5.734E-01	1.740E-01	1.740E-01
5.754E-01	1.718E-01	1.718E-01
5.774E-01	1.697E-01	1.697E-01
5.794E-01	1.675E-01	1.675E-01
5.814E-01	1.653E-01	1.653E-01
5.834E-01	1.632E-01	1.632E-01
5.854E-01	1.611E-01	1.611E-01
5.873E-01	1.589E-01	1.589E-01
5.893E-01	1.568E-01	1.568E-01
5.913E-01	1.547E-01	1.547E-01
5.933E-01	1.526E-01	1.526E-01
5.953E-01	1.505E-01	1.505E-01
5.973E-01	1.485E-01	1.485E-01
5.992E-01	1.464E-01	1.464E-01
6.012E-01	1.444E-01	1.444E-01
6.032E-01	1.423E-01	1.423E-01
6.052E-01	1.403E-01	1.403E-01
6.072E-01	1.383E-01	1.383E-01
6.092E-01	1.363E-01	1.363E-01
6.111E-01	1.344E-01	1.344E-01
6.131E-01	1.324E-01	1.324E-01
6.151E-01	1.304E-01	1.304E-01
6.171E-01	1.285E-01	1.285E-01
6.191E-01	1.266E-01	1.266E-01
6.211E-01	1.247E-01	1.247E-01
6.230E-01	1.228E-01	1.228E-01
6.250E-01	1.209E-01	1.209E-01
6.270E-01	1.190E-01	1.190E-01
6.290E-01	1.172E-01	1.172E-01
6.310E-01	1.153E-01	1.153E-01
6.330E-01	1.135E-01	1.135E-01
6.349E-01	1.117E-01	1.117E-01
6.369E-01	1.099E-01	1.099E-01
6.389E-01	1.081E-01	1.081E-01
6.409E-01	1.064E-01	1.064E-01
6.429E-01	1.046E-01	1.046E-01
6.449E-01	1.029E-01	1.029E-01
6.469E-01	1.012E-01	1.012E-01
6.488E-01	9.946E-02	9.946E-02
6.508E-01	9.777E-02	9.777E-02
6.528E-01	9.610E-02	9.610E-02
6.548E-01	9.444E-02	9.444E-02
6.568E-01	9.280E-02	9.280E-02
6.588E-01	9.118E-02	9.118E-02
6.607E-01	8.957E-02	8.957E-02
6.627E-01	8.798E-02	8.798E-02
6.647E-01	8.640E-02	8.640E-02
6.667E-01	8.484E-02	8.484E-02
6.687E-01	8.329E-02	8.329E-02
6.707E-01	8.176E-02	8.176E-02
6.726E-01	8.025E-02	8.025E-02
6.746E-01	7.875E-02	7.875E-02
6.766E-01	7.727E-02	7.727E-02
6.786E-01	7.580E-02	7.580E-02
6.806E-01	7.435E-02	7.435E-02
6.826E-01	7.292E-02	7.292E-02
6.845E-01	7.150E-02	7.150E-02
6.865E-01	7.010E-02	7.010E-02
6.885E-01	6.872E-02	6.872E-02
6.905E-01	6.735E-02	6.735E-02
6.925E-01	6.600E-02	6.600E-02
6.945E-01	6.467E-02	6.467E-02
6.965E-01	6.335E-02	6.335E-02
6.984E-01	6.204E-02	6.204E-02
7.004E-01	6.076E-02	6.076E-02
7.024E-01	5.949E-02	5.949E-02
7.044E-01	5.823E-02	5.823E-02
7.064E-01	5.699E-02	5.699E-02
7.084E-01	5.577E-02	5.577E-02
7.103E-01	5.457E-02	5.457E-02
7.123E-01	5.338E-02	5.338E-02
7.143E-01	5.220E-02	5.220E-02
7.163E-01	5.105E-02	5.105E-02
7.183E-01	4.991E-02	4.991E-02
7.203E-01	4.878E-02	4.878E-02
7.222E-01	4.767E-02	4.767E-02
7.242E-01	4.658E-02	4.658E-02
7.262E-01	4.550E-02	4.550E-02
7.282E-01	4.444E-02	4.444E-02
7.302E-01	4.339E-02	4.339E-02
7.322E-01	4.236E-02	4.236E-02
7.341E-01	4.135E-02	4.135E-02
7.361E-01	4.035E-02	4.035E-02
7.381E-01	3.936E-02	3.936E-02
7.401E-01	3.839E-02	3.839E-02
7.421E-01	3.744E-02	3.744E-02
7.441E-01	3.650E-02	3.650E-02
7.461E-01	3.558E-02	3.558E-02
7.480E-01	3.467E-02	3.467E-02
7.500E-01	3.378E-02	3.378E-02
7.520E-01	3.290E-02	3.290E-02
7.540E-01	3.204E-02	3.204E-02
7.560E-01	3.119E-02	3.119E-02
7.580E-01	3.036E-02	3.036E-02
7.599E-01	2.954E-02	2.954E-02
7.619E-01	2.874E-02	2.874E-02
7.639E-01	2.795E-02	2.795E-02
7.659E-01	2.718E-02	2.718E-02
7.679E-01	2.642E-02	2.642E-02
7.699E-01	2.567E-02	2.567E-02
7.718E-01	2.494E-02	2.494E-02
7.738E-01	2.422E-02	2.422E-02
7.758E-01	2.351E-02	2.351E-02
7.778E-01	2.282E-02	2.282E-02
7.798E-01	2.215E-02	2.215E-02
7.818E-01	2.148E-02	2.148E-02
7.837E-01	2.083E-02	2.083E-02
7.857E-01	2.020E-02	2.020E-02
7.877E-01	1.957E-02	1.957E-02
7.897E-01	1.896E-02	1.896E-02
7.917E-01	1.836E-02	1.836E-02
7.937E-01	1.778E-02	1.778E-02
7.957E-01	1.721E-02	1.721E-02
7.976E-01	1.665E-02	1.665E-02
7.996E-01	1.610E-02	1.610E-02
8.016E-01	1.557E-02	1.557E-02
8.036E-01	1.504E-02	1.504E-02
8.056E-01	1.453E-02	1.453E-02
8.076E-01	1.403E-02	1.403E-02
8.095E-01	1.355E-02	1.355E-02
8.115E-01	1.307E-02	1.307E-02
8.135E-01	1.261E-02	1.261E-02
8.155E-01	1.215E-02	1.215E-02
8.175E-01	1.171E-02	1.171E-02
8.195E-01	1.128E-02	1.128E-02
8.214E-01	1.086E-02	1.086E-02
8.234E-01	1.046E-02	1.046E-02
8.254E-01	1.006E-02	1.006E-02
8.274E-01	9.670E-03	9.670E-03
8.294E-01	9.294E-03	9.294E-03
8.314E-01	8.927E-03	8.927E-03
8.333E-01	8.571E-03	8.571E-03
8.353E-01	8.224E-03	8.224E-03
8.373E-01	7.888E-03	7.888E-03
8.393E-01	7.561E-03	7.561E-03
8.413E-01	7.243E-03	7.243E-03
8.433E-01	6.935E-03	6.935E-03
8.453E-01	6.636E-03	6.636E-03
8.472E-01	6.346E-03	6.346E-03
8.492E-01	6.065E-03	6.065E-03
8.512E-01	5.793E-03	5.793E-03
8.532E-01	5.530E-03	5.530E-03
8.552E-01	5.275E-03	5.275E-03
8.572E-01	5.028E-03	5.028E-03
8.591E-01	4.790E-03	4.790E-03
8.611E-01	4.559E-03	4.559E-03
8.631E-01	4.337E-03	4.337E-03
8.651E-01	4.122E-03	4.122E-03
8.671E-01	3.915E-03	3.915E-03
8.691E-01	3.715E-03	3.715E-03
8.710E-01	3.522E-03	3.522E-03
8.730E-01	3.337E-03	3.337E-03
8.750E-01	3.158E-03	3.158E-03
8.770E-01	2.987E-03	2.987E-03
8.790E-01	2.822E-03	2.822E-03
8.810E-01	2.663E-03	2.663E-03
8.829E-01	2.511E-03	2.511E-03
8.849E-01	2.366E-03	2.366E-03
8.869E-01	2.226E-03	2.226E-03
8.889E-01	2.092E-03	2.092E-03
8.909E-01	1.964E-03	1.964E-03
8.929E-01	1.842E-03	1.842E-03
8.948E-01	1.725E-03	1.725E-03
8.968E-01	1.613E-03	1.613E-03
8.988E-01	1.507E-03	1.507E-03
9.008E-01	1.406E-03	1.406E-03
9.028E-01	1.309E-03	1.309E-03
9.048E-01	1.218E-03	1.218E-03
9.068E-01	1.131E-03	1.131E-03
9.087E-01	1.049E-03	1.049E-03
9.107E-01	9.706E-04	9.706E-04
9.127E-01	8.968E-04	8.968E-04
9.147E-01	8.270E-04	8.270E-04
9.167E-01	7.612E-04	7.612E-04
9.187E-01	6.993E-04	6.993E-04
9.206E-01	6.410E-04	6.410E-04
9.226E-01	5.862E-04	5.862E-04
9.246E-01	5.349E-04	5.349E-04
9.266E-01	4.869E-04	4.869E-04
9.286E-01	4.420E-04	4.420E-04
9.306E-01	4.002E-04	4.002E-04
9.325E-01	3.613E-04	3.613E-04
9.345E-01	3.251E-04	3.251E-04
9.365E-01	2.916E-04	2.916E-04
9.385E-01	2.607E-04	2.607E-04
9.405E-01	2.321E-04	2.321E-04
9.425E-01	2.059E-04	2.059E-04
9.444E-01	1.819E-04	1.819E-04
9.464E-01	1.599E-04	1.599E-04
9.484E-01	1.400E-04	1.400E-04
9.504E-01	1.218E-04	1.218E-04
9.524E-01	1.054E-04	1.054E-04
9.544E-01	9.069E-05	9.069E-05
9.564E-01	7.748E-05	7.748E-05
9.583E-01	6.572E-05	6.572E-05
9.603E-01	5.529E-05	5.529E-05
9.623E-01	4.611E-05	4.611E-05
9.643E-01	3.807E-05	3.807E-05
9.663E-01	3.109E-05	3.109E-05
9.683E-01	2.508E-05	2.508E-05
9.702E-01	1.995E-05	1.995E-05
9.722E-01	1.563E-05	1.563E-05
9.742E-01	1.202E-05	1.202E-05
9.762E-01	9.048E-06	9.048E-06
9.782E-01	6.647E-06	6.647E-06
9.802E-01	4.741E-06	4.741E-06
9.821E-01	3.263E-06	3.263E-06
9.841E-01	2.149E-06	2.149E-06
9.861E-01	1.339E-06	1.339E-06
9.881E-01	7.749E-07	7.749E-07
9.901E-01	4.058E-07	4.058E-07
9.921E-01	1.842E-07	1.842E-07
9.940E-01	6.626E-08	6.626E-08
9.960E-01	1.552E-08	1.552E-08
9.980E-01	1.508E-09	1.508E-09
1.000E+00	0.000E+00	0.000E+00
