Q0 = 1.2 GeV	 Q = 5.2 GeV
x	 x*uv	 x*dv	 x*(uv-dv)
5.000E-04	1.619E-03	-1.619E-03	3.239E-03
1.500E-03	3.964E-03	-3.964E-03	7.929E-03
2.500E-03	6.095E-03	-6.095E-03	1.219E-02
3.500E-03	8.140E-03	-8.140E-03	1.628E-02
4.500E-03	1.014E-02	-1.014E-02	2.028E-02
5.500E-03	1.211E-02	-1.211E-02	2.422E-02
6.500E-03	1.406E-02	-1.406E-02	2.813E-02
7.500E-03	1.600E-02	-1.600E-02	3.200E-02
8.500E-03	1.793E-02	-1.793E-02	3.587E-02
9.500E-03	1.986E-02	-1.986E-02	3.971E-02
1.050E-02	2.178E-02	-2.178E-02	4.355E-02
1.150E-02	2.369E-02	-2.369E-02	4.739E-02
1.250E-02	2.561E-02	-2.561E-02	5.122E-02
1.350E-02	2.752E-02	-2.752E-02	5.504E-02
1.450E-02	2.943E-02	-2.943E-02	5.886E-02
1.550E-02	3.134E-02	-3.134E-02	6.269E-02
1.650E-02	3.325E-02	-3.325E-02	6.651E-02
1.750E-02	3.516E-02	-3.516E-02	7.033E-02
1.850E-02	3.707E-02	-3.707E-02	7.415E-02
1.950E-02	3.898E-02	-3.898E-02	7.797E-02
2.050E-02	4.089E-02	-4.089E-02	8.179E-02
2.150E-02	4.280E-02	-4.280E-02	8.561E-02
2.250E-02	4.472E-02	-4.472E-02	8.943E-02
2.350E-02	4.663E-02	-4.663E-02	9.325E-02
2.450E-02	4.854E-02	-4.854E-02	9.708E-02
2.550E-02	5.045E-02	-5.045E-02	1.009E-01
2.650E-02	5.236E-02	-5.236E-02	1.047E-01
2.750E-02	5.427E-02	-5.427E-02	1.085E-01
2.850E-02	5.618E-02	-5.618E-02	1.124E-01
2.950E-02	5.810E-02	-5.810E-02	1.162E-01
3.050E-02	6.001E-02	-6.001E-02	1.200E-01
3.150E-02	6.192E-02	-6.192E-02	1.238E-01
3.250E-02	6.383E-02	-6.383E-02	1.277E-01
3.350E-02	6.574E-02	-6.574E-02	1.315E-01
3.450E-02	6.765E-02	-6.765E-02	1.353E-01
3.550E-02	6.956E-02	-6.956E-02	1.391E-01
3.650E-02	7.147E-02	-7.147E-02	1.429E-01
3.750E-02	7.338E-02	-7.338E-02	1.468E-01
3.850E-02	7.529E-02	-7.529E-02	1.506E-01
3.950E-02	7.720E-02	-7.720E-02	1.544E-01
4.050E-02	7.910E-02	-7.910E-02	1.582E-01
4.150E-02	8.101E-02	-8.101E-02	1.620E-01
4.250E-02	8.292E-02	-8.292E-02	1.658E-01
4.350E-02	8.482E-02	-8.482E-02	1.696E-01
4.450E-02	8.672E-02	-8.672E-02	1.734E-01
4.550E-02	8.863E-02	-8.863E-02	1.773E-01
4.650E-02	9.053E-02	-9.053E-02	1.811E-01
4.750E-02	9.243E-02	-9.243E-02	1.849E-01
4.850E-02	9.433E-02	-9.433E-02	1.887E-01
4.950E-02	9.622E-02	-9.622E-02	1.924E-01
5.050E-02	9.812E-02	-9.812E-02	1.962E-01
5.150E-02	1.000E-01	-1.000E-01	2.000E-01
5.250E-02	1.019E-01	-1.019E-01	2.038E-01
5.350E-02	1.038E-01	-1.038E-01	2.076E-01
5.450E-02	1.057E-01	-1.057E-01	2.114E-01
5.550E-02	1.076E-01	-1.076E-01	2.152E-01
5.650E-02	1.095E-01	-1.095E-01	2.189E-01
5.750E-02	1.113E-01	-1.113E-01	2.227E-01
5.850E-02	1.132E-01	-1.132E-01	2.265E-01
5.950E-02	1.151E-01	-1.151E-01	2.302E-01
6.050E-02	1.170E-01	-1.170E-01	2.340E-01
6.150E-02	1.189E-01	-1.189E-01	2.377E-01
6.250E-02	1.207E-01	-1.207E-01	2.415E-01
6.350E-02	1.226E-01	-1.226E-01	2.452E-01
6.450E-02	1.245E-01	-1.245E-01	2.490E-01
6.550E-02	1.263E-01	-1.263E-01	2.527E-01
6.650E-02	1.282E-01	-1.282E-01	2.564E-01
6.750E-02	1.301E-01	-1.301E-01	2.602E-01
6.850E-02	1.319E-01	-1.319E-01	2.639E-01
6.950E-02	1.338E-01	-1.338E-01	2.676E-01
7.050E-02	1.357E-01	-1.357E-01	2.713E-01
7.150E-02	1.375E-01	-1.375E-01	2.750E-01
7.250E-02	1.394E-01	-1.394E-01	2.787E-01
7.350E-02	1.412E-01	-1.412E-01	2.824E-01
7.450E-02	1.430E-01	-1.430E-01	2.861E-01
7.550E-02	1.449E-01	-1.449E-01	2.898E-01
7.650E-02	1.467E-01	-1.467E-01	2.935E-01
7.750E-02	1.486E-01	-1.486E-01	2.971E-01
7.850E-02	1.504E-01	-1.504E-01	3.008E-01
7.950E-02	1.522E-01	-1.522E-01	3.045E-01
8.050E-02	1.541E-01	-1.541E-01	3.081E-01
8.150E-02	1.559E-01	-1.559E-01	3.118E-01
8.250E-02	1.577E-01	-1.577E-01	3.154E-01
8.350E-02	1.595E-01	-1.595E-01	3.191E-01
8.450E-02	1.613E-01	-1.613E-01	3.227E-01
8.550E-02	1.632E-01	-1.632E-01	3.263E-01
8.650E-02	1.650E-01	-1.650E-01	3.299E-01
8.750E-02	1.668E-01	-1.668E-01	3.335E-01
8.850E-02	1.686E-01	-1.686E-01	3.372E-01
8.950E-02	1.704E-01	-1.704E-01	3.408E-01
9.050E-02	1.722E-01	-1.722E-01	3.443E-01
9.150E-02	1.740E-01	-1.740E-01	3.479E-01
9.250E-02	1.758E-01	-1.758E-01	3.515E-01
9.350E-02	1.775E-01	-1.775E-01	3.551E-01
9.450E-02	1.793E-01	-1.793E-01	3.587E-01
9.550E-02	1.811E-01	-1.811E-01	3.622E-01
9.650E-02	1.829E-01	-1.829E-01	3.658E-01
9.750E-02	1.847E-01	-1.847E-01	3.693E-01
9.850E-02	1.864E-01	-1.864E-01	3.728E-01
9.950E-02	1.882E-01	-1.882E-01	3.764E-01
1.005E-01	1.900E-01	-1.900E-01	3.799E-01
1.015E-01	1.917E-01	-1.917E-01	3.834E-01
1.025E-01	1.935E-01	-1.935E-01	3.869E-01
1.035E-01	1.952E-01	-1.952E-01	3.904E-01
1.045E-01	1.970E-01	-1.970E-01	3.939E-01
1.055E-01	1.987E-01	-1.987E-01	3.974E-01
1.065E-01	2.004E-01	-2.004E-01	4.009E-01
1.075E-01	2.022E-01	-2.022E-01	4.044E-01
1.085E-01	2.039E-01	-2.039E-01	4.078E-01
1.095E-01	2.056E-01	-2.056E-01	4.113E-01
1.105E-01	2.074E-01	-2.074E-01	4.147E-01
1.115E-01	2.091E-01	-2.091E-01	4.182E-01
1.125E-01	2.108E-01	-2.108E-01	4.216E-01
1.135E-01	2.125E-01	-2.125E-01	4.250E-01
1.145E-01	2.142E-01	-2.142E-01	4.284E-01
1.155E-01	2.159E-01	-2.159E-01	4.319E-01
1.165E-01	2.176E-01	-2.176E-01	4.353E-01
1.175E-01	2.193E-01	-2.193E-01	4.386E-01
1.185E-01	2.210E-01	-2.210E-01	4.420E-01
1.195E-01	2.227E-01	-2.227E-01	4.454E-01
1.205E-01	2.244E-01	-2.244E-01	4.488E-01
1.215E-01	2.261E-01	-2.261E-01	4.521E-01
1.225E-01	2.277E-01	-2.277E-01	4.555E-01
1.235E-01	2.294E-01	-2.294E-01	4.588E-01
1.245E-01	2.311E-01	-2.311E-01	4.622E-01
1.255E-01	2.327E-01	-2.327E-01	4.655E-01
1.265E-01	2.344E-01	-2.344E-01	4.688E-01
1.275E-01	2.361E-01	-2.361E-01	4.721E-01
1.285E-01	2.377E-01	-2.377E-01	4.754E-01
1.295E-01	2.394E-01	-2.394E-01	4.787E-01
1.305E-01	2.410E-01	-2.410E-01	4.820E-01
1.315E-01	2.426E-01	-2.426E-01	4.853E-01
1.325E-01	2.443E-01	-2.443E-01	4.885E-01
1.335E-01	2.459E-01	-2.459E-01	4.918E-01
1.345E-01	2.475E-01	-2.475E-01	4.950E-01
1.355E-01	2.491E-01	-2.491E-01	4.983E-01
1.365E-01	2.507E-01	-2.507E-01	5.015E-01
1.375E-01	2.524E-01	-2.524E-01	5.047E-01
1.385E-01	2.540E-01	-2.540E-01	5.079E-01
1.395E-01	2.556E-01	-2.556E-01	5.111E-01
1.405E-01	2.572E-01	-2.572E-01	5.143E-01
1.415E-01	2.588E-01	-2.588E-01	5.175E-01
1.425E-01	2.603E-01	-2.603E-01	5.207E-01
1.435E-01	2.619E-01	-2.619E-01	5.239E-01
1.445E-01	2.635E-01	-2.635E-01	5.270E-01
1.455E-01	2.651E-01	-2.651E-01	5.302E-01
1.465E-01	2.666E-01	-2.666E-01	5.333E-01
1.475E-01	2.682E-01	-2.682E-01	5.364E-01
1.485E-01	2.698E-01	-2.698E-01	5.395E-01
1.495E-01	2.713E-01	-2.713E-01	5.427E-01
1.505E-01	2.729E-01	-2.729E-01	5.458E-01
1.515E-01	2.744E-01	-2.744E-01	5.488E-01
1.525E-01	2.760E-01	-2.760E-01	5.519E-01
1.535E-01	2.775E-01	-2.775E-01	5.550E-01
1.545E-01	2.790E-01	-2.790E-01	5.581E-01
1.555E-01	2.806E-01	-2.806E-01	5.611E-01
1.565E-01	2.821E-01	-2.821E-01	5.642E-01
1.575E-01	2.836E-01	-2.836E-01	5.672E-01
1.585E-01	2.851E-01	-2.851E-01	5.702E-01
1.595E-01	2.866E-01	-2.866E-01	5.732E-01
1.605E-01	2.881E-01	-2.881E-01	5.762E-01
1.615E-01	2.896E-01	-2.896E-01	5.792E-01
1.625E-01	2.911E-01	-2.911E-01	5.822E-01
1.635E-01	2.926E-01	-2.926E-01	5.852E-01
1.645E-01	2.941E-01	-2.941E-01	5.882E-01
1.655E-01	2.956E-01	-2.956E-01	5.911E-01
1.665E-01	2.970E-01	-2.970E-01	5.941E-01
1.675E-01	2.985E-01	-2.985E-01	5.970E-01
1.685E-01	3.000E-01	-3.000E-01	5.999E-01
1.695E-01	3.014E-01	-3.014E-01	6.029E-01
1.705E-01	3.029E-01	-3.029E-01	6.058E-01
1.715E-01	3.043E-01	-3.043E-01	6.087E-01
1.725E-01	3.058E-01	-3.058E-01	6.115E-01
1.735E-01	3.072E-01	-3.072E-01	6.144E-01
1.745E-01	3.086E-01	-3.086E-01	6.173E-01
1.755E-01	3.101E-01	-3.101E-01	6.201E-01
1.765E-01	3.115E-01	-3.115E-01	6.230E-01
1.775E-01	3.129E-01	-3.129E-01	6.258E-01
1.785E-01	3.143E-01	-3.143E-01	6.287E-01
1.795E-01	3.157E-01	-3.157E-01	6.315E-01
1.805E-01	3.171E-01	-3.171E-01	6.343E-01
1.815E-01	3.185E-01	-3.185E-01	6.371E-01
1.825E-01	3.199E-01	-3.199E-01	6.399E-01
1.835E-01	3.213E-01	-3.213E-01	6.426E-01
1.845E-01	3.227E-01	-3.227E-01	6.454E-01
1.855E-01	3.241E-01	-3.241E-01	6.482E-01
1.865E-01	3.255E-01	-3.255E-01	6.509E-01
1.875E-01	3.268E-01	-3.268E-01	6.537E-01
1.885E-01	3.282E-01	-3.282E-01	6.564E-01
1.895E-01	3.295E-01	-3.295E-01	6.591E-01
1.905E-01	3.309E-01	-3.309E-01	6.618E-01
1.915E-01	3.322E-01	-3.322E-01	6.645E-01
1.925E-01	3.336E-01	-3.336E-01	6.672E-01
1.935E-01	3.349E-01	-3.349E-01	6.699E-01
1.945E-01	3.363E-01	-3.363E-01	6.725E-01
1.955E-01	3.376E-01	-3.376E-01	6.752E-01
1.965E-01	3.389E-01	-3.389E-01	6.778E-01
1.975E-01	3.402E-01	-3.402E-01	6.805E-01
1.985E-01	3.415E-01	-3.415E-01	6.831E-01
1.995E-01	3.428E-01	-3.428E-01	6.857E-01
2.005E-01	3.441E-01	-3.441E-01	6.883E-01
2.015E-01	3.454E-01	-3.454E-01	6.909E-01
2.025E-01	3.467E-01	-3.467E-01	6.935E-01
2.035E-01	3.480E-01	-3.480E-01	6.960E-01
2.045E-01	3.493E-01	-3.493E-01	6.986E-01
2.055E-01	3.506E-01	-3.506E-01	7.011E-01
2.065E-01	3.518E-01	-3.518E-01	7.037E-01
2.075E-01	3.531E-01	-3.531E-01	7.062E-01
2.085E-01	3.544E-01	-3.544E-01	7.087E-01
2.095E-01	3.556E-01	-3.556E-01	7.112E-01
2.105E-01	3.569E-01	-3.569E-01	7.137E-01
2.115E-01	3.581E-01	-3.581E-01	7.162E-01
2.125E-01	3.594E-01	-3.594E-01	7.187E-01
2.135E-01	3.606E-01	-3.606E-01	7.212E-01
2.145E-01	3.618E-01	-3.618E-01	7.236E-01
2.155E-01	3.630E-01	-3.630E-01	7.261E-01
2.165E-01	3.642E-01	-3.642E-01	7.285E-01
2.175E-01	3.655E-01	-3.655E-01	7.309E-01
2.185E-01	3.667E-01	-3.667E-01	7.333E-01
2.195E-01	3.679E-01	-3.679E-01	7.357E-01
2.205E-01	3.691E-01	-3.691E-01	7.381E-01
2.215E-01	3.703E-01	-3.703E-01	7.405E-01
2.225E-01	3.714E-01	-3.714E-01	7.429E-01
2.235E-01	3.726E-01	-3.726E-01	7.452E-01
2.245E-01	3.738E-01	-3.738E-01	7.476E-01
2.255E-01	3.750E-01	-3.750E-01	7.499E-01
2.265E-01	3.761E-01	-3.761E-01	7.522E-01
2.275E-01	3.773E-01	-3.773E-01	7.546E-01
2.285E-01	3.784E-01	-3.784E-01	7.569E-01
2.295E-01	3.796E-01	-3.796E-01	7.592E-01
2.305E-01	3.807E-01	-3.807E-01	7.614E-01
2.315E-01	3.819E-01	-3.819E-01	7.637E-01
2.325E-01	3.830E-01	-3.830E-01	7.660E-01
2.335E-01	3.841E-01	-3.841E-01	7.682E-01
2.345E-01	3.852E-01	-3.852E-01	7.705E-01
2.355E-01	3.864E-01	-3.864E-01	7.727E-01
2.365E-01	3.875E-01	-3.875E-01	7.749E-01
2.375E-01	3.886E-01	-3.886E-01	7.771E-01
2.385E-01	3.897E-01	-3.897E-01	7.793E-01
2.395E-01	3.908E-01	-3.908E-01	7.815E-01
2.405E-01	3.918E-01	-3.918E-01	7.837E-01
2.415E-01	3.929E-01	-3.929E-01	7.859E-01
2.425E-01	3.940E-01	-3.940E-01	7.880E-01
2.435E-01	3.951E-01	-3.951E-01	7.902E-01
2.445E-01	3.961E-01	-3.961E-01	7.923E-01
2.455E-01	3.972E-01	-3.972E-01	7.944E-01
2.465E-01	3.983E-01	-3.983E-01	7.965E-01
2.475E-01	3.993E-01	-3.993E-01	7.986E-01
2.485E-01	4.004E-01	-4.004E-01	8.007E-01
2.495E-01	4.014E-01	-4.014E-01	8.028E-01
2.505E-01	4.024E-01	-4.024E-01	8.049E-01
2.515E-01	4.035E-01	-4.035E-01	8.069E-01
2.525E-01	4.045E-01	-4.045E-01	8.090E-01
2.535E-01	4.055E-01	-4.055E-01	8.110E-01
2.545E-01	4.065E-01	-4.065E-01	8.130E-01
2.555E-01	4.075E-01	-4.075E-01	8.150E-01
2.565E-01	4.085E-01	-4.085E-01	8.170E-01
2.575E-01	4.095E-01	-4.095E-01	8.190E-01
2.585E-01	4.105E-01	-4.105E-01	8.210E-01
2.595E-01	4.115E-01	-4.115E-01	8.230E-01
2.605E-01	4.125E-01	-4.125E-01	8.249E-01
2.615E-01	4.134E-01	-4.134E-01	8.269E-01
2.625E-01	4.144E-01	-4.144E-01	8.288E-01
2.635E-01	4.154E-01	-4.154E-01	8.308E-01
2.645E-01	4.163E-01	-4.163E-01	8.327E-01
2.655E-01	4.173E-01	-4.173E-01	8.346E-01
2.665E-01	4.182E-01	-4.182E-01	8.365E-01
2.675E-01	4.192E-01	-4.192E-01	8.383E-01
2.685E-01	4.201E-01	-4.201E-01	8.402E-01
2.695E-01	4.210E-01	-4.210E-01	8.421E-01
2.705E-01	4.220E-01	-4.220E-01	8.439E-01
2.715E-01	4.229E-01	-4.229E-01	8.458E-01
2.725E-01	4.238E-01	-4.238E-01	8.476E-01
2.735E-01	4.247E-01	-4.247E-01	8.494E-01
2.745E-01	4.256E-01	-4.256E-01	8.512E-01
2.755E-01	4.265E-01	-4.265E-01	8.530E-01
2.765E-01	4.274E-01	-4.274E-01	8.548E-01
2.775E-01	4.283E-01	-4.283E-01	8.566E-01
2.785E-01	4.292E-01	-4.292E-01	8.583E-01
2.795E-01	4.300E-01	-4.300E-01	8.601E-01
2.805E-01	4.309E-01	-4.309E-01	8.618E-01
2.815E-01	4.318E-01	-4.318E-01	8.635E-01
2.825E-01	4.326E-01	-4.326E-01	8.653E-01
2.835E-01	4.335E-01	-4.335E-01	8.670E-01
2.845E-01	4.343E-01	-4.343E-01	8.687E-01
2.855E-01	4.352E-01	-4.352E-01	8.704E-01
2.865E-01	4.360E-01	-4.360E-01	8.720E-01
2.875E-01	4.368E-01	-4.368E-01	8.737E-01
2.885E-01	4.377E-01	-4.377E-01	8.753E-01
2.895E-01	4.385E-01	-4.385E-01	8.770E-01
2.905E-01	4.393E-01	-4.393E-01	8.786E-01
2.915E-01	4.401E-01	-4.401E-01	8.802E-01
2.925E-01	4.409E-01	-4.409E-01	8.818E-01
2.935E-01	4.417E-01	-4.417E-01	8.834E-01
2.945E-01	4.425E-01	-4.425E-01	8.850E-01
2.955E-01	4.433E-01	-4.433E-01	8.866E-01
2.965E-01	4.441E-01	-4.441E-01	8.882E-01
2.975E-01	4.449E-01	-4.449E-01	8.897E-01
2.985E-01	4.456E-01	-4.456E-01	8.913E-01
2.995E-01	4.464E-01	-4.464E-01	8.928E-01
3.005E-01	4.472E-01	-4.472E-01	8.943E-01
3.015E-01	4.479E-01	-4.479E-01	8.958E-01
3.025E-01	4.487E-01	-4.487E-01	8.973E-01
3.035E-01	4.494E-01	-4.494E-01	8.988E-01
3.045E-01	4.501E-01	-4.501E-01	9.003E-01
3.055E-01	4.509E-01	-4.509E-01	9.018E-01
3.065E-01	4.516E-01	-4.516E-01	9.032E-01
3.075E-01	4.523E-01	-4.523E-01	9.046E-01
3.085E-01	4.530E-01	-4.530E-01	9.061E-01
3.095E-01	4.538E-01	-4.538E-01	9.075E-01
3.105E-01	4.545E-01	-4.545E-01	9.089E-01
3.115E-01	4.552E-01	-4.552E-01	9.103E-01
3.125E-01	4.559E-01	-4.559E-01	9.117E-01
3.135E-01	4.565E-01	-4.565E-01	9.131E-01
3.145E-01	4.572E-01	-4.572E-01	9.144E-01
3.155E-01	4.579E-01	-4.579E-01	9.158E-01
3.165E-01	4.586E-01	-4.586E-01	9.171E-01
3.175E-01	4.592E-01	-4.592E-01	9.185E-01
3.185E-01	4.599E-01	-4.599E-01	9.198E-01
3.195E-01	4.606E-01	-4.606E-01	9.211E-01
3.205E-01	4.612E-01	-4.612E-01	9.224E-01
3.215E-01	4.619E-01	-4.619E-01	9.237E-01
3.225E-01	4.625E-01	-4.625E-01	9.250E-01
3.235E-01	4.631E-01	-4.631E-01	9.263E-01
3.245E-01	4.638E-01	-4.638E-01	9.275E-01
3.255E-01	4.644E-01	-4.644E-01	9.288E-01
3.265E-01	4.650E-01	-4.650E-01	9.300E-01
3.275E-01	4.656E-01	-4.656E-01	9.312E-01
3.285E-01	4.662E-01	-4.662E-01	9.324E-01
3.295E-01	4.668E-01	-4.668E-01	9.336E-01
3.305E-01	4.674E-01	-4.674E-01	9.348E-01
3.315E-01	4.680E-01	-4.680E-01	9.360E-01
3.325E-01	4.686E-01	-4.686E-01	9.372E-01
3.335E-01	4.692E-01	-4.692E-01	9.383E-01
3.345E-01	4.697E-01	-4.697E-01	9.395E-01
3.355E-01	4.703E-01	-4.703E-01	9.406E-01
3.365E-01	4.709E-01	-4.709E-01	9.418E-01
3.375E-01	4.714E-01	-4.714E-01	9.429E-01
3.385E-01	4.720E-01	-4.720E-01	9.440E-01
3.395E-01	4.725E-01	-4.725E-01	9.451E-01
3.405E-01	4.731E-01	-4.731E-01	9.462E-01
3.415E-01	4.736E-01	-4.736E-01	9.472E-01
3.425E-01	4.741E-01	-4.741E-01	9.483E-01
3.435E-01	4.747E-01	-4.747E-01	9.493E-01
3.445E-01	4.752E-01	-4.752E-01	9.504E-01
3.455E-01	4.757E-01	-4.757E-01	9.514E-01
3.465E-01	4.762E-01	-4.762E-01	9.524E-01
3.475E-01	4.767E-01	-4.767E-01	9.534E-01
3.485E-01	4.772E-01	-4.772E-01	9.544E-01
3.495E-01	4.777E-01	-4.777E-01	9.554E-01
3.505E-01	4.782E-01	-4.782E-01	9.564E-01
3.515E-01	4.787E-01	-4.787E-01	9.574E-01
3.525E-01	4.792E-01	-4.792E-01	9.583E-01
3.535E-01	4.796E-01	-4.796E-01	9.593E-01
3.545E-01	4.801E-01	-4.801E-01	9.602E-01
3.555E-01	4.806E-01	-4.806E-01	9.611E-01
3.565E-01	4.810E-01	-4.810E-01	9.620E-01
3.575E-01	4.815E-01	-4.815E-01	9.629E-01
3.585E-01	4.819E-01	-4.819E-01	9.638E-01
3.595E-01	4.823E-01	-4.823E-01	9.647E-01
3.605E-01	4.828E-01	-4.828E-01	9.656E-01
3.615E-01	4.832E-01	-4.832E-01	9.664E-01
3.625E-01	4.836E-01	-4.836E-01	9.673E-01
3.635E-01	4.840E-01	-4.840E-01	9.681E-01
3.645E-01	4.845E-01	-4.845E-01	9.689E-01
3.655E-01	4.849E-01	-4.849E-01	9.697E-01
3.665E-01	4.853E-01	-4.853E-01	9.705E-01
3.675E-01	4.857E-01	-4.857E-01	9.713E-01
3.685E-01	4.861E-01	-4.861E-01	9.721E-01
3.695E-01	4.864E-01	-4.864E-01	9.729E-01
3.705E-01	4.868E-01	-4.868E-01	9.736E-01
3.715E-01	4.872E-01	-4.872E-01	9.744E-01
3.725E-01	4.876E-01	-4.876E-01	9.751E-01
3.735E-01	4.879E-01	-4.879E-01	9.759E-01
3.745E-01	4.883E-01	-4.883E-01	9.766E-01
3.755E-01	4.886E-01	-4.886E-01	9.773E-01
3.765E-01	4.890E-01	-4.890E-01	9.780E-01
3.775E-01	4.893E-01	-4.893E-01	9.787E-01
3.785E-01	4.897E-01	-4.897E-01	9.793E-01
3.795E-01	4.900E-01	-4.900E-01	9.800E-01
3.805E-01	4.903E-01	-4.903E-01	9.807E-01
3.815E-01	4.906E-01	-4.906E-01	9.813E-01
3.825E-01	4.910E-01	-4.910E-01	9.819E-01
3.835E-01	4.913E-01	-4.913E-01	9.826E-01
3.845E-01	4.916E-01	-4.916E-01	9.832E-01
3.855E-01	4.919E-01	-4.919E-01	9.838E-01
3.865E-01	4.922E-01	-4.922E-01	9.844E-01
3.875E-01	4.925E-01	-4.925E-01	9.849E-01
3.885E-01	4.928E-01	-4.928E-01	9.855E-01
3.895E-01	4.930E-01	-4.930E-01	9.861E-01
3.905E-01	4.933E-01	-4.933E-01	9.866E-01
3.915E-01	4.936E-01	-4.936E-01	9.871E-01
3.925E-01	4.938E-01	-4.938E-01	9.877E-01
3.935E-01	4.941E-01	-4.941E-01	9.882E-01
3.945E-01	4.943E-01	-4.943E-01	9.887E-01
3.955E-01	4.946E-01	-4.946E-01	9.892E-01
3.965E-01	4.948E-01	-4.948E-01	9.897E-01
3.975E-01	4.951E-01	-4.951E-01	9.901E-01
3.985E-01	4.953E-01	-4.953E-01	9.906E-01
3.995E-01	4.955E-01	-4.955E-01	9.911E-01
4.005E-01	4.958E-01	-4.958E-01	9.915E-01
4.015E-01	4.960E-01	-4.960E-01	9.919E-01
4.025E-01	4.962E-01	-4.962E-01	9.924E-01
4.035E-01	4.964E-01	-4.964E-01	9.928E-01
4.045E-01	4.966E-01	-4.966E-01	9.932E-01
4.055E-01	4.968E-01	-4.968E-01	9.936E-01
4.065E-01	4.970E-01	-4.970E-01	9.939E-01
4.075E-01	4.972E-01	-4.972E-01	9.943E-01
4.085E-01	4.973E-01	-4.973E-01	9.947E-01
4.095E-01	4.975E-01	-4.975E-01	9.950E-01
4.105E-01	4.977E-01	-4.977E-01	9.953E-01
4.115E-01	4.978E-01	-4.978E-01	9.957E-01
4.125E-01	4.980E-01	-4.980E-01	9.960E-01
4.135E-01	4.981E-01	-4.981E-01	9.963E-01
4.145E-01	4.983E-01	-4.983E-01	9.966E-01
4.155E-01	4.984E-01	-4.984E-01	9.969E-01
4.165E-01	4.986E-01	-4.986E-01	9.972E-01
4.175E-01	4.987E-01	-4.987E-01	9.974E-01
4.185E-01	4.988E-01	-4.988E-01	9.977E-01
4.195E-01	4.990E-01	-4.990E-01	9.979E-01
4.205E-01	4.991E-01	-4.991E-01	9.982E-01
4.215E-01	4.992E-01	-4.992E-01	9.984E-01
4.225E-01	4.993E-01	-4.993E-01	9.986E-01
4.235E-01	4.994E-01	-4.994E-01	9.988E-01
4.245E-01	4.995E-01	-4.995E-01	9.990E-01
4.255E-01	4.996E-01	-4.996E-01	9.992E-01
4.265E-01	4.997E-01	-4.997E-01	9.993E-01
4.275E-01	4.998E-01	-4.998E-01	9.995E-01
4.285E-01	4.998E-01	-4.998E-01	9.997E-01
4.295E-01	4.999E-01	-4.999E-01	9.998E-01
4.305E-01	5.000E-01	-5.000E-01	9.999E-01
4.315E-01	5.000E-01	-5.000E-01	1.000E+00
4.325E-01	5.001E-01	-5.001E-01	1.000E+00
4.335E-01	5.001E-01	-5.001E-01	1.000E+00
4.345E-01	5.002E-01	-5.002E-01	1.000E+00
4.355E-01	5.002E-01	-5.002E-01	1.000E+00
4.365E-01	5.002E-01	-5.002E-01	1.000E+00
4.375E-01	5.003E-01	-5.003E-01	1.001E+00
4.385E-01	5.003E-01	-5.003E-01	1.001E+00
4.395E-01	5.003E-01	-5.003E-01	1.001E+00
4.405E-01	5.003E-01	-5.003E-01	1.001E+00
4.415E-01	5.003E-01	-5.003E-01	1.001E+00
4.425E-01	5.004E-01	-5.004E-01	1.001E+00
4.435E-01	5.004E-01	-5.004E-01	1.001E+00
4.445E-01	5.003E-01	-5.003E-01	1.001E+00
4.455E-01	5.003E-01	-5.003E-01	1.001E+00
4.465E-01	5.003E-01	-5.003E-01	1.001E+00
4.475E-01	5.003E-01	-5.003E-01	1.001E+00
4.485E-01	5.003E-01	-5.003E-01	1.001E+00
4.495E-01	5.002E-01	-5.002E-01	1.000E+00
4.505E-01	5.002E-01	-5.002E-01	1.000E+00
4.515E-01	5.002E-01	-5.002E-01	1.000E+00
4.525E-01	5.001E-01	-5.001E-01	1.000E+00
4.535E-01	5.001E-01	-5.001E-01	1.000E+00
4.545E-01	5.000E-01	-5.000E-01	1.000E+00
4.555E-01	5.000E-01	-5.000E-01	9.999E-01
4.565E-01	4.999E-01	-4.999E-01	9.998E-01
4.575E-01	4.998E-01	-4.998E-01	9.996E-01
4.585E-01	4.997E-01	-4.997E-01	9.995E-01
4.595E-01	4.997E-01	-4.997E-01	9.993E-01
4.605E-01	4.996E-01	-4.996E-01	9.991E-01
4.615E-01	4.995E-01	-4.995E-01	9.990E-01
4.625E-01	4.994E-01	-4.994E-01	9.988E-01
4.635E-01	4.993E-01	-4.993E-01	9.986E-01
4.645E-01	4.992E-01	-4.992E-01	9.984E-01
4.655E-01	4.991E-01	-4.991E-01	9.981E-01
4.665E-01	4.990E-01	-4.990E-01	9.979E-01
4.675E-01	4.988E-01	-4.988E-01	9.977E-01
4.685E-01	4.987E-01	-4.987E-01	9.974E-01
4.695E-01	4.986E-01	-4.986E-01	9.972E-01
4.705E-01	4.984E-01	-4.984E-01	9.969E-01
4.715E-01	4.983E-01	-4.983E-01	9.966E-01
4.725E-01	4.982E-01	-4.982E-01	9.963E-01
4.735E-01	4.980E-01	-4.980E-01	9.960E-01
4.745E-01	4.979E-01	-4.979E-01	9.957E-01
4.755E-01	4.977E-01	-4.977E-01	9.954E-01
4.765E-01	4.975E-01	-4.975E-01	9.951E-01
4.775E-01	4.974E-01	-4.974E-01	9.947E-01
4.785E-01	4.972E-01	-4.972E-01	9.944E-01
4.795E-01	4.970E-01	-4.970E-01	9.940E-01
4.805E-01	4.968E-01	-4.968E-01	9.936E-01
4.815E-01	4.966E-01	-4.966E-01	9.933E-01
4.825E-01	4.964E-01	-4.964E-01	9.929E-01
4.835E-01	4.962E-01	-4.962E-01	9.925E-01
4.845E-01	4.960E-01	-4.960E-01	9.921E-01
4.855E-01	4.958E-01	-4.958E-01	9.917E-01
4.865E-01	4.956E-01	-4.956E-01	9.912E-01
4.875E-01	4.954E-01	-4.954E-01	9.908E-01
4.885E-01	4.952E-01	-4.952E-01	9.904E-01
4.895E-01	4.950E-01	-4.950E-01	9.899E-01
4.905E-01	4.947E-01	-4.947E-01	9.894E-01
4.915E-01	4.945E-01	-4.945E-01	9.890E-01
4.925E-01	4.942E-01	-4.942E-01	9.885E-01
4.935E-01	4.940E-01	-4.940E-01	9.880E-01
4.945E-01	4.937E-01	-4.937E-01	9.875E-01
4.955E-01	4.935E-01	-4.935E-01	9.870E-01
4.965E-01	4.932E-01	-4.932E-01	9.865E-01
4.975E-01	4.930E-01	-4.930E-01	9.859E-01
4.985E-01	4.927E-01	-4.927E-01	9.854E-01
4.995E-01	4.924E-01	-4.924E-01	9.848E-01
5.005E-01	4.921E-01	-4.921E-01	9.843E-01
5.015E-01	4.919E-01	-4.919E-01	9.837E-01
5.025E-01	4.916E-01	-4.916E-01	9.831E-01
5.035E-01	4.913E-01	-4.913E-01	9.825E-01
5.045E-01	4.910E-01	-4.910E-01	9.819E-01
5.055E-01	4.907E-01	-4.907E-01	9.813E-01
5.065E-01	4.904E-01	-4.904E-01	9.807E-01
5.075E-01	4.900E-01	-4.900E-01	9.801E-01
5.085E-01	4.897E-01	-4.897E-01	9.795E-01
5.095E-01	4.894E-01	-4.894E-01	9.788E-01
5.105E-01	4.891E-01	-4.891E-01	9.782E-01
5.115E-01	4.887E-01	-4.887E-01	9.775E-01
5.125E-01	4.884E-01	-4.884E-01	9.768E-01
5.135E-01	4.881E-01	-4.881E-01	9.761E-01
5.145E-01	4.877E-01	-4.877E-01	9.754E-01
5.155E-01	4.874E-01	-4.874E-01	9.747E-01
5.165E-01	4.870E-01	-4.870E-01	9.740E-01
5.175E-01	4.867E-01	-4.867E-01	9.733E-01
5.185E-01	4.863E-01	-4.863E-01	9.726E-01
5.195E-01	4.859E-01	-4.859E-01	9.719E-01
5.205E-01	4.856E-01	-4.856E-01	9.711E-01
5.215E-01	4.852E-01	-4.852E-01	9.704E-01
5.225E-01	4.848E-01	-4.848E-01	9.696E-01
5.235E-01	4.844E-01	-4.844E-01	9.688E-01
5.245E-01	4.840E-01	-4.840E-01	9.680E-01
5.255E-01	4.836E-01	-4.836E-01	9.672E-01
5.265E-01	4.832E-01	-4.832E-01	9.664E-01
5.275E-01	4.828E-01	-4.828E-01	9.656E-01
5.285E-01	4.824E-01	-4.824E-01	9.648E-01
5.295E-01	4.820E-01	-4.820E-01	9.640E-01
5.305E-01	4.816E-01	-4.816E-01	9.631E-01
5.315E-01	4.811E-01	-4.811E-01	9.623E-01
5.325E-01	4.807E-01	-4.807E-01	9.614E-01
5.335E-01	4.803E-01	-4.803E-01	9.606E-01
5.345E-01	4.798E-01	-4.798E-01	9.597E-01
5.355E-01	4.794E-01	-4.794E-01	9.588E-01
5.365E-01	4.790E-01	-4.790E-01	9.579E-01
5.375E-01	4.785E-01	-4.785E-01	9.570E-01
5.385E-01	4.781E-01	-4.781E-01	9.561E-01
5.395E-01	4.776E-01	-4.776E-01	9.552E-01
5.405E-01	4.771E-01	-4.771E-01	9.543E-01
5.415E-01	4.767E-01	-4.767E-01	9.533E-01
5.425E-01	4.762E-01	-4.762E-01	9.524E-01
5.435E-01	4.757E-01	-4.757E-01	9.514E-01
5.445E-01	4.752E-01	-4.752E-01	9.505E-01
5.455E-01	4.747E-01	-4.747E-01	9.495E-01
5.465E-01	4.743E-01	-4.743E-01	9.485E-01
5.475E-01	4.738E-01	-4.738E-01	9.475E-01
5.485E-01	4.733E-01	-4.733E-01	9.465E-01
5.495E-01	4.728E-01	-4.728E-01	9.455E-01
5.505E-01	4.722E-01	-4.722E-01	9.445E-01
5.515E-01	4.717E-01	-4.717E-01	9.435E-01
5.525E-01	4.712E-01	-4.712E-01	9.424E-01
5.535E-01	4.707E-01	-4.707E-01	9.414E-01
5.545E-01	4.702E-01	-4.702E-01	9.403E-01
5.555E-01	4.696E-01	-4.696E-01	9.393E-01
5.565E-01	4.691E-01	-4.691E-01	9.382E-01
5.575E-01	4.686E-01	-4.686E-01	9.371E-01
5.585E-01	4.680E-01	-4.680E-01	9.360E-01
5.595E-01	4.675E-01	-4.675E-01	9.350E-01
5.605E-01	4.669E-01	-4.669E-01	9.339E-01
5.615E-01	4.664E-01	-4.664E-01	9.327E-01
5.625E-01	4.658E-01	-4.658E-01	9.316E-01
5.635E-01	4.652E-01	-4.652E-01	9.305E-01
5.645E-01	4.647E-01	-4.647E-01	9.293E-01
5.655E-01	4.641E-01	-4.641E-01	9.282E-01
5.665E-01	4.635E-01	-4.635E-01	9.270E-01
5.675E-01	4.629E-01	-4.629E-01	9.259E-01
5.685E-01	4.624E-01	-4.624E-01	9.247E-01
5.695E-01	4.618E-01	-4.618E-01	9.235E-01
5.705E-01	4.612E-01	-4.612E-01	9.223E-01
5.715E-01	4.606E-01	-4.606E-01	9.211E-01
5.725E-01	4.600E-01	-4.600E-01	9.199E-01
5.735E-01	4.594E-01	-4.594E-01	9.187E-01
5.745E-01	4.587E-01	-4.587E-01	9.175E-01
5.755E-01	4.581E-01	-4.581E-01	9.163E-01
5.765E-01	4.575E-01	-4.575E-01	9.150E-01
5.775E-01	4.569E-01	-4.569E-01	9.138E-01
5.785E-01	4.563E-01	-4.563E-01	9.125E-01
5.795E-01	4.556E-01	-4.556E-01	9.113E-01
5.805E-01	4.550E-01	-4.550E-01	9.100E-01
5.815E-01	4.544E-01	-4.544E-01	9.087E-01
5.825E-01	4.537E-01	-4.537E-01	9.074E-01
5.835E-01	4.531E-01	-4.531E-01	9.061E-01
5.845E-01	4.524E-01	-4.524E-01	9.048E-01
5.855E-01	4.517E-01	-4.517E-01	9.035E-01
5.865E-01	4.511E-01	-4.511E-01	9.022E-01
5.875E-01	4.504E-01	-4.504E-01	9.008E-01
5.885E-01	4.497E-01	-4.497E-01	8.995E-01
5.895E-01	4.491E-01	-4.491E-01	8.981E-01
5.905E-01	4.484E-01	-4.484E-01	8.968E-01
5.915E-01	4.477E-01	-4.477E-01	8.954E-01
5.925E-01	4.470E-01	-4.470E-01	8.941E-01
5.935E-01	4.463E-01	-4.463E-01	8.927E-01
5.945E-01	4.456E-01	-4.456E-01	8.913E-01
5.955E-01	4.449E-01	-4.449E-01	8.899E-01
5.965E-01	4.442E-01	-4.442E-01	8.885E-01
5.975E-01	4.435E-01	-4.435E-01	8.871E-01
5.985E-01	4.428E-01	-4.428E-01	8.857E-01
5.995E-01	4.421E-01	-4.421E-01	8.842E-01
6.005E-01	4.414E-01	-4.414E-01	8.828E-01
6.015E-01	4.407E-01	-4.407E-01	8.813E-01
6.025E-01	4.399E-01	-4.399E-01	8.799E-01
6.035E-01	4.392E-01	-4.392E-01	8.784E-01
6.045E-01	4.385E-01	-4.385E-01	8.770E-01
6.055E-01	4.377E-01	-4.377E-01	8.755E-01
6.065E-01	4.370E-01	-4.370E-01	8.740E-01
6.075E-01	4.363E-01	-4.363E-01	8.725E-01
6.085E-01	4.355E-01	-4.355E-01	8.710E-01
6.095E-01	4.348E-01	-4.348E-01	8.695E-01
6.105E-01	4.340E-01	-4.340E-01	8.680E-01
6.115E-01	4.332E-01	-4.332E-01	8.665E-01
6.125E-01	4.325E-01	-4.325E-01	8.649E-01
6.135E-01	4.317E-01	-4.317E-01	8.634E-01
6.145E-01	4.309E-01	-4.309E-01	8.618E-01
6.155E-01	4.301E-01	-4.301E-01	8.603E-01
6.165E-01	4.294E-01	-4.294E-01	8.587E-01
6.175E-01	4.286E-01	-4.286E-01	8.572E-01
6.185E-01	4.278E-01	-4.278E-01	8.556E-01
6.195E-01	4.270E-01	-4.270E-01	8.540E-01
6.205E-01	4.262E-01	-4.262E-01	8.524E-01
6.215E-01	4.254E-01	-4.254E-01	8.508E-01
6.225E-01	4.246E-01	-4.246E-01	8.492E-01
6.235E-01	4.238E-01	-4.238E-01	8.476E-01
6.245E-01	4.230E-01	-4.230E-01	8.460E-01
6.255E-01	4.222E-01	-4.222E-01	8.443E-01
6.265E-01	4.213E-01	-4.213E-01	8.427E-01
6.275E-01	4.205E-01	-4.205E-01	8.410E-01
6.285E-01	4.197E-01	-4.197E-01	8.394E-01
6.295E-01	4.189E-01	-4.189E-01	8.377E-01
6.305E-01	4.180E-01	-4.180E-01	8.361E-01
6.315E-01	4.172E-01	-4.172E-01	8.344E-01
6.325E-01	4.163E-01	-4.163E-01	8.327E-01
6.335E-01	4.155E-01	-4.155E-01	8.310E-01
6.345E-01	4.147E-01	-4.147E-01	8.293E-01
6.355E-01	4.138E-01	-4.138E-01	8.276E-01
6.365E-01	4.129E-01	-4.129E-01	8.259E-01
6.375E-01	4.121E-01	-4.121E-01	8.242E-01
6.385E-01	4.112E-01	-4.112E-01	8.224E-01
6.395E-01	4.104E-01	-4.104E-01	8.207E-01
6.405E-01	4.095E-01	-4.095E-01	8.190E-01
6.415E-01	4.086E-01	-4.086E-01	8.172E-01
6.425E-01	4.077E-01	-4.077E-01	8.155E-01
6.435E-01	4.068E-01	-4.068E-01	8.137E-01
6.445E-01	4.060E-01	-4.060E-01	8.119E-01
6.455E-01	4.051E-01	-4.051E-01	8.101E-01
6.465E-01	4.042E-01	-4.042E-01	8.084E-01
6.475E-01	4.033E-01	-4.033E-01	8.066E-01
6.485E-01	4.024E-01	-4.024E-01	8.048E-01
6.495E-01	4.015E-01	-4.015E-01	8.030E-01
6.505E-01	4.006E-01	-4.006E-01	8.011E-01
6.515E-01	3.997E-01	-3.997E-01	7.993E-01
6.525E-01	3.987E-01	-3.987E-01	7.975E-01
6.535E-01	3.978E-01	-3.978E-01	7.957E-01
6.545E-01	3.969E-01	-3.969E-01	7.938E-01
6.555E-01	3.960E-01	-3.960E-01	7.920E-01
6.565E-01	3.951E-01	-3.951E-01	7.901E-01
6.575E-01	3.941E-01	-3.941E-01	7.882E-01
6.585E-01	3.932E-01	-3.932E-01	7.864E-01
6.595E-01	3.923E-01	-3.923E-01	7.845E-01
6.605E-01	3.913E-01	-3.913E-01	7.826E-01
6.615E-01	3.904E-01	-3.904E-01	7.807E-01
6.625E-01	3.894E-01	-3.894E-01	7.788E-01
6.635E-01	3.885E-01	-3.885E-01	7.769E-01
6.645E-01	3.875E-01	-3.875E-01	7.750E-01
6.655E-01	3.866E-01	-3.866E-01	7.731E-01
6.665E-01	3.856E-01	-3.856E-01	7.712E-01
6.675E-01	3.846E-01	-3.846E-01	7.692E-01
6.685E-01	3.837E-01	-3.837E-01	7.673E-01
6.695E-01	3.827E-01	-3.827E-01	7.654E-01
6.705E-01	3.817E-01	-3.817E-01	7.634E-01
6.715E-01	3.807E-01	-3.807E-01	7.615E-01
6.725E-01	3.797E-01	-3.797E-01	7.595E-01
6.735E-01	3.788E-01	-3.788E-01	7.575E-01
6.745E-01	3.778E-01	-3.778E-01	7.555E-01
6.755E-01	3.768E-01	-3.768E-01	7.536E-01
6.765E-01	3.758E-01	-3.758E-01	7.516E-01
6.775E-01	3.748E-01	-3.748E-01	7.496E-01
6.785E-01	3.738E-01	-3.738E-01	7.476E-01
6.795E-01	3.728E-01	-3.728E-01	7.456E-01
6.805E-01	3.718E-01	-3.718E-01	7.435E-01
6.815E-01	3.708E-01	-3.708E-01	7.415E-01
6.825E-01	3.697E-01	-3.697E-01	7.395E-01
6.835E-01	3.687E-01	-3.687E-01	7.375E-01
6.845E-01	3.677E-01	-3.677E-01	7.354E-01
6.855E-01	3.667E-01	-3.667E-01	7.334E-01
6.865E-01	3.657E-01	-3.657E-01	7.313E-01
6.875E-01	3.646E-01	-3.646E-01	7.293E-01
6.885E-01	3.636E-01	-3.636E-01	7.272E-01
6.895E-01	3.626E-01	-3.626E-01	7.251E-01
6.905E-01	3.615E-01	-3.615E-01	7.230E-01
6.915E-01	3.605E-01	-3.605E-01	7.210E-01
6.925E-01	3.594E-01	-3.594E-01	7.189E-01
6.935E-01	3.584E-01	-3.584E-01	7.168E-01
6.945E-01	3.573E-01	-3.573E-01	7.147E-01
6.955E-01	3.563E-01	-3.563E-01	7.126E-01
6.965E-01	3.552E-01	-3.552E-01	7.104E-01
6.975E-01	3.542E-01	-3.542E-01	7.083E-01
6.985E-01	3.531E-01	-3.531E-01	7.062E-01
6.995E-01	3.520E-01	-3.520E-01	7.041E-01
7.005E-01	3.510E-01	-3.510E-01	7.019E-01
7.015E-01	3.499E-01	-3.499E-01	6.998E-01
7.025E-01	3.488E-01	-3.488E-01	6.976E-01
7.035E-01	3.477E-01	-3.477E-01	6.955E-01
7.045E-01	3.466E-01	-3.466E-01	6.933E-01
7.055E-01	3.456E-01	-3.456E-01	6.911E-01
7.065E-01	3.445E-01	-3.445E-01	6.890E-01
7.075E-01	3.434E-01	-3.434E-01	6.868E-01
7.085E-01	3.423E-01	-3.423E-01	6.846E-01
7.095E-01	3.412E-01	-3.412E-01	6.824E-01
7.105E-01	3.401E-01	-3.401E-01	6.802E-01
7.115E-01	3.390E-01	-3.390E-01	6.780E-01
7.125E-01	3.379E-01	-3.379E-01	6.758E-01
7.135E-01	3.368E-01	-3.368E-01	6.736E-01
7.145E-01	3.357E-01	-3.357E-01	6.714E-01
7.155E-01	3.346E-01	-3.346E-01	6.691E-01
7.165E-01	3.334E-01	-3.334E-01	6.669E-01
7.175E-01	3.323E-01	-3.323E-01	6.647E-01
7.185E-01	3.312E-01	-3.312E-01	6.624E-01
7.195E-01	3.301E-01	-3.301E-01	6.602E-01
7.205E-01	3.290E-01	-3.290E-01	6.579E-01
7.215E-01	3.278E-01	-3.278E-01	6.557E-01
7.225E-01	3.267E-01	-3.267E-01	6.534E-01
7.235E-01	3.256E-01	-3.256E-01	6.511E-01
7.245E-01	3.244E-01	-3.244E-01	6.489E-01
7.255E-01	3.233E-01	-3.233E-01	6.466E-01
7.265E-01	3.221E-01	-3.221E-01	6.443E-01
7.275E-01	3.210E-01	-3.210E-01	6.420E-01
7.285E-01	3.199E-01	-3.199E-01	6.397E-01
7.295E-01	3.187E-01	-3.187E-01	6.374E-01
7.305E-01	3.176E-01	-3.176E-01	6.351E-01
7.315E-01	3.164E-01	-3.164E-01	6.328E-01
7.325E-01	3.152E-01	-3.152E-01	6.305E-01
7.335E-01	3.141E-01	-3.141E-01	6.282E-01
7.345E-01	3.129E-01	-3.129E-01	6.258E-01
7.355E-01	3.117E-01	-3.117E-01	6.235E-01
7.365E-01	3.106E-01	-3.106E-01	6.212E-01
7.375E-01	3.094E-01	-3.094E-01	6.188E-01
7.385E-01	3.082E-01	-3.082E-01	6.165E-01
7.395E-01	3.071E-01	-3.071E-01	6.141E-01
7.405E-01	3.059E-01	-3.059E-01	6.118E-01
7.415E-01	3.047E-01	-3.047E-01	6.094E-01
7.425E-01	3.035E-01	-3.035E-01	6.070E-01
7.435E-01	3.023E-01	-3.023E-01	6.047E-01
7.445E-01	3.012E-01	-3.012E-01	6.023E-01
7.455E-01	3.000E-01	-3.000E-01	5.999E-01
7.465E-01	2.988E-01	-2.988E-01	5.975E-01
7.475E-01	2.976E-01	-2.976E-01	5.952E-01
7.485E-01	2.964E-01	-2.964E-01	5.928E-01
7.495E-01	2.952E-01	-2.952E-01	5.904E-01
7.505E-01	2.940E-01	-2.940E-01	5.880E-01
7.515E-01	2.928E-01	-2.928E-01	5.856E-01
7.525E-01	2.916E-01	-2.916E-01	5.831E-01
7.535E-01	2.904E-01	-2.904E-01	5.807E-01
7.545E-01	2.892E-01	-2.892E-01	5.783E-01
7.555E-01	2.879E-01	-2.879E-01	5.759E-01
7.565E-01	2.867E-01	-2.867E-01	5.735E-01
7.575E-01	2.855E-01	-2.855E-01	5.710E-01
7.585E-01	2.843E-01	-2.843E-01	5.686E-01
7.595E-01	2.831E-01	-2.831E-01	5.662E-01
7.605E-01	2.819E-01	-2.819E-01	5.637E-01
7.615E-01	2.806E-01	-2.806E-01	5.613E-01
7.625E-01	2.794E-01	-2.794E-01	5.588E-01
7.635E-01	2.782E-01	-2.782E-01	5.563E-01
7.645E-01	2.769E-01	-2.769E-01	5.539E-01
7.655E-01	2.757E-01	-2.757E-01	5.514E-01
7.665E-01	2.745E-01	-2.745E-01	5.490E-01
7.675E-01	2.732E-01	-2.732E-01	5.465E-01
7.685E-01	2.720E-01	-2.720E-01	5.440E-01
7.695E-01	2.708E-01	-2.708E-01	5.415E-01
7.705E-01	2.695E-01	-2.695E-01	5.390E-01
7.715E-01	2.683E-01	-2.683E-01	5.365E-01
7.725E-01	2.670E-01	-2.670E-01	5.341E-01
7.735E-01	2.658E-01	-2.658E-01	5.316E-01
7.745E-01	2.645E-01	-2.645E-01	5.291E-01
7.755E-01	2.633E-01	-2.633E-01	5.266E-01
7.765E-01	2.620E-01	-2.620E-01	5.240E-01
7.775E-01	2.608E-01	-2.608E-01	5.215E-01
7.785E-01	2.595E-01	-2.595E-01	5.190E-01
7.795E-01	2.583E-01	-2.583E-01	5.165E-01
7.805E-01	2.570E-01	-2.570E-01	5.140E-01
7.815E-01	2.557E-01	-2.557E-01	5.115E-01
7.825E-01	2.545E-01	-2.545E-01	5.089E-01
7.835E-01	2.532E-01	-2.532E-01	5.064E-01
7.845E-01	2.519E-01	-2.519E-01	5.039E-01
7.855E-01	2.507E-01	-2.507E-01	5.013E-01
7.865E-01	2.494E-01	-2.494E-01	4.988E-01
7.875E-01	2.481E-01	-2.481E-01	4.962E-01
7.885E-01	2.468E-01	-2.468E-01	4.937E-01
7.895E-01	2.456E-01	-2.456E-01	4.911E-01
7.905E-01	2.443E-01	-2.443E-01	4.886E-01
7.915E-01	2.430E-01	-2.430E-01	4.860E-01
7.925E-01	2.417E-01	-2.417E-01	4.835E-01
7.935E-01	2.404E-01	-2.404E-01	4.809E-01
7.945E-01	2.392E-01	-2.392E-01	4.783E-01
7.955E-01	2.379E-01	-2.379E-01	4.758E-01
7.965E-01	2.366E-01	-2.366E-01	4.732E-01
7.975E-01	2.353E-01	-2.353E-01	4.706E-01
7.985E-01	2.340E-01	-2.340E-01	4.680E-01
7.995E-01	2.327E-01	-2.327E-01	4.655E-01
8.005E-01	2.314E-01	-2.314E-01	4.629E-01
8.015E-01	2.301E-01	-2.301E-01	4.603E-01
8.025E-01	2.288E-01	-2.288E-01	4.577E-01
8.035E-01	2.276E-01	-2.276E-01	4.551E-01
8.045E-01	2.263E-01	-2.263E-01	4.525E-01
8.055E-01	2.250E-01	-2.250E-01	4.499E-01
8.065E-01	2.237E-01	-2.237E-01	4.473E-01
8.075E-01	2.224E-01	-2.224E-01	4.447E-01
8.085E-01	2.211E-01	-2.211E-01	4.421E-01
8.095E-01	2.198E-01	-2.198E-01	4.395E-01
8.105E-01	2.185E-01	-2.185E-01	4.369E-01
8.115E-01	2.171E-01	-2.171E-01	4.343E-01
8.125E-01	2.158E-01	-2.158E-01	4.317E-01
8.135E-01	2.145E-01	-2.145E-01	4.291E-01
8.145E-01	2.132E-01	-2.132E-01	4.265E-01
8.155E-01	2.119E-01	-2.119E-01	4.238E-01
8.165E-01	2.106E-01	-2.106E-01	4.212E-01
8.175E-01	2.093E-01	-2.093E-01	4.186E-01
8.185E-01	2.080E-01	-2.080E-01	4.160E-01
8.195E-01	2.067E-01	-2.067E-01	4.133E-01
8.205E-01	2.054E-01	-2.054E-01	4.107E-01
8.215E-01	2.040E-01	-2.040E-01	4.081E-01
8.225E-01	2.027E-01	-2.027E-01	4.055E-01
8.235E-01	2.014E-01	-2.014E-01	4.028E-01
8.245E-01	2.001E-01	-2.001E-01	4.002E-01
8.255E-01	1.988E-01	-1.988E-01	3.976E-01
8.265E-01	1.975E-01	-1.975E-01	3.949E-01
8.275E-01	1.961E-01	-1.961E-01	3.923E-01
8.285E-01	1.948E-01	-1.948E-01	3.896E-01
8.295E-01	1.935E-01	-1.935E-01	3.870E-01
8.305E-01	1.922E-01	-1.922E-01	3.844E-01
8.315E-01	1.909E-01	-1.909E-01	3.817E-01
8.325E-01	1.895E-01	-1.895E-01	3.791E-01
8.335E-01	1.882E-01	-1.882E-01	3.764E-01
8.345E-01	1.869E-01	-1.869E-01	3.738E-01
8.355E-01	1.856E-01	-1.856E-01	3.711E-01
8.365E-01	1.842E-01	-1.842E-01	3.685E-01
8.375E-01	1.829E-01	-1.829E-01	3.658E-01
8.385E-01	1.816E-01	-1.816E-01	3.632E-01
8.395E-01	1.803E-01	-1.803E-01	3.605E-01
8.405E-01	1.789E-01	-1.789E-01	3.579E-01
8.415E-01	1.776E-01	-1.776E-01	3.552E-01
8.425E-01	1.763E-01	-1.763E-01	3.526E-01
8.435E-01	1.750E-01	-1.750E-01	3.499E-01
8.445E-01	1.736E-01	-1.736E-01	3.473E-01
8.455E-01	1.723E-01	-1.723E-01	3.446E-01
8.465E-01	1.710E-01	-1.710E-01	3.420E-01
8.475E-01	1.696E-01	-1.696E-01	3.393E-01
8.485E-01	1.683E-01	-1.683E-01	3.366E-01
8.495E-01	1.670E-01	-1.670E-01	3.340E-01
8.505E-01	1.657E-01	-1.657E-01	3.313E-01
8.515E-01	1.643E-01	-1.643E-01	3.287E-01
8.525E-01	1.630E-01	-1.630E-01	3.260E-01
8.535E-01	1.617E-01	-1.617E-01	3.234E-01
8.545E-01	1.604E-01	-1.604E-01	3.207E-01
8.555E-01	1.590E-01	-1.590E-01	3.181E-01
8.565E-01	1.577E-01	-1.577E-01	3.154E-01
8.575E-01	1.564E-01	-1.564E-01	3.127E-01
8.585E-01	1.550E-01	-1.550E-01	3.101E-01
8.595E-01	1.537E-01	-1.537E-01	3.074E-01
8.605E-01	1.524E-01	-1.524E-01	3.048E-01
8.615E-01	1.511E-01	-1.511E-01	3.021E-01
8.625E-01	1.497E-01	-1.497E-01	2.995E-01
8.635E-01	1.484E-01	-1.484E-01	2.968E-01
8.645E-01	1.471E-01	-1.471E-01	2.942E-01
8.655E-01	1.458E-01	-1.458E-01	2.915E-01
8.665E-01	1.444E-01	-1.444E-01	2.889E-01
8.675E-01	1.431E-01	-1.431E-01	2.862E-01
8.685E-01	1.418E-01	-1.418E-01	2.836E-01
8.695E-01	1.405E-01	-1.405E-01	2.809E-01
8.705E-01	1.392E-01	-1.392E-01	2.783E-01
8.715E-01	1.378E-01	-1.378E-01	2.757E-01
8.725E-01	1.365E-01	-1.365E-01	2.730E-01
8.735E-01	1.352E-01	-1.352E-01	2.704E-01
8.745E-01	1.339E-01	-1.339E-01	2.677E-01
8.755E-01	1.326E-01	-1.326E-01	2.651E-01
8.765E-01	1.312E-01	-1.312E-01	2.625E-01
8.775E-01	1.299E-01	-1.299E-01	2.598E-01
8.785E-01	1.286E-01	-1.286E-01	2.572E-01
8.795E-01	1.273E-01	-1.273E-01	2.546E-01
8.805E-01	1.260E-01	-1.260E-01	2.520E-01
8.815E-01	1.247E-01	-1.247E-01	2.493E-01
8.825E-01	1.234E-01	-1.234E-01	2.467E-01
8.835E-01	1.220E-01	-1.220E-01	2.441E-01
8.845E-01	1.207E-01	-1.207E-01	2.415E-01
8.855E-01	1.194E-01	-1.194E-01	2.389E-01
8.865E-01	1.181E-01	-1.181E-01	2.362E-01
8.875E-01	1.168E-01	-1.168E-01	2.336E-01
8.885E-01	1.155E-01	-1.155E-01	2.310E-01
8.895E-01	1.142E-01	-1.142E-01	2.284E-01
8.905E-01	1.129E-01	-1.129E-01	2.258E-01
8.915E-01	1.116E-01	-1.116E-01	2.232E-01
8.925E-01	1.103E-01	-1.103E-01	2.206E-01
8.935E-01	1.090E-01	-1.090E-01	2.180E-01
8.945E-01	1.077E-01	-1.077E-01	2.155E-01
8.955E-01	1.064E-01	-1.064E-01	2.129E-01
8.965E-01	1.051E-01	-1.051E-01	2.103E-01
8.975E-01	1.039E-01	-1.039E-01	2.077E-01
8.985E-01	1.026E-01	-1.026E-01	2.051E-01
8.995E-01	1.013E-01	-1.013E-01	2.026E-01
9.005E-01	1.000E-01	-1.000E-01	2.000E-01
9.015E-01	9.872E-02	-9.872E-02	1.974E-01
9.025E-01	9.745E-02	-9.745E-02	1.949E-01
9.035E-01	9.617E-02	-9.617E-02	1.923E-01
9.045E-01	9.490E-02	-9.490E-02	1.898E-01
9.055E-01	9.362E-02	-9.362E-02	1.872E-01
9.065E-01	9.236E-02	-9.236E-02	1.847E-01
9.075E-01	9.109E-02	-9.109E-02	1.822E-01
9.085E-01	8.982E-02	-8.982E-02	1.796E-01
9.095E-01	8.856E-02	-8.856E-02	1.771E-01
9.105E-01	8.730E-02	-8.730E-02	1.746E-01
9.115E-01	8.605E-02	-8.605E-02	1.721E-01
9.125E-01	8.479E-02	-8.479E-02	1.696E-01
9.135E-01	8.354E-02	-8.354E-02	1.671E-01
9.145E-01	8.229E-02	-8.229E-02	1.646E-01
9.155E-01	8.105E-02	-8.105E-02	1.621E-01
9.165E-01	7.981E-02	-7.981E-02	1.596E-01
9.175E-01	7.857E-02	-7.857E-02	1.571E-01
9.185E-01	7.733E-02	-7.733E-02	1.547E-01
9.195E-01	7.610E-02	-7.610E-02	1.522E-01
9.205E-01	7.487E-02	-7.487E-02	1.497E-01
9.215E-01	7.364E-02	-7.364E-02	1.473E-01
9.225E-01	7.242E-02	-7.242E-02	1.448E-01
9.235E-01	7.120E-02	-7.120E-02	1.424E-01
9.245E-01	6.998E-02	-6.998E-02	1.400E-01
9.255E-01	6.877E-02	-6.877E-02	1.375E-01
9.265E-01	6.756E-02	-6.756E-02	1.351E-01
9.275E-01	6.636E-02	-6.636E-02	1.327E-01
9.285E-01	6.516E-02	-6.516E-02	1.303E-01
9.295E-01	6.396E-02	-6.396E-02	1.279E-01
9.305E-01	6.277E-02	-6.277E-02	1.255E-01
9.315E-01	6.158E-02	-6.158E-02	1.232E-01
9.325E-01	6.040E-02	-6.040E-02	1.208E-01
9.335E-01	5.922E-02	-5.922E-02	1.184E-01
9.345E-01	5.804E-02	-5.804E-02	1.161E-01
9.355E-01	5.687E-02	-5.687E-02	1.137E-01
9.365E-01	5.570E-02	-5.570E-02	1.114E-01
9.375E-01	5.454E-02	-5.454E-02	1.091E-01
9.385E-01	5.339E-02	-5.339E-02	1.068E-01
9.395E-01	5.224E-02	-5.224E-02	1.045E-01
9.405E-01	5.109E-02	-5.109E-02	1.022E-01
9.415E-01	4.995E-02	-4.995E-02	9.990E-02
9.425E-01	4.881E-02	-4.881E-02	9.763E-02
9.435E-01	4.768E-02	-4.768E-02	9.536E-02
9.445E-01	4.656E-02	-4.656E-02	9.311E-02
9.455E-01	4.544E-02	-4.544E-02	9.088E-02
9.465E-01	4.432E-02	-4.432E-02	8.865E-02
9.475E-01	4.322E-02	-4.322E-02	8.643E-02
9.485E-01	4.212E-02	-4.212E-02	8.423E-02
9.495E-01	4.102E-02	-4.102E-02	8.204E-02
9.505E-01	3.993E-02	-3.993E-02	7.986E-02
9.515E-01	3.885E-02	-3.885E-02	7.770E-02
9.525E-01	3.777E-02	-3.777E-02	7.555E-02
9.535E-01	3.670E-02	-3.670E-02	7.341E-02
9.545E-01	3.564E-02	-3.564E-02	7.128E-02
9.555E-01	3.459E-02	-3.459E-02	6.917E-02
9.565E-01	3.354E-02	-3.354E-02	6.708E-02
9.575E-01	3.250E-02	-3.250E-02	6.500E-02
9.585E-01	3.147E-02	-3.147E-02	6.293E-02
9.595E-01	3.044E-02	-3.044E-02	6.088E-02
9.605E-01	2.943E-02	-2.943E-02	5.885E-02
9.615E-01	2.842E-02	-2.842E-02	5.683E-02
9.625E-01	2.742E-02	-2.742E-02	5.483E-02
9.635E-01	2.642E-02	-2.642E-02	5.285E-02
9.645E-01	2.544E-02	-2.544E-02	5.088E-02
9.655E-01	2.447E-02	-2.447E-02	4.894E-02
9.665E-01	2.350E-02	-2.350E-02	4.701E-02
9.675E-01	2.255E-02	-2.255E-02	4.510E-02
9.685E-01	2.160E-02	-2.160E-02	4.321E-02
9.695E-01	2.067E-02	-2.067E-02	4.134E-02
9.705E-01	1.975E-02	-1.975E-02	3.949E-02
9.715E-01	1.883E-02	-1.883E-02	3.766E-02
9.725E-01	1.793E-02	-1.793E-02	3.586E-02
9.735E-01	1.704E-02	-1.704E-02	3.408E-02
9.745E-01	1.616E-02	-1.616E-02	3.232E-02
9.755E-01	1.529E-02	-1.529E-02	3.058E-02
9.765E-01	1.443E-02	-1.443E-02	2.887E-02
9.775E-01	1.359E-02	-1.359E-02	2.718E-02
9.785E-01	1.277E-02	-1.277E-02	2.553E-02
9.795E-01	1.196E-02	-1.196E-02	2.391E-02
9.805E-01	1.115E-02	-1.115E-02	2.230E-02
9.815E-01	1.036E-02	-1.036E-02	2.072E-02
9.825E-01	9.589E-03	-9.589E-03	1.918E-02
9.835E-01	8.842E-03	-8.842E-03	1.768E-02
9.845E-01	8.115E-03	-8.115E-03	1.623E-02
9.855E-01	7.394E-03	-7.394E-03	1.479E-02
9.865E-01	6.674E-03	-6.674E-03	1.335E-02
9.875E-01	5.985E-03	-5.985E-03	1.197E-02
9.885E-01	5.340E-03	-5.340E-03	1.068E-02
9.895E-01	4.724E-03	-4.724E-03	9.447E-03
9.905E-01	4.116E-03	-4.116E-03	8.233E-03
9.915E-01	3.494E-03	-3.494E-03	6.987E-03
9.925E-01	2.891E-03	-2.891E-03	5.782E-03
9.935E-01	2.369E-03	-2.369E-03	4.738E-03
9.945E-01	1.906E-03	-1.906E-03	3.811E-03
9.955E-01	1.467E-03	-1.467E-03	2.934E-03
9.965E-01	1.030E-03	-1.030E-03	2.060E-03
9.975E-01	5.964E-04	-5.964E-04	1.193E-03
9.985E-01	2.134E-04	-2.134E-04	4.268E-04
9.995E-01	-7.354E-06	7.354E-06	-1.471E-05
